     7     1
    GDAS    10     3    22     0     0
    GDAS    10     4     8     0     0
    GDAS    10     4    15     0     0
    GDAS    10     4    22     0     0
    GDAS    10     4    29     0     0
    GDAS    10     4     1     0     0
    GDAS    10     3    29     0     0
     1 BACKWARD OMEGA   
    10     4    25    12   39.977  116.381  1000.0
     1 PRESSURE
     1     1    10     4    25    12     0     0     0.0   39.977  116.381    762.3    898.1
     1     1    10     4    25    11     0     1    -1.0   40.316  115.974   1177.2    811.5
     1     1    10     4    25    10     0     2    -2.0   40.516  115.485   1446.4    732.1
     1     1    10     4    25     9     0     3    -3.0   40.639  114.922   1624.2    704.3
     1     1    10     4    25     8     0     2    -4.0   40.677  114.325   1657.7    687.0
     1     1    10     4    25     7     0     1    -5.0   40.737  113.738   1562.9    706.7
     1     1    10     4    25     6     0     0    -6.0   40.835  113.064   1592.1    695.0
     1     1    10     4    25     5     0     1    -7.0   40.915  112.360   1710.6    673.9
     1     1    10     4    25     4     0     2    -8.0   41.031  111.721   1870.8    658.5
     1     1    10     4    25     3     0     3    -9.0   41.146  111.048   1992.4    640.2
     1     1    10     4    25     2     0     2   -10.0   41.239  110.354   2029.5    646.1
     1     1    10     4    25     1     0     1   -11.0   41.333  109.703   2029.2    660.1
     1     1    10     4    25     0     0     0   -12.0   41.425  109.020   1991.9    671.3
     1     1    10     4    24    23     0     1   -13.0   41.526  108.363   1910.5    688.3
     1     1    10     4    24    22     0     2   -14.0   41.636  107.772   1842.1    692.5
     1     1    10     4    24    21     0     3   -15.0   41.720  107.229   1772.3    697.5
     1     1    10     4    24    20     0     2   -16.0   41.782  106.744   1676.0    710.7
     1     1    10     4    24    19     0     1   -17.0   41.839  106.356   1517.9    734.1
     1     1    10     4    24    18     0     0   -18.0   41.887  106.087   1312.5    763.3
     1     1    10     4    24    17     0     1   -19.0   41.963  105.981   1095.9    791.7
     1     1    10     4    24    16     0     2   -20.0   42.130  106.065    888.9    810.9
     1     1    10     4    24    15     0     3   -21.0   42.393  106.202    759.7    814.7
     1     1    10     4    24    14     0     2   -22.0   42.738  106.332    732.1    808.2
     1     1    10     4    24    13     0     1   -23.0   43.141  106.397    796.6    792.7
     1     1    10     4    24    12     0     0   -24.0   43.544  106.376    883.8    774.8
     1     1    10     4    24    11     0     1   -25.0   43.922  106.314    977.4    762.2
     1     1    10     4    24    10     0     2   -26.0   44.271  106.263   1086.2    753.0
     1     1    10     4    24     9     0     3   -27.0   44.601  106.241   1170.4    746.1
     1     1    10     4    24     8     0     2   -28.0   44.924  106.257   1194.4    747.5
     1     1    10     4    24     7     0     1   -29.0   45.259  106.306   1192.9    749.3
     1     1    10     4    24     6     0     0   -30.0   45.602  106.348   1229.6    740.9
     1     1    10     4    24     5     0     1   -31.0   45.932  106.388   1308.1    726.2
     1     1    10     4    24     4     0     2   -32.0   46.229  106.410   1403.2    714.6
     1     1    10     4    24     3     0     3   -33.0   46.509  106.379   1515.0    704.5
     1     1    10     4    24     2     0     2   -34.0   46.785  106.295   1646.1    691.8
     1     1    10     4    24     1     0     1   -35.0   47.060  106.189   1793.9    680.6
     1     1    10     4    24     0     0     0   -36.0   47.310  106.054   1934.3    668.6
     1     1    10     4    23    23     0     1   -37.0   47.546  105.866   2052.9    662.4
     1     1    10     4    23    22     0     2   -38.0   47.796  105.628   2163.9    658.4
     1     1    10     4    23    21     0     3   -39.0   48.068  105.371   2294.4    654.6
     1     1    10     4    23    20     0     2   -40.0   48.320  105.079   2415.7    648.1
     1     1    10     4    23    19     0     1   -41.0   48.534  104.753   2492.4    643.4
     1     1    10     4    23    18     0     0   -42.0   48.732  104.428   2544.4    637.1
     1     1    10     4    23    17     0     1   -43.0   48.921  104.106   2555.2    627.1
     1     1    10     4    23    16     0     2   -44.0   49.101  103.779   2466.8    625.9
     1     1    10     4    23    15     0     3   -45.0   49.279  103.484   2275.0    640.3
     1     1    10     4    23    14     0     2   -46.0   49.475  103.257   2072.6    660.8
     1     1    10     4    23    13     0     1   -47.0   49.686  103.077   1956.1    671.4
     1     1    10     4    23    12     0     0   -48.0   49.876  102.909   1933.5    670.4
     1     1    10     4    23    11     0     1   -49.0   50.025  102.754   1902.5    663.1
     1     1    10     4    23    10     0     2   -50.0   50.152  102.694   1795.4    669.0
     1     1    10     4    23     9     0     3   -51.0   50.263  102.745   1663.7    678.5
     1     1    10     4    23     8     0     2   -52.0   50.379  102.839   1539.0    686.4
     1     1    10     4    23     7     0     1   -53.0   50.537  102.905   1451.8    690.5
     1     1    10     4    23     6     0     0   -54.0   50.716  102.971   1444.0    686.6
     1     1    10     4    23     5     0     1   -55.0   50.857  103.035   1409.4    674.0
     1     1    10     4    23     4     0     2   -56.0   50.976  103.082   1194.8    684.5
     1     1    10     4    23     3     0     3   -57.0   51.083  103.078    849.4    727.3
     1     1    10     4    23     2     0     2   -58.0   51.177  103.021    603.4    776.0
     1     1    10     4    23     1     0     1   -59.0   51.290  102.949    490.6    787.1
     1     1    10     4    23     0     0     0   -60.0   51.399  102.868    435.3    796.9
     1     1    10     4    22    23     0     1   -61.0   51.510  102.773    408.3    803.2
     1     1    10     4    22    22     0     2   -62.0   51.634  102.653    402.0    806.5
     1     1    10     4    22    21     0     3   -63.0   51.763  102.501    420.4    804.3
     1     1    10     4    22    20     0     2   -64.0   51.883  102.309    474.0    793.4
     1     1    10     4    22    19     0     1   -65.0   51.995  102.060    582.0    770.5
     1     1    10     4    22    18     0     0   -66.0   52.123  101.729    734.2    752.0
     1     1    10     4    22    17     0     1   -67.0   52.264  101.315    867.0    731.6
     1     1    10     4    22    16     0     2   -68.0   52.399  100.849    966.6    715.4
     1     1    10     4    22    15     0     3   -69.0   52.541  100.347   1046.3    703.1
     1     1    10     4    22    14     0     2   -70.0   52.681   99.808   1112.5    688.4
     1     1    10     4    22    13     0     1   -71.0   52.789   99.212   1167.8    681.9
     1     1    10     4    22    12     0     0   -72.0   52.866   98.559   1217.6    691.9
     1     1    10     4    22    11     0     1   -73.0   52.920   97.877   1243.9    707.7
     1     1    10     4    22    10     0     2   -74.0   52.969   97.142   1203.6    726.3
     1     1    10     4    22     9     0     3   -75.0   53.019   96.309   1100.5    757.1
     1     1    10     4    22     8     0     2   -76.0   53.026   95.501    966.7    780.2
     1     1    10     4    22     7     0     1   -77.0   52.976   94.712    834.2    796.4
     1     1    10     4    22     6     0     0   -78.0   52.894   93.929    677.3    814.4
     1     1    10     4    22     5     0     1   -79.0   52.801   93.243    562.0    847.3
     1     1    10     4    22     4     0     2   -80.0   52.713   92.651    511.0    860.8
     1     1    10     4    22     3     0     3   -81.0   52.633   92.079    491.6    857.1
     1     1    10     4    22     2     0     2   -82.0   52.561   91.511    501.5    847.7
     1     1    10     4    22     1     0     1   -83.0   52.498   90.947    532.9    830.4
     1     1    10     4    22     0     0     0   -84.0   52.439   90.383    585.2    819.8
     1     1    10     4    21    23     0     1   -85.0   52.393   89.795    638.3    807.6
     1     1    10     4    21    22     0     2   -86.0   52.356   89.161    620.6    803.3
     1     1    10     4    21    21     0     3   -87.0   52.319   88.540    515.9    835.0
     1     1    10     4    21    20     0     2   -88.0   52.247   88.057    430.8    872.4
     1     1    10     4    21    19     0     1   -89.0   52.150   87.685    393.6    888.7
     1     1    10     4    21    18     0     0   -90.0   52.040   87.363    384.5    899.5
     1     1    10     4    21    17     0     1   -91.0   51.912   87.082    389.4    900.3
     1     1    10     4    21    16     0     2   -92.0   51.767   86.846    398.6    885.5
     1     1    10     4    21    15     0     3   -93.0   51.607   86.655    406.9    867.4
     1     1    10     4    21    14     0     2   -94.0   51.440   86.496    406.3    849.8
     1     1    10     4    21    13     0     1   -95.0   51.271   86.358    394.9    834.3
     1     1    10     4    21    12     0     0   -96.0   51.095   86.238    375.7    819.4
