     7     1
    GDAS    10     3    22     0     0
    GDAS    10     4     8     0     0
    GDAS    10     4    15     0     0
    GDAS    10     4    22     0     0
    GDAS    10     4    29     0     0
    GDAS    10     4     1     0     0
    GDAS    10     3    29     0     0
     1 BACKWARD OMEGA   
    10     4    16     6   39.977  116.381  6400.0
     1 PRESSURE
     1     1    10     4    16     6     0     0     0.0   39.977  116.381   6158.4    440.2
     1     1    10     4    16     5     0     1    -1.0   40.748  115.483   6247.7    378.2
     1     1    10     4    16     4     0     2    -2.0   41.665  114.506   6340.8    361.1
     1     1    10     4    16     3     0     3    -3.0   42.714  113.460   6572.1    360.8
     1     1    10     4    16     2     0     2    -4.0   43.710  112.428   6698.2    360.4
     1     1    10     4    16     1     0     1    -5.0   44.690  111.438   6788.2    357.4
     1     1    10     4    16     0     0     0    -6.0   45.727  110.350   6917.3    345.6
     1     1    10     4    15    23     0     1    -7.0   46.738  109.235   6964.2    333.9
     1     1    10     4    15    22     0     2    -8.0   47.726  108.123   6937.8    317.5
     1     1    10     4    15    21     0     3    -9.0   48.671  106.953   7047.7    323.6
     1     1    10     4    15    20     0     2   -10.0   49.551  105.804   7213.7    339.3
     1     1    10     4    15    19     0     1   -11.0   50.387  104.659   7090.7    328.8
     1     1    10     4    15    18     0     0   -12.0   51.211  103.449   7106.2    314.0
     1     1    10     4    15    17     0     1   -13.0   52.050  102.185   7251.2    305.9
     1     1    10     4    15    16     0     2   -14.0   52.867  100.841   7337.8    303.0
     1     1    10     4    15    15     0     3   -15.0   53.592   99.381   7416.5    307.9
     1     1    10     4    15    14     0     2   -16.0   54.246   97.819   7413.7    310.0
     1     1    10     4    15    13     0     1   -17.0   54.826   96.126   7545.4    326.0
     1     1    10     4    15    12     0     0   -18.0   55.275   94.357   7590.9    331.0
     1     1    10     4    15    11     0     1   -19.0   55.650   92.543   7663.5    336.7
     1     1    10     4    15    10     0     2   -20.0   55.959   90.659   7712.6    341.6
     1     1    10     4    15     9     0     3   -21.0   56.186   88.750   7744.9    346.2
     1     1    10     4    15     8     0     2   -22.0   56.358   86.788   7795.3    344.0
     1     1    10     4    15     7     0     1   -23.0   56.440   84.772   7839.5    344.4
     1     1    10     4    15     6     0     0   -24.0   56.446   82.771   7833.1    344.9
     1     1    10     4    15     5     0     1   -25.0   56.389   80.772   7809.5    345.2
     1     1    10     4    15     4     0     2   -26.0   56.239   78.833   7779.6    347.2
     1     1    10     4    15     3     0     3   -27.0   56.026   76.935   7757.5    348.7
     1     1    10     4    15     2     0     2   -28.0   55.732   75.040   7757.1    348.5
     1     1    10     4    15     1     0     1   -29.0   55.291   73.236   7707.3    352.4
     1     1    10     4    15     0     0     0   -30.0   54.743   71.474   7589.1    358.0
     1     1    10     4    14    23     0     1   -31.0   54.153   69.801   7419.5    365.7
     1     1    10     4    14    22     0     2   -32.0   53.513   68.265   7169.2    374.8
     1     1    10     4    14    21     0     3   -33.0   52.838   66.810   6913.9    390.0
     1     1    10     4    14    20     0     2   -34.0   52.231   65.432   6723.5    404.2
     1     1    10     4    14    19     0     1   -35.0   51.726   64.063   6627.9    412.2
     1     1    10     4    14    18     0     0   -36.0   51.279   62.734   6519.4    415.6
     1     1    10     4    14    17     0     1   -37.0   50.951   61.406   6440.0    419.3
     1     1    10     4    14    16     0     2   -38.0   50.762   60.049   6397.6    420.7
     1     1    10     4    14    15     0     3   -39.0   50.641   58.684   6341.1    425.1
     1     1    10     4    14    14     0     2   -40.0   50.566   57.355   6323.6    425.5
     1     1    10     4    14    13     0     1   -41.0   50.525   56.113   6352.3    429.0
     1     1    10     4    14    12     0     0   -42.0   50.487   54.921   6345.2    432.4
     1     1    10     4    14    11     0     1   -43.0   50.477   53.798   6360.9    436.4
     1     1    10     4    14    10     0     2   -44.0   50.495   52.776   6418.3    435.0
     1     1    10     4    14     9     0     3   -45.0   50.521   51.819   6496.4    432.2
     1     1    10     4    14     8     0     2   -46.0   50.561   50.901   6563.7    428.0
     1     1    10     4    14     7     0     1   -47.0   50.602   50.021   6634.0    422.8
     1     1    10     4    14     6     0     0   -48.0   50.627   49.187   6727.4    417.0
     1     1    10     4    14     5     0     1   -49.0   50.615   48.419   6833.8    410.6
     1     1    10     4    14     4     0     2   -50.0   50.557   47.709   6943.4    404.3
     1     1    10     4    14     3     0     3   -51.0   50.465   47.032   7043.7    398.2
     1     1    10     4    14     2     0     2   -52.0   50.327   46.394   7130.5    393.5
     1     1    10     4    14     1     0     1   -53.0   50.132   45.802   7207.8    389.4
     1     1    10     4    14     0     0     0   -54.0   49.885   45.237   7260.8    384.1
     1     1    10     4    13    23     0     1   -55.0   49.589   44.722   7291.6    381.3
     1     1    10     4    13    22     0     2   -56.0   49.246   44.268   7296.9    381.3
     1     1    10     4    13    21     0     3   -57.0   48.866   43.830   7295.5    381.8
     1     1    10     4    13    20     0     2   -58.0   48.453   43.395   7307.7    381.8
     1     1    10     4    13    19     0     1   -59.0   48.007   42.965   7317.9    383.4
     1     1    10     4    13    18     0     0   -60.0   47.535   42.553   7247.8    384.2
     1     1    10     4    13    17     0     1   -61.0   47.050   42.164   7137.7    392.8
     1     1    10     4    13    16     0     2   -62.0   46.557   41.796   7062.3    399.7
     1     1    10     4    13    15     0     3   -63.0   46.076   41.456   7044.1    400.5
     1     1    10     4    13    14     0     2   -64.0   45.611   41.123   7044.4    395.4
     1     1    10     4    13    13     0     1   -65.0   45.155   40.763   7078.6    391.3
     1     1    10     4    13    12     0     0   -66.0   44.684   40.360   7035.8    377.4
     1     1    10     4    13    11     0     1   -67.0   44.190   39.926   6886.9    360.3
     1     1    10     4    13    10     0     2   -68.0   43.748   39.469   6989.3    384.5
     1     1    10     4    13     9     0     3   -69.0   43.380   39.005   7156.9    398.3
     1     1    10     4    13     8     0     2   -70.0   43.042   38.559   7243.9    390.9
     1     1    10     4    13     7     0     1   -71.0   42.738   38.142   7265.5    389.1
     1     1    10     4    13     6     0     0   -72.0   42.472   37.755   7250.5    390.3
     1     1    10     4    13     5     0     1   -73.0   42.239   37.400   7201.0    394.0
     1     1    10     4    13     4     0     2   -74.0   42.046   37.086   7116.2    401.8
     1     1    10     4    13     3     0     3   -75.0   41.883   36.799   7006.5    406.1
     1     1    10     4    13     2     0     2   -76.0   41.738   36.515   6904.7    405.4
     1     1    10     4    13     1     0     1   -77.0   41.617   36.218   6806.7    403.5
     1     1    10     4    13     0     0     0   -78.0   41.531   35.902   6703.1    403.0
     1     1    10     4    12    23     0     1   -79.0   41.470   35.575   6635.1    403.3
     1     1    10     4    12    22     0     2   -80.0   41.410   35.245   6619.6    397.6
     1     1    10     4    12    21     0     3   -81.0   41.350   34.906   6631.9    389.6
     1     1    10     4    12    20     0     2   -82.0   41.287   34.553   6633.2    379.9
     1     1    10     4    12    19     0     1   -83.0   41.228   34.174   6614.1    372.9
     1     1    10     4    12    18     0     0   -84.0   41.193   33.757   6594.8    370.0
     1     1    10     4    12    17     0     1   -85.0   41.179   33.315   6569.9    371.9
     1     1    10     4    12    16     0     2   -86.0   41.161   32.854   6549.3    375.2
     1     1    10     4    12    15     0     3   -87.0   41.146   32.375   6552.7    381.2
     1     1    10     4    12    14     0     2   -88.0   41.155   31.896   6591.7    389.5
     1     1    10     4    12    13     0     1   -89.0   41.184   31.432   6707.3    396.7
     1     1    10     4    12    12     0     0   -90.0   41.249   30.993   6861.0    399.7
     1     1    10     4    12    11     0     1   -91.0   41.305   30.565   7004.6    396.8
     1     1    10     4    12    10     0     2   -92.0   41.304   30.133   7154.4    391.9
     1     1    10     4    12     9     0     3   -93.0   41.270   29.695   7277.4    385.5
     1     1    10     4    12     8     0     2   -94.0   41.216   29.278   7360.6    381.3
     1     1    10     4    12     7     0     1   -95.0   41.147   28.884   7411.2    378.5
     1     1    10     4    12     6     0     0   -96.0   41.067   28.500   7425.5    377.2
