     7     1
    GDAS    10     3    22     0     0
    GDAS    10     4     8     0     0
    GDAS    10     4    15     0     0
    GDAS    10     4    22     0     0
    GDAS    10     4    29     0     0
    GDAS    10     4     1     0     0
    GDAS    10     3    29     0     0
     1 BACKWARD OMEGA   
    10     4     5     0   39.977  116.381  6000.0
     1 PRESSURE
     1     1    10     4     5     0     0     0     0.0   39.977  116.381   5758.1    466.3
     1     1    10     4     4    23     0     1    -1.0   40.237  115.102   5551.1    418.1
     1     1    10     4     4    22     0     2    -2.0   40.541  113.689   5472.9    414.3
     1     1    10     4     4    21     0     3    -3.0   40.854  112.291   5343.2    408.9
     1     1    10     4     4    20     0     2    -4.0   41.185  110.922   5303.5    408.3
     1     1    10     4     4    19     0     1    -5.0   41.535  109.533   5293.4    423.0
     1     1    10     4     4    18     0     0    -6.0   41.900  108.186   5289.4    425.1
     1     1    10     4     4    17     0     1    -7.0   42.259  106.896   5456.2    430.0
     1     1    10     4     4    16     0     2    -8.0   42.663  105.596   5621.4    407.4
     1     1    10     4     4    15     0     3    -9.0   43.120  104.253   5627.1    398.8
     1     1    10     4     4    14     0     2   -10.0   43.589  102.855   5790.2    387.2
     1     1    10     4     4    13     0     1   -11.0   44.098  101.523   5993.8    394.0
     1     1    10     4     4    12     0     0   -12.0   44.627  100.172   6031.8    367.7
     1     1    10     4     4    11     0     1   -13.0   45.144   98.722   5861.1    349.6
     1     1    10     4     4    10     0     2   -14.0   45.685   97.241   5967.6    354.1
     1     1    10     4     4     9     0     3   -15.0   46.235   95.765   6159.5    344.5
     1     1    10     4     4     8     0     2   -16.0   46.783   94.348   6347.5    344.8
     1     1    10     4     4     7     0     1   -17.0   47.305   93.000   6389.7    339.6
     1     1    10     4     4     6     0     0   -18.0   47.834   91.721   6376.2    337.2
     1     1    10     4     4     5     0     1   -19.0   48.361   90.432   6303.7    312.6
     1     1    10     4     4     4     0     2   -20.0   48.856   89.137   6306.1    312.1
     1     1    10     4     4     3     0     3   -21.0   49.299   87.894   6230.0    308.3
     1     1    10     4     4     2     0     2   -22.0   49.748   86.793   6370.6    320.7
     1     1    10     4     4     1     0     1   -23.0   50.209   85.836   6593.5    331.0
     1     1    10     4     4     0     0     0   -24.0   50.678   84.967   6827.2    334.8
     1     1    10     4     3    23     0     1   -25.0   51.152   84.154   7040.3    335.8
     1     1    10     4     3    22     0     2   -26.0   51.642   83.380   7338.9    355.2
     1     1    10     4     3    21     0     3   -27.0   52.186   82.612   7518.5    361.5
     1     1    10     4     3    20     0     2   -28.0   52.756   81.855   7572.3    358.8
     1     1    10     4     3    19     0     1   -29.0   53.330   81.065   7627.6    356.8
     1     1    10     4     3    18     0     0   -30.0   53.909   80.210   7622.6    357.3
     1     1    10     4     3    17     0     1   -31.0   54.491   79.342   7606.8    360.8
     1     1    10     4     3    16     0     2   -32.0   55.042   78.491   7548.8    364.7
     1     1    10     4     3    15     0     3   -33.0   55.559   77.650   7497.7    368.4
     1     1    10     4     3    14     0     2   -34.0   56.075   76.838   7504.2    367.7
     1     1    10     4     3    13     0     1   -35.0   56.603   76.066   7556.4    364.4
     1     1    10     4     3    12     0     0   -36.0   57.156   75.288   7602.5    361.2
     1     1    10     4     3    11     0     1   -37.0   57.764   74.520   7632.9    359.9
     1     1    10     4     3    10     0     2   -38.0   58.450   73.762   7667.2    357.6
     1     1    10     4     3     9     0     3   -39.0   59.176   72.923   7588.2    362.2
     1     1    10     4     3     8     0     2   -40.0   59.901   71.953   7442.9    370.6
     1     1    10     4     3     7     0     1   -41.0   60.625   70.913   7328.2    378.9
     1     1    10     4     3     6     0     0   -42.0   61.371   69.786   7265.0    381.8
     1     1    10     4     3     5     0     1   -43.0   62.128   68.522   7194.4    385.2
     1     1    10     4     3     4     0     2   -44.0   62.905   67.192   7129.4    385.9
     1     1    10     4     3     3     0     3   -45.0   63.750   65.832   7146.0    389.1
     1     1    10     4     3     2     0     2   -46.0   64.640   64.317   7168.5    385.6
     1     1    10     4     3     1     0     1   -47.0   65.554   62.634   7090.0    380.3
     1     1    10     4     3     0     0     0   -48.0   66.495   60.829   7059.9    387.6
     1     1    10     4     2    23     0     1   -49.0   67.389   58.888   6987.0    393.7
     1     1    10     4     2    22     0     2   -50.0   68.212   56.876   6930.9    397.5
     1     1    10     4     2    21     0     3   -51.0   68.973   54.842   6932.0    402.6
     1     1    10     4     2    20     0     2   -52.0   69.675   52.793   6923.8    403.6
     1     1    10     4     2    19     0     1   -53.0   70.328   50.730   6920.0    404.1
     1     1    10     4     2    18     0     0   -54.0   70.933   48.667   6923.8    404.2
     1     1    10     4     2    17     0     1   -55.0   71.488   46.598   6931.6    403.8
     1     1    10     4     2    16     0     2   -56.0   71.986   44.484   6925.1    404.7
     1     1    10     4     2    15     0     3   -57.0   72.429   42.298   6919.5    405.1
     1     1    10     4     2    14     0     2   -58.0   72.821   40.098   6897.6    406.6
     1     1    10     4     2    13     0     1   -59.0   73.143   37.936   6865.8    408.6
     1     1    10     4     2    12     0     0   -60.0   73.397   35.817   6832.2    410.5
     1     1    10     4     2    11     0     1   -61.0   73.597   33.742   6803.3    412.3
     1     1    10     4     2    10     0     2   -62.0   73.742   31.721   6768.3    414.4
     1     1    10     4     2     9     0     3   -63.0   73.835   29.806   6719.2    417.4
     1     1    10     4     2     8     0     2   -64.0   73.877   28.004   6690.2    419.3
     1     1    10     4     2     7     0     1   -65.0   73.879   26.302   6705.8    418.3
     1     1    10     4     2     6     0     0   -66.0   73.844   24.691   6752.0    415.4
     1     1    10     4     2     5     0     1   -67.0   73.788   23.123   6822.5    411.0
     1     1    10     4     2     4     0     2   -68.0   73.735   21.560   6922.4    405.0
     1     1    10     4     2     3     0     3   -69.0   73.695   19.992   7062.7    396.5
     1     1    10     4     2     2     0     2   -70.0   73.638   18.398   7198.7    388.4
     1     1    10     4     2     1     0     1   -71.0   73.533   16.794   7304.1    382.2
     1     1    10     4     2     0     0     0   -72.0   73.389   15.202   7379.5    377.8
     1     1    10     4     1    23     0     1   -73.0   73.201   13.666   7426.2    375.1
     1     1    10     4     1    22     0     2   -74.0   72.961   12.238   7456.1    373.2
     1     1    10     4     1    21     0     3   -75.0   72.658   10.891   7457.5    372.8
     1     1    10     4     1    20     0     2   -76.0   72.290    9.644   7451.5    373.1
     1     1    10     4     1    19     0     1   -77.0   71.865    8.536   7467.1    372.0
     1     1    10     4     1    18     0     0   -78.0   71.377    7.526   7518.7    368.9
     1     1    10     4     1    17     0     1   -79.0   70.814    6.643   7572.6    365.1
     1     1    10     4     1    16     0     2   -80.0   70.158    5.972   7604.4    363.1
     1     1    10     4     1    15     0     3   -81.0   69.407    5.476   7629.8    360.9
     1     1    10     4     1    14     0     2   -82.0   68.578    5.160   7626.9    360.7
     1     1    10     4     1    13     0     1   -83.0   67.714    5.131   7577.5    363.7
     1     1    10     4     1    12     0     0   -84.0   66.829    5.293   7555.9    364.8
     1     1    10     4     1    11     0     1   -85.0   65.908    5.581   7537.3    365.2
     1     1    10     4     1    10     0     2   -86.0   64.976    6.066   7486.5    367.6
     1     1    10     4     1     9     0     3   -87.0   64.067    6.751   7416.9    370.4
     1     1    10     4     1     8     0     2   -88.0   63.188    7.547   7295.2    373.0
     1     1    10     4     1     7     0     1   -89.0   62.272    8.385   6952.9    341.7
     1     1    10     4     1     6     0     0   -90.0   61.300    9.257   6955.1    341.8
     1     1    10     4     1     5     0     1   -91.0   60.392   10.177   7066.2    367.0
     1     1    10     4     1     4     0     2   -92.0   59.540   11.071   7106.9    381.6
     1     1    10     4     1     3     0     3   -93.0   58.718   11.891   7092.2    384.3
     1     1    10     4     1     2     0     2   -94.0   57.947   12.634   7015.6    388.4
     1     1    10     4     1     1     0     1   -95.0   57.219   13.368   6942.3    392.1
     1     1    10     4     1     0     0     0   -96.0   56.526   14.067   6875.0    395.9
