     7     1
    GDAS    10     3    22     0     0
    GDAS    10     4     8     0     0
    GDAS    10     4    15     0     0
    GDAS    10     4    22     0     0
    GDAS    10     4    29     0     0
    GDAS    10     4     1     0     0
    GDAS    10     3    29     0     0
     1 BACKWARD OMEGA   
    10     4    24     6   39.977  116.381  6200.0
     1 PRESSURE
     1     1    10     4    24     6     0     0     0.0   39.977  116.381   5960.5    462.1
     1     1    10     4    24     5     0     1    -1.0   40.208  115.566   5877.1    429.3
     1     1    10     4    24     4     0     2    -2.0   40.427  114.713   5800.8    408.3
     1     1    10     4    24     3     0     3    -3.0   40.639  113.878   5830.4    404.5
     1     1    10     4    24     2     0     2    -4.0   40.826  113.012   5816.1    391.1
     1     1    10     4    24     1     0     1    -5.0   40.993  112.102   5827.8    388.9
     1     1    10     4    24     0     0     0    -6.0   41.154  111.204   5814.2    388.2
     1     1    10     4    23    23     0     1    -7.0   41.297  110.333   5795.3    394.7
     1     1    10     4    23    22     0     2    -8.0   41.413  109.489   5808.6    402.5
     1     1    10     4    23    21     0     3    -9.0   41.510  108.677   5870.9    405.1
     1     1    10     4    23    20     0     2   -10.0   41.599  107.861   5941.9    403.0
     1     1    10     4    23    19     0     1   -11.0   41.691  107.013   5952.6    401.6
     1     1    10     4    23    18     0     0   -12.0   41.789  106.169   6025.8    409.1
     1     1    10     4    23    17     0     1   -13.0   41.882  105.336   6101.1    402.9
     1     1    10     4    23    16     0     2   -14.0   41.967  104.512   6062.7    401.7
     1     1    10     4    23    15     0     3   -15.0   42.066  103.711   5950.4    405.9
     1     1    10     4    23    14     0     2   -16.0   42.180  102.909   5837.6    413.2
     1     1    10     4    23    13     0     1   -17.0   42.285  102.090   5746.0    421.0
     1     1    10     4    23    12     0     0   -18.0   42.398  101.250   5652.2    423.0
     1     1    10     4    23    11     0     1   -19.0   42.524  100.376   5663.3    422.6
     1     1    10     4    23    10     0     2   -20.0   42.626   99.473   5699.1    416.7
     1     1    10     4    23     9     0     3   -21.0   42.689   98.555   5658.4    413.5
     1     1    10     4    23     8     0     2   -22.0   42.735   97.651   5601.1    409.9
     1     1    10     4    23     7     0     1   -23.0   42.797   96.807   5472.4    415.6
     1     1    10     4    23     6     0     0   -24.0   42.874   96.012   5348.3    437.3
     1     1    10     4    23     5     0     1   -25.0   42.953   95.245   5077.6    427.0
     1     1    10     4    23     4     0     2   -26.0   43.036   94.491   4891.5    423.9
     1     1    10     4    23     3     0     3   -27.0   43.126   93.736   4919.8    442.6
     1     1    10     4    23     2     0     2   -28.0   43.211   93.005   5158.9    478.6
     1     1    10     4    23     1     0     1   -29.0   43.304   92.315   5222.4    465.6
     1     1    10     4    23     0     0     0   -30.0   43.399   91.667   5238.9    468.0
     1     1    10     4    22    23     0     1   -31.0   43.501   91.078   5286.6    468.1
     1     1    10     4    22    22     0     2   -32.0   43.630   90.561   5362.3    460.4
     1     1    10     4    22    21     0     3   -33.0   43.792   90.110   5505.8    454.2
     1     1    10     4    22    20     0     2   -34.0   43.973   89.704   5591.6    435.5
     1     1    10     4    22    19     0     1   -35.0   44.163   89.311   5558.6    425.7
     1     1    10     4    22    18     0     0   -36.0   44.365   88.929   5464.8    435.6
     1     1    10     4    22    17     0     1   -37.0   44.578   88.572   5414.3    455.1
     1     1    10     4    22    16     0     2   -38.0   44.800   88.253   5448.4    467.0
     1     1    10     4    22    15     0     3   -39.0   45.036   87.990   5586.6    470.5
     1     1    10     4    22    14     0     2   -40.0   45.277   87.749   5729.6    459.1
     1     1    10     4    22    13     0     1   -41.0   45.510   87.487   5840.1    455.4
     1     1    10     4    22    12     0     0   -42.0   45.746   87.229   5933.3    451.8
     1     1    10     4    22    11     0     1   -43.0   45.989   86.979   6011.9    447.9
     1     1    10     4    22    10     0     2   -44.0   46.236   86.729   6056.9    440.0
     1     1    10     4    22     9     0     3   -45.0   46.488   86.500   6071.2    425.3
     1     1    10     4    22     8     0     2   -46.0   46.757   86.279   6047.3    403.7
     1     1    10     4    22     7     0     1   -47.0   47.059   86.031   5985.6    381.1
     1     1    10     4    22     6     0     0   -48.0   47.389   85.738   6135.9    396.1
     1     1    10     4    22     5     0     1   -49.0   47.733   85.410   6371.0    411.7
     1     1    10     4    22     4     0     2   -50.0   48.097   85.041   6629.8    415.3
     1     1    10     4    22     3     0     3   -51.0   48.502   84.609   6684.4    390.0
     1     1    10     4    22     2     0     2   -52.0   48.944   84.128   6753.2    385.9
     1     1    10     4    22     1     0     1   -53.0   49.392   83.608   6783.0    381.6
     1     1    10     4    22     0     0     0   -54.0   49.825   83.013   6870.3    384.8
     1     1    10     4    21    23     0     1   -55.0   50.263   82.371   7018.5    388.4
     1     1    10     4    21    22     0     2   -56.0   50.724   81.684   7132.9    386.1
     1     1    10     4    21    21     0     3   -57.0   51.182   80.879   7215.6    387.0
     1     1    10     4    21    20     0     2   -58.0   51.661   80.009   7260.5    388.2
     1     1    10     4    21    19     0     1   -59.0   52.164   79.123   7256.0    391.7
     1     1    10     4    21    18     0     0   -60.0   52.645   78.140   7251.9    392.8
     1     1    10     4    21    17     0     1   -61.0   53.131   77.104   7284.8    391.6
     1     1    10     4    21    16     0     2   -62.0   53.654   76.014   7336.8    387.9
     1     1    10     4    21    15     0     3   -63.0   54.135   74.772   7362.4    387.0
     1     1    10     4    21    14     0     2   -64.0   54.586   73.447   7361.1    387.0
     1     1    10     4    21    13     0     1   -65.0   55.056   72.074   7401.7    383.4
     1     1    10     4    21    12     0     0   -66.0   55.452   70.590   7417.1    381.6
     1     1    10     4    21    11     0     1   -67.0   55.809   69.064   7402.9    382.8
     1     1    10     4    21    10     0     2   -68.0   56.173   67.508   7394.1    381.9
     1     1    10     4    21     9     0     3   -69.0   56.475   65.897   7423.7    382.7
     1     1    10     4    21     8     0     2   -70.0   56.741   64.220   7441.2    379.3
     1     1    10     4    21     7     0     1   -71.0   56.995   62.478   7428.0    376.9
     1     1    10     4    21     6     0     0   -72.0   57.195   60.685   7384.0    374.0
     1     1    10     4    21     5     0     1   -73.0   57.352   58.802   7436.0    367.4
     1     1    10     4    21     4     0     2   -74.0   57.497   56.818   7574.7    365.6
     1     1    10     4    21     3     0     3   -75.0   57.623   54.715   7603.6    365.4
     1     1    10     4    21     2     0     2   -76.0   57.670   52.509   7658.6    361.2
     1     1    10     4    21     1     0     1   -77.0   57.613   50.259   7676.9    361.6
     1     1    10     4    21     0     0     0   -78.0   57.444   47.977   7645.7    364.4
     1     1    10     4    20    23     0     1   -79.0   57.166   45.792   7644.5    365.2
     1     1    10     4    20    22     0     2   -80.0   56.804   43.700   7606.0    366.4
     1     1    10     4    20    21     0     3   -81.0   56.336   41.748   7589.1    368.2
     1     1    10     4    20    20     0     2   -82.0   55.793   39.997   7527.3    370.5
     1     1    10     4    20    19     0     1   -83.0   55.195   38.437   7464.1    372.4
     1     1    10     4    20    18     0     0   -84.0   54.537   37.005   7387.4    374.8
     1     1    10     4    20    17     0     1   -85.0   53.879   35.786   7263.3    381.9
     1     1    10     4    20    16     0     2   -86.0   53.203   34.799   7159.8    388.1
     1     1    10     4    20    15     0     3   -87.0   52.537   33.967   7100.8    392.8
     1     1    10     4    20    14     0     2   -88.0   51.887   33.277   7061.1    397.4
     1     1    10     4    20    13     0     1   -89.0   51.240   32.702   7041.1    398.5
     1     1    10     4    20    12     0     0   -90.0   50.607   32.195   7046.7    402.2
     1     1    10     4    20    11     0     1   -91.0   50.014   31.784   7070.5    398.8
     1     1    10     4    20    10     0     2   -92.0   49.471   31.463   7078.5    397.9
     1     1    10     4    20     9     0     3   -93.0   48.950   31.179   7152.3    395.8
     1     1    10     4    20     8     0     2   -94.0   48.451   30.854   7207.6    384.5
     1     1    10     4    20     7     0     1   -95.0   47.993   30.494   7156.8    392.2
     1     1    10     4    20     6     0     0   -96.0   47.575   30.077   7101.5    398.5
