     7     1
    GDAS    10     3    22     0     0
    GDAS    10     4     8     0     0
    GDAS    10     4    15     0     0
    GDAS    10     4    22     0     0
    GDAS    10     4    29     0     0
    GDAS    10     4     1     0     0
    GDAS    10     3    29     0     0
     1 BACKWARD OMEGA   
    10     4     5     6   39.977  116.381  6000.0
     1 PRESSURE
     1     1    10     4     5     6     0     0     0.0   39.977  116.381   5754.4    465.7
     1     1    10     4     5     5     0     1    -1.0   40.367  114.619   5538.5    417.2
     1     1    10     4     5     4     0     2    -2.0   40.756  112.763   5544.3    398.6
     1     1    10     4     5     3     0     3    -3.0   41.147  110.893   5616.1    391.5
     1     1    10     4     5     2     0     2    -4.0   41.600  109.010   5858.2    392.5
     1     1    10     4     5     1     0     1    -5.0   42.130  107.177   6182.4    382.4
     1     1    10     4     5     0     0     0    -6.0   42.703  105.372   6368.2    361.6
     1     1    10     4     4    23     0     1    -7.0   43.254  103.678   6327.3    360.5
     1     1    10     4     4    22     0     2    -8.0   43.831  102.080   6417.5    365.2
     1     1    10     4     4    21     0     3    -9.0   44.419  100.586   6518.3    352.8
     1     1    10     4     4    20     0     2   -10.0   44.975   99.146   6355.5    329.4
     1     1    10     4     4    19     0     1   -11.0   45.513   97.788   6391.1    329.1
     1     1    10     4     4    18     0     0   -12.0   46.023   96.541   6416.4    327.8
     1     1    10     4     4    17     0     1   -13.0   46.543   95.390   6498.0    335.9
     1     1    10     4     4    16     0     2   -14.0   47.083   94.365   6578.9    341.1
     1     1    10     4     4    15     0     3   -15.0   47.624   93.414   6719.4    339.1
     1     1    10     4     4    14     0     2   -16.0   48.173   92.505   6911.8    334.4
     1     1    10     4     4    13     0     1   -17.0   48.744   91.632   6914.1    316.8
     1     1    10     4     4    12     0     0   -18.0   49.346   90.741   6950.5    299.8
     1     1    10     4     4    11     0     1   -19.0   49.925   89.883   6908.5    288.3
     1     1    10     4     4    10     0     2   -20.0   50.496   89.065   6989.8    285.3
     1     1    10     4     4     9     0     3   -21.0   51.117   88.337   7266.2    293.4
     1     1    10     4     4     8     0     2   -22.0   51.779   87.628   7641.1    312.5
     1     1    10     4     4     7     0     1   -23.0   52.460   86.875   7877.4    328.7
     1     1    10     4     4     6     0     0   -24.0   53.161   86.098   7934.9    333.0
     1     1    10     4     4     5     0     1   -25.0   53.908   85.262   7940.6    332.2
     1     1    10     4     4     4     0     2   -26.0   54.725   84.342   7959.9    334.2
     1     1    10     4     4     3     0     3   -27.0   55.599   83.363   7962.7    338.6
     1     1    10     4     4     2     0     2   -28.0   56.478   82.291   7914.2    341.0
     1     1    10     4     4     1     0     1   -29.0   57.326   81.073   7867.2    343.8
     1     1    10     4     4     0     0     0   -30.0   58.183   79.721   7839.7    346.4
     1     1    10     4     3    23     0     1   -31.0   59.046   78.251   7809.2    347.8
     1     1    10     4     3    22     0     2   -32.0   59.877   76.650   7760.7    350.1
     1     1    10     4     3    21     0     3   -33.0   60.675   74.952   7713.2    353.9
     1     1    10     4     3    20     0     2   -34.0   61.466   73.226   7668.5    356.7
     1     1    10     4     3    19     0     1   -35.0   62.282   71.464   7577.3    359.7
     1     1    10     4     3    18     0     0   -36.0   63.129   69.697   7511.5    362.3
     1     1    10     4     3    17     0     1   -37.0   64.014   67.925   7520.4    363.8
     1     1    10     4     3    16     0     2   -38.0   64.928   66.105   7589.2    363.4
     1     1    10     4     3    15     0     3   -39.0   65.856   64.257   7629.8    356.6
     1     1    10     4     3    14     0     2   -40.0   66.802   62.403   7638.8    354.0
     1     1    10     4     3    13     0     1   -41.0   67.740   60.530   7631.3    356.0
     1     1    10     4     3    12     0     0   -42.0   68.673   58.679   7670.9    357.6
     1     1    10     4     3    11     0     1   -43.0   69.583   56.822   7686.6    358.9
     1     1    10     4     3    10     0     2   -44.0   70.445   54.927   7681.0    356.4
     1     1    10     4     3     9     0     3   -45.0   71.257   52.956   7701.9    354.6
     1     1    10     4     3     8     0     2   -46.0   72.021   50.881   7766.8    354.3
     1     1    10     4     3     7     0     1   -47.0   72.731   48.747   7796.1    352.7
     1     1    10     4     3     6     0     0   -48.0   73.393   46.561   7823.2    351.1
     1     1    10     4     3     5     0     1   -49.0   73.978   44.182   7812.7    351.9
     1     1    10     4     3     4     0     2   -50.0   74.493   41.623   7797.2    352.7
     1     1    10     4     3     3     0     3   -51.0   74.957   38.966   7785.5    353.4
     1     1    10     4     3     2     0     2   -52.0   75.359   36.289   7784.2    353.7
     1     1    10     4     3     1     0     1   -53.0   75.684   33.640   7790.0    353.7
     1     1    10     4     3     0     0     0   -54.0   75.938   31.110   7789.7    354.0
     1     1    10     4     2    23     0     1   -55.0   76.129   28.731   7790.5    354.2
     1     1    10     4     2    22     0     2   -56.0   76.280   26.468   7781.2    354.8
     1     1    10     4     2    21     0     3   -57.0   76.390   24.355   7773.2    355.6
     1     1    10     4     2    20     0     2   -58.0   76.470   22.319   7765.0    355.7
     1     1    10     4     2    19     0     1   -59.0   76.528   20.272   7777.5    356.1
     1     1    10     4     2    18     0     0   -60.0   76.568   18.202   7764.8    354.8
     1     1    10     4     2    17     0     1   -61.0   76.574   16.055   7733.4    352.1
     1     1    10     4     2    16     0     2   -62.0   76.533   13.839   7778.8    354.4
     1     1    10     4     2    15     0     3   -63.0   76.441   11.569   7799.4    353.8
     1     1    10     4     2    14     0     2   -64.0   76.286    9.357   7794.6    353.7
     1     1    10     4     2    13     0     1   -65.0   76.056    7.361   7779.3    354.5
     1     1    10     4     2    12     0     0   -66.0   75.753    5.636   7736.8    356.6
     1     1    10     4     2    11     0     1   -67.0   75.380    4.181   7689.7    358.9
     1     1    10     4     2    10     0     2   -68.0   74.948    3.050   7646.7    361.1
     1     1    10     4     2     9     0     3   -69.0   74.480    2.257   7611.6    362.9
     1     1    10     4     2     8     0     2   -70.0   73.974    1.778   7596.8    363.6
     1     1    10     4     2     7     0     1   -71.0   73.432    1.580   7579.0    363.2
     1     1    10     4     2     6     0     0   -72.0   72.864    1.643   7533.6    365.8
     1     1    10     4     2     5     0     1   -73.0   72.284    1.975   7455.3    369.5
     1     1    10     4     2     4     0     2   -74.0   71.701    2.520   7349.7    376.4
     1     1    10     4     2     3     0     3   -75.0   71.119    3.222   7217.5    383.2
     1     1    10     4     2     2     0     2   -76.0   70.547    4.052   7067.5    393.2
     1     1    10     4     2     1     0     1   -77.0   69.987    4.936   6954.6    400.1
     1     1    10     4     2     0     0     0   -78.0   69.442    5.866   6855.8    405.5
     1     1    10     4     1    23     0     1   -79.0   68.896    6.819   6740.8    413.0
     1     1    10     4     1    22     0     2   -80.0   68.331    7.659   6650.7    418.0
     1     1    10     4     1    21     0     3   -81.0   67.780    8.446   6545.7    425.3
     1     1    10     4     1    20     0     2   -82.0   67.225    9.284   6550.6    425.1
     1     1    10     4     1    19     0     1   -83.0   66.651   10.147   6615.2    420.1
     1     1    10     4     1    18     0     0   -84.0   66.111   11.004   6659.4    418.4
     1     1    10     4     1    17     0     1   -85.0   65.598   11.829   6615.8    416.5
     1     1    10     4     1    16     0     2   -86.0   65.068   12.540   6362.3    415.3
     1     1    10     4     1    15     0     3   -87.0   64.514   13.180   6080.9    423.9
     1     1    10     4     1    14     0     2   -88.0   63.934   13.829   5996.2    427.4
     1     1    10     4     1    13     0     1   -89.0   63.353   14.503   6039.5    428.4
     1     1    10     4     1    12     0     0   -90.0   62.781   15.168   6003.3    434.3
     1     1    10     4     1    11     0     1   -91.0   62.211   15.807   5898.5    448.8
     1     1    10     4     1    10     0     2   -92.0   61.650   16.425   5775.1    461.0
     1     1    10     4     1     9     0     3   -93.0   61.128   17.012   5544.4    481.6
     1     1    10     4     1     8     0     2   -94.0   60.636   17.552   5300.1    511.8
     1     1    10     4     1     7     0     1   -95.0   60.153   18.044   5160.5    519.8
     1     1    10     4     1     6     0     0   -96.0   59.680   18.477   5025.5    525.6
