     5     1
    GDAS    10     3     1     0     0
    GDAS    10     3     8     0     0
    GDAS    10     3    15     0     0
    GDAS    10     3    22     0     0
    GDAS    10     3    29     0     0
     1 BACKWARD OMEGA   
    10     3    24     0   39.977  116.381  2400.0
     1 PRESSURE
     1     1    10     3    24     0     0     0     0.0   39.977  116.381   2164.6    757.7
     1     1    10     3    23    23     0     1    -1.0   39.973  116.141   2063.1    761.4
     1     1    10     3    23    22     0     2    -2.0   40.026  115.852   2009.4    747.6
     1     1    10     3    23    21     0     3    -3.0   40.145  115.456   2013.7    710.6
     1     1    10     3    23    20     0     2    -4.0   40.258  114.937   2037.8    670.4
     1     1    10     3    23    19     0     1    -5.0   40.311  114.387   2068.6    669.9
     1     1    10     3    23    18     0     0    -6.0   40.332  113.857   2075.2    668.7
     1     1    10     3    23    17     0     1    -7.0   40.346  113.376   2019.3    664.3
     1     1    10     3    23    16     0     2    -8.0   40.358  112.969   1892.0    670.9
     1     1    10     3    23    15     0     3    -9.0   40.368  112.631   1736.0    684.8
     1     1    10     3    23    14     0     2   -10.0   40.396  112.322   1610.9    695.7
     1     1    10     3    23    13     0     1   -11.0   40.446  112.006   1520.5    698.9
     1     1    10     3    23    12     0     0   -12.0   40.516  111.691   1415.7    708.7
     1     1    10     3    23    11     0     1   -13.0   40.574  111.349   1235.1    724.6
     1     1    10     3    23    10     0     2   -14.0   40.585  110.958   1019.2    750.4
     1     1    10     3    23     9     0     3   -15.0   40.550  110.528    851.2    772.0
     1     1    10     3    23     8     0     2   -16.0   40.500  110.103    759.8    779.7
     1     1    10     3    23     7     0     1   -17.0   40.446  109.726    704.8    788.2
     1     1    10     3    23     6     0     0   -18.0   40.383  109.404    668.8    797.7
     1     1    10     3    23     5     0     1   -19.0   40.316  109.122    654.9    802.2
     1     1    10     3    23     4     0     2   -20.0   40.255  108.861    650.5    802.5
     1     1    10     3    23     3     0     3   -21.0   40.209  108.613    637.9    803.5
     1     1    10     3    23     2     0     2   -22.0   40.169  108.355    619.6    806.3
     1     1    10     3    23     1     0     1   -23.0   40.116  108.063    607.4    807.3
     1     1    10     3    23     0     0     0   -24.0   40.044  107.739    616.3    806.6
     1     1    10     3    22    23     0     1   -25.0   39.964  107.425    633.2    804.0
     1     1    10     3    22    22     0     2   -26.0   39.875  107.160    630.6    806.2
     1     1    10     3    22    21     0     3   -27.0   39.763  106.947    600.2    811.0
     1     1    10     3    22    20     0     2   -28.0   39.631  106.786    556.6    817.2
     1     1    10     3    22    19     0     1   -29.0   39.492  106.669    517.4    819.2
     1     1    10     3    22    18     0     0   -30.0   39.345  106.598    482.5    819.6
     1     1    10     3    22    17     0     1   -31.0   39.199  106.563    456.3    819.4
     1     1    10     3    22    16     0     2   -32.0   39.064  106.548    442.2    817.8
     1     1    10     3    22    15     0     3   -33.0   38.949  106.546    440.8    817.2
     1     1    10     3    22    14     0     2   -34.0   38.851  106.548    440.4    816.6
     1     1    10     3    22    13     0     1   -35.0   38.767  106.552    428.5    818.6
     1     1    10     3    22    12     0     0   -36.0   38.694  106.558    407.0    821.7
     1     1    10     3    22    11     0     1   -37.0   38.643  106.562    383.4    825.0
     1     1    10     3    22    10     0     2   -38.0   38.622  106.556    363.0    827.1
     1     1    10     3    22     9     0     3   -39.0   38.628  106.538    344.5    828.7
     1     1    10     3    22     8     0     2   -40.0   38.663  106.508    327.4    830.1
     1     1    10     3    22     7     0     1   -41.0   38.726  106.470    312.5    830.7
     1     1    10     3    22     6     0     0   -42.0   38.817  106.422    300.4    830.3
     1     1    10     3    22     5     0     1   -43.0   38.925  106.363    291.9    828.9
     1     1    10     3    22     4     0     2   -44.0   39.034  106.293    287.6    828.0
     1     1    10     3    22     3     0     3   -45.0   39.141  106.212    289.8    830.6
     1     1    10     3    22     2     0     2   -46.0   39.237  106.136    300.1    831.8
     1     1    10     3    22     1     0     1   -47.0   39.320  106.080    316.8    832.4
     1     1    10     3    22     0     0     0   -48.0   39.397  106.049    334.7    833.3
     1     1    10     3    21    23     0     1   -49.0   39.506  105.983    354.3    836.5
     1     1    10     3    21    22     0     2   -50.0   39.687  105.823    380.3    840.5
     1     1    10     3    21    21     0     3   -51.0   39.956  105.560    438.6    838.9
     1     1    10     3    21    20     0     2   -52.0   40.287  105.233    525.7    817.3
     1     1    10     3    21    19     0     1   -53.0   40.618  104.889    541.4    813.9
     1     1    10     3    21    18     0     0   -54.0   40.925  104.498    432.4    828.9
     1     1    10     3    21    17     0     1   -55.0   41.186  104.034    335.8    850.9
     1     1    10     3    21    16     0     2   -56.0   41.456  103.528    326.9    848.7
     1     1    10     3    21    15     0     3   -57.0   41.787  103.032    375.5    843.4
     1     1    10     3    21    14     0     2   -58.0   42.158  102.545    455.5    837.9
     1     1    10     3    21    13     0     1   -59.0   42.540  102.032    579.1    816.4
     1     1    10     3    21    12     0     0   -60.0   43.001  101.518    878.8    759.7
     1     1    10     3    21    11     0     1   -61.0   43.450  100.971   1215.4    726.6
     1     1    10     3    21    10     0     2   -62.0   43.824  100.365   1403.8    720.6
     1     1    10     3    21     9     0     3   -63.0   44.176   99.718   1515.0    705.9
     1     1    10     3    21     8     0     2   -64.0   44.558   99.022   1705.5    664.2
     1     1    10     3    21     7     0     1   -65.0   45.013   98.221   2092.5    582.1
     1     1    10     3    21     6     0     0   -66.0   45.573   97.139   2665.6    555.7
     1     1    10     3    21     5     0     1   -67.0   46.121   95.943   2922.0    536.0
     1     1    10     3    21     4     0     2   -68.0   46.588   94.941   3033.4    552.4
     1     1    10     3    21     3     0     3   -69.0   46.956   94.061   3238.7    542.5
     1     1    10     3    21     2     0     2   -70.0   47.310   92.920   3457.0    507.9
     1     1    10     3    21     1     0     1   -71.0   47.695   91.714   3517.1    492.5
     1     1    10     3    21     0     0     0   -72.0   48.127   90.380   3656.8    443.2
     1     1    10     3    20    23     0     1   -73.0   48.548   88.890   3894.8    435.4
     1     1    10     3    20    22     0     2   -74.0   48.928   87.414   4144.5    423.6
     1     1    10     3    20    21     0     3   -75.0   49.392   86.022   4451.9    432.3
     1     1    10     3    20    20     0     2   -76.0   49.880   84.743   4736.9    444.2
     1     1    10     3    20    19     0     1   -77.0   50.296   83.549   4983.3    455.8
     1     1    10     3    20    18     0     0   -78.0   50.713   82.398   5270.4    463.9
     1     1    10     3    20    17     0     1   -79.0   51.096   81.209   5444.1    465.0
     1     1    10     3    20    16     0     2   -80.0   51.412   80.064   5466.1    472.1
     1     1    10     3    20    15     0     3   -81.0   51.750   78.947   5563.0    468.4
     1     1    10     3    20    14     0     2   -82.0   52.076   77.780   5661.8    461.0
     1     1    10     3    20    13     0     1   -83.0   52.380   76.578   5738.6    456.9
     1     1    10     3    20    12     0     0   -84.0   52.696   75.367   5790.8    451.8
     1     1    10     3    20    11     0     1   -85.0   52.974   74.107   5828.6    451.3
     1     1    10     3    20    10     0     2   -86.0   53.214   72.798   5885.2    444.2
     1     1    10     3    20     9     0     3   -87.0   53.481   71.447   5939.5    436.5
     1     1    10     3    20     8     0     2   -88.0   53.781   70.067   5965.8    432.4
     1     1    10     3    20     7     0     1   -89.0   54.068   68.672   5971.2    434.9
     1     1    10     3    20     6     0     0   -90.0   54.362   67.256   5940.0    436.5
     1     1    10     3    20     5     0     1   -91.0   54.695   65.821   5866.4    440.9
     1     1    10     3    20     4     0     2   -92.0   55.068   64.368   5838.7    442.7
     1     1    10     3    20     3     0     3   -93.0   55.515   62.876   5866.7    437.9
     1     1    10     3    20     2     0     2   -94.0   56.005   61.424   5821.9    437.0
     1     1    10     3    20     1     0     1   -95.0   56.509   60.078   5722.6    435.0
     1     1    10     3    20     0     0     0   -96.0   57.090   58.824   5756.0    434.5
