     7     1
    GDAS    10     3    22     0     0
    GDAS    10     4     8     0     0
    GDAS    10     4    15     0     0
    GDAS    10     4    22     0     0
    GDAS    10     4    29     0     0
    GDAS    10     4     1     0     0
    GDAS    10     3    29     0     0
     1 BACKWARD OMEGA   
    10     4     7     6   39.977  116.381  6200.0
     1 PRESSURE
     1     1    10     4     7     6     0     0     0.0   39.977  116.381   5958.3    458.0
     1     1    10     4     7     5     0     1    -1.0   40.295  115.148   6129.1    388.7
     1     1    10     4     7     4     0     2    -2.0   40.577  113.832   6145.9    380.8
     1     1    10     4     7     3     0     3    -3.0   40.805  112.575   6027.8    376.9
     1     1    10     4     7     2     0     2    -4.0   41.005  111.313   5985.7    371.4
     1     1    10     4     7     1     0     1    -5.0   41.197  110.095   5919.6    385.1
     1     1    10     4     7     0     0     0    -6.0   41.336  108.917   6006.5    395.6
     1     1    10     4     6    23     0     1    -7.0   41.445  107.752   5993.9    399.1
     1     1    10     4     6    22     0     2    -8.0   41.581  106.592   5952.5    401.1
     1     1    10     4     6    21     0     3    -9.0   41.728  105.447   6002.0    404.2
     1     1    10     4     6    20     0     2   -10.0   41.857  104.328   5990.9    401.9
     1     1    10     4     6    19     0     1   -11.0   41.960  103.190   5955.7    401.5
     1     1    10     4     6    18     0     0   -12.0   42.059  102.090   5872.4    418.0
     1     1    10     4     6    17     0     1   -13.0   42.171  101.047   5878.3    416.1
     1     1    10     4     6    16     0     2   -14.0   42.294  100.006   6061.2    406.0
     1     1    10     4     6    15     0     3   -15.0   42.438   98.896   6155.8    384.5
     1     1    10     4     6    14     0     2   -16.0   42.580   97.790   6096.9    379.2
     1     1    10     4     6    13     0     1   -17.0   42.686   96.731   6048.9    378.4
     1     1    10     4     6    12     0     0   -18.0   42.782   95.677   6128.6    376.2
     1     1    10     4     6    11     0     1   -19.0   42.862   94.617   6027.1    359.0
     1     1    10     4     6    10     0     2   -20.0   42.891   93.647   6060.7    380.0
     1     1    10     4     6     9     0     3   -21.0   42.906   92.779   6341.0    413.1
     1     1    10     4     6     8     0     2   -22.0   42.929   91.992   6362.1    415.4
     1     1    10     4     6     7     0     1   -23.0   42.927   91.260   6336.0    423.1
     1     1    10     4     6     6     0     0   -24.0   42.935   90.558   6245.1    419.3
     1     1    10     4     6     5     0     1   -25.0   42.971   89.904   6108.7    420.9
     1     1    10     4     6     4     0     2   -26.0   42.995   89.334   6150.5    446.7
     1     1    10     4     6     3     0     3   -27.0   42.980   88.841   6179.6    440.6
     1     1    10     4     6     2     0     2   -28.0   42.959   88.357   5977.8    412.0
     1     1    10     4     6     1     0     1   -29.0   42.952   87.853   5582.7    398.0
     1     1    10     4     6     0     0     0   -30.0   42.965   87.348   5091.8    374.2
     1     1    10     4     5    23     0     1   -31.0   43.018   86.829   4708.1    354.8
     1     1    10     4     5    22     0     2   -32.0   43.112   86.271   4660.9    373.8
     1     1    10     4     5    21     0     3   -33.0   43.204   85.671   4756.0    376.5
     1     1    10     4     5    20     0     2   -34.0   43.269   85.076   4791.4    378.5
     1     1    10     4     5    19     0     1   -35.0   43.320   84.511   4697.1    390.0
     1     1    10     4     5    18     0     0   -36.0   43.383   83.993   4528.6    401.0
     1     1    10     4     5    17     0     1   -37.0   43.462   83.473   4372.8    417.8
     1     1    10     4     5    16     0     2   -38.0   43.539   82.901   4290.4    433.2
     1     1    10     4     5    15     0     3   -39.0   43.618   82.298   4278.9    459.7
     1     1    10     4     5    14     0     2   -40.0   43.696   81.682   4299.5    486.6
     1     1    10     4     5    13     0     1   -41.0   43.758   81.064   4388.9    512.3
     1     1    10     4     5    12     0     0   -42.0   43.808   80.460   4595.2    522.2
     1     1    10     4     5    11     0     1   -43.0   43.847   79.888   4946.6    510.8
     1     1    10     4     5    10     0     2   -44.0   43.860   79.365   5217.5    470.3
     1     1    10     4     5     9     0     3   -45.0   43.844   78.897   5384.9    450.4
     1     1    10     4     5     8     0     2   -46.0   43.832   78.469   5513.0    441.5
     1     1    10     4     5     7     0     1   -47.0   43.849   78.069   5594.0    437.3
     1     1    10     4     5     6     0     0   -48.0   43.892   77.699   5638.7    443.6
     1     1    10     4     5     5     0     1   -49.0   43.944   77.334   5665.9    454.9
     1     1    10     4     5     4     0     2   -50.0   43.983   76.939   5679.0    462.9
     1     1    10     4     5     3     0     3   -51.0   44.012   76.503   5642.0    462.9
     1     1    10     4     5     2     0     2   -52.0   44.041   76.023   5591.5    461.9
     1     1    10     4     5     1     0     1   -53.0   44.065   75.511   5546.5    459.1
     1     1    10     4     5     0     0     0   -54.0   44.068   74.973   5521.4    453.7
     1     1    10     4     4    23     0     1   -55.0   44.055   74.428   5512.9    457.5
     1     1    10     4     4    22     0     2   -56.0   44.037   73.885   5437.6    469.2
     1     1    10     4     4    21     0     3   -57.0   44.009   73.336   5336.2    486.9
     1     1    10     4     4    20     0     2   -58.0   43.971   72.803   5259.9    500.1
     1     1    10     4     4    19     0     1   -59.0   43.931   72.293   5236.2    502.0
     1     1    10     4     4    18     0     0   -60.0   43.895   71.789   5279.8    500.4
     1     1    10     4     4    17     0     1   -61.0   43.869   71.296   5368.1    493.5
     1     1    10     4     4    16     0     2   -62.0   43.861   70.816   5473.3    487.3
     1     1    10     4     4    15     0     3   -63.0   43.870   70.343   5599.9    480.6
     1     1    10     4     4    14     0     2   -64.0   43.886   69.889   5731.4    470.6
     1     1    10     4     4    13     0     1   -65.0   43.906   69.456   5823.0    460.0
     1     1    10     4     4    12     0     0   -66.0   43.934   69.024   5877.2    452.0
     1     1    10     4     4    11     0     1   -67.0   43.940   68.587   5890.2    446.4
     1     1    10     4     4    10     0     2   -68.0   43.902   68.142   5854.4    446.4
     1     1    10     4     4     9     0     3   -69.0   43.848   67.677   5837.9    457.4
     1     1    10     4     4     8     0     2   -70.0   43.793   67.218   5850.8    468.4
     1     1    10     4     4     7     0     1   -71.0   43.743   66.786   5858.6    472.2
     1     1    10     4     4     6     0     0   -72.0   43.705   66.368   5856.0    472.2
     1     1    10     4     4     5     0     1   -73.0   43.683   65.968   5858.2    472.3
     1     1    10     4     4     4     0     2   -74.0   43.666   65.599   5867.9    472.0
     1     1    10     4     4     3     0     3   -75.0   43.648   65.253   5887.5    471.2
     1     1    10     4     4     2     0     2   -76.0   43.627   64.920   5918.4    469.1
     1     1    10     4     4     1     0     1   -77.0   43.592   64.599   5951.3    465.8
     1     1    10     4     4     0     0     0   -78.0   43.542   64.294   5978.1    463.2
     1     1    10     4     3    23     0     1   -79.0   43.493   63.988   5979.4    461.0
     1     1    10     4     3    22     0     2   -80.0   43.460   63.674   5948.0    463.9
     1     1    10     4     3    21     0     3   -81.0   43.445   63.351   5887.8    468.7
     1     1    10     4     3    20     0     2   -82.0   43.442   63.028   5837.2    475.5
     1     1    10     4     3    19     0     1   -83.0   43.445   62.708   5832.7    477.3
     1     1    10     4     3    18     0     0   -84.0   43.454   62.390   5863.0    476.1
     1     1    10     4     3    17     0     1   -85.0   43.465   62.079   5889.4    473.9
     1     1    10     4     3    16     0     2   -86.0   43.474   61.775   5882.4    475.1
     1     1    10     4     3    15     0     3   -87.0   43.482   61.469   5856.5    477.8
     1     1    10     4     3    14     0     2   -88.0   43.484   61.167   5836.2    480.3
     1     1    10     4     3    13     0     1   -89.0   43.473   60.879   5829.2    480.5
     1     1    10     4     3    12     0     0   -90.0   43.449   60.598   5823.8    480.3
     1     1    10     4     3    11     0     1   -91.0   43.412   60.318   5812.5    480.8
     1     1    10     4     3    10     0     2   -92.0   43.356   60.044   5795.1    481.8
     1     1    10     4     3     9     0     3   -93.0   43.283   59.778   5776.4    483.0
     1     1    10     4     3     8     0     2   -94.0   43.213   59.507   5763.3    484.0
     1     1    10     4     3     7     0     1   -95.0   43.153   59.227   5757.9    484.1
     1     1    10     4     3     6     0     0   -96.0   43.095   58.953   5756.8    483.8
