     7     1
    GDAS    10     3    22     0     0
    GDAS    10     4     8     0     0
    GDAS    10     4    15     0     0
    GDAS    10     4    22     0     0
    GDAS    10     4    29     0     0
    GDAS    10     4     1     0     0
    GDAS    10     3    29     0     0
     1 BACKWARD OMEGA   
    10     4     1     6   39.977  116.381  8000.0
     1 PRESSURE
     1     1    10     4     1     6     0     0     0.0   39.977  116.381   7753.7    344.1
     1     1    10     4     1     5     0     1    -1.0   39.626  113.972   7519.4    310.2
     1     1    10     4     1     4     0     2    -2.0   39.434  111.644   7587.3    300.6
     1     1    10     4     1     3     0     3    -3.0   39.366  109.429   7690.8    299.2
     1     1    10     4     1     2     0     2    -4.0   39.432  107.324   7769.8    297.7
     1     1    10     4     1     1     0     1    -5.0   39.636  105.332   7844.7    292.5
     1     1    10     4     1     0     0     0    -6.0   39.950  103.437   7832.6    288.1
     1     1    10     3    31    23     0     1    -7.0   40.375  101.626   8008.2    291.5
     1     1    10     3    31    22     0     2    -8.0   40.909   99.914   8126.6    285.7
     1     1    10     3    31    21     0     3    -9.0   41.532   98.298   8081.6    278.0
     1     1    10     3    31    20     0     2   -10.0   42.206   96.754   8106.0    262.8
     1     1    10     3    31    19     0     1   -11.0   42.884   95.358   8289.8    261.0
     1     1    10     3    31    18     0     0   -12.0   43.596   94.130   8501.6    261.1
     1     1    10     3    31    17     0     1   -13.0   44.331   93.062   8410.5    257.4
     1     1    10     3    31    16     0     2   -14.0   45.094   92.118   8659.2    261.8
     1     1    10     3    31    15     0     3   -15.0   45.917   91.228   8764.5    256.6
     1     1    10     3    31    14     0     2   -16.0   46.793   90.385   8609.9    236.8
     1     1    10     3    31    13     0     1   -17.0   47.697   89.622   8575.3    225.2
     1     1    10     3    31    12     0     0   -18.0   48.604   88.842   8569.9    220.3
     1     1    10     3    31    11     0     1   -19.0   49.492   88.060   8527.0    217.8
     1     1    10     3    31    10     0     2   -20.0   50.437   87.376   8820.0    222.9
     1     1    10     3    31     9     0     3   -21.0   51.417   86.771   9271.5    238.9
     1     1    10     3    31     8     0     2   -22.0   52.457   86.203   9657.3    254.3
     1     1    10     3    31     7     0     1   -23.0   53.540   85.579   9690.6    255.6
     1     1    10     3    31     6     0     0   -24.0   54.629   84.865   9743.9    256.1
     1     1    10     3    31     5     0     1   -25.0   55.717   84.062   9784.7    257.9
     1     1    10     3    31     4     0     2   -26.0   56.772   83.116   9817.6    257.9
     1     1    10     3    31     3     0     3   -27.0   57.750   81.990   9815.3    258.6
     1     1    10     3    31     2     0     2   -28.0   58.639   80.684   9795.5    260.7
     1     1    10     3    31     1     0     1   -29.0   59.430   79.196   9783.5    261.5
     1     1    10     3    31     0     0     0   -30.0   60.100   77.509   9792.3    261.0
     1     1    10     3    30    23     0     1   -31.0   60.623   75.656   9783.2    261.8
     1     1    10     3    30    22     0     2   -32.0   60.997   73.675   9769.4    263.1
     1     1    10     3    30    21     0     3   -33.0   61.218   71.580   9729.8    265.0
     1     1    10     3    30    20     0     2   -34.0   61.298   69.473   9707.1    266.5
     1     1    10     3    30    19     0     1   -35.0   61.265   67.383   9585.7    271.7
     1     1    10     3    30    18     0     0   -36.0   61.133   65.322   9381.9    280.3
     1     1    10     3    30    17     0     1   -37.0   60.936   63.277   9410.7    279.3
     1     1    10     3    30    16     0     2   -38.0   60.635   61.110   9564.3    270.7
     1     1    10     3    30    15     0     3   -39.0   60.273   59.020   9176.7    271.6
     1     1    10     3    30    14     0     2   -40.0   59.912   56.965   9325.2    281.6
     1     1    10     3    30    13     0     1   -41.0   59.476   54.822   9395.5    276.6
     1     1    10     3    30    12     0     0   -42.0   58.978   52.668   9340.1    277.6
     1     1    10     3    30    11     0     1   -43.0   58.454   50.516   9360.0    278.4
     1     1    10     3    30    10     0     2   -44.0   57.879   48.386   9362.4    280.5
     1     1    10     3    30     9     0     3   -45.0   57.296   46.296   9412.3    278.9
     1     1    10     3    30     8     0     2   -46.0   56.653   44.319   9473.0    275.7
     1     1    10     3    30     7     0     1   -47.0   55.975   42.494   9563.0    272.5
     1     1    10     3    30     6     0     0   -48.0   55.356   40.809   9677.5    267.6
     1     1    10     3    30     5     0     1   -49.0   54.761   39.375   9779.5    262.3
     1     1    10     3    30     4     0     2   -50.0   54.180   38.148   9829.3    258.0
     1     1    10     3    30     3     0     3   -51.0   53.694   37.063   9870.6    255.5
     1     1    10     3    30     2     0     2   -52.0   53.289   36.069   9901.8    254.8
     1     1    10     3    30     1     0     1   -53.0   52.968   35.138   9932.9    253.5
     1     1    10     3    30     0     0     0   -54.0   52.746   34.199   9943.0    253.6
     1     1    10     3    29    23     0     1   -55.0   52.598   33.279   9909.0    255.8
     1     1    10     3    29    22     0     2   -56.0   52.537   32.367   9883.2    257.0
     1     1    10     3    29    21     0     3   -57.0   52.573   31.423   9831.1    259.2
     1     1    10     3    29    20     0     2   -58.0   52.677   30.417   9756.1    262.2
     1     1    10     3    29    19     0     1   -59.0   52.882   29.316   9722.1    263.5
     1     1    10     3    29    18     0     0   -60.0   53.169   28.061   9745.6    260.3
     1     1    10     3    29    17     0     1   -61.0   53.538   26.605   9804.3    255.1
     1     1    10     3    29    16     0     2   -62.0   53.960   24.919   9913.5    251.4
     1     1    10     3    29    15     0     3   -63.0   54.359   23.000   9985.8    248.4
     1     1    10     3    29    14     0     2   -64.0   54.668   20.907  10072.3    247.9
     1     1    10     3    29    13     0     1   -65.0   54.919   18.729  10096.3    247.8
     1     1    10     3    29    12     0     0   -66.0   55.064   16.441  10139.0    245.5
     1     1    10     3    29    11     0     1   -67.0   55.119   14.211  10092.8    247.4
     1     1    10     3    29    10     0     2   -68.0   55.144   11.992  10051.1    248.5
     1     1    10     3    29     9     0     3   -69.0   55.132    9.784  10051.4    247.7
     1     1    10     3    29     8     0     2   -70.0   55.105    7.631  10004.7    250.7
     1     1    10     3    29     7     0     1   -71.0   55.036    5.512   9949.7    252.8
     1     1    10     3    29     6     0     0   -72.0   54.910    3.448   9890.7    255.0
     1     1    10     3    29     5     0     1   -73.0   54.757    1.429   9853.7    256.5
     1     1    10     3    29     4     0     2   -74.0   54.555   -0.508   9818.6    257.9
     1     1    10     3    29     3     0     3   -75.0   54.331   -2.330   9730.0    255.0
     1     1    10     3    29     2     0     2   -76.0   54.110   -4.112   9804.2    260.6
     1     1    10     3    29     1     0     1   -77.0   53.828   -5.838   9768.5    259.4
     1     1    10     3    29     0     0     0   -78.0   53.521   -7.459   9722.3    259.3
     1     1    10     3    28    23     0     1   -79.0   53.187   -8.996   9732.3    261.6
     1     1    10     3    28    22     0     2   -80.0   52.770  -10.378   9748.0    263.0
     1     1    10     3    28    21     0     3   -81.0   52.279  -11.597   9749.5    263.7
     1     1    10     3    28    20     0     2   -82.0   51.717  -12.673   9743.1    264.7
     1     1    10     3    28    19     0     1   -83.0   51.124  -13.581   9718.5    266.3
     1     1    10     3    28    18     0     0   -84.0   50.535  -14.297   9660.6    269.4
     1     1    10     3    28    17     0     1   -85.0   49.952  -14.887   9542.9    273.9
     1     1    10     3    28    16     0     2   -86.0   49.376  -15.379   9364.3    282.7
     1     1    10     3    28    15     0     3   -87.0   48.815  -15.752   9111.1    293.8
     1     1    10     3    28    14     0     2   -88.0   48.296  -16.036   8803.3    310.9
     1     1    10     3    28    13     0     1   -89.0   47.821  -16.284   8509.8    326.1
     1     1    10     3    28    12     0     0   -90.0   47.392  -16.512   8224.2    340.2
     1     1    10     3    28    11     0     1   -91.0   47.001  -16.769   7948.6    355.6
     1     1    10     3    28    10     0     2   -92.0   46.634  -17.100   7740.3    369.1
     1     1    10     3    28     9     0     3   -93.0   46.251  -17.495   7647.2    374.9
     1     1    10     3    28     8     0     2   -94.0   45.835  -17.907   7603.9    373.9
     1     1    10     3    28     7     0     1   -95.0   45.411  -18.331   7531.4    378.0
     1     1    10     3    28     6     0     0   -96.0   44.995  -18.755   7428.3    384.4
