     7     1
    GDAS    10     3    22     0     0
    GDAS    10     4     8     0     0
    GDAS    10     4    15     0     0
    GDAS    10     4    22     0     0
    GDAS    10     4    29     0     0
    GDAS    10     4     1     0     0
    GDAS    10     3    29     0     0
     1 BACKWARD OMEGA   
    10     4     5     0   39.977  116.381  5400.0
     1 PRESSURE
     1     1    10     4     5     0     0     0     0.0   39.977  116.381   5159.5    507.1
     1     1    10     4     4    23     0     1    -1.0   40.154  115.307   5021.5    462.7
     1     1    10     4     4    22     0     2    -2.0   40.369  114.099   4936.4    453.6
     1     1    10     4     4    21     0     3    -3.0   40.597  112.922   4791.0    447.1
     1     1    10     4     4    20     0     2    -4.0   40.842  111.824   4668.2    451.0
     1     1    10     4     4    19     0     1    -5.0   41.112  110.744   4587.2    453.1
     1     1    10     4     4    18     0     0    -6.0   41.421  109.648   4567.4    468.2
     1     1    10     4     4    17     0     1    -7.0   41.743  108.576   4545.1    475.0
     1     1    10     4     4    16     0     2    -8.0   42.035  107.548   4556.3    479.5
     1     1    10     4     4    15     0     3    -9.0   42.290  106.526   4814.2    473.0
     1     1    10     4     4    14     0     2   -10.0   42.577  105.474   4942.0    449.7
     1     1    10     4     4    13     0     1   -11.0   42.894  104.400   4933.7    442.4
     1     1    10     4     4    12     0     0   -12.0   43.233  103.267   5176.3    424.5
     1     1    10     4     4    11     0     1   -13.0   43.620  102.146   5223.8    431.1
     1     1    10     4     4    10     0     2   -14.0   44.058  101.014   5573.8    425.8
     1     1    10     4     4     9     0     3   -15.0   44.484   99.663   5705.3    383.9
     1     1    10     4     4     8     0     2   -16.0   44.897   98.256   5501.1    363.2
     1     1    10     4     4     7     0     1   -17.0   45.342   96.875   5676.5    373.4
     1     1    10     4     4     6     0     0   -18.0   45.766   95.492   5811.5    369.9
     1     1    10     4     4     5     0     1   -19.0   46.157   94.196   5805.6    353.4
     1     1    10     4     4     4     0     2   -20.0   46.633   92.871   5909.3    351.3
     1     1    10     4     4     3     0     3   -21.0   47.151   91.457   5851.1    326.0
     1     1    10     4     4     2     0     2   -22.0   47.649   89.961   5993.5    329.1
     1     1    10     4     4     1     0     1   -23.0   48.098   88.665   6104.8    332.8
     1     1    10     4     4     0     0     0   -24.0   48.520   87.531   6239.5    341.1
     1     1    10     4     3    23     0     1   -25.0   48.881   86.492   6290.6    341.7
     1     1    10     4     3    22     0     2   -26.0   49.191   85.547   6401.2    346.2
     1     1    10     4     3    21     0     3   -27.0   49.493   84.712   6580.3    354.8
     1     1    10     4     3    20     0     2   -28.0   49.793   83.979   6755.0    360.9
     1     1    10     4     3    19     0     1   -29.0   50.080   83.342   6878.2    364.4
     1     1    10     4     3    18     0     0   -30.0   50.366   82.759   6966.1    369.3
     1     1    10     4     3    17     0     1   -31.0   50.655   82.203   7021.7    376.6
     1     1    10     4     3    16     0     2   -32.0   50.941   81.657   7065.1    379.7
     1     1    10     4     3    15     0     3   -33.0   51.228   81.112   7124.5    381.5
     1     1    10     4     3    14     0     2   -34.0   51.516   80.562   7170.5    380.9
     1     1    10     4     3    13     0     1   -35.0   51.794   80.015   7207.2    381.1
     1     1    10     4     3    12     0     0   -36.0   52.066   79.470   7234.5    381.7
     1     1    10     4     3    11     0     1   -37.0   52.334   78.929   7264.7    381.6
     1     1    10     4     3    10     0     2   -38.0   52.589   78.399   7295.1    379.6
     1     1    10     4     3     9     0     3   -39.0   52.823   77.874   7320.0    378.5
     1     1    10     4     3     8     0     2   -40.0   53.051   77.362   7336.0    377.7
     1     1    10     4     3     7     0     1   -41.0   53.293   76.877   7344.4    377.3
     1     1    10     4     3     6     0     0   -42.0   53.548   76.419   7355.9    376.9
     1     1    10     4     3     5     0     1   -43.0   53.809   75.967   7365.3    375.6
     1     1    10     4     3     4     0     2   -44.0   54.072   75.505   7366.1    376.3
     1     1    10     4     3     3     0     3   -45.0   54.346   75.044   7352.3    377.3
     1     1    10     4     3     2     0     2   -46.0   54.625   74.580   7331.4    378.3
     1     1    10     4     3     1     0     1   -47.0   54.899   74.107   7317.3    378.6
     1     1    10     4     3     0     0     0   -48.0   55.172   73.633   7315.5    379.7
     1     1    10     4     2    23     0     1   -49.0   55.444   73.149   7325.5    380.1
     1     1    10     4     2    22     0     2   -50.0   55.705   72.634   7334.0    379.2
     1     1    10     4     2    21     0     3   -51.0   55.950   72.081   7340.4    377.9
     1     1    10     4     2    20     0     2   -52.0   56.188   71.529   7348.5    377.6
     1     1    10     4     2    19     0     1   -53.0   56.424   71.005   7350.5    378.3
     1     1    10     4     2    18     0     0   -54.0   56.656   70.489   7346.7    379.1
     1     1    10     4     2    17     0     1   -55.0   56.890   69.989   7341.7    380.4
     1     1    10     4     2    16     0     2   -56.0   57.133   69.531   7337.5    381.0
     1     1    10     4     2    15     0     3   -57.0   57.386   69.117   7326.5    382.0
     1     1    10     4     2    14     0     2   -58.0   57.656   68.724   7315.2    384.1
     1     1    10     4     2    13     0     1   -59.0   57.946   68.339   7322.7    384.6
     1     1    10     4     2    12     0     0   -60.0   58.257   67.958   7356.6    383.0
     1     1    10     4     2    11     0     1   -61.0   58.592   67.536   7405.0    379.1
     1     1    10     4     2    10     0     2   -62.0   58.943   67.039   7452.3    376.3
     1     1    10     4     2     9     0     3   -63.0   59.302   66.475   7495.5    373.0
     1     1    10     4     2     8     0     2   -64.0   59.668   65.866   7539.4    370.4
     1     1    10     4     2     7     0     1   -65.0   60.036   65.237   7594.9    368.6
     1     1    10     4     2     6     0     0   -66.0   60.406   64.579   7654.7    363.5
     1     1    10     4     2     5     0     1   -67.0   60.797   63.890   7701.2    359.4
     1     1    10     4     2     4     0     2   -68.0   61.230   63.163   7678.1    358.2
     1     1    10     4     2     3     0     3   -69.0   61.702   62.368   7636.2    363.6
     1     1    10     4     2     2     0     2   -70.0   62.196   61.461   7774.9    358.7
     1     1    10     4     2     1     0     1   -71.0   62.700   60.390   7949.2    340.8
     1     1    10     4     2     0     0     0   -72.0   63.158   59.328   7792.1    340.1
     1     1    10     4     1    23     0     1   -73.0   63.577   58.350   7566.0    359.8
     1     1    10     4     1    22     0     2   -74.0   63.987   57.344   7624.0    363.9
     1     1    10     4     1    21     0     3   -75.0   64.394   56.226   7737.6    354.8
     1     1    10     4     1    20     0     2   -76.0   64.785   55.056   7728.5    356.6
     1     1    10     4     1    19     0     1   -77.0   65.159   53.857   7721.6    359.4
     1     1    10     4     1    18     0     0   -78.0   65.524   52.588   7751.0    357.6
     1     1    10     4     1    17     0     1   -79.0   65.859   51.262   7779.4    354.4
     1     1    10     4     1    16     0     2   -80.0   66.157   49.894   7771.6    353.7
     1     1    10     4     1    15     0     3   -81.0   66.428   48.495   7768.0    356.2
     1     1    10     4     1    14     0     2   -82.0   66.681   47.079   7822.4    358.1
     1     1    10     4     1    13     0     1   -83.0   66.913   45.654   7888.0    354.6
     1     1    10     4     1    12     0     0   -84.0   67.120   44.241   7919.9    352.1
     1     1    10     4     1    11     0     1   -85.0   67.300   42.863   7918.7    353.4
     1     1    10     4     1    10     0     2   -86.0   67.452   41.512   7893.9    353.3
     1     1    10     4     1     9     0     3   -87.0   67.579   40.160   7870.6    348.6
     1     1    10     4     1     8     0     2   -88.0   67.686   38.780   7870.2    344.5
     1     1    10     4     1     7     0     1   -89.0   67.781   37.394   7863.1    342.7
     1     1    10     4     1     6     0     0   -90.0   67.865   36.028   7881.1    342.4
     1     1    10     4     1     5     0     1   -91.0   67.904   34.647   7910.7    338.7
     1     1    10     4     1     4     0     2   -92.0   67.885   33.257   7948.3    335.7
     1     1    10     4     1     3     0     3   -93.0   67.833   31.932   7974.4    336.0
     1     1    10     4     1     2     0     2   -94.0   67.750   30.675   7981.9    337.0
     1     1    10     4     1     1     0     1   -95.0   67.627   29.443   7962.3    335.7
     1     1    10     4     1     0     0     0   -96.0   67.486   28.208   7963.9    335.6
