     7     1
    GDAS    10     3    22     0     0
    GDAS    10     4     8     0     0
    GDAS    10     4    15     0     0
    GDAS    10     4    22     0     0
    GDAS    10     4    29     0     0
    GDAS    10     4     1     0     0
    GDAS    10     3    29     0     0
     1 BACKWARD OMEGA   
    10     4    22     6   39.977  116.381  6000.0
     1 PRESSURE
     1     1    10     4    22     6     0     0     0.0   39.977  116.381   5764.6    465.7
     1     1    10     4    22     5     0     1    -1.0   40.121  116.202   5606.0    462.3
     1     1    10     4    22     4     0     2    -2.0   40.206  115.923   5368.9    466.5
     1     1    10     4    22     3     0     3    -3.0   40.262  115.593   5096.0    468.4
     1     1    10     4    22     2     0     2    -4.0   40.290  115.215   4829.8    469.0
     1     1    10     4    22     1     0     1    -5.0   40.287  114.756   4621.6    474.6
     1     1    10     4    22     0     0     0    -6.0   40.292  114.220   4491.7    485.6
     1     1    10     4    21    23     0     1    -7.0   40.340  113.657   4398.4    488.8
     1     1    10     4    21    22     0     2    -8.0   40.402  113.092   4323.1    485.8
     1     1    10     4    21    21     0     3    -9.0   40.439  112.486   4266.3    485.0
     1     1    10     4    21    20     0     2   -10.0   40.463  111.852   4237.0    487.0
     1     1    10     4    21    19     0     1   -11.0   40.498  111.211   4216.1    491.7
     1     1    10     4    21    18     0     0   -12.0   40.537  110.549   4163.1    496.9
     1     1    10     4    21    17     0     1   -13.0   40.587  109.846   4142.8    499.8
     1     1    10     4    21    16     0     2   -14.0   40.656  109.091   4211.0    508.2
     1     1    10     4    21    15     0     3   -15.0   40.733  108.278   4306.1    509.7
     1     1    10     4    21    14     0     2   -16.0   40.808  107.462   4303.4    503.0
     1     1    10     4    21    13     0     1   -17.0   40.892  106.645   4232.4    496.5
     1     1    10     4    21    12     0     0   -18.0   40.976  105.792   4251.3    494.4
     1     1    10     4    21    11     0     1   -19.0   41.072  104.923   4329.5    505.0
     1     1    10     4    21    10     0     2   -20.0   41.207  104.073   4358.4    498.6
     1     1    10     4    21     9     0     3   -21.0   41.388  103.253   4450.2    491.6
     1     1    10     4    21     8     0     2   -22.0   41.588  102.477   4606.9    487.4
     1     1    10     4    21     7     0     1   -23.0   41.784  101.750   4758.3    484.9
     1     1    10     4    21     6     0     0   -24.0   41.966  101.006   4822.2    481.5
     1     1    10     4    21     5     0     1   -25.0   42.140  100.239   4801.1    481.8
     1     1    10     4    21     4     0     2   -26.0   42.320   99.486   4736.6    475.8
     1     1    10     4    21     3     0     3   -27.0   42.553   98.732   4647.2    470.3
     1     1    10     4    21     2     0     2   -28.0   42.879   97.984   4539.8    472.4
     1     1    10     4    21     1     0     1   -29.0   43.278   97.279   4511.7    480.7
     1     1    10     4    21     0     0     0   -30.0   43.738   96.655   4613.1    482.1
     1     1    10     4    20    23     0     1   -31.0   44.274   96.148   4684.0    471.5
     1     1    10     4    20    22     0     2   -32.0   44.894   95.788   4653.0    448.6
     1     1    10     4    20    21     0     3   -33.0   45.579   95.587   4644.0    441.8
     1     1    10     4    20    20     0     2   -34.0   46.284   95.529   4693.6    436.5
     1     1    10     4    20    19     0     1   -35.0   46.984   95.552   4765.4    429.6
     1     1    10     4    20    18     0     0   -36.0   47.689   95.618   4878.8    420.5
     1     1    10     4    20    17     0     1   -37.0   48.423   95.706   5008.4    409.8
     1     1    10     4    20    16     0     2   -38.0   49.188   95.798   5111.3    405.5
     1     1    10     4    20    15     0     3   -39.0   49.997   95.889   5270.6    406.1
     1     1    10     4    20    14     0     2   -40.0   50.817   95.941   5402.2    410.9
     1     1    10     4    20    13     0     1   -41.0   51.566   95.935   5325.4    415.9
     1     1    10     4    20    12     0     0   -42.0   52.309   95.894   5351.7    415.3
     1     1    10     4    20    11     0     1   -43.0   52.991   95.817   5441.2    425.4
     1     1    10     4    20    10     0     2   -44.0   53.613   95.722   5427.6    416.7
     1     1    10     4    20     9     0     3   -45.0   54.197   95.592   5476.1    420.0
     1     1    10     4    20     8     0     2   -46.0   54.693   95.431   5587.4    437.4
     1     1    10     4    20     7     0     1   -47.0   55.096   95.275   5666.5    446.1
     1     1    10     4    20     6     0     0   -48.0   55.441   95.132   5732.4    448.9
     1     1    10     4    20     5     0     1   -49.0   55.748   94.970   5797.8    449.9
     1     1    10     4    20     4     0     2   -50.0   56.020   94.753   5839.8    451.9
     1     1    10     4    20     3     0     3   -51.0   56.269   94.484   5842.3    452.1
     1     1    10     4    20     2     0     2   -52.0   56.515   94.186   5843.7    453.2
     1     1    10     4    20     1     0     1   -53.0   56.754   93.878   5861.1    452.6
     1     1    10     4    20     0     0     0   -54.0   56.988   93.555   5888.3    452.5
     1     1    10     4    19    23     0     1   -55.0   57.220   93.240   5914.4    453.0
     1     1    10     4    19    22     0     2   -56.0   57.425   92.949   5937.5    453.0
     1     1    10     4    19    21     0     3   -57.0   57.600   92.669   5960.5    451.8
     1     1    10     4    19    20     0     2   -58.0   57.771   92.395   5987.1    450.6
     1     1    10     4    19    19     0     1   -59.0   57.947   92.129   6019.2    449.7
     1     1    10     4    19    18     0     0   -60.0   58.125   91.870   6054.8    447.3
     1     1    10     4    19    17     0     1   -61.0   58.312   91.613   6083.9    444.8
     1     1    10     4    19    16     0     2   -62.0   58.502   91.353   6105.7    444.3
     1     1    10     4    19    15     0     3   -63.0   58.686   91.099   6136.1    443.6
     1     1    10     4    19    14     0     2   -64.0   58.875   90.850   6176.6    441.1
     1     1    10     4    19    13     0     1   -65.0   59.085   90.614   6219.5    437.6
     1     1    10     4    19    12     0     0   -66.0   59.311   90.432   6268.4    434.5
     1     1    10     4    19    11     0     1   -67.0   59.562   90.324   6315.6    431.4
     1     1    10     4    19    10     0     2   -68.0   59.843   90.293   6348.3    430.0
     1     1    10     4    19     9     0     3   -69.0   60.143   90.364   6369.3    428.3
     1     1    10     4    19     8     0     2   -70.0   60.437   90.566   6404.3    423.4
     1     1    10     4    19     7     0     1   -71.0   60.711   90.896   6459.4    413.9
     1     1    10     4    19     6     0     0   -72.0   60.967   91.347   6526.4    406.4
     1     1    10     4    19     5     0     1   -73.0   61.210   91.869   6593.8    404.1
     1     1    10     4    19     4     0     2   -74.0   61.452   92.439   6651.0    400.9
     1     1    10     4    19     3     0     3   -75.0   61.702   93.082   6690.5    393.9
     1     1    10     4    19     2     0     2   -76.0   61.960   93.783   6716.5    389.0
     1     1    10     4    19     1     0     1   -77.0   62.216   94.460   6729.8    386.2
     1     1    10     4    19     0     0     0   -78.0   62.462   95.081   6766.7    384.3
     1     1    10     4    18    23     0     1   -79.0   62.695   95.624   6813.0    381.9
     1     1    10     4    18    22     0     2   -80.0   62.928   96.050   6852.8    381.0
     1     1    10     4    18    21     0     3   -81.0   63.187   96.348   6866.7    379.5
     1     1    10     4    18    20     0     2   -82.0   63.464   96.527   6880.8    379.1
     1     1    10     4    18    19     0     1   -83.0   63.748   96.629   6912.6    377.2
     1     1    10     4    18    18     0     0   -84.0   64.048   96.701   6960.9    373.9
     1     1    10     4    18    17     0     1   -85.0   64.361   96.699   7002.8    368.0
     1     1    10     4    18    16     0     2   -86.0   64.677   96.589   7038.8    363.5
     1     1    10     4    18    15     0     3   -87.0   64.998   96.402   7067.8    359.6
     1     1    10     4    18    14     0     2   -88.0   65.324   96.149   7098.0    357.1
     1     1    10     4    18    13     0     1   -89.0   65.663   95.852   7125.0    353.8
     1     1    10     4    18    12     0     0   -90.0   66.030   95.548   7144.0    350.2
     1     1    10     4    18    11     0     1   -91.0   66.433   95.222   7162.4    347.4
     1     1    10     4    18    10     0     2   -92.0   66.891   94.870   7187.3    344.3
     1     1    10     4    18     9     0     3   -93.0   67.419   94.479   7203.3    339.0
     1     1    10     4    18     8     0     2   -94.0   67.985   93.985   7215.9    332.6
     1     1    10     4    18     7     0     1   -95.0   68.558   93.383   7228.1    327.6
     1     1    10     4    18     6     0     0   -96.0   69.136   92.682   7257.2    323.0
