     7     1
    GDAS    10     3    22     0     0
    GDAS    10     4     8     0     0
    GDAS    10     4    15     0     0
    GDAS    10     4    22     0     0
    GDAS    10     4    29     0     0
    GDAS    10     4     1     0     0
    GDAS    10     3    29     0     0
     1 BACKWARD OMEGA   
    10     4    10     0   39.977  116.381  3800.0
     1 PRESSURE
     1     1    10     4    10     0     0     0     0.0   39.977  116.381   3561.4    628.6
     1     1    10     4     9    23     0     1    -1.0   40.159  115.672   3508.5    591.6
     1     1    10     4     9    22     0     2    -2.0   40.286  114.683   3506.0    552.6
     1     1    10     4     9    21     0     3    -3.0   40.345  113.597   3671.1    536.9
     1     1    10     4     9    20     0     2    -4.0   40.427  112.514   3823.3    514.1
     1     1    10     4     9    19     0     1    -5.0   40.514  111.382   3962.7    505.8
     1     1    10     4     9    18     0     0    -6.0   40.640  110.290   4083.3    496.9
     1     1    10     4     9    17     0     1    -7.0   40.815  109.196   4267.4    496.3
     1     1    10     4     9    16     0     2    -8.0   41.002  108.185   4338.2    510.1
     1     1    10     4     9    15     0     3    -9.0   41.195  107.212   4222.0    500.0
     1     1    10     4     9    14     0     2   -10.0   41.390  106.169   4199.2    504.2
     1     1    10     4     9    13     0     1   -11.0   41.575  105.109   4330.5    503.5
     1     1    10     4     9    12     0     0   -12.0   41.729  104.018   4372.4    493.0
     1     1    10     4     9    11     0     1   -13.0   41.906  102.951   4329.8    499.6
     1     1    10     4     9    10     0     2   -14.0   42.110  101.945   4311.1    509.3
     1     1    10     4     9     9     0     3   -15.0   42.279  100.965   4248.9    507.0
     1     1    10     4     9     8     0     2   -16.0   42.427  100.017   4237.0    509.8
     1     1    10     4     9     7     0     1   -17.0   42.597   99.081   4248.2    498.0
     1     1    10     4     9     6     0     0   -18.0   42.788   98.131   4411.5    479.1
     1     1    10     4     9     5     0     1   -19.0   43.008   97.150   4608.6    458.9
     1     1    10     4     9     4     0     2   -20.0   43.291   96.150   4788.4    466.4
     1     1    10     4     9     3     0     3   -21.0   43.610   95.074   4998.7    465.7
     1     1    10     4     9     2     0     2   -22.0   43.945   93.897   5068.8    446.5
     1     1    10     4     9     1     0     1   -23.0   44.289   92.678   4727.0    441.0
     1     1    10     4     9     0     0     0   -24.0   44.628   91.424   4801.2    455.9
     1     1    10     4     8    23     0     1   -25.0   44.955   90.215   4939.0    458.3
     1     1    10     4     8    22     0     2   -26.0   45.273   89.055   5051.8    474.0
     1     1    10     4     8    21     0     3   -27.0   45.585   87.932   5263.7    472.3
     1     1    10     4     8    20     0     2   -28.0   45.888   86.834   5463.3    469.6
     1     1    10     4     8    19     0     1   -29.0   46.175   85.750   5452.2    460.7
     1     1    10     4     8    18     0     0   -30.0   46.449   84.649   5266.2    431.6
     1     1    10     4     8    17     0     1   -31.0   46.728   83.601   5256.6    430.1
     1     1    10     4     8    16     0     2   -32.0   47.014   82.593   5309.6    435.3
     1     1    10     4     8    15     0     3   -33.0   47.288   81.645   5315.2    457.1
     1     1    10     4     8    14     0     2   -34.0   47.552   80.777   5314.9    467.6
     1     1    10     4     8    13     0     1   -35.0   47.819   79.964   5346.1    467.3
     1     1    10     4     8    12     0     0   -36.0   48.108   79.173   5398.8    460.8
     1     1    10     4     8    11     0     1   -37.0   48.407   78.414   5464.6    455.8
     1     1    10     4     8    10     0     2   -38.0   48.701   77.718   5507.6    447.3
     1     1    10     4     8     9     0     3   -39.0   48.989   77.065   5543.7    437.3
     1     1    10     4     8     8     0     2   -40.0   49.277   76.439   5619.4    435.2
     1     1    10     4     8     7     0     1   -41.0   49.574   75.843   5709.7    434.0
     1     1    10     4     8     6     0     0   -42.0   49.883   75.293   5818.4    433.4
     1     1    10     4     8     5     0     1   -43.0   50.213   74.778   5931.9    432.0
     1     1    10     4     8     4     0     2   -44.0   50.565   74.274   6023.2    431.4
     1     1    10     4     8     3     0     3   -45.0   50.937   73.783   6087.8    429.6
     1     1    10     4     8     2     0     2   -46.0   51.320   73.306   6160.2    428.1
     1     1    10     4     8     1     0     1   -47.0   51.701   72.847   6242.9    427.9
     1     1    10     4     8     0     0     0   -48.0   52.078   72.411   6302.9    427.1
     1     1    10     4     7    23     0     1   -49.0   52.449   72.015   6344.1    426.9
     1     1    10     4     7    22     0     2   -50.0   52.821   71.681   6403.6    424.8
     1     1    10     4     7    21     0     3   -51.0   53.202   71.418   6498.8    420.4
     1     1    10     4     7    20     0     2   -52.0   53.604   71.191   6623.3    414.3
     1     1    10     4     7    19     0     1   -53.0   54.039   70.980   6752.0    409.0
     1     1    10     4     7    18     0     0   -54.0   54.508   70.785   6847.8    402.3
     1     1    10     4     7    17     0     1   -55.0   55.007   70.572   6908.9    397.9
     1     1    10     4     7    16     0     2   -56.0   55.526   70.302   6939.8    397.0
     1     1    10     4     7    15     0     3   -57.0   56.063   69.973   6962.0    397.4
     1     1    10     4     7    14     0     2   -58.0   56.605   69.613   7000.0    396.9
     1     1    10     4     7    13     0     1   -59.0   57.142   69.243   7055.9    393.9
     1     1    10     4     7    12     0     0   -60.0   57.680   68.853   7117.2    391.2
     1     1    10     4     7    11     0     1   -61.0   58.215   68.438   7165.8    388.1
     1     1    10     4     7    10     0     2   -62.0   58.738   68.001   7195.0    386.5
     1     1    10     4     7     9     0     3   -63.0   59.244   67.561   7212.0    385.2
     1     1    10     4     7     8     0     2   -64.0   59.737   67.120   7219.9    385.0
     1     1    10     4     7     7     0     1   -65.0   60.225   66.662   7226.5    384.7
     1     1    10     4     7     6     0     0   -66.0   60.705   66.183   7225.7    383.4
     1     1    10     4     7     5     0     1   -67.0   61.178   65.697   7218.8    383.4
     1     1    10     4     7     4     0     2   -68.0   61.637   65.193   7212.9    383.4
     1     1    10     4     7     3     0     3   -69.0   62.064   64.642   7211.9    383.2
     1     1    10     4     7     2     0     2   -70.0   62.453   64.034   7230.1    384.6
     1     1    10     4     7     1     0     1   -71.0   62.810   63.379   7242.0    384.5
     1     1    10     4     7     0     0     0   -72.0   63.134   62.682   7248.6    384.5
     1     1    10     4     6    23     0     1   -73.0   63.423   61.978   7262.6    384.3
     1     1    10     4     6    22     0     2   -74.0   63.686   61.293   7287.6    384.4
     1     1    10     4     6    21     0     3   -75.0   63.933   60.612   7276.0    378.6
     1     1    10     4     6    20     0     2   -76.0   64.162   59.905   7168.9    368.8
     1     1    10     4     6    19     0     1   -77.0   64.364   59.174   7099.0    372.5
     1     1    10     4     6    18     0     0   -78.0   64.541   58.439   7115.1    382.7
     1     1    10     4     6    17     0     1   -79.0   64.688   57.658   7148.1    388.8
     1     1    10     4     6    16     0     2   -80.0   64.801   56.792   7131.3    390.6
     1     1    10     4     6    15     0     3   -81.0   64.887   55.855   7091.2    391.9
     1     1    10     4     6    14     0     2   -82.0   64.943   54.893   7072.6    393.6
     1     1    10     4     6    13     0     1   -83.0   64.959   53.944   7053.1    396.3
     1     1    10     4     6    12     0     0   -84.0   64.941   53.021   6994.0    399.8
     1     1    10     4     6    11     0     1   -85.0   64.893   52.155   6924.4    402.4
     1     1    10     4     6    10     0     2   -86.0   64.817   51.356   6866.4    403.2
     1     1    10     4     6     9     0     3   -87.0   64.717   50.619   6813.8    404.2
     1     1    10     4     6     8     0     2   -88.0   64.602   49.938   6768.6    405.3
     1     1    10     4     6     7     0     1   -89.0   64.475   49.296   6744.0    408.9
     1     1    10     4     6     6     0     0   -90.0   64.338   48.692   6724.0    412.1
     1     1    10     4     6     5     0     1   -91.0   64.198   48.110   6703.2    413.9
     1     1    10     4     6     4     0     2   -92.0   64.061   47.540   6672.6    415.9
     1     1    10     4     6     3     0     3   -93.0   63.930   46.990   6628.7    418.6
     1     1    10     4     6     2     0     2   -94.0   63.795   46.445   6592.2    422.3
     1     1    10     4     6     1     0     1   -95.0   63.644   45.892   6583.4    423.0
     1     1    10     4     6     0     0     0   -96.0   63.479   45.343   6595.9    422.5
