     7     1
    GDAS    10     3    22     0     0
    GDAS    10     4     8     0     0
    GDAS    10     4    15     0     0
    GDAS    10     4    22     0     0
    GDAS    10     4    29     0     0
    GDAS    10     4     1     0     0
    GDAS    10     3    29     0     0
     1 BACKWARD OMEGA   
    10     4    13    18   39.977  116.381  9200.0
     1 PRESSURE
     1     1    10     4    13    18     0     0     0.0   39.977  116.381   8952.7    299.4
     1     1    10     4    13    17     0     1    -1.0   39.990  114.094   8572.9    276.3
     1     1    10     4    13    16     0     2    -2.0   39.946  111.907   8389.2    276.6
     1     1    10     4    13    15     0     3    -3.0   39.822  109.844   8498.6    277.6
     1     1    10     4    13    14     0     2    -4.0   39.639  107.885   8572.5    272.3
     1     1    10     4    13    13     0     1    -5.0   39.396  106.130   8541.8    274.9
     1     1    10     4    13    12     0     0    -6.0   39.116  104.546   8467.3    279.6
     1     1    10     4    13    11     0     1    -7.0   38.853  103.082   8383.7    281.6
     1     1    10     4    13    10     0     2    -8.0   38.570  101.742   7841.4    271.6
     1     1    10     4    13     9     0     3    -9.0   38.301  100.429   7365.1    253.4
     1     1    10     4    13     8     0     2   -10.0   38.051   99.059   7143.5    225.9
     1     1    10     4    13     7     0     1   -11.0   37.811   97.765   7156.6    223.1
     1     1    10     4    13     6     0     0   -12.0   37.545   96.596   7274.7    235.0
     1     1    10     4    13     5     0     1   -13.0   37.233   95.455   7482.3    251.9
     1     1    10     4    13     4     0     2   -14.0   36.928   94.352   7543.7    259.1
     1     1    10     4    13     3     0     3   -15.0   36.630   93.268   7218.9    245.8
     1     1    10     4    13     2     0     2   -16.0   36.304   92.259   6789.0    229.6
     1     1    10     4    13     1     0     1   -17.0   35.978   91.301   6493.4    217.9
     1     1    10     4    13     0     0     0   -18.0   35.673   90.356   6405.9    221.3
     1     1    10     4    12    23     0     1   -19.0   35.374   89.458   6351.0    224.4
     1     1    10     4    12    22     0     2   -20.0   35.055   88.627   6249.2    227.6
     1     1    10     4    12    21     0     3   -21.0   34.715   87.863   6213.4    228.3
     1     1    10     4    12    20     0     2   -22.0   34.362   87.119   6141.8    230.2
     1     1    10     4    12    19     0     1   -23.0   34.017   86.439   5996.5    236.3
     1     1    10     4    12    18     0     0   -24.0   33.683   85.851   5927.3    240.8
     1     1    10     4    12    17     0     1   -25.0   33.383   85.294   5852.8    239.1
     1     1    10     4    12    16     0     2   -26.0   33.160   84.811   5580.7    249.6
     1     1    10     4    12    15     0     3   -27.0   33.018   84.432   5031.5    276.5
     1     1    10     4    12    14     0     2   -28.0   32.891   83.997   4420.6    319.3
     1     1    10     4    12    13     0     1   -29.0   32.742   83.471   4063.2    332.6
     1     1    10     4    12    12     0     0   -30.0   32.605   82.843   3697.4    340.1
     1     1    10     4    12    11     0     1   -31.0   32.439   82.167   3381.2    366.7
     1     1    10     4    12    10     0     2   -32.0   32.215   81.488   3301.7    363.2
     1     1    10     4    12     9     0     3   -33.0   31.917   80.778   3210.9    352.8
     1     1    10     4    12     8     0     2   -34.0   31.591   80.129   3004.1    375.6
     1     1    10     4    12     7     0     1   -35.0   31.309   79.566   2814.3    390.0
     1     1    10     4    12     6     0     0   -36.0   31.096   79.081   2428.4    408.8
     1     1    10     4    12     5     0     1   -37.0   30.945   78.732   1986.3    494.4
     1     1    10     4    12     4     0     2   -38.0   30.848   78.482   1609.5    580.6
     1     1    10     4    12     3     0     3   -39.0   30.812   78.290   1392.0    632.8
     1     1    10     4    12     2     0     2   -40.0   30.825   78.123   1312.1    654.1
     1     1    10     4    12     1     0     1   -41.0   30.870   77.963   1296.1    665.2
     1     1    10     4    12     0     0     0   -42.0   30.923   77.796   1264.1    673.4
     1     1    10     4    11    23     0     1   -43.0   30.954   77.630   1152.4    696.9
     1     1    10     4    11    22     0     2   -44.0   30.963   77.493   1000.6    730.4
     1     1    10     4    11    21     0     3   -45.0   30.966   77.395    877.1    756.9
     1     1    10     4    11    20     0     2   -46.0   30.966   77.331    793.7    772.6
     1     1    10     4    11    19     0     1   -47.0   30.958   77.295    736.4    782.6
     1     1    10     4    11    18     0     0   -48.0   30.942   77.278    691.0    790.3
     1     1    10     4    11    17     0     1   -49.0   30.935   77.246    617.6    798.5
     1     1    10     4    11    16     0     2   -50.0   30.966   77.191    527.0    812.1
     1     1    10     4    11    15     0     3   -51.0   31.047   77.115    442.4    819.9
     1     1    10     4    11    14     0     2   -52.0   31.150   77.030    381.3    821.2
     1     1    10     4    11    13     0     1   -53.0   31.239   76.947    319.3    821.5
     1     1    10     4    11    12     0     0   -54.0   31.304   76.863    241.9    829.7
     1     1    10     4    11    11     0     1   -55.0   31.345   76.767    151.5    845.3
     1     1    10     4    11    10     0     2   -56.0   31.365   76.645     76.0    869.5
     1     1    10     4    11     9     0     3   -57.0   31.372   76.491     27.9    896.0
     1     1    10     4    11     8     0     2   -58.0   31.375   76.325      0.0    920.0
     1     1    10     4    11     7     0     1   -59.0   31.377   76.174      0.0    942.2
     1     1    10     4    11     6     0     0   -60.0   31.378   76.039      0.0    962.4
     1     1    10     4    11     5     0     1   -61.0   31.383   75.945      0.0    968.7
     1     1    10     4    11     4     0     2   -62.0   31.402   75.914      0.0    968.8
     1     1    10     4    11     3     0     3   -63.0   31.437   75.944     15.4    967.9
     1     1    10     4    11     2     0     2   -64.0   31.482   76.014     71.9    958.2
     1     1    10     4    11     1     0     1   -65.0   31.537   76.106    170.3    929.5
     1     1    10     4    11     0     0     0   -66.0   31.608   76.205    316.0    894.8
     1     1    10     4    10    23     0     1   -67.0   31.698   76.265    496.4    859.8
     1     1    10     4    10    22     0     2   -68.0   31.801   76.278    697.8    832.0
     1     1    10     4    10    21     0     3   -69.0   31.911   76.253    921.9    809.1
     1     1    10     4    10    20     0     2   -70.0   32.017   76.185   1135.2    792.5
     1     1    10     4    10    19     0     1   -71.0   32.109   76.086   1288.0    777.7
     1     1    10     4    10    18     0     0   -72.0   32.184   75.987   1380.5    772.2
     1     1    10     4    10    17     0     1   -73.0   32.249   75.897   1440.1    759.5
     1     1    10     4    10    16     0     2   -74.0   32.311   75.818   1507.4    746.3
     1     1    10     4    10    15     0     3   -75.0   32.375   75.752   1597.1    730.9
     1     1    10     4    10    14     0     2   -76.0   32.443   75.682   1691.8    714.1
     1     1    10     4    10    13     0     1   -77.0   32.509   75.588   1767.6    704.4
     1     1    10     4    10    12     0     0   -78.0   32.575   75.468   1821.2    700.7
     1     1    10     4    10    11     0     1   -79.0   32.628   75.323   1834.5    705.8
     1     1    10     4    10    10     0     2   -80.0   32.657   75.151   1789.8    724.5
     1     1    10     4    10     9     0     3   -81.0   32.664   74.951   1688.6    752.1
     1     1    10     4    10     8     0     2   -82.0   32.664   74.733   1596.6    776.7
     1     1    10     4    10     7     0     1   -83.0   32.675   74.512   1588.8    788.3
     1     1    10     4    10     6     0     0   -84.0   32.702   74.291   1681.9    790.9
     1     1    10     4    10     5     0     1   -85.0   32.758   74.071   1908.3    781.6
     1     1    10     4    10     4     0     2   -86.0   32.841   73.826   2252.4    749.3
     1     1    10     4    10     3     0     3   -87.0   32.914   73.520   2603.3    710.8
     1     1    10     4    10     2     0     2   -88.0   32.952   73.177   2840.2    684.1
     1     1    10     4    10     1     0     1   -89.0   32.966   72.846   2927.3    674.6
     1     1    10     4    10     0     0     0   -90.0   32.981   72.548   2923.8    675.3
     1     1    10     4     9    23     0     1   -91.0   33.001   72.265   2893.1    675.4
     1     1    10     4     9    22     0     2   -92.0   33.020   71.982   2840.5    677.1
     1     1    10     4     9    21     0     3   -93.0   33.041   71.704   2797.3    688.9
     1     1    10     4     9    20     0     2   -94.0   33.076   71.427   2810.8    694.3
     1     1    10     4     9    19     0     1   -95.0   33.140   71.137   2905.6    686.9
     1     1    10     4     9    18     0     0   -96.0   33.236   70.810   3013.2    653.2
