     7     1
    GDAS    10     3    22     0     0
    GDAS    10     4     8     0     0
    GDAS    10     4    15     0     0
    GDAS    10     4    22     0     0
    GDAS    10     4    29     0     0
    GDAS    10     4     1     0     0
    GDAS    10     3    29     0     0
     1 BACKWARD OMEGA   
    10     4     4    12   39.977  116.381  8200.0
     1 PRESSURE
     1     1    10     4     4    12     0     0     0.0   39.977  116.381   7955.2    338.4
     1     1    10     4     4    11     0     1    -1.0   40.360  114.711   7689.4    300.9
     1     1    10     4     4    10     0     2    -2.0   40.697  113.029   7542.3    298.1
     1     1    10     4     4     9     0     3    -3.0   41.022  111.309   7520.0    292.0
     1     1    10     4     4     8     0     2    -4.0   41.369  109.603   7628.9    298.1
     1     1    10     4     4     7     0     1    -5.0   41.762  107.930   7617.3    304.1
     1     1    10     4     4     6     0     0    -6.0   42.193  106.345   7569.0    318.6
     1     1    10     4     4     5     0     1    -7.0   42.661  104.774   7467.2    304.1
     1     1    10     4     4     4     0     2    -8.0   43.161  103.151   7501.4    304.2
     1     1    10     4     4     3     0     3    -9.0   43.663  101.513   7542.4    306.5
     1     1    10     4     4     2     0     2   -10.0   44.152   99.885   7511.5    304.4
     1     1    10     4     4     1     0     1   -11.0   44.669   98.183   7366.7    282.2
     1     1    10     4     4     0     0     0   -12.0   45.209   96.417   7478.0    287.3
     1     1    10     4     3    23     0     1   -13.0   45.730   94.641   7440.9    287.1
     1     1    10     4     3    22     0     2   -14.0   46.270   92.836   7360.3    281.7
     1     1    10     4     3    21     0     3   -15.0   46.816   91.073   7254.9    266.6
     1     1    10     4     3    20     0     2   -16.0   47.358   89.294   7641.2    287.7
     1     1    10     4     3    19     0     1   -17.0   47.841   87.634   7813.1    295.8
     1     1    10     4     3    18     0     0   -18.0   48.228   86.080   7911.0    314.6
     1     1    10     4     3    17     0     1   -19.0   48.563   84.577   7955.1    313.2
     1     1    10     4     3    16     0     2   -20.0   48.884   83.126   7999.7    312.8
     1     1    10     4     3    15     0     3   -21.0   49.181   81.669   8036.8    318.3
     1     1    10     4     3    14     0     2   -22.0   49.430   80.333   8053.6    325.1
     1     1    10     4     3    13     0     1   -23.0   49.647   79.094   8051.0    325.5
     1     1    10     4     3    12     0     0   -24.0   49.843   77.868   8070.0    322.6
     1     1    10     4     3    11     0     1   -25.0   50.026   76.628   8063.3    316.2
     1     1    10     4     3    10     0     2   -26.0   50.199   75.453   8100.4    316.0
     1     1    10     4     3     9     0     3   -27.0   50.351   74.378   8129.3    317.6
     1     1    10     4     3     8     0     2   -28.0   50.486   73.368   8142.0    317.7
     1     1    10     4     3     7     0     1   -29.0   50.615   72.389   8180.0    318.6
     1     1    10     4     3     6     0     0   -30.0   50.733   71.451   8224.6    320.2
     1     1    10     4     3     5     0     1   -31.0   50.839   70.548   8260.3    320.2
     1     1    10     4     3     4     0     2   -32.0   50.921   69.677   8287.4    319.2
     1     1    10     4     3     3     0     3   -33.0   50.961   68.857   8319.5    317.8
     1     1    10     4     3     2     0     2   -34.0   50.975   68.102   8347.9    317.4
     1     1    10     4     3     1     0     1   -35.0   50.984   67.412   8353.9    318.4
     1     1    10     4     3     0     0     0   -36.0   50.984   66.791   8341.1    319.5
     1     1    10     4     2    23     0     1   -37.0   50.966   66.221   8323.4    321.2
     1     1    10     4     2    22     0     2   -38.0   50.913   65.680   8329.3    323.0
     1     1    10     4     2    21     0     3   -39.0   50.822   65.167   8341.7    325.3
     1     1    10     4     2    20     0     2   -40.0   50.695   64.688   8332.1    326.6
     1     1    10     4     2    19     0     1   -41.0   50.538   64.243   8312.8    327.8
     1     1    10     4     2    18     0     0   -42.0   50.343   63.833   8289.2    329.3
     1     1    10     4     2    17     0     1   -43.0   50.117   63.430   8255.0    331.0
     1     1    10     4     2    16     0     2   -44.0   49.870   63.001   8210.3    333.4
     1     1    10     4     2    15     0     3   -45.0   49.605   62.539   8154.5    336.3
     1     1    10     4     2    14     0     2   -46.0   49.324   62.050   8087.4    340.0
     1     1    10     4     2    13     0     1   -47.0   49.031   61.532   7994.8    343.9
     1     1    10     4     2    12     0     0   -48.0   48.733   60.979   7881.5    348.8
     1     1    10     4     2    11     0     1   -49.0   48.458   60.396   7770.1    354.4
     1     1    10     4     2    10     0     2   -50.0   48.227   59.785   7671.5    358.7
     1     1    10     4     2     9     0     3   -51.0   48.055   59.148   7616.7    361.9
     1     1    10     4     2     8     0     2   -52.0   47.954   58.509   7581.5    361.9
     1     1    10     4     2     7     0     1   -53.0   47.924   57.884   7559.2    362.5
     1     1    10     4     2     6     0     0   -54.0   47.963   57.268   7583.1    364.9
     1     1    10     4     2     5     0     1   -55.0   48.089   56.669   7640.1    363.7
     1     1    10     4     2     4     0     2   -56.0   48.312   56.076   7737.6    359.5
     1     1    10     4     2     3     0     3   -57.0   48.604   55.482   7879.2    353.1
     1     1    10     4     2     2     0     2   -58.0   48.928   54.904   8030.1    345.9
     1     1    10     4     2     1     0     1   -59.0   49.256   54.363   8141.7    340.8
     1     1    10     4     2     0     0     0   -60.0   49.569   53.872   8197.7    338.6
     1     1    10     4     1    23     0     1   -61.0   49.853   53.449   8217.9    339.5
     1     1    10     4     1    22     0     2   -62.0   50.108   53.110   8233.7    339.9
     1     1    10     4     1    21     0     3   -63.0   50.337   52.834   8250.2    339.4
     1     1    10     4     1    20     0     2   -64.0   50.550   52.598   8267.8    338.4
     1     1    10     4     1    19     0     1   -65.0   50.757   52.383   8282.5    337.9
     1     1    10     4     1    18     0     0   -66.0   50.957   52.181   8294.4    337.6
     1     1    10     4     1    17     0     1   -67.0   51.145   51.987   8301.0    337.5
     1     1    10     4     1    16     0     2   -68.0   51.316   51.794   8297.6    337.3
     1     1    10     4     1    15     0     3   -69.0   51.466   51.597   8287.7    337.4
     1     1    10     4     1    14     0     2   -70.0   51.594   51.400   8269.9    337.7
     1     1    10     4     1    13     0     1   -71.0   51.698   51.211   8243.9    338.4
     1     1    10     4     1    12     0     0   -72.0   51.780   51.029   8209.5    339.6
     1     1    10     4     1    11     0     1   -73.0   51.830   50.859   8189.2    341.6
     1     1    10     4     1    10     0     2   -74.0   51.839   50.707   8199.4    341.3
     1     1    10     4     1     9     0     3   -75.0   51.810   50.572   8237.3    339.6
     1     1    10     4     1     8     0     2   -76.0   51.759   50.458   8278.9    336.8
     1     1    10     4     1     7     0     1   -77.0   51.702   50.362   8304.4    335.9
     1     1    10     4     1     6     0     0   -78.0   51.638   50.285   8317.0    335.5
     1     1    10     4     1     5     0     1   -79.0   51.568   50.213   8312.8    335.7
     1     1    10     4     1     4     0     2   -80.0   51.489   50.136   8286.5    337.2
     1     1    10     4     1     3     0     3   -81.0   51.400   50.053   8238.1    339.8
     1     1    10     4     1     2     0     2   -82.0   51.298   49.973   8190.3    343.5
     1     1    10     4     1     1     0     1   -83.0   51.181   49.907   8163.9    344.9
     1     1    10     4     1     0     0     0   -84.0   51.054   49.858   8154.4    345.3
     1     1    10     3    31    23     0     1   -85.0   50.920   49.817   8163.0    345.4
     1     1    10     3    31    22     0     2   -86.0   50.784   49.772   8188.3    344.6
     1     1    10     3    31    21     0     3   -87.0   50.644   49.727   8222.7    343.3
     1     1    10     3    31    20     0     2   -88.0   50.500   49.687   8250.3    341.9
     1     1    10     3    31    19     0     1   -89.0   50.352   49.658   8263.5    342.0
     1     1    10     3    31    18     0     0   -90.0   50.199   49.643   8271.3    342.5
     1     1    10     3    31    17     0     1   -91.0   50.048   49.664   8278.9    342.9
     1     1    10     3    31    16     0     2   -92.0   49.906   49.730   8284.3    343.1
     1     1    10     3    31    15     0     3   -93.0   49.776   49.831   8284.0    343.3
     1     1    10     3    31    14     0     2   -94.0   49.647   49.954   8279.4    343.9
     1     1    10     3    31    13     0     1   -95.0   49.511   50.092   8273.4    344.4
     1     1    10     3    31    12     0     0   -96.0   49.372   50.244   8265.5    345.0
