     5     1
    GDAS    10     3     1     0     0
    GDAS    10     3     8     0     0
    GDAS    10     3    15     0     0
    GDAS    10     3    22     0     0
    GDAS    10     3    29     0     0
     1 BACKWARD OMEGA   
    10     3    16     0   39.977  116.381  8800.0
     1 PRESSURE
     1     1    10     3    16     0     0     0     0.0   39.977  116.381   8550.8    304.5
     1     1    10     3    15    23     0     1    -1.0   40.960  114.410   8268.6    267.3
     1     1    10     3    15    22     0     2    -2.0   41.979  112.483   8316.8    261.8
     1     1    10     3    15    21     0     3    -3.0   42.973  110.510   8504.6    268.6
     1     1    10     3    15    20     0     2    -4.0   43.945  108.581   8608.1    270.7
     1     1    10     3    15    19     0     1    -5.0   44.880  106.698   8554.8    263.7
     1     1    10     3    15    18     0     0    -6.0   45.685  104.850   8479.0    258.8
     1     1    10     3    15    17     0     1    -7.0   46.404  103.101   8365.9    252.9
     1     1    10     3    15    16     0     2    -8.0   47.063  101.435   8096.1    239.3
     1     1    10     3    15    15     0     3    -9.0   47.629   99.781   7969.1    241.5
     1     1    10     3    15    14     0     2   -10.0   48.074   98.165   7941.4    239.0
     1     1    10     3    15    13     0     1   -11.0   48.368   96.571   8080.9    248.5
     1     1    10     3    15    12     0     0   -12.0   48.512   94.960   8125.3    262.3
     1     1    10     3    15    11     0     1   -13.0   48.566   93.346   8225.4    280.0
     1     1    10     3    15    10     0     2   -14.0   48.535   91.680   7925.6    272.6
     1     1    10     3    15     9     0     3   -15.0   48.369   89.842   7511.4    256.9
     1     1    10     3    15     8     0     2   -16.0   48.011   87.882   7773.8    284.5
     1     1    10     3    15     7     0     1   -17.0   47.492   85.982   7803.9    306.2
     1     1    10     3    15     6     0     0   -18.0   46.944   84.110   7396.1    312.4
     1     1    10     3    15     5     0     1   -19.0   46.449   82.253   7499.5    332.8
     1     1    10     3    15     4     0     2   -20.0   45.961   80.402   7563.8    340.4
     1     1    10     3    15     3     0     3   -21.0   45.439   78.643   7316.5    345.5
     1     1    10     3    15     2     0     2   -22.0   45.004   76.915   7424.5    365.6
     1     1    10     3    15     1     0     1   -23.0   44.642   75.216   7231.5    368.3
     1     1    10     3    15     0     0     0   -24.0   44.348   73.490   7134.9    376.1
     1     1    10     3    14    23     0     1   -25.0   44.142   71.640   7169.1    382.3
     1     1    10     3    14    22     0     2   -26.0   43.988   69.826   7159.0    384.6
     1     1    10     3    14    21     0     3   -27.0   43.837   68.040   6979.2    382.0
     1     1    10     3    14    20     0     2   -28.0   43.722   66.299   7005.1    401.9
     1     1    10     3    14    19     0     1   -29.0   43.662   64.629   6975.7    404.6
     1     1    10     3    14    18     0     0   -30.0   43.608   62.959   6983.6    405.9
     1     1    10     3    14    17     0     1   -31.0   43.604   61.300   7060.6    405.4
     1     1    10     3    14    16     0     2   -32.0   43.673   59.620   7175.6    398.2
     1     1    10     3    14    15     0     3   -33.0   43.738   57.864   7184.2    393.1
     1     1    10     3    14    14     0     2   -34.0   43.763   56.072   7114.4    395.0
     1     1    10     3    14    13     0     1   -35.0   43.791   54.224   7122.2    393.3
     1     1    10     3    14    12     0     0   -36.0   43.761   52.335   7181.0    392.3
     1     1    10     3    14    11     0     1   -37.0   43.664   50.440   7354.9    390.2
     1     1    10     3    14    10     0     2   -38.0   43.608   48.498   7546.5    378.3
     1     1    10     3    14     9     0     3   -39.0   43.480   46.514   7422.6    364.0
     1     1    10     3    14     8     0     2   -40.0   43.232   44.432   7164.5    335.8
     1     1    10     3    14     7     0     1   -41.0   42.849   42.096   7131.5    311.7
     1     1    10     3    14     6     0     0   -42.0   42.461   40.146   7553.8    373.8
     1     1    10     3    14     5     0     1   -43.0   42.092   38.334   7485.4    377.3
     1     1    10     3    14     4     0     2   -44.0   41.709   36.569   7426.8    375.3
     1     1    10     3    14     3     0     3   -45.0   41.254   34.797   7231.7    351.6
     1     1    10     3    14     2     0     2   -46.0   40.776   32.927   7175.0    335.4
     1     1    10     3    14     1     0     1   -47.0   40.301   31.105   7418.9    344.6
     1     1    10     3    14     0     0     0   -48.0   39.837   29.322   7554.8    337.5
     1     1    10     3    13    23     0     1   -49.0   39.367   27.620   7740.0    351.0
     1     1    10     3    13    22     0     2   -50.0   38.924   26.099   7771.4    364.7
     1     1    10     3    13    21     0     3   -51.0   38.452   24.779   7601.6    374.7
     1     1    10     3    13    20     0     2   -52.0   37.977   23.596   7220.7    385.8
     1     1    10     3    13    19     0     1   -53.0   37.495   22.531   6775.0    402.5
     1     1    10     3    13    18     0     0   -54.0   37.064   21.528   6337.6    437.9
     1     1    10     3    13    17     0     1   -55.0   36.684   20.633   5707.5    495.8
     1     1    10     3    13    16     0     2   -56.0   36.310   19.828   5217.6    526.1
     1     1    10     3    13    15     0     3   -57.0   35.877   19.053   4872.6    549.9
     1     1    10     3    13    14     0     2   -58.0   35.461   18.234   4585.4    571.6
     1     1    10     3    13    13     0     1   -59.0   35.103   17.455   4308.9    591.2
     1     1    10     3    13    12     0     0   -60.0   34.679   16.785   3906.8    625.6
     1     1    10     3    13    11     0     1   -61.0   34.323   16.176   3585.6    660.0
     1     1    10     3    13    10     0     2   -62.0   34.068   15.564   3388.6    672.6
     1     1    10     3    13     9     0     3   -63.0   33.844   14.993   3244.8    683.4
     1     1    10     3    13     8     0     2   -64.0   33.645   14.460   3141.2    693.9
     1     1    10     3    13     7     0     1   -65.0   33.491   13.930   3108.8    697.5
     1     1    10     3    13     6     0     0   -66.0   33.370   13.397   3137.2    693.5
     1     1    10     3    13     5     0     1   -67.0   33.260   12.856   3185.4    687.9
     1     1    10     3    13     4     0     2   -68.0   33.165   12.302   3231.7    682.6
     1     1    10     3    13     3     0     3   -69.0   33.095   11.732   3298.2    676.7
     1     1    10     3    13     2     0     2   -70.0   33.030   11.118   3391.1    662.5
     1     1    10     3    13     1     0     1   -71.0   32.953   10.438   3450.4    644.2
     1     1    10     3    13     0     0     0   -72.0   32.865    9.707   3464.4    641.8
     1     1    10     3    12    23     0     1   -73.0   32.773    8.964   3477.8    651.7
     1     1    10     3    12    22     0     2   -74.0   32.687    8.210   3440.1    652.9
     1     1    10     3    12    21     0     3   -75.0   32.604    7.458   3323.9    664.7
     1     1    10     3    12    20     0     2   -76.0   32.491    6.734   3193.1    678.5
     1     1    10     3    12    19     0     1   -77.0   32.342    6.055   3048.0    683.6
     1     1    10     3    12    18     0     0   -78.0   32.162    5.434   2907.8    700.0
     1     1    10     3    12    17     0     1   -79.0   31.971    4.860   2798.1    702.0
     1     1    10     3    12    16     0     2   -80.0   31.781    4.368   2664.4    706.6
     1     1    10     3    12    15     0     3   -81.0   31.598    3.952   2535.0    716.3
     1     1    10     3    12    14     0     2   -82.0   31.434    3.584   2412.5    721.4
     1     1    10     3    12    13     0     1   -83.0   31.294    3.259   2277.5    729.9
     1     1    10     3    12    12     0     0   -84.0   31.164    2.967   2132.8    740.2
     1     1    10     3    12    11     0     1   -85.0   31.055    2.698   1987.8    752.4
     1     1    10     3    12    10     0     2   -86.0   30.974    2.443   1848.0    763.2
     1     1    10     3    12     9     0     3   -87.0   30.917    2.201   1714.9    773.6
     1     1    10     3    12     8     0     2   -88.0   30.867    1.959   1610.7    783.4
     1     1    10     3    12     7     0     1   -89.0   30.815    1.709   1557.0    789.0
     1     1    10     3    12     6     0     0   -90.0   30.766    1.455   1550.1    789.8
     1     1    10     3    12     5     0     1   -91.0   30.723    1.187   1564.3    787.0
     1     1    10     3    12     4     0     2   -92.0   30.685    0.899   1581.2    786.4
     1     1    10     3    12     3     0     3   -93.0   30.655    0.595   1611.1    784.2
     1     1    10     3    12     2     0     2   -94.0   30.618    0.281   1642.0    780.0
     1     1    10     3    12     1     0     1   -95.0   30.558   -0.034   1653.4    779.1
     1     1    10     3    12     0     0     0   -96.0   30.483   -0.352   1639.8    778.5
