     7     1
    GDAS    10     3    22     0     0
    GDAS    10     4     8     0     0
    GDAS    10     4    15     0     0
    GDAS    10     4    22     0     0
    GDAS    10     4    29     0     0
    GDAS    10     4     1     0     0
    GDAS    10     3    29     0     0
     1 BACKWARD OMEGA   
    10     4    16    12   39.977  116.381  4800.0
     1 PRESSURE
     1     1    10     4    16    12     0     0     0.0   39.977  116.381   4560.1    552.6
     1     1    10     4    16    11     0     1    -1.0   40.501  115.629   4817.2    468.0
     1     1    10     4    16    10     0     2    -2.0   41.057  114.838   4603.8    470.0
     1     1    10     4    16     9     0     3    -3.0   41.594  114.026   4509.9    472.4
     1     1    10     4    16     8     0     2    -4.0   42.115  113.197   4453.1    478.8
     1     1    10     4    16     7     0     1    -5.0   42.619  112.402   4462.7    490.9
     1     1    10     4    16     6     0     0    -6.0   43.089  111.657   4490.8    499.5
     1     1    10     4    16     5     0     1    -7.0   43.541  110.925   4521.3    496.1
     1     1    10     4    16     4     0     2    -8.0   43.988  110.199   4550.7    501.5
     1     1    10     4    16     3     0     3    -9.0   44.426  109.501   4536.9    501.2
     1     1    10     4    16     2     0     2   -10.0   44.870  108.802   4506.2    494.5
     1     1    10     4    16     1     0     1   -11.0   45.323  108.076   4481.5    490.0
     1     1    10     4    16     0     0     0   -12.0   45.776  107.336   4420.5    483.3
     1     1    10     4    15    23     0     1   -13.0   46.219  106.601   4372.3    480.6
     1     1    10     4    15    22     0     2   -14.0   46.646  105.881   4384.4    480.6
     1     1    10     4    15    21     0     3   -15.0   47.039  105.172   4442.0    478.4
     1     1    10     4    15    20     0     2   -16.0   47.414  104.462   4490.4    472.5
     1     1    10     4    15    19     0     1   -17.0   47.782  103.754   4484.8    476.8
     1     1    10     4    15    18     0     0   -18.0   48.136  103.039   4354.3    474.4
     1     1    10     4    15    17     0     1   -19.0   48.472  102.336   4235.1    487.4
     1     1    10     4    15    16     0     2   -20.0   48.816  101.630   4219.3    487.5
     1     1    10     4    15    15     0     3   -21.0   49.184  100.888   4292.5    475.1
     1     1    10     4    15    14     0     2   -22.0   49.589  100.090   4335.6    453.5
     1     1    10     4    15    13     0     1   -23.0   50.008   99.243   4358.6    450.0
     1     1    10     4    15    12     0     0   -24.0   50.403   98.364   4340.0    441.7
     1     1    10     4    15    11     0     1   -25.0   50.763   97.485   4401.0    452.3
     1     1    10     4    15    10     0     2   -26.0   51.063   96.635   4497.5    469.5
     1     1    10     4    15     9     0     3   -27.0   51.320   95.799   4544.6    467.2
     1     1    10     4    15     8     0     2   -28.0   51.565   94.986   4606.5    466.2
     1     1    10     4    15     7     0     1   -29.0   51.808   94.196   4706.5    471.9
     1     1    10     4    15     6     0     0   -30.0   52.031   93.420   4766.6    473.6
     1     1    10     4    15     5     0     1   -31.0   52.250   92.638   4780.8    471.8
     1     1    10     4    15     4     0     2   -32.0   52.479   91.834   4835.8    471.2
     1     1    10     4    15     3     0     3   -33.0   52.700   91.031   4920.1    476.0
     1     1    10     4    15     2     0     2   -34.0   52.898   90.236   5001.2    480.2
     1     1    10     4    15     1     0     1   -35.0   53.086   89.410   5067.4    474.3
     1     1    10     4    15     0     0     0   -36.0   53.280   88.513   5123.6    474.2
     1     1    10     4    14    23     0     1   -37.0   53.438   87.621   5174.2    487.7
     1     1    10     4    14    22     0     2   -38.0   53.556   86.720   5222.6    492.0
     1     1    10     4    14    21     0     3   -39.0   53.658   85.762   5266.9    489.0
     1     1    10     4    14    20     0     2   -40.0   53.750   84.775   5308.0    491.3
     1     1    10     4    14    19     0     1   -41.0   53.827   83.807   5326.7    494.3
     1     1    10     4    14    18     0     0   -42.0   53.894   82.843   5308.2    495.7
     1     1    10     4    14    17     0     1   -43.0   53.962   81.884   5304.6    498.3
     1     1    10     4    14    16     0     2   -44.0   54.037   80.907   5350.0    495.2
     1     1    10     4    14    15     0     3   -45.0   54.107   79.883   5438.0    489.4
     1     1    10     4    14    14     0     2   -46.0   54.170   78.825   5516.4    487.1
     1     1    10     4    14    13     0     1   -47.0   54.230   77.764   5539.9    485.9
     1     1    10     4    14    12     0     0   -48.0   54.284   76.708   5556.9    485.3
     1     1    10     4    14    11     0     1   -49.0   54.319   75.631   5572.0    484.0
     1     1    10     4    14    10     0     2   -50.0   54.330   74.539   5580.8    483.6
     1     1    10     4    14     9     0     3   -51.0   54.340   73.432   5597.4    482.1
     1     1    10     4    14     8     0     2   -52.0   54.337   72.298   5627.0    480.5
     1     1    10     4    14     7     0     1   -53.0   54.304   71.147   5641.8    478.4
     1     1    10     4    14     6     0     0   -54.0   54.255   69.980   5652.6    475.5
     1     1    10     4    14     5     0     1   -55.0   54.176   68.817   5682.7    473.5
     1     1    10     4    14     4     0     2   -56.0   54.048   67.682   5704.3    471.7
     1     1    10     4    14     3     0     3   -57.0   53.904   66.546   5712.9    469.7
     1     1    10     4    14     2     0     2   -58.0   53.754   65.380   5713.0    469.5
     1     1    10     4    14     1     0     1   -59.0   53.586   64.244   5690.1    471.5
     1     1    10     4    14     0     0     0   -60.0   53.414   63.141   5639.9    473.9
     1     1    10     4    13    23     0     1   -61.0   53.239   62.026   5588.5    476.2
     1     1    10     4    13    22     0     2   -62.0   53.069   60.922   5536.3    474.4
     1     1    10     4    13    21     0     3   -63.0   52.923   59.895   5462.1    473.3
     1     1    10     4    13    20     0     2   -64.0   52.799   58.901   5365.0    478.2
     1     1    10     4    13    19     0     1   -65.0   52.691   57.857   5251.9    477.7
     1     1    10     4    13    18     0     0   -66.0   52.605   56.811   5228.5    488.4
     1     1    10     4    13    17     0     1   -67.0   52.527   55.798   5239.5    501.1
     1     1    10     4    13    16     0     2   -68.0   52.423   54.737   5202.4    503.8
     1     1    10     4    13    15     0     3   -69.0   52.285   53.607   5191.8    508.2
     1     1    10     4    13    14     0     2   -70.0   52.140   52.503   5201.4    509.8
     1     1    10     4    13    13     0     1   -71.0   52.006   51.521   5186.0    511.5
     1     1    10     4    13    12     0     0   -72.0   51.875   50.656   5164.4    514.6
     1     1    10     4    13    11     0     1   -73.0   51.756   49.897   5168.5    517.0
     1     1    10     4    13    10     0     2   -74.0   51.662   49.213   5177.6    517.1
     1     1    10     4    13     9     0     3   -75.0   51.592   48.571   5173.7    517.1
     1     1    10     4    13     8     0     2   -76.0   51.542   47.976   5170.7    518.4
     1     1    10     4    13     7     0     1   -77.0   51.504   47.435   5187.5    517.1
     1     1    10     4    13     6     0     0   -78.0   51.472   46.935   5224.8    514.3
     1     1    10     4    13     5     0     1   -79.0   51.447   46.473   5254.2    508.5
     1     1    10     4    13     4     0     2   -80.0   51.428   46.058   5254.1    506.5
     1     1    10     4    13     3     0     3   -81.0   51.410   45.697   5219.5    506.6
     1     1    10     4    13     2     0     2   -82.0   51.387   45.371   5180.8    509.5
     1     1    10     4    13     1     0     1   -83.0   51.353   45.059   5170.1    508.5
     1     1    10     4    13     0     0     0   -84.0   51.310   44.759   5197.4    507.5
     1     1    10     4    12    23     0     1   -85.0   51.260   44.476   5238.5    504.8
     1     1    10     4    12    22     0     2   -86.0   51.205   44.209   5274.6    504.1
     1     1    10     4    12    21     0     3   -87.0   51.145   43.950   5310.6    503.2
     1     1    10     4    12    20     0     2   -88.0   51.082   43.705   5335.0    501.3
     1     1    10     4    12    19     0     1   -89.0   51.018   43.490   5335.5    501.5
     1     1    10     4    12    18     0     0   -90.0   50.950   43.312   5309.8    503.6
     1     1    10     4    12    17     0     1   -91.0   50.891   43.178   5271.6    507.4
     1     1    10     4    12    16     0     2   -92.0   50.849   43.090   5236.0    510.1
     1     1    10     4    12    15     0     3   -93.0   50.828   43.047   5205.2    512.5
     1     1    10     4    12    14     0     2   -94.0   50.813   43.034   5180.9    514.4
     1     1    10     4    12    13     0     1   -95.0   50.792   43.036   5165.1    515.6
     1     1    10     4    12    12     0     0   -96.0   50.765   43.050   5156.8    516.3
