     7     1
    GDAS    10     3    22     0     0
    GDAS    10     4     8     0     0
    GDAS    10     4    15     0     0
    GDAS    10     4    22     0     0
    GDAS    10     4    29     0     0
    GDAS    10     4     1     0     0
    GDAS    10     3    29     0     0
     1 BACKWARD OMEGA   
    10     4     3     6   39.977  116.381  3000.0
     1 PRESSURE
     1     1    10     4     3     6     0     0     0.0   39.977  116.381   2762.6    698.8
     1     1    10     4     3     5     0     1    -1.0   39.772  115.666   2678.4    684.5
     1     1    10     4     3     4     0     2    -2.0   39.626  114.946   2648.3    657.1
     1     1    10     4     3     3     0     3    -3.0   39.512  114.204   2623.5    635.9
     1     1    10     4     3     2     0     2    -4.0   39.415  113.457   2563.3    629.0
     1     1    10     4     3     1     0     1    -5.0   39.334  112.725   2508.0    625.4
     1     1    10     4     3     0     0     0    -6.0   39.247  112.037   2474.9    619.1
     1     1    10     4     2    23     0     1    -7.0   39.152  111.379   2482.8    633.5
     1     1    10     4     2    22     0     2    -8.0   39.054  110.732   2476.2    644.8
     1     1    10     4     2    21     0     3    -9.0   38.945  110.119   2476.4    644.9
     1     1    10     4     2    20     0     2   -10.0   38.850  109.540   2477.7    638.0
     1     1    10     4     2    19     0     1   -11.0   38.786  108.975   2454.0    632.3
     1     1    10     4     2    18     0     0   -12.0   38.733  108.432   2403.1    634.8
     1     1    10     4     2    17     0     1   -13.0   38.677  107.919   2329.1    642.2
     1     1    10     4     2    16     0     2   -14.0   38.621  107.441   2255.1    652.0
     1     1    10     4     2    15     0     3   -15.0   38.564  107.011   2146.7    661.2
     1     1    10     4     2    14     0     2   -16.0   38.503  106.621   2019.4    673.0
     1     1    10     4     2    13     0     1   -17.0   38.461  106.240   1942.1    678.1
     1     1    10     4     2    12     0     0   -18.0   38.451  105.856   1919.3    679.2
     1     1    10     4     2    11     0     1   -19.0   38.459  105.486   1951.2    676.1
     1     1    10     4     2    10     0     2   -20.0   38.455  105.145   2031.5    668.8
     1     1    10     4     2     9     0     3   -21.0   38.424  104.813   2151.8    657.8
     1     1    10     4     2     8     0     2   -22.0   38.407  104.465   2273.5    644.6
     1     1    10     4     2     7     0     1   -23.0   38.440  104.109   2370.3    637.3
     1     1    10     4     2     6     0     0   -24.0   38.508  103.761   2454.3    631.8
     1     1    10     4     2     5     0     1   -25.0   38.612  103.407   2547.8    626.3
     1     1    10     4     2     4     0     2   -26.0   38.753  103.026   2654.2    617.9
     1     1    10     4     2     3     0     3   -27.0   38.909  102.607   2731.1    600.6
     1     1    10     4     2     2     0     2   -28.0   39.067  102.145   2772.6    589.4
     1     1    10     4     2     1     0     1   -29.0   39.226  101.668   2802.2    589.2
     1     1    10     4     2     0     0     0   -30.0   39.378  101.192   2865.0    588.6
     1     1    10     4     1    23     0     1   -31.0   39.529  100.700   2954.4    580.4
     1     1    10     4     1    22     0     2   -32.0   39.687  100.194   3026.7    573.2
     1     1    10     4     1    21     0     3   -33.0   39.854   99.693   3056.5    576.5
     1     1    10     4     1    20     0     2   -34.0   40.033   99.206   3078.7    597.3
     1     1    10     4     1    19     0     1   -35.0   40.221   98.718   3050.2    592.0
     1     1    10     4     1    18     0     0   -36.0   40.410   98.218   3025.2    581.2
     1     1    10     4     1    17     0     1   -37.0   40.585   97.701   3023.9    569.8
     1     1    10     4     1    16     0     2   -38.0   40.733   97.168   3056.9    554.2
     1     1    10     4     1    15     0     3   -39.0   40.863   96.636   3129.0    546.3
     1     1    10     4     1    14     0     2   -40.0   40.974   96.132   3175.1    544.9
     1     1    10     4     1    13     0     1   -41.0   41.070   95.658   3175.0    550.2
     1     1    10     4     1    12     0     0   -42.0   41.155   95.196   3169.4    558.4
     1     1    10     4     1    11     0     1   -43.0   41.226   94.734   3180.1    568.4
     1     1    10     4     1    10     0     2   -44.0   41.282   94.272   3204.3    578.1
     1     1    10     4     1     9     0     3   -45.0   41.335   93.813   3226.2    584.8
     1     1    10     4     1     8     0     2   -46.0   41.392   93.368   3239.6    587.7
     1     1    10     4     1     7     0     1   -47.0   41.456   92.943   3255.2    590.5
     1     1    10     4     1     6     0     0   -48.0   41.526   92.539   3275.6    593.5
     1     1    10     4     1     5     0     1   -49.0   41.603   92.151   3298.7    594.7
     1     1    10     4     1     4     0     2   -50.0   41.686   91.775   3318.7    592.6
     1     1    10     4     1     3     0     3   -51.0   41.776   91.408   3334.4    587.3
     1     1    10     4     1     2     0     2   -52.0   41.874   91.027   3343.0    578.9
     1     1    10     4     1     1     0     1   -53.0   41.977   90.621   3369.1    579.8
     1     1    10     4     1     0     0     0   -54.0   42.084   90.198   3410.2    585.4
     1     1    10     3    31    23     0     1   -55.0   42.199   89.792   3433.6    588.4
     1     1    10     3    31    22     0     2   -56.0   42.319   89.433   3446.8    595.2
     1     1    10     3    31    21     0     3   -57.0   42.453   89.122   3471.7    606.8
     1     1    10     3    31    20     0     2   -58.0   42.606   88.835   3512.6    608.5
     1     1    10     3    31    19     0     1   -59.0   42.784   88.544   3565.8    592.1
     1     1    10     3    31    18     0     0   -60.0   43.001   88.241   3612.1    567.0
     1     1    10     3    31    17     0     1   -61.0   43.255   87.931   3601.9    537.5
     1     1    10     3    31    16     0     2   -62.0   43.532   87.620   3597.9    533.2
     1     1    10     3    31    15     0     3   -63.0   43.829   87.294   3684.3    558.3
     1     1    10     3    31    14     0     2   -64.0   44.121   86.948   3797.8    588.0
     1     1    10     3    31    13     0     1   -65.0   44.388   86.590   3766.3    580.7
     1     1    10     3    31    12     0     0   -66.0   44.633   86.227   3691.2    588.5
     1     1    10     3    31    11     0     1   -67.0   44.847   85.852   3631.3    608.5
     1     1    10     3    31    10     0     2   -68.0   45.025   85.464   3624.9    623.6
     1     1    10     3    31     9     0     3   -69.0   45.180   85.070   3618.6    622.3
     1     1    10     3    31     8     0     2   -70.0   45.339   84.686   3596.0    610.7
     1     1    10     3    31     7     0     1   -71.0   45.516   84.317   3541.6    596.6
     1     1    10     3    31     6     0     0   -72.0   45.715   83.943   3479.4    578.2
     1     1    10     3    31     5     0     1   -73.0   45.934   83.563   3473.0    570.7
     1     1    10     3    31     4     0     2   -74.0   46.165   83.188   3504.4    567.9
     1     1    10     3    31     3     0     3   -75.0   46.406   82.815   3533.7    569.7
     1     1    10     3    31     2     0     2   -76.0   46.654   82.444   3549.1    573.8
     1     1    10     3    31     1     0     1   -77.0   46.908   82.086   3543.3    577.7
     1     1    10     3    31     0     0     0   -78.0   47.160   81.738   3542.2    588.1
     1     1    10     3    30    23     0     1   -79.0   47.407   81.418   3562.3    593.9
     1     1    10     3    30    22     0     2   -80.0   47.659   81.132   3601.2    591.2
     1     1    10     3    30    21     0     3   -81.0   47.920   80.871   3654.6    583.8
     1     1    10     3    30    20     0     2   -82.0   48.202   80.633   3725.3    581.0
     1     1    10     3    30    19     0     1   -83.0   48.517   80.423   3788.7    582.8
     1     1    10     3    30    18     0     0   -84.0   48.871   80.241   3843.0    585.0
     1     1    10     3    30    17     0     1   -85.0   49.272   80.068   3904.4    589.0
     1     1    10     3    30    16     0     2   -86.0   49.728   79.879   3975.3    593.0
     1     1    10     3    30    15     0     3   -87.0   50.248   79.664   4046.8    594.0
     1     1    10     3    30    14     0     2   -88.0   50.816   79.384   4124.1    592.0
     1     1    10     3    30    13     0     1   -89.0   51.401   79.013   4207.6    589.0
     1     1    10     3    30    12     0     0   -90.0   51.990   78.546   4285.2    584.3
     1     1    10     3    30    11     0     1   -91.0   52.589   78.009   4349.5    579.4
     1     1    10     3    30    10     0     2   -92.0   53.187   77.417   4396.4    577.5
     1     1    10     3    30     9     0     3   -93.0   53.767   76.732   4442.0    574.3
     1     1    10     3    30     8     0     2   -94.0   54.344   75.979   4462.0    570.0
     1     1    10     3    30     7     0     1   -95.0   54.912   75.202   4435.8    574.3
     1     1    10     3    30     6     0     0   -96.0   55.438   74.393   4397.4    577.1
