     7     1
    GDAS    10     3    22     0     0
    GDAS    10     4     8     0     0
    GDAS    10     4    15     0     0
    GDAS    10     4    22     0     0
    GDAS    10     4    29     0     0
    GDAS    10     4     1     0     0
    GDAS    10     3    29     0     0
     1 BACKWARD OMEGA   
    10     4     1     6   39.977  116.381  9200.0
     1 PRESSURE
     1     1    10     4     1     6     0     0     0.0   39.977  116.381   8953.7    287.2
     1     1    10     4     1     5     0     1    -1.0   39.641  113.981   8670.4    260.4
     1     1    10     4     1     4     0     2    -2.0   39.450  111.643   8741.5    251.7
     1     1    10     4     1     3     0     3    -3.0   39.370  109.390   8860.3    249.4
     1     1    10     4     1     2     0     2    -4.0   39.423  107.259   8959.7    248.1
     1     1    10     4     1     1     0     1    -5.0   39.589  105.230   9052.5    241.9
     1     1    10     4     1     0     0     0    -6.0   39.839  103.324   9061.9    238.9
     1     1    10     3    31    23     0     1    -7.0   40.171  101.520   9217.1    240.6
     1     1    10     3    31    22     0     2    -8.0   40.597   99.810   9326.6    235.6
     1     1    10     3    31    21     0     3    -9.0   41.104   98.178   9262.6    230.0
     1     1    10     3    31    20     0     2   -10.0   41.635   96.631   9157.4    220.7
     1     1    10     3    31    19     0     1   -11.0   42.152   95.198   9401.1    223.2
     1     1    10     3    31    18     0     0   -12.0   42.702   93.922   9443.2    217.1
     1     1    10     3    31    17     0     1   -13.0   43.303   92.801   9762.8    231.3
     1     1    10     3    31    16     0     2   -14.0   43.918   91.814   9521.0    217.9
     1     1    10     3    31    15     0     3   -15.0   44.562   90.936   9670.4    222.9
