     7     1
    GDAS    10     3    22     0     0
    GDAS    10     4     8     0     0
    GDAS    10     4    15     0     0
    GDAS    10     4    22     0     0
    GDAS    10     4    29     0     0
    GDAS    10     4     1     0     0
    GDAS    10     3    29     0     0
     1 BACKWARD OMEGA   
    10     4     5     0   39.977  116.381  6200.0
     1 PRESSURE
     1     1    10     4     5     0     0     0     0.0   39.977  116.381   5957.7    453.3
     1     1    10     4     4    23     0     1    -1.0   40.269  115.028   5728.3    403.9
     1     1    10     4     4    22     0     2    -2.0   40.602  113.534   5653.7    400.8
     1     1    10     4     4    21     0     3    -3.0   40.939  112.054   5551.4    396.1
     1     1    10     4     4    20     0     2    -4.0   41.285  110.590   5534.7    398.3
     1     1    10     4     4    19     0     1    -5.0   41.648  109.123   5532.3    411.1
     1     1    10     4     4    18     0     0    -6.0   42.020  107.718   5568.6    410.7
     1     1    10     4     4    17     0     1    -7.0   42.404  106.363   5796.9    410.7
     1     1    10     4     4    16     0     2    -8.0   42.870  104.965   5792.9    381.8
     1     1    10     4     4    15     0     3    -9.0   43.373  103.533   5913.5    382.8
     1     1    10     4     4    14     0     2   -10.0   43.891  102.074   6105.9    382.7
     1     1    10     4     4    13     0     1   -11.0   44.441  100.660   6213.5    368.3
     1     1    10     4     4    12     0     0   -12.0   44.984   99.183   6045.0    344.2
     1     1    10     4     4    11     0     1   -13.0   45.545   97.669   6084.0    345.4
     1     1    10     4     4    10     0     2   -14.0   46.121   96.146   6232.3    336.2
     1     1    10     4     4     9     0     3   -15.0   46.701   94.679   6450.0    340.1
     1     1    10     4     4     8     0     2   -16.0   47.244   93.289   6568.7    332.2
     1     1    10     4     4     7     0     1   -17.0   47.767   91.973   6590.4    332.6
     1     1    10     4     4     6     0     0   -18.0   48.285   90.720   6501.2    307.1
     1     1    10     4     4     5     0     1   -19.0   48.788   89.481   6507.8    304.9
     1     1    10     4     4     4     0     2   -20.0   49.245   88.303   6430.8    298.8
     1     1    10     4     4     3     0     3   -21.0   49.699   87.188   6524.1    307.1
     1     1    10     4     4     2     0     2   -22.0   50.175   86.207   6710.9    318.3
     1     1    10     4     4     1     0     1   -23.0   50.652   85.304   6943.1    325.9
     1     1    10     4     4     0     0     0   -24.0   51.137   84.460   7183.2    327.0
     1     1    10     4     3    23     0     1   -25.0   51.629   83.673   7522.6    340.8
     1     1    10     4     3    22     0     2   -26.0   52.158   82.904   7759.3    348.5
     1     1    10     4     3    21     0     3   -27.0   52.747   82.141   7821.3    345.3
     1     1    10     4     3    20     0     2   -28.0   53.385   81.363   7871.6    343.4
     1     1    10     4     3    19     0     1   -29.0   54.033   80.529   7865.0    344.2
     1     1    10     4     3    18     0     0   -30.0   54.706   79.652   7849.6    347.0
     1     1    10     4     3    17     0     1   -31.0   55.384   78.757   7815.9    350.5
     1     1    10     4     3    16     0     2   -32.0   56.040   77.858   7813.6    350.1
     1     1    10     4     3    15     0     3   -33.0   56.702   77.003   7851.3    348.2
     1     1    10     4     3    14     0     2   -34.0   57.406   76.178   7923.4    343.3
     1     1    10     4     3    13     0     1   -35.0   58.159   75.271   7959.0    341.6
     1     1    10     4     3    12     0     0   -36.0   58.966   74.335   7950.8    342.7
     1     1    10     4     3    11     0     1   -37.0   59.791   73.363   7909.5    345.0
     1     1    10     4     3    10     0     2   -38.0   60.610   72.216   7857.6    348.5
     1     1    10     4     3     9     0     3   -39.0   61.435   70.897   7812.4    350.3
     1     1    10     4     3     8     0     2   -40.0   62.286   69.476   7760.7    352.0
     1     1    10     4     3     7     0     1   -41.0   63.156   67.913   7692.1    353.7
     1     1    10     4     3     6     0     0   -42.0   64.028   66.216   7665.2    359.1
     1     1    10     4     3     5     0     1   -43.0   64.923   64.478   7650.2    358.5
     1     1    10     4     3     4     0     2   -44.0   65.877   62.635   7563.6    350.6
     1     1    10     4     3     3     0     3   -45.0   66.855   60.630   7586.3    358.0
     1     1    10     4     3     2     0     2   -46.0   67.798   58.555   7519.8    362.5
     1     1    10     4     3     1     0     1   -47.0   68.696   56.418   7514.8    367.2
     1     1    10     4     3     0     0     0   -48.0   69.568   54.218   7551.3    367.1
     1     1    10     4     2    23     0     1   -49.0   70.410   52.015   7581.0    365.4
     1     1    10     4     2    22     0     2   -50.0   71.205   49.809   7586.2    365.3
     1     1    10     4     2    21     0     3   -51.0   71.946   47.595   7567.0    366.6
     1     1    10     4     2    20     0     2   -52.0   72.635   45.338   7540.2    368.2
     1     1    10     4     2    19     0     1   -53.0   73.267   42.989   7516.3    369.7
     1     1    10     4     2    18     0     0   -54.0   73.838   40.536   7538.4    368.6
     1     1    10     4     2    17     0     1   -55.0   74.347   37.993   7579.3    366.4
     1     1    10     4     2    16     0     2   -56.0   74.784   35.284   7652.5    362.5
     1     1    10     4     2    15     0     3   -57.0   75.150   32.438   7763.1    356.5
     1     1    10     4     2    14     0     2   -58.0   75.441   29.499   7862.1    351.1
     1     1    10     4     2    13     0     1   -59.0   75.654   26.487   7912.5    348.4
     1     1    10     4     2    12     0     0   -60.0   75.793   23.467   7923.9    347.7
     1     1    10     4     2    11     0     1   -61.0   75.848   20.501   7907.3    348.5
     1     1    10     4     2    10     0     2   -62.0   75.800   17.637   7884.3    349.6
     1     1    10     4     2     9     0     3   -63.0   75.655   14.911   7867.5    350.4
     1     1    10     4     2     8     0     2   -64.0   75.418   12.384   7851.1    350.8
     1     1    10     4     2     7     0     1   -65.0   75.094   10.174   7827.8    352.0
     1     1    10     4     2     6     0     0   -66.0   74.694    8.327   7801.9    353.2
     1     1    10     4     2     5     0     1   -67.0   74.233    6.765   7796.8    353.4
     1     1    10     4     2     4     0     2   -68.0   73.717    5.535   7791.4    353.5
     1     1    10     4     2     3     0     3   -69.0   73.163    4.596   7758.2    355.1
     1     1    10     4     2     2     0     2   -70.0   72.588    3.985   7704.0    357.9
     1     1    10     4     2     1     0     1   -71.0   71.977    3.725   7620.5    361.5
     1     1    10     4     2     0     0     0   -72.0   71.348    3.741   7525.6    368.4
     1     1    10     4     1    23     0     1   -73.0   70.715    3.945   7447.5    372.3
     1     1    10     4     1    22     0     2   -74.0   70.089    4.266   7385.6    375.8
     1     1    10     4     1    21     0     3   -75.0   69.463    4.596   7339.7    377.9
     1     1    10     4     1    20     0     2   -76.0   68.820    4.937   7284.5    379.9
     1     1    10     4     1    19     0     1   -77.0   68.153    5.377   7162.7    384.4
     1     1    10     4     1    18     0     0   -78.0   67.464    5.914   6961.3    397.4
     1     1    10     4     1    17     0     1   -79.0   66.770    6.529   6766.2    412.1
     1     1    10     4     1    16     0     2   -80.0   66.080    7.238   6616.6    420.1
     1     1    10     4     1    15     0     3   -81.0   65.381    8.035   6489.7    426.2
     1     1    10     4     1    14     0     2   -82.0   64.687    8.865   6368.3    434.4
     1     1    10     4     1    13     0     1   -83.0   64.024    9.715   6259.2    436.0
     1     1    10     4     1    12     0     0   -84.0   63.351   10.592   6160.6    420.1
     1     1    10     4     1    11     0     1   -85.0   62.671   11.445   5997.3    410.5
     1     1    10     4     1    10     0     2   -86.0   61.998   12.207   5907.2    417.8
     1     1    10     4     1     9     0     3   -87.0   61.333   12.898   5935.4    428.5
     1     1    10     4     1     8     0     2   -88.0   60.690   13.589   5897.7    439.3
     1     1    10     4     1     7     0     1   -89.0   60.075   14.251   5784.3    454.8
     1     1    10     4     1     6     0     0   -90.0   59.480   14.838   5710.3    470.3
     1     1    10     4     1     5     0     1   -91.0   58.903   15.397   5672.9    475.9
     1     1    10     4     1     4     0     2   -92.0   58.337   15.945   5633.3    478.7
     1     1    10     4     1     3     0     3   -93.0   57.751   16.426   5611.1    481.1
     1     1    10     4     1     2     0     2   -94.0   57.157   16.864   5542.6    487.5
     1     1    10     4     1     1     0     1   -95.0   56.586   17.285   5438.5    499.0
     1     1    10     4     1     0     0     0   -96.0   56.022   17.670   5345.8    505.3
