     7     1
    GDAS    10     3    22     0     0
    GDAS    10     4     8     0     0
    GDAS    10     4    15     0     0
    GDAS    10     4    22     0     0
    GDAS    10     4    29     0     0
    GDAS    10     4     1     0     0
    GDAS    10     3    29     0     0
     1 BACKWARD OMEGA   
    10     4    10     6   39.977  116.381  1000.0
     1 PRESSURE
     1     1    10     4    10     6     0     0     0.0   39.977  116.381    765.9    900.0
     1     1    10     4    10     5     0     1    -1.0   39.931  116.334    791.0    897.7
     1     1    10     4    10     4     0     2    -2.0   39.937  116.299    821.4    893.4
     1     1    10     4    10     3     0     3    -3.0   39.992  116.270    854.7    887.6
     1     1    10     4    10     2     0     2    -4.0   40.093  116.224    901.4    874.1
     1     1    10     4    10     1     0     1    -5.0   40.247  116.140    980.0    850.0
     1     1    10     4    10     0     0     0    -6.0   40.470  115.992   1121.8    812.4
     1     1    10     4     9    23     0     1    -7.0   40.773  115.758   1317.7    756.0
     1     1    10     4     9    22     0     2    -8.0   41.120  115.434   1527.6    713.3
     1     1    10     4     9    21     0     3    -9.0   41.472  115.041   1746.0    685.9
     1     1    10     4     9    20     0     2   -10.0   41.812  114.564   1989.9    662.0
     1     1    10     4     9    19     0     1   -11.0   42.149  113.993   2299.2    639.1
     1     1    10     4     9    18     0     0   -12.0   42.540  113.361   2671.3    618.2
     1     1    10     4     9    17     0     1   -13.0   42.958  112.673   2989.7    600.2
     1     1    10     4     9    16     0     2   -14.0   43.362  111.900   3247.6    585.1
     1     1    10     4     9    15     0     3   -15.0   43.856  110.999   3494.4    562.8
     1     1    10     4     9    14     0     2   -16.0   44.401  109.993   3659.2    558.1
     1     1    10     4     9    13     0     1   -17.0   44.859  108.900   3742.2    542.8
     1     1    10     4     9    12     0     0   -18.0   45.344  107.659   3941.3    517.9
     1     1    10     4     9    11     0     1   -19.0   45.793  106.285   4030.9    498.3
     1     1    10     4     9    10     0     2   -20.0   46.153  104.907   4229.4    477.0
     1     1    10     4     9     9     0     3   -21.0   46.514  103.520   4405.8    453.2
     1     1    10     4     9     8     0     2   -22.0   46.866  102.054   4464.0    424.5
     1     1    10     4     9     7     0     1   -23.0   47.222  100.524   4472.9    395.1
     1     1    10     4     9     6     0     0   -24.0   47.569   99.009   4384.6    401.0
     1     1    10     4     9     5     0     1   -25.0   47.929   97.498   4378.1    402.5
     1     1    10     4     9     4     0     2   -26.0   48.310   95.990   4506.7    424.2
     1     1    10     4     9     3     0     3   -27.0   48.697   94.543   4617.0    441.6
     1     1    10     4     9     2     0     2   -28.0   49.093   93.116   4750.0    466.0
     1     1    10     4     9     1     0     1   -29.0   49.497   91.604   4697.3    429.1
     1     1    10     4     9     0     0     0   -30.0   49.966   90.008   4479.7    404.6
     1     1    10     4     8    23     0     1   -31.0   50.470   88.424   4497.1    412.0
     1     1    10     4     8    22     0     2   -32.0   50.970   86.912   4704.7    425.5
     1     1    10     4     8    21     0     3   -33.0   51.488   85.558   4910.0    465.6
     1     1    10     4     8    20     0     2   -34.0   52.018   84.383   5033.9    498.5
     1     1    10     4     8    19     0     1   -35.0   52.571   83.332   5049.2    506.4
     1     1    10     4     8    18     0     0   -36.0   53.161   82.350   5005.7    510.7
     1     1    10     4     8    17     0     1   -37.0   53.774   81.453   4970.7    515.8
     1     1    10     4     8    16     0     2   -38.0   54.406   80.610   4964.8    517.3
     1     1    10     4     8    15     0     3   -39.0   55.047   79.825   4975.6    518.3
     1     1    10     4     8    14     0     2   -40.0   55.686   79.114   4981.2    519.7
     1     1    10     4     8    13     0     1   -41.0   56.320   78.489   4976.2    520.2
     1     1    10     4     8    12     0     0   -42.0   56.947   77.928   4974.5    520.8
     1     1    10     4     8    11     0     1   -43.0   57.561   77.467   4979.1    521.1
     1     1    10     4     8    10     0     2   -44.0   58.156   77.152   5001.8    520.1
     1     1    10     4     8     9     0     3   -45.0   58.731   76.983   5050.9    518.1
     1     1    10     4     8     8     0     2   -46.0   59.292   76.947   5111.2    513.1
     1     1    10     4     8     7     0     1   -47.0   59.845   77.038   5169.9    508.6
     1     1    10     4     8     6     0     0   -48.0   60.388   77.262   5233.1    505.1
     1     1    10     4     8     5     0     1   -49.0   60.930   77.596   5305.0    500.7
     1     1    10     4     8     4     0     2   -50.0   61.470   78.006   5378.7    493.3
     1     1    10     4     8     3     0     3   -51.0   61.994   78.512   5436.1    486.4
     1     1    10     4     8     2     0     2   -52.0   62.486   79.137   5474.7    483.9
     1     1    10     4     8     1     0     1   -53.0   62.944   79.888   5505.2    478.8
     1     1    10     4     8     0     0     0   -54.0   63.375   80.806   5575.2    474.1
     1     1    10     4     7    23     0     1   -55.0   63.781   81.950   5692.5    469.4
     1     1    10     4     7    22     0     2   -56.0   64.165   83.346   5846.6    457.6
     1     1    10     4     7    21     0     3   -57.0   64.535   84.963   5972.7    447.0
     1     1    10     4     7    20     0     2   -58.0   64.866   86.724   6058.2    445.7
     1     1    10     4     7    19     0     1   -59.0   65.165   88.645   6193.8    422.1
     1     1    10     4     7    18     0     0   -60.0   65.453   90.643   6256.2    408.8
     1     1    10     4     7    17     0     1   -61.0   65.693   92.656   6316.8    403.7
     1     1    10     4     7    16     0     2   -62.0   65.916   94.679   6334.8    391.7
     1     1    10     4     7    15     0     3   -63.0   66.152   96.608   6336.8    389.5
     1     1    10     4     7    14     0     2   -64.0   66.383   98.436   6358.9    387.2
     1     1    10     4     7    13     0     1   -65.0   66.582  100.189   6400.0    390.8
     1     1    10     4     7    12     0     0   -66.0   66.760  101.865   6454.8    389.6
     1     1    10     4     7    11     0     1   -67.0   66.940  103.506   6521.2    386.3
     1     1    10     4     7    10     0     2   -68.0   67.122  105.152   6533.6    386.0
     1     1    10     4     7     9     0     3   -69.0   67.304  106.746   6538.7    391.4
     1     1    10     4     7     8     0     2   -70.0   67.487  108.280   6533.2    393.0
     1     1    10     4     7     7     0     1   -71.0   67.666  109.785   6531.1    394.1
     1     1    10     4     7     6     0     0   -72.0   67.852  111.256   6532.0    394.8
     1     1    10     4     7     5     0     1   -73.0   68.050  112.685   6545.1    397.1
     1     1    10     4     7     4     0     2   -74.0   68.263  114.060   6547.1    397.9
     1     1    10     4     7     3     0     3   -75.0   68.498  115.375   6545.3    401.5
     1     1    10     4     7     2     0     2   -76.0   68.750  116.635   6532.5    403.5
     1     1    10     4     7     1     0     1   -77.0   69.024  117.856   6527.5    404.2
     1     1    10     4     7     0     0     0   -78.0   69.330  119.028   6509.4    402.8
     1     1    10     4     6    23     0     1   -79.0   69.637  120.112   6493.9    401.8
     1     1    10     4     6    22     0     2   -80.0   69.925  121.121   6489.2    401.5
     1     1    10     4     6    21     0     3   -81.0   70.205  122.057   6505.5    403.2
     1     1    10     4     6    20     0     2   -82.0   70.480  122.919   6511.4    403.2
     1     1    10     4     6    19     0     1   -83.0   70.748  123.733   6493.6    400.5
     1     1    10     4     6    18     0     0   -84.0   71.020  124.492   6477.2    399.0
     1     1    10     4     6    17     0     1   -85.0   71.283  125.217   6492.8    403.2
     1     1    10     4     6    16     0     2   -86.0   71.530  125.906   6508.8    406.2
     1     1    10     4     6    15     0     3   -87.0   71.768  126.537   6523.0    407.5
     1     1    10     4     6    14     0     2   -88.0   72.005  127.119   6538.3    409.9
     1     1    10     4     6    13     0     1   -89.0   72.240  127.672   6544.1    412.5
     1     1    10     4     6    12     0     0   -90.0   72.472  128.187   6545.6    414.8
     1     1    10     4     6    11     0     1   -91.0   72.689  128.635   6543.6    416.6
     1     1    10     4     6    10     0     2   -92.0   72.880  129.004   6537.9    417.8
     1     1    10     4     6     9     0     3   -93.0   73.048  129.298   6529.3    418.6
     1     1    10     4     6     8     0     2   -94.0   73.193  129.565   6519.4    419.3
     1     1    10     4     6     7     0     1   -95.0   73.318  129.843   6508.8    420.1
     1     1    10     4     6     6     0     0   -96.0   73.423  130.125   6497.1    420.9
