     7     1
    GDAS    10     3    22     0     0
    GDAS    10     4     8     0     0
    GDAS    10     4    15     0     0
    GDAS    10     4    22     0     0
    GDAS    10     4    29     0     0
    GDAS    10     4     1     0     0
    GDAS    10     3    29     0     0
     1 BACKWARD OMEGA   
    10     4    12     0   39.977  116.381  7200.0
     1 PRESSURE
     1     1    10     4    12     0     0     0     0.0   39.977  116.381   6958.0    393.7
     1     1    10     4    11    23     0     1    -1.0   39.368  114.469   6459.0    385.7
     1     1    10     4    11    22     0     2    -2.0   38.942  112.545   6094.9    377.6
     1     1    10     4    11    21     0     3    -3.0   38.580  110.744   5814.1    408.8
     1     1    10     4    11    20     0     2    -4.0   38.318  109.095   5497.9    423.8
     1     1    10     4    11    19     0     1    -5.0   38.172  107.558   5186.8    438.3
     1     1    10     4    11    18     0     0    -6.0   38.093  106.201   4992.6    455.2
     1     1    10     4    11    17     0     1    -7.0   38.097  104.902   4782.7    459.7
     1     1    10     4    11    16     0     2    -8.0   38.198  103.551   4590.5    472.4
     1     1    10     4    11    15     0     3    -9.0   38.361  102.143   4338.1    444.5
     1     1    10     4    11    14     0     2   -10.0   38.607  100.550   4216.7    427.9
     1     1    10     4    11    13     0     1   -11.0   38.938   98.915   4135.6    372.8
     1     1    10     4    11    12     0     0   -12.0   39.311   97.081   4123.2    384.6
     1     1    10     4    11    11     0     1   -13.0   39.646   95.349   4018.4    452.9
     1     1    10     4    11    10     0     2   -14.0   39.917   93.939   4145.2    514.5
     1     1    10     4    11     9     0     3   -15.0   40.152   92.732   4110.9    528.9
     1     1    10     4    11     8     0     2   -16.0   40.384   91.577   3973.0    547.1
     1     1    10     4    11     7     0     1   -17.0   40.589   90.485   3807.9    562.3
     1     1    10     4    11     6     0     0   -18.0   40.825   89.418   3697.4    557.7
     1     1    10     4    11     5     0     1   -19.0   41.129   88.356   3713.7    550.7
     1     1    10     4    11     4     0     2   -20.0   41.453   87.281   3752.0    557.8
     1     1    10     4    11     3     0     3   -21.0   41.802   86.191   3846.7    542.1
     1     1    10     4    11     2     0     2   -22.0   42.162   84.989   3933.8    489.2
     1     1    10     4    11     1     0     1   -23.0   42.535   83.662   3952.6    467.8
     1     1    10     4    11     0     0     0   -24.0   42.951   82.339   3768.5    457.8
     1     1    10     4    10    23     0     1   -25.0   43.252   81.145   3715.1    508.4
     1     1    10     4    10    22     0     2   -26.0   43.453   80.118   3652.3    541.5
     1     1    10     4    10    21     0     3   -27.0   43.624   79.265   3525.0    562.5
     1     1    10     4    10    20     0     2   -28.0   43.752   78.569   3369.9    579.1
     1     1    10     4    10    19     0     1   -29.0   43.833   77.996   3230.5    599.3
     1     1    10     4    10    18     0     0   -30.0   43.893   77.552   3087.3    625.1
     1     1    10     4    10    17     0     1   -31.0   43.949   77.253   2935.5    653.5
     1     1    10     4    10    16     0     2   -32.0   44.002   77.066   2797.2    678.9
     1     1    10     4    10    15     0     3   -33.0   44.060   76.942   2678.3    691.6
     1     1    10     4    10    14     0     2   -34.0   44.126   76.844   2584.4    698.2
     1     1    10     4    10    13     0     1   -35.0   44.196   76.774   2499.8    705.1
     1     1    10     4    10    12     0     0   -36.0   44.267   76.739   2409.6    713.3
     1     1    10     4    10    11     0     1   -37.0   44.341   76.726   2312.8    723.9
     1     1    10     4    10    10     0     2   -38.0   44.424   76.723   2223.8    734.1
     1     1    10     4    10     9     0     3   -39.0   44.521   76.727   2151.2    742.9
     1     1    10     4    10     8     0     2   -40.0   44.640   76.738   2098.3    749.6
     1     1    10     4    10     7     0     1   -41.0   44.784   76.752   2063.2    754.9
     1     1    10     4    10     6     0     0   -42.0   44.957   76.761   2043.4    759.2
     1     1    10     4    10     5     0     1   -43.0   45.149   76.759   2028.6    760.4
     1     1    10     4    10     4     0     2   -44.0   45.345   76.747   2016.2    762.0
     1     1    10     4    10     3     0     3   -45.0   45.546   76.723   2015.1    762.4
     1     1    10     4    10     2     0     2   -46.0   45.763   76.697   2048.7    761.2
     1     1    10     4    10     1     0     1   -47.0   46.016   76.668   2136.9    752.6
     1     1    10     4    10     0     0     0   -48.0   46.311   76.602   2248.4    736.6
     1     1    10     4     9    23     0     1   -49.0   46.649   76.488   2348.8    723.8
     1     1    10     4     9    22     0     2   -50.0   47.025   76.349   2438.5    714.2
     1     1    10     4     9    21     0     3   -51.0   47.426   76.194   2548.7    699.2
     1     1    10     4     9    20     0     2   -52.0   47.839   76.002   2703.2    677.3
     1     1    10     4     9    19     0     1   -53.0   48.270   75.771   2864.5    648.3
     1     1    10     4     9    18     0     0   -54.0   48.733   75.512   3023.2    622.2
     1     1    10     4     9    17     0     1   -55.0   49.227   75.247   3214.5    607.5
     1     1    10     4     9    16     0     2   -56.0   49.740   74.997   3420.2    600.2
     1     1    10     4     9    15     0     3   -57.0   50.252   74.759   3582.2    599.8
     1     1    10     4     9    14     0     2   -58.0   50.756   74.532   3705.2    600.6
     1     1    10     4     9    13     0     1   -59.0   51.256   74.320   3815.2    600.2
     1     1    10     4     9    12     0     0   -60.0   51.749   74.120   3924.5    599.2
     1     1    10     4     9    11     0     1   -61.0   52.218   73.921   4018.5    596.7
     1     1    10     4     9    10     0     2   -62.0   52.645   73.732   4092.4    594.9
     1     1    10     4     9     9     0     3   -63.0   53.031   73.575   4153.8    593.2
     1     1    10     4     9     8     0     2   -64.0   53.400   73.443   4199.9    588.7
     1     1    10     4     9     7     0     1   -65.0   53.775   73.331   4244.9    584.6
     1     1    10     4     9     6     0     0   -66.0   54.154   73.248   4292.6    580.6
     1     1    10     4     9     5     0     1   -67.0   54.546   73.181   4343.2    577.2
     1     1    10     4     9     4     0     2   -68.0   54.961   73.121   4394.3    573.8
     1     1    10     4     9     3     0     3   -69.0   55.394   73.076   4439.7    570.0
     1     1    10     4     9     2     0     2   -70.0   55.835   73.041   4479.2    566.9
     1     1    10     4     9     1     0     1   -71.0   56.277   73.013   4519.0    564.0
     1     1    10     4     9     0     0     0   -72.0   56.719   72.998   4563.0    560.4
     1     1    10     4     8    23     0     1   -73.0   57.164   72.993   4607.6    556.5
     1     1    10     4     8    22     0     2   -74.0   57.614   73.006   4653.3    553.1
     1     1    10     4     8    21     0     3   -75.0   58.064   73.046   4704.2    549.0
     1     1    10     4     8    20     0     2   -76.0   58.513   73.117   4758.7    544.6
     1     1    10     4     8    19     0     1   -77.0   58.958   73.220   4815.4    540.4
     1     1    10     4     8    18     0     0   -78.0   59.398   73.355   4873.0    535.9
     1     1    10     4     8    17     0     1   -79.0   59.835   73.495   4929.8    531.3
     1     1    10     4     8    16     0     2   -80.0   60.270   73.624   4984.2    527.4
     1     1    10     4     8    15     0     3   -81.0   60.699   73.745   5030.1    524.6
     1     1    10     4     8    14     0     2   -82.0   61.114   73.876   5068.1    522.8
     1     1    10     4     8    13     0     1   -83.0   61.503   74.035   5104.7    520.1
     1     1    10     4     8    12     0     0   -84.0   61.869   74.220   5147.0    517.1
     1     1    10     4     8    11     0     1   -85.0   62.204   74.437   5188.8    512.4
     1     1    10     4     8    10     0     2   -86.0   62.500   74.694   5226.7    508.1
     1     1    10     4     8     9     0     3   -87.0   62.763   74.999   5263.5    504.1
     1     1    10     4     8     8     0     2   -88.0   63.016   75.361   5305.0    500.1
     1     1    10     4     8     7     0     1   -89.0   63.277   75.789   5361.8    496.8
     1     1    10     4     8     6     0     0   -90.0   63.543   76.294   5429.4    492.9
     1     1    10     4     8     5     0     1   -91.0   63.815   76.880   5502.7    488.1
     1     1    10     4     8     4     0     2   -92.0   64.087   77.567   5574.8    483.4
     1     1    10     4     8     3     0     3   -93.0   64.359   78.382   5642.8    478.5
     1     1    10     4     8     2     0     2   -94.0   64.641   79.311   5710.4    473.1
     1     1    10     4     8     1     0     1   -95.0   64.933   80.346   5799.5    467.4
     1     1    10     4     8     0     0     0   -96.0   65.232   81.515   5906.7    461.0
