     7     1
    GDAS    10     3    22     0     0
    GDAS    10     4     8     0     0
    GDAS    10     4    15     0     0
    GDAS    10     4    22     0     0
    GDAS    10     4    29     0     0
    GDAS    10     4     1     0     0
    GDAS    10     3    29     0     0
     1 BACKWARD OMEGA   
    10     4    27    18   39.977  116.381  9200.0
     1 PRESSURE
     1     1    10     4    27    18     0     0     0.0   39.977  116.381   8961.9    280.6
     1     1    10     4    27    17     0     1    -1.0   40.291  115.829   8841.6    266.8
     1     1    10     4    27    16     0     2    -2.0   40.684  115.288   8707.9    251.6
     1     1    10     4    27    15     0     3    -3.0   41.145  114.777   8646.8    247.7
     1     1    10     4    27    14     0     2    -4.0   41.664  114.351   8645.4    248.4
     1     1    10     4    27    13     0     1    -5.0   42.216  114.015   8732.3    246.3
     1     1    10     4    27    12     0     0    -6.0   42.788  113.728   8911.8    247.8
     1     1    10     4    27    11     0     1    -7.0   43.381  113.482   9003.6    246.7
     1     1    10     4    27    10     0     2    -8.0   43.988  113.277   9023.1    246.3
     1     1    10     4    27     9     0     3    -9.0   44.602  113.111   8996.1    245.0
     1     1    10     4    27     8     0     2   -10.0   45.203  113.011   8999.0    243.3
     1     1    10     4    27     7     0     1   -11.0   45.771  112.993   9035.5    242.9
     1     1    10     4    27     6     0     0   -12.0   46.307  113.018   9090.6    241.1
     1     1    10     4    27     5     0     1   -13.0   46.813  113.082   9148.9    239.2
     1     1    10     4    27     4     0     2   -14.0   47.282  113.217   9200.3    239.3
     1     1    10     4    27     3     0     3   -15.0   47.710  113.434   9229.3    241.2
     1     1    10     4    27     2     0     2   -16.0   48.096  113.702   9237.7    243.0
     1     1    10     4    27     1     0     1   -17.0   48.438  113.988   9239.6    243.7
     1     1    10     4    27     0     0     0   -18.0   48.730  114.294   9249.8    244.1
     1     1    10     4    26    23     0     1   -19.0   48.973  114.626   9266.9    244.8
     1     1    10     4    26    22     0     2   -20.0   49.166  114.989   9309.5    244.7
     1     1    10     4    26    21     0     3   -21.0   49.311  115.388   9357.3    243.4
     1     1    10     4    26    20     0     2   -22.0   49.408  115.833   9398.2    242.5
     1     1    10     4    26    19     0     1   -23.0   49.449  116.325   9418.8    242.2
     1     1    10     4    26    18     0     0   -24.0   49.437  116.838   9435.1    241.6
     1     1    10     4    26    17     0     1   -25.0   49.375  117.349   9472.8    241.6
     1     1    10     4    26    16     0     2   -26.0   49.254  117.845   9515.7    242.1
     1     1    10     4    26    15     0     3   -27.0   49.060  118.328   9534.1    242.3
     1     1    10     4    26    14     0     2   -28.0   48.782  118.786   9526.0    241.1
     1     1    10     4    26    13     0     1   -29.0   48.437  119.198   9515.1    238.7
     1     1    10     4    26    12     0     0   -30.0   48.054  119.552   9493.1    235.7
     1     1    10     4    26    11     0     1   -31.0   47.644  119.821   9459.2    232.2
     1     1    10     4    26    10     0     2   -32.0   47.205  119.997   9409.5    229.7
     1     1    10     4    26     9     0     3   -33.0   46.726  120.115   9395.2    231.8
     1     1    10     4    26     8     0     2   -34.0   46.176  120.183   9388.9    237.7
     1     1    10     4    26     7     0     1   -35.0   45.562  120.174   9356.8    242.3
     1     1    10     4    26     6     0     0   -36.0   44.919  120.074   9329.5    245.2
     1     1    10     4    26     5     0     1   -37.0   44.285  119.861   9345.8    249.8
     1     1    10     4    26     4     0     2   -38.0   43.669  119.517   9272.4    253.7
     1     1    10     4    26     3     0     3   -39.0   43.067  119.019   9190.9    255.2
     1     1    10     4    26     2     0     2   -40.0   42.504  118.357   9047.0    247.6
     1     1    10     4    26     1     0     1   -41.0   42.018  117.546   8938.0    244.7
     1     1    10     4    26     0     0     0   -42.0   41.618  116.551   8962.1    246.7
     1     1    10     4    25    23     0     1   -43.0   41.289  115.357   9033.0    237.5
     1     1    10     4    25    22     0     2   -44.0   41.027  114.096   9051.8    235.4
     1     1    10     4    25    21     0     3   -45.0   40.826  112.820   8938.5    233.9
     1     1    10     4    25    20     0     2   -46.0   40.686  111.544   8999.2    233.9
     1     1    10     4    25    19     0     1   -47.0   40.643  110.298   9121.6    231.0
     1     1    10     4    25    18     0     0   -48.0   40.707  109.048   9244.3    235.7
     1     1    10     4    25    17     0     1   -49.0   40.844  107.767   9335.8    238.4
     1     1    10     4    25    16     0     2   -50.0   41.051  106.584   9274.9    229.8
     1     1    10     4    25    15     0     3   -51.0   41.378  105.533   9382.2    233.5
     1     1    10     4    25    14     0     2   -52.0   41.845  104.579   9513.2    230.6
     1     1    10     4    25    13     0     1   -53.0   42.378  103.736   9552.1    224.4
     1     1    10     4    25    12     0     0   -54.0   42.953  103.017   9535.2    223.1
     1     1    10     4    25    11     0     1   -55.0   43.618  102.409   9470.4    223.9
     1     1    10     4    25    10     0     2   -56.0   44.425  101.879   9462.7    223.9
     1     1    10     4    25     9     0     3   -57.0   45.293  101.398   9271.4    216.2
     1     1    10     4    25     8     0     2   -58.0   46.138  101.009   9076.0    211.0
     1     1    10     4    25     7     0     1   -59.0   47.001  100.733   8942.0    201.9
     1     1    10     4    25     6     0     0   -60.0   47.905  100.526   9172.3    208.8
     1     1    10     4    25     5     0     1   -61.0   48.928  100.387   9360.1    214.4
     1     1    10     4    25     4     0     2   -62.0   50.027  100.315   9396.7    210.7
     1     1    10     4    25     3     0     3   -63.0   51.122  100.298   9313.3    211.3
     1     1    10     4    25     2     0     2   -64.0   52.244  100.336   9177.6    211.0
     1     1    10     4    25     1     0     1   -65.0   53.483  100.494   9621.5    225.8
     1     1    10     4    25     0     0     0   -66.0   54.952  100.669   9880.7    237.7
     1     1    10     4    24    23     0     1   -67.0   56.472  100.870   9870.2    239.9
     1     1    10     4    24    22     0     2   -68.0   57.996  101.079   9896.6    241.6
     1     1    10     4    24    21     0     3   -69.0   59.502  101.225   9962.3    241.2
     1     1    10     4    24    20     0     2   -70.0   60.941  101.261   9973.4    238.6
     1     1    10     4    24    19     0     1   -71.0   62.310  101.255   9987.7    236.4
     1     1    10     4    24    18     0     0   -72.0   63.609  101.171  10053.3    233.0
