     7     1
    GDAS    10     3    22     0     0
    GDAS    10     4     8     0     0
    GDAS    10     4    15     0     0
    GDAS    10     4    22     0     0
    GDAS    10     4    29     0     0
    GDAS    10     4     1     0     0
    GDAS    10     3    29     0     0
     1 BACKWARD OMEGA   
    10     4     3    12   39.977  116.381  9000.0
     1 PRESSURE
     1     1    10     4     3    12     0     0     0.0   39.977  116.381   8758.3    302.6
     1     1    10     4     3    11     0     1    -1.0   40.075  115.039   8436.5    275.5
     1     1    10     4     3    10     0     2    -2.0   40.177  113.633   8543.5    266.0
     1     1    10     4     3     9     0     3    -3.0   40.256  112.340   8362.9    269.1
     1     1    10     4     3     8     0     2    -4.0   40.365  111.050   8457.6    269.4
     1     1    10     4     3     7     0     1    -5.0   40.491  109.715   8464.5    264.9
     1     1    10     4     3     6     0     0    -6.0   40.607  108.454   8454.8    275.0
     1     1    10     4     3     5     0     1    -7.0   40.735  107.232   8341.5    276.6
     1     1    10     4     3     4     0     2    -8.0   40.895  105.957   8317.9    271.0
     1     1    10     4     3     3     0     3    -9.0   41.083  104.693   8388.6    277.8
     1     1    10     4     3     2     0     2   -10.0   41.285  103.443   8308.4    279.4
     1     1    10     4     3     1     0     1   -11.0   41.517  102.177   8369.5    282.6
     1     1    10     4     3     0     0     0   -12.0   41.780  100.937   8425.8    285.0
     1     1    10     4     2    23     0     1   -13.0   41.991   99.722   8402.4    284.4
     1     1    10     4     2    22     0     2   -14.0   42.169   98.489   8317.5    273.3
     1     1    10     4     2    21     0     3   -15.0   42.331   97.255   8222.7    265.3
     1     1    10     4     2    20     0     2   -16.0   42.452   96.060   8196.6    266.7
     1     1    10     4     2    19     0     1   -17.0   42.590   94.895   8245.0    263.6
     1     1    10     4     2    18     0     0   -18.0   42.753   93.751   8345.4    265.0
     1     1    10     4     2    17     0     1   -19.0   42.920   92.658   8680.6    291.5
     1     1    10     4     2    16     0     2   -20.0   43.121   91.587   8742.7    288.7
     1     1    10     4     2    15     0     3   -21.0   43.329   90.514   8700.6    283.7
     1     1    10     4     2    14     0     2   -22.0   43.508   89.437   8674.5    281.5
     1     1    10     4     2    13     0     1   -23.0   43.675   88.381   8471.8    273.4
     1     1    10     4     2    12     0     0   -24.0   43.834   87.335   8484.5    278.5
     1     1    10     4     2    11     0     1   -25.0   43.972   86.275   8535.1    271.8
     1     1    10     4     2    10     0     2   -26.0   44.097   85.241   8342.7    257.0
     1     1    10     4     2     9     0     3   -27.0   44.183   84.223   8240.7    243.5
     1     1    10     4     2     8     0     2   -28.0   44.228   83.209   8459.0    250.1
     1     1    10     4     2     7     0     1   -29.0   44.269   82.242   8629.7    260.1
     1     1    10     4     2     6     0     0   -30.0   44.282   81.330   8675.7    262.4
     1     1    10     4     2     5     0     1   -31.0   44.266   80.472   8750.3    268.2
     1     1    10     4     2     4     0     2   -32.0   44.260   79.651   8812.4    271.1
     1     1    10     4     2     3     0     3   -33.0   44.273   78.846   8814.7    271.0
     1     1    10     4     2     2     0     2   -34.0   44.285   78.038   8921.6    280.5
     1     1    10     4     2     1     0     1   -35.0   44.284   77.219   8966.5    285.7
     1     1    10     4     2     0     0     0   -36.0   44.262   76.384   8940.5    285.7
     1     1    10     4     1    23     0     1   -37.0   44.213   75.492   8878.4    281.6
     1     1    10     4     1    22     0     2   -38.0   44.115   74.563   8804.8    281.9
     1     1    10     4     1    21     0     3   -39.0   43.939   73.673   8725.4    292.6
     1     1    10     4     1    20     0     2   -40.0   43.721   72.844   8646.8    299.5
     1     1    10     4     1    19     0     1   -41.0   43.511   72.041   8624.5    301.7
     1     1    10     4     1    18     0     0   -42.0   43.297   71.251   8621.0    301.0
     1     1    10     4     1    17     0     1   -43.0   43.085   70.502   8510.0    300.2
     1     1    10     4     1    16     0     2   -44.0   42.887   69.809   8340.6    303.8
     1     1    10     4     1    15     0     3   -45.0   42.658   69.139   8407.5    320.5
     1     1    10     4     1    14     0     2   -46.0   42.419   68.485   8467.5    320.6
     1     1    10     4     1    13     0     1   -47.0   42.201   67.846   8502.7    320.6
     1     1    10     4     1    12     0     0   -48.0   41.980   67.234   8561.5    319.8
     1     1    10     4     1    11     0     1   -49.0   41.770   66.637   8632.8    314.7
     1     1    10     4     1    10     0     2   -50.0   41.607   66.042   8662.4    309.9
     1     1    10     4     1     9     0     3   -51.0   41.499   65.459   8685.7    310.6
     1     1    10     4     1     8     0     2   -52.0   41.436   64.891   8694.6    312.9
     1     1    10     4     1     7     0     1   -53.0   41.402   64.329   8684.2    311.5
     1     1    10     4     1     6     0     0   -54.0   41.389   63.770   8709.8    310.6
     1     1    10     4     1     5     0     1   -55.0   41.395   63.220   8774.5    311.6
     1     1    10     4     1     4     0     2   -56.0   41.417   62.690   8818.3    310.8
     1     1    10     4     1     3     0     3   -57.0   41.451   62.176   8839.6    309.3
     1     1    10     4     1     2     0     2   -58.0   41.490   61.677   8869.7    309.1
     1     1    10     4     1     1     0     1   -59.0   41.531   61.193   8916.7    308.7
     1     1    10     4     1     0     0     0   -60.0   41.567   60.726   8961.5    306.3
     1     1    10     3    31    23     0     1   -61.0   41.602   60.280   8992.1    303.7
     1     1    10     3    31    22     0     2   -62.0   41.649   59.862   9016.0    302.8
     1     1    10     3    31    21     0     3   -63.0   41.717   59.476   9049.6    303.0
     1     1    10     3    31    20     0     2   -64.0   41.804   59.117   9092.5    302.5
     1     1    10     3    31    19     0     1   -65.0   41.905   58.768   9139.4    300.9
     1     1    10     3    31    18     0     0   -66.0   42.025   58.420   9184.8    298.8
     1     1    10     3    31    17     0     1   -67.0   42.161   58.061   9228.2    296.8
     1     1    10     3    31    16     0     2   -68.0   42.298   57.681   9274.7    294.6
     1     1    10     3    31    15     0     3   -69.0   42.423   57.262   9308.8    292.9
     1     1    10     3    31    14     0     2   -70.0   42.531   56.811   9329.3    291.1
     1     1    10     3    31    13     0     1   -71.0   42.606   56.346   9349.4    287.8
     1     1    10     3    31    12     0     0   -72.0   42.636   55.877   9375.2    284.7
     1     1    10     3    31    11     0     1   -73.0   42.608   55.422   9410.4    283.8
     1     1    10     3    31    10     0     2   -74.0   42.521   55.003   9442.6    282.3
     1     1    10     3    31     9     0     3   -75.0   42.393   54.631   9473.1    281.9
     1     1    10     3    31     8     0     2   -76.0   42.251   54.290   9502.4    281.6
     1     1    10     3    31     7     0     1   -77.0   42.119   53.968   9545.4    280.2
     1     1    10     3    31     6     0     0   -78.0   41.995   53.661   9616.1    278.8
     1     1    10     3    31     5     0     1   -79.0   41.876   53.352   9684.4    277.3
     1     1    10     3    31     4     0     2   -80.0   41.758   53.032   9717.4    278.1
     1     1    10     3    31     3     0     3   -81.0   41.646   52.713   9701.6    279.1
     1     1    10     3    31     2     0     2   -82.0   41.532   52.385   9673.1    281.3
     1     1    10     3    31     1     0     1   -83.0   41.400   52.025   9656.3    282.3
     1     1    10     3    31     0     0     0   -84.0   41.251   51.622   9639.6    282.8
     1     1    10     3    30    23     0     1   -85.0   41.078   51.218   9586.4    284.4
     1     1    10     3    30    22     0     2   -86.0   40.867   50.861   9522.2    288.1
     1     1    10     3    30    21     0     3   -87.0   40.620   50.533   9489.0    291.5
     1     1    10     3    30    20     0     2   -88.0   40.368   50.197   9477.0    291.1
     1     1    10     3    30    19     0     1   -89.0   40.132   49.841   9443.2    290.2
     1     1    10     3    30    18     0     0   -90.0   39.900   49.474   9387.0    292.3
     1     1    10     3    30    17     0     1   -91.0   39.641   49.083   9306.8    295.4
     1     1    10     3    30    16     0     2   -92.0   39.333   48.656   9219.9    292.4
     1     1    10     3    30    15     0     3   -93.0   38.983   48.218   9074.4    280.3
     1     1    10     3    30    14     0     2   -94.0   38.589   47.744   8785.6    261.9
     1     1    10     3    30    13     0     1   -95.0   38.156   47.175   8559.7    250.4
     1     1    10     3    30    12     0     0   -96.0   37.709   46.516   8540.8    252.4
