     7     1
    GDAS    10     3    22     0     0
    GDAS    10     4     8     0     0
    GDAS    10     4    15     0     0
    GDAS    10     4    22     0     0
    GDAS    10     4    29     0     0
    GDAS    10     4     1     0     0
    GDAS    10     3    29     0     0
     1 BACKWARD OMEGA   
    10     4    22     6   39.977  116.381  3000.0
     1 PRESSURE
     1     1    10     4    22     6     0     0     0.0   39.977  116.381   2764.6    700.8
     1     1    10     4    22     5     0     1    -1.0   40.001  116.174   2495.8    717.4
     1     1    10     4    22     4     0     2    -2.0   40.004  115.987   2194.9    736.3
     1     1    10     4    22     3     0     3    -3.0   39.981  115.812   1838.2    757.9
     1     1    10     4    22     2     0     2    -4.0   39.955  115.665   1522.8    786.8
     1     1    10     4    22     1     0     1    -5.0   39.947  115.529   1309.2    796.6
     1     1    10     4    22     0     0     0    -6.0   39.950  115.371   1188.6    795.4
     1     1    10     4    21    23     0     1    -7.0   39.980  115.152   1129.5    777.2
     1     1    10     4    21    22     0     2    -8.0   40.052  114.858   1094.0    764.3
     1     1    10     4    21    21     0     3    -9.0   40.155  114.530   1046.0    767.6
     1     1    10     4    21    20     0     2   -10.0   40.262  114.218    967.0    775.5
     1     1    10     4    21    19     0     1   -11.0   40.355  113.940    879.3    784.6
     1     1    10     4    21    18     0     0   -12.0   40.443  113.680    813.7    787.1
     1     1    10     4    21    17     0     1   -13.0   40.547  113.413    786.5    782.1
     1     1    10     4    21    16     0     2   -14.0   40.690  113.128    797.3    771.6
     1     1    10     4    21    15     0     3   -15.0   40.890  112.826    870.8    757.2
     1     1    10     4    21    14     0     2   -16.0   41.108  112.509   1027.1    740.8
     1     1    10     4    21    13     0     1   -17.0   41.317  112.194   1236.1    723.6
     1     1    10     4    21    12     0     0   -18.0   41.508  111.896   1437.4    706.4
     1     1    10     4    21    11     0     1   -19.0   41.657  111.593   1576.2    694.2
     1     1    10     4    21    10     0     2   -20.0   41.769  111.290   1652.0    696.3
     1     1    10     4    21     9     0     3   -21.0   41.877  110.984   1718.4    698.2
     1     1    10     4    21     8     0     2   -22.0   41.962  110.684   1759.6    693.2
     1     1    10     4    21     7     0     1   -23.0   41.997  110.426   1761.5    693.2
     1     1    10     4    21     6     0     0   -24.0   41.993  110.229   1748.0    694.0
     1     1    10     4    21     5     0     1   -25.0   41.992  110.084   1731.0    694.6
     1     1    10     4    21     4     0     2   -26.0   42.019  109.985   1702.0    696.3
     1     1    10     4    21     3     0     3   -27.0   42.058  109.969   1647.9    701.3
     1     1    10     4    21     2     0     2   -28.0   42.088  110.034   1570.5    710.5
     1     1    10     4    21     1     0     1   -29.0   42.106  110.161   1484.8    720.5
     1     1    10     4    21     0     0     0   -30.0   42.107  110.376   1404.7    731.1
     1     1    10     4    20    23     0     1   -31.0   42.081  110.692   1327.3    738.9
     1     1    10     4    20    22     0     2   -32.0   42.020  111.107   1244.2    746.4
     1     1    10     4    20    21     0     3   -33.0   41.936  111.592   1142.2    745.5
     1     1    10     4    20    20     0     2   -34.0   41.863  112.111   1046.4    750.9
     1     1    10     4    20    19     0     1   -35.0   41.814  112.612    981.7    757.0
     1     1    10     4    20    18     0     0   -36.0   41.798  113.066    940.9    760.9
     1     1    10     4    20    17     0     1   -37.0   41.806  113.492    913.0    764.2
     1     1    10     4    20    16     0     2   -38.0   41.816  113.906    881.3    768.0
     1     1    10     4    20    15     0     3   -39.0   41.826  114.315    854.5    774.0
     1     1    10     4    20    14     0     2   -40.0   41.850  114.696    836.4    776.8
     1     1    10     4    20    13     0     1   -41.0   41.916  115.043    809.3    779.9
     1     1    10     4    20    12     0     0   -42.0   42.022  115.368    745.6    783.2
     1     1    10     4    20    11     0     1   -43.0   42.135  115.632    649.6    795.1
     1     1    10     4    20    10     0     2   -44.0   42.232  115.810    548.9    806.2
     1     1    10     4    20     9     0     3   -45.0   42.321  115.917    454.4    816.3
     1     1    10     4    20     8     0     2   -46.0   42.405  115.988    376.6    825.4
     1     1    10     4    20     7     0     1   -47.0   42.481  116.050    319.2    832.0
     1     1    10     4    20     6     0     0   -48.0   42.547  116.101    278.6    836.8
     1     1    10     4    20     5     0     1   -49.0   42.599  116.155    249.1    840.4
     1     1    10     4    20     4     0     2   -50.0   42.628  116.227    227.3    842.9
     1     1    10     4    20     3     0     3   -51.0   42.630  116.319    212.9    844.6
     1     1    10     4    20     2     0     2   -52.0   42.616  116.439    201.3    845.4
     1     1    10     4    20     1     0     1   -53.0   42.600  116.593    187.4    847.1
     1     1    10     4    20     0     0     0   -54.0   42.581  116.783    169.3    849.5
     1     1    10     4    19    23     0     1   -55.0   42.552  116.981    147.5    852.3
     1     1    10     4    19    22     0     2   -56.0   42.514  117.147    126.1    856.6
     1     1    10     4    19    21     0     3   -57.0   42.474  117.276    107.1    859.4
     1     1    10     4    19    20     0     2   -58.0   42.432  117.379     94.0    862.9
     1     1    10     4    19    19     0     1   -59.0   42.384  117.466     90.1    865.0
     1     1    10     4    19    18     0     0   -60.0   42.328  117.537     95.0    866.1
     1     1    10     4    19    17     0     1   -61.0   42.273  117.614     99.0    866.0
     1     1    10     4    19    16     0     2   -62.0   42.232  117.712     91.8    868.2
     1     1    10     4    19    15     0     3   -63.0   42.206  117.833     74.9    871.9
     1     1    10     4    19    14     0     2   -64.0   42.188  117.966     56.0    877.0
     1     1    10     4    19    13     0     1   -65.0   42.170  118.105     40.0    884.3
     1     1    10     4    19    12     0     0   -66.0   42.152  118.257     27.2    892.9
     1     1    10     4    19    11     0     1   -67.0   42.150  118.410     17.7    900.5
     1     1    10     4    19    10     0     2   -68.0   42.179  118.545     10.7    907.2
     1     1    10     4    19     9     0     3   -69.0   42.242  118.665      3.2    912.4
     1     1    10     4    19     8     0     2   -70.0   42.336  118.764      0.0    918.2
     1     1    10     4    19     7     0     1   -71.0   42.449  118.833      0.0    922.7
     1     1    10     4    19     6     0     0   -72.0   42.576  118.866      0.0    925.7
     1     1    10     4    19     5     0     1   -73.0   42.704  118.872      0.0    926.7
     1     1    10     4    19     4     0     2   -74.0   42.827  118.859      0.0    926.6
     1     1    10     4    19     3     0     3   -75.0   42.947  118.823      0.0    925.1
     1     1    10     4    19     2     0     2   -76.0   43.058  118.760      0.0    920.9
     1     1    10     4    19     1     0     1   -77.0   43.151  118.673      1.9    914.7
     1     1    10     4    19     0     0     0   -78.0   43.231  118.567      5.1    907.9
     1     1    10     4    18    23     0     1   -79.0   43.310  118.457      8.4    900.9
     1     1    10     4    18    22     0     2   -80.0   43.400  118.354     11.6    894.2
     1     1    10     4    18    21     0     3   -81.0   43.505  118.252     15.8    887.6
     1     1    10     4    18    20     0     2   -82.0   43.622  118.150     21.9    881.5
     1     1    10     4    18    19     0     1   -83.0   43.750  118.046     30.8    875.6
     1     1    10     4    18    18     0     0   -84.0   43.892  117.939     44.4    871.8
     1     1    10     4    18    17     0     1   -85.0   44.043  117.831     57.9    869.3
     1     1    10     4    18    16     0     2   -86.0   44.205  117.719     57.3    871.8
     1     1    10     4    18    15     0     3   -87.0   44.391  117.601     44.8    878.7
     1     1    10     4    18    14     0     2   -88.0   44.599  117.459     28.3    885.7
     1     1    10     4    18    13     0     1   -89.0   44.829  117.285     11.9    894.9
     1     1    10     4    18    12     0     0   -90.0   45.137  117.081      0.0    899.9
     1     1    10     4    18    11     0     1   -91.0   45.465  116.884      0.0    897.9
     1     1    10     4    18    10     0     2   -92.0   45.742  116.737      0.0    896.1
     1     1    10     4    18     9     0     3   -93.0   46.026  116.669      0.0    894.8
     1     1    10     4    18     8     0     2   -94.0   46.299  116.654      0.0    903.8
     1     1    10     4    18     7     0     1   -95.0   46.514  116.647      0.0    910.4
     1     1    10     4    18     6     0     0   -96.0   46.670  116.642      0.0    914.9
