     7     1
    GDAS    10     3    22     0     0
    GDAS    10     4     8     0     0
    GDAS    10     4    15     0     0
    GDAS    10     4    22     0     0
    GDAS    10     4    29     0     0
    GDAS    10     4     1     0     0
    GDAS    10     3    29     0     0
     1 BACKWARD OMEGA   
    10     4    30    18   39.977  116.381  4000.0
     1 PRESSURE
     1     1    10     4    30    18     0     0     0.0   39.977  116.381   3762.5    619.7
     1     1    10     4    30    17     0     1    -1.0   40.434  116.050   3660.6    589.3
     1     1    10     4    30    16     0     2    -2.0   40.900  115.727   3593.9    565.7
     1     1    10     4    30    15     0     3    -3.0   41.357  115.422   3647.2    546.3
     1     1    10     4    30    14     0     2    -4.0   41.808  115.145   3723.7    534.3
     1     1    10     4    30    13     0     1    -5.0   42.259  114.871   3797.7    532.0
     1     1    10     4    30    12     0     0    -6.0   42.707  114.595   3887.1    536.3
     1     1    10     4    30    11     0     1    -7.0   43.147  114.320   3993.3    538.2
     1     1    10     4    30    10     0     2    -8.0   43.574  114.041   4075.4    533.7
     1     1    10     4    30     9     0     3    -9.0   43.984  113.763   4112.2    530.2
     1     1    10     4    30     8     0     2   -10.0   44.383  113.490   4107.6    526.7
     1     1    10     4    30     7     0     1   -11.0   44.773  113.223   4097.8    524.1
     1     1    10     4    30     6     0     0   -12.0   45.154  112.954   4082.1    526.6
     1     1    10     4    30     5     0     1   -13.0   45.531  112.700   4070.1    531.2
     1     1    10     4    30     4     0     2   -14.0   45.897  112.469   4069.7    533.2
     1     1    10     4    30     3     0     3   -15.0   46.255  112.248   4062.8    532.8
     1     1    10     4    30     2     0     2   -16.0   46.619  112.052   4047.2    531.1
     1     1    10     4    30     1     0     1   -17.0   46.992  111.892   4032.0    527.3
     1     1    10     4    30     0     0     0   -18.0   47.375  111.733   4043.6    528.4
     1     1    10     4    29    23     0     1   -19.0   47.779  111.557   4082.1    526.6
     1     1    10     4    29    22     0     2   -20.0   48.196  111.362   4144.8    520.8
     1     1    10     4    29    21     0     3   -21.0   48.607  111.145   4199.9    513.9
     1     1    10     4    29    20     0     2   -22.0   48.991  110.935   4193.3    511.2
     1     1    10     4    29    19     0     1   -23.0   49.355  110.731   4113.6    509.5
     1     1    10     4    29    18     0     0   -24.0   49.721  110.497   4054.4    508.7
     1     1    10     4    29    17     0     1   -25.0   50.095  110.236   4057.6    509.3
     1     1    10     4    29    16     0     2   -26.0   50.468  109.955   4107.4    513.4
     1     1    10     4    29    15     0     3   -27.0   50.818  109.620   4157.4    521.7
     1     1    10     4    29    14     0     2   -28.0   51.158  109.260   4204.3    529.5
     1     1    10     4    29    13     0     1   -29.0   51.494  108.918   4238.3    534.5
     1     1    10     4    29    12     0     0   -30.0   51.803  108.592   4243.4    537.6
     1     1    10     4    29    11     0     1   -31.0   52.102  108.269   4221.4    539.7
     1     1    10     4    29    10     0     2   -32.0   52.415  107.948   4216.7    549.1
     1     1    10     4    29     9     0     3   -33.0   52.728  107.631   4255.2    552.5
     1     1    10     4    29     8     0     2   -34.0   53.031  107.281   4249.5    547.4
     1     1    10     4    29     7     0     1   -35.0   53.325  106.865   4137.6    548.8
     1     1    10     4    29     6     0     0   -36.0   53.604  106.395   4053.5    558.8
     1     1    10     4    29     5     0     1   -37.0   53.858  105.889   3972.9    562.3
     1     1    10     4    29     4     0     2   -38.0   54.086  105.341   3795.9    568.4
     1     1    10     4    29     3     0     3   -39.0   54.295  104.722   3693.8    583.6
     1     1    10     4    29     2     0     2   -40.0   54.492  104.039   3586.4    590.7
     1     1    10     4    29     1     0     1   -41.0   54.682  103.318   3484.6    619.7
     1     1    10     4    29     0     0     0   -42.0   54.833  102.544   3466.8    620.5
     1     1    10     4    28    23     0     1   -43.0   54.956  101.789   3368.8    627.3
     1     1    10     4    28    22     0     2   -44.0   55.077  101.089   3345.0    633.9
     1     1    10     4    28    21     0     3   -45.0   55.141  100.372   3470.0    623.1
     1     1    10     4    28    20     0     2   -46.0   55.188   99.641   3535.4    609.4
     1     1    10     4    28    19     0     1   -47.0   55.255   98.914   3527.6    614.6
     1     1    10     4    28    18     0     0   -48.0   55.306   98.177   3490.8    607.0
     1     1    10     4    28    17     0     1   -49.0   55.347   97.402   3475.3    615.5
     1     1    10     4    28    16     0     2   -50.0   55.379   96.592   3530.3    615.0
     1     1    10     4    28    15     0     3   -51.0   55.381   95.754   3548.5    613.9
     1     1    10     4    28    14     0     2   -52.0   55.365   94.907   3527.8    612.8
     1     1    10     4    28    13     0     1   -53.0   55.335   94.053   3541.0    605.6
     1     1    10     4    28    12     0     0   -54.0   55.255   93.105   3643.8    601.2
     1     1    10     4    28    11     0     1   -55.0   55.137   92.157   3734.8    599.9
     1     1    10     4    28    10     0     2   -56.0   55.000   91.322   3770.1    604.5
     1     1    10     4    28     9     0     3   -57.0   54.793   90.554   3690.4    604.8
     1     1    10     4    28     8     0     2   -58.0   54.595   89.846   3401.8    616.3
     1     1    10     4    28     7     0     1   -59.0   54.385   89.092   3331.0    618.2
     1     1    10     4    28     6     0     0   -60.0   54.090   88.314   3575.9    605.9
     1     1    10     4    28     5     0     1   -61.0   53.795   87.568   3751.2    606.5
     1     1    10     4    28     4     0     2   -62.0   53.523   86.930   3706.6    615.9
     1     1    10     4    28     3     0     3   -63.0   53.206   86.328   3649.5    627.0
     1     1    10     4    28     2     0     2   -64.0   52.904   85.668   3652.8    626.0
     1     1    10     4    28     1     0     1   -65.0   52.614   84.924   3647.3    622.7
     1     1    10     4    28     0     0     0   -66.0   52.258   84.084   3669.4    626.3
     1     1    10     4    27    23     0     1   -67.0   51.864   83.175   3706.9    619.9
     1     1    10     4    27    22     0     2   -68.0   51.459   82.321   3726.1    611.5
     1     1    10     4    27    21     0     3   -69.0   51.003   81.545   3706.7    616.5
     1     1    10     4    27    20     0     2   -70.0   50.581   80.825   3665.6    626.3
     1     1    10     4    27    19     0     1   -71.0   50.211   80.102   3655.1    631.7
     1     1    10     4    27    18     0     0   -72.0   49.875   79.340   3637.4    621.6
     1     1    10     4    27    17     0     1   -73.0   49.569   78.560   3569.4    616.3
     1     1    10     4    27    16     0     2   -74.0   49.252   77.724   3515.3    603.1
     1     1    10     4    27    15     0     3   -75.0   48.918   76.783   3491.9    592.5
     1     1    10     4    27    14     0     2   -76.0   48.578   75.819   3531.6    595.0
     1     1    10     4    27    13     0     1   -77.0   48.222   74.874   3585.9    594.6
     1     1    10     4    27    12     0     0   -78.0   47.875   73.896   3681.1    593.7
     1     1    10     4    27    11     0     1   -79.0   47.532   72.916   3769.2    586.3
     1     1    10     4    27    10     0     2   -80.0   47.175   71.945   3906.1    585.4
     1     1    10     4    27     9     0     3   -81.0   46.826   70.962   4019.1    583.3
     1     1    10     4    27     8     0     2   -82.0   46.478   70.005   4086.5    586.8
     1     1    10     4    27     7     0     1   -83.0   46.121   69.056   4148.6    590.3
     1     1    10     4    27     6     0     0   -84.0   45.783   68.100   4182.0    590.7
     1     1    10     4    27     5     0     1   -85.0   45.465   67.209   4227.2    591.1
     1     1    10     4    27     4     0     2   -86.0   45.167   66.385   4295.5    588.0
     1     1    10     4    27     3     0     3   -87.0   44.940   65.579   4381.1    581.2
     1     1    10     4    27     2     0     2   -88.0   44.781   64.790   4472.6    573.5
     1     1    10     4    27     1     0     1   -89.0   44.638   64.024   4573.2    568.5
     1     1    10     4    27     0     0     0   -90.0   44.546   63.246   4679.3    559.8
     1     1    10     4    26    23     0     1   -91.0   44.478   62.475   4783.7    553.6
     1     1    10     4    26    22     0     2   -92.0   44.390   61.731   4879.2    548.5
     1     1    10     4    26    21     0     3   -93.0   44.331   60.965   5005.5    540.7
     1     1    10     4    26    20     0     2   -94.0   44.280   60.207   5130.2    530.1
     1     1    10     4    26    19     0     1   -95.0   44.209   59.502   5217.0    523.9
     1     1    10     4    26    18     0     0   -96.0   44.170   58.817   5301.5    517.3
