     7     1
    GDAS    10     3    22     0     0
    GDAS    10     4     8     0     0
    GDAS    10     4    15     0     0
    GDAS    10     4    22     0     0
    GDAS    10     4    29     0     0
    GDAS    10     4     1     0     0
    GDAS    10     3    29     0     0
     1 BACKWARD OMEGA   
    10     4     3     0   39.977  116.381  6000.0
     1 PRESSURE
     1     1    10     4     3     0     0     0     0.0   39.977  116.381   5759.9    468.1
     1     1    10     4     2    23     0     1    -1.0   40.102  115.398   5638.7    432.9
     1     1    10     4     2    22     0     2    -2.0   40.248  114.431   5647.5    413.1
     1     1    10     4     2    21     0     3    -3.0   40.423  113.488   5703.1    404.2
     1     1    10     4     2    20     0     2    -4.0   40.648  112.545   5686.6    395.4
     1     1    10     4     2    19     0     1    -5.0   40.892  111.611   5686.9    391.5
     1     1    10     4     2    18     0     0    -6.0   41.140  110.689   5752.0    386.8
     1     1    10     4     2    17     0     1    -7.0   41.403  109.778   5788.4    393.5
     1     1    10     4     2    16     0     2    -8.0   41.672  108.900   5714.6    404.2
     1     1    10     4     2    15     0     3    -9.0   41.954  108.040   5610.1    408.6
     1     1    10     4     2    14     0     2   -10.0   42.236  107.166   5642.5    418.2
     1     1    10     4     2    13     0     1   -11.0   42.498  106.300   5705.2    418.1
     1     1    10     4     2    12     0     0   -12.0   42.769  105.445   5735.5    401.1
     1     1    10     4     2    11     0     1   -13.0   43.047  104.565   5763.9    387.9
     1     1    10     4     2    10     0     2   -14.0   43.348  103.681   5857.4    388.8
     1     1    10     4     2     9     0     3   -15.0   43.739  102.838   6023.1    377.2
     1     1    10     4     2     8     0     2   -16.0   44.165  101.994   6352.2    369.9
     1     1    10     4     2     7     0     1   -17.0   44.565  101.126   6461.9    356.0
     1     1    10     4     2     6     0     0   -18.0   44.987  100.315   6373.6    344.4
     1     1    10     4     2     5     0     1   -19.0   45.394   99.488   6309.1    342.8
     1     1    10     4     2     4     0     2   -20.0   45.722   98.586   6286.9    344.7
     1     1    10     4     2     3     0     3   -21.0   45.982   97.671   6272.0    349.2
     1     1    10     4     2     2     0     2   -22.0   46.204   96.764   6150.4    341.6
     1     1    10     4     2     1     0     1   -23.0   46.421   95.866   6135.9    347.7
     1     1    10     4     2     0     0     0   -24.0   46.640   94.991   6192.3    359.9
     1     1    10     4     1    23     0     1   -25.0   46.848   94.154   6169.4    360.0
     1     1    10     4     1    22     0     2   -26.0   47.040   93.355   6132.3    356.2
     1     1    10     4     1    21     0     3   -27.0   47.238   92.579   6058.6    348.2
     1     1    10     4     1    20     0     2   -28.0   47.448   91.813   6029.6    342.5
     1     1    10     4     1    19     0     1   -29.0   47.666   91.033   6032.4    327.6
     1     1    10     4     1    18     0     0   -30.0   47.896   90.235   6088.7    318.0
     1     1    10     4     1    17     0     1   -31.0   48.137   89.459   6135.8    318.8
     1     1    10     4     1    16     0     2   -32.0   48.376   88.721   6231.6    325.4
     1     1    10     4     1    15     0     3   -33.0   48.603   88.011   6288.6    323.9
     1     1    10     4     1    14     0     2   -34.0   48.823   87.312   6379.5    326.7
     1     1    10     4     1    13     0     1   -35.0   49.041   86.617   6447.5    327.2
     1     1    10     4     1    12     0     0   -36.0   49.246   85.953   6548.5    335.3
     1     1    10     4     1    11     0     1   -37.0   49.434   85.316   6630.1    343.1
     1     1    10     4     1    10     0     2   -38.0   49.613   84.685   6728.3    352.1
     1     1    10     4     1     9     0     3   -39.0   49.795   84.067   6834.6    360.6
     1     1    10     4     1     8     0     2   -40.0   49.983   83.464   6930.5    365.4
     1     1    10     4     1     7     0     1   -41.0   50.172   82.858   7029.9    371.9
     1     1    10     4     1     6     0     0   -42.0   50.371   82.238   7094.1    379.0
     1     1    10     4     1     5     0     1   -43.0   50.582   81.625   7117.4    383.7
     1     1    10     4     1     4     0     2   -44.0   50.793   81.038   7141.5    385.7
     1     1    10     4     1     3     0     3   -45.0   50.995   80.473   7173.1    386.1
     1     1    10     4     1     2     0     2   -46.0   51.205   79.898   7213.4    385.3
     1     1    10     4     1     1     0     1   -47.0   51.433   79.299   7246.2    385.6
     1     1    10     4     1     0     0     0   -48.0   51.668   78.698   7256.3    386.6
     1     1    10     3    31    23     0     1   -49.0   51.906   78.066   7261.7    387.7
     1     1    10     3    31    22     0     2   -50.0   52.148   77.347   7291.0    387.9
     1     1    10     3    31    21     0     3   -51.0   52.385   76.539   7335.0    385.4
     1     1    10     3    31    20     0     2   -52.0   52.610   75.682   7358.6    384.0
     1     1    10     3    31    19     0     1   -53.0   52.812   74.804   7353.8    384.8
     1     1    10     3    31    18     0     0   -54.0   52.997   73.917   7340.9    387.7
     1     1    10     3    31    17     0     1   -55.0   53.167   73.016   7315.6    388.1
     1     1    10     3    31    16     0     2   -56.0   53.311   72.102   7308.0    387.2
     1     1    10     3    31    15     0     3   -57.0   53.437   71.187   7315.4    384.7
     1     1    10     3    31    14     0     2   -58.0   53.542   70.283   7327.1    381.7
     1     1    10     3    31    13     0     1   -59.0   53.617   69.402   7330.1    381.7
     1     1    10     3    31    12     0     0   -60.0   53.669   68.551   7323.3    383.1
     1     1    10     3    31    11     0     1   -61.0   53.700   67.728   7303.4    385.6
     1     1    10     3    31    10     0     2   -62.0   53.699   66.942   7280.0    388.1
     1     1    10     3    31     9     0     3   -63.0   53.661   66.195   7240.3    389.7
     1     1    10     3    31     8     0     2   -64.0   53.586   65.489   7211.4    392.8
     1     1    10     3    31     7     0     1   -65.0   53.480   64.836   7204.8    394.0
     1     1    10     3    31     6     0     0   -66.0   53.349   64.248   7216.8    393.1
     1     1    10     3    31     5     0     1   -67.0   53.208   63.753   7238.6    390.9
     1     1    10     3    31     4     0     2   -68.0   53.073   63.362   7257.5    389.6
     1     1    10     3    31     3     0     3   -69.0   52.949   63.063   7269.7    388.6
     1     1    10     3    31     2     0     2   -70.0   52.829   62.822   7271.2    387.9
     1     1    10     3    31     1     0     1   -71.0   52.712   62.614   7265.2    387.7
     1     1    10     3    31     0     0     0   -72.0   52.600   62.436   7254.4    387.9
     1     1    10     3    30    23     0     1   -73.0   52.490   62.293   7238.3    388.4
     1     1    10     3    30    22     0     2   -74.0   52.375   62.188   7214.7    389.5
     1     1    10     3    30    21     0     3   -75.0   52.256   62.121   7182.8    391.1
     1     1    10     3    30    20     0     2   -76.0   52.134   62.088   7157.1    393.3
     1     1    10     3    30    19     0     1   -77.0   52.010   62.081   7150.2    393.5
     1     1    10     3    30    18     0     0   -78.0   51.885   62.094   7162.0    392.9
     1     1    10     3    30    17     0     1   -79.0   51.756   62.123   7181.9    391.4
     1     1    10     3    30    16     0     2   -80.0   51.622   62.166   7199.9    390.5
     1     1    10     3    30    15     0     3   -81.0   51.482   62.221   7217.3    389.7
     1     1    10     3    30    14     0     2   -82.0   51.338   62.287   7236.2    388.7
     1     1    10     3    30    13     0     1   -83.0   51.197   62.361   7257.3    387.5
     1     1    10     3    30    12     0     0   -84.0   51.059   62.437   7279.0    386.3
     1     1    10     3    30    11     0     1   -85.0   50.925   62.509   7299.0    385.3
     1     1    10     3    30    10     0     2   -86.0   50.794   62.573   7315.1    385.0
     1     1    10     3    30     9     0     3   -87.0   50.666   62.629   7330.3    384.9
     1     1    10     3    30     8     0     2   -88.0   50.535   62.685   7352.2    384.4
     1     1    10     3    30     7     0     1   -89.0   50.397   62.745   7383.3    383.2
     1     1    10     3    30     6     0     0   -90.0   50.251   62.812   7418.8    381.7
     1     1    10     3    30     5     0     1   -91.0   50.104   62.899   7461.3    380.5
     1     1    10     3    30     4     0     2   -92.0   49.966   63.014   7516.0    378.2
     1     1    10     3    30     3     0     3   -93.0   49.839   63.148   7575.7    374.9
     1     1    10     3    30     2     0     2   -94.0   49.721   63.280   7627.4    371.9
     1     1    10     3    30     1     0     1   -95.0   49.606   63.400   7666.7    370.2
     1     1    10     3    30     0     0     0   -96.0   49.492   63.514   7701.9    368.6
