     7     1
    GDAS    10     3    22     0     0
    GDAS    10     4     8     0     0
    GDAS    10     4    15     0     0
    GDAS    10     4    22     0     0
    GDAS    10     4    29     0     0
    GDAS    10     4     1     0     0
    GDAS    10     3    29     0     0
     1 BACKWARD OMEGA   
    10     4    30     6   39.977  116.381  1600.0
     1 PRESSURE
     1     1    10     4    30     6     0     0     0.0   39.977  116.381   1363.7    837.7
     1     1    10     4    30     5     0     1    -1.0   40.176  116.073   1478.9    804.7
     1     1    10     4    30     4     0     2    -2.0   40.493  115.778   1609.2    751.0
     1     1    10     4    30     3     0     3    -3.0   40.949  115.526   1734.0    705.7
     1     1    10     4    30     2     0     2    -4.0   41.482  115.291   1849.4    683.1
     1     1    10     4    30     1     0     1    -5.0   42.027  115.050   1944.4    672.8
     1     1    10     4    30     0     0     0    -6.0   42.573  114.808   2003.7    674.8
     1     1    10     4    29    23     0     1    -7.0   43.080  114.546   2002.6    690.1
     1     1    10     4    29    22     0     2    -8.0   43.531  114.295   1978.4    697.7
     1     1    10     4    29    21     0     3    -9.0   43.947  114.093   1954.9    700.6
     1     1    10     4    29    20     0     2   -10.0   44.346  113.931   1938.3    695.9
     1     1    10     4    29    19     0     1   -11.0   44.748  113.798   1956.9    685.3
     1     1    10     4    29    18     0     0   -12.0   45.165  113.699   1998.8    677.9
     1     1    10     4    29    17     0     1   -13.0   45.596  113.631   2039.2    679.8
     1     1    10     4    29    16     0     2   -14.0   46.036  113.599   2063.3    683.4
     1     1    10     4    29    15     0     3   -15.0   46.504  113.593   2088.8    688.4
     1     1    10     4    29    14     0     2   -16.0   47.001  113.590   2119.9    691.2
     1     1    10     4    29    13     0     1   -17.0   47.517  113.556   2147.8    693.7
     1     1    10     4    29    12     0     0   -18.0   48.056  113.448   2181.2    696.0
     1     1    10     4    29    11     0     1   -19.0   48.583  113.286   2204.2    688.0
     1     1    10     4    29    10     0     2   -20.0   49.066  113.103   2208.7    683.0
     1     1    10     4    29     9     0     3   -21.0   49.511  112.904   2200.4    681.8
     1     1    10     4    29     8     0     2   -22.0   49.927  112.715   2183.5    678.6
     1     1    10     4    29     7     0     1   -23.0   50.322  112.562   2170.3    676.6
     1     1    10     4    29     6     0     0   -24.0   50.695  112.447   2150.4    680.2
     1     1    10     4    29     5     0     1   -25.0   51.044  112.358   2125.7    686.7
     1     1    10     4    29     4     0     2   -26.0   51.370  112.281   2110.2    687.8
     1     1    10     4    29     3     0     3   -27.0   51.685  112.224   2117.7    685.0
     1     1    10     4    29     2     0     2   -28.0   51.996  112.187   2140.4    680.5
     1     1    10     4    29     1     0     1   -29.0   52.309  112.165   2169.1    678.6
     1     1    10     4    29     0     0     0   -30.0   52.622  112.148   2188.2    678.0
     1     1    10     4    28    23     0     1   -31.0   52.938  112.141   2200.2    679.1
     1     1    10     4    28    22     0     2   -32.0   53.261  112.149   2206.6    670.2
     1     1    10     4    28    21     0     3   -33.0   53.588  112.169   2220.2    658.0
     1     1    10     4    28    20     0     2   -34.0   53.918  112.189   2239.1    645.9
     1     1    10     4    28    19     0     1   -35.0   54.247  112.196   2270.8    642.5
     1     1    10     4    28    18     0     0   -36.0   54.571  112.197   2309.9    641.5
     1     1    10     4    28    17     0     1   -37.0   54.888  112.194   2348.9    639.9
     1     1    10     4    28    16     0     2   -38.0   55.194  112.180   2394.3    643.2
     1     1    10     4    28    15     0     3   -39.0   55.490  112.157   2455.3    647.7
     1     1    10     4    28    14     0     2   -40.0   55.784  112.121   2543.0    650.8
     1     1    10     4    28    13     0     1   -41.0   56.083  112.070   2660.3    648.6
     1     1    10     4    28    12     0     0   -42.0   56.398  112.010   2786.6    637.3
     1     1    10     4    28    11     0     1   -43.0   56.739  111.938   2912.1    623.9
     1     1    10     4    28    10     0     2   -44.0   57.116  111.850   3038.0    614.5
     1     1    10     4    28     9     0     3   -45.0   57.526  111.723   3178.4    612.9
     1     1    10     4    28     8     0     2   -46.0   57.949  111.513   3305.2    613.0
     1     1    10     4    28     7     0     1   -47.0   58.378  111.212   3388.6    616.8
     1     1    10     4    28     6     0     0   -48.0   58.827  110.853   3437.4    620.0
     1     1    10     4    28     5     0     1   -49.0   59.281  110.410   3465.4    619.9
     1     1    10     4    28     4     0     2   -50.0   59.724  109.842   3480.7    619.2
     1     1    10     4    28     3     0     3   -51.0   60.158  109.168   3477.1    620.7
     1     1    10     4    28     2     0     2   -52.0   60.573  108.426   3461.0    625.6
     1     1    10     4    28     1     0     1   -53.0   60.963  107.628   3450.2    628.2
     1     1    10     4    28     0     0     0   -54.0   61.351  106.787   3467.5    625.6
     1     1    10     4    27    23     0     1   -55.0   61.763  105.915   3517.9    618.9
     1     1    10     4    27    22     0     2   -56.0   62.187  104.973   3577.9    611.7
     1     1    10     4    27    21     0     3   -57.0   62.629  103.954   3634.8    606.4
     1     1    10     4    27    20     0     2   -58.0   63.108  102.870   3691.0    600.2
     1     1    10     4    27    19     0     1   -59.0   63.594  101.664   3729.3    594.5
     1     1    10     4    27    18     0     0   -60.0   64.070  100.335   3770.8    592.1
     1     1    10     4    27    17     0     1   -61.0   64.549   98.865   3792.2    582.6
     1     1    10     4    27    16     0     2   -62.0   65.001   97.245   3799.4    578.5
     1     1    10     4    27    15     0     3   -63.0   65.387   95.527   3820.3    578.8
     1     1    10     4    27    14     0     2   -64.0   65.695   93.674   3778.1    585.0
     1     1    10     4    27    13     0     1   -65.0   65.941   91.660   3742.9    601.8
     1     1    10     4    27    12     0     0   -66.0   66.145   89.675   3717.5    604.7
     1     1    10     4    27    11     0     1   -67.0   66.277   87.694   3675.0    626.9
     1     1    10     4    27    10     0     2   -68.0   66.302   85.783   3595.7    635.3
     1     1    10     4    27     9     0     3   -69.0   66.291   83.952   3576.5    636.4
     1     1    10     4    27     8     0     2   -70.0   66.248   82.175   3516.9    643.3
     1     1    10     4    27     7     0     1   -71.0   66.137   80.496   3411.8    651.9
     1     1    10     4    27     6     0     0   -72.0   65.993   78.908   3376.2    653.8
     1     1    10     4    27     5     0     1   -73.0   65.835   77.344   3392.1    652.6
     1     1    10     4    27     4     0     2   -74.0   65.633   75.830   3372.0    651.5
     1     1    10     4    27     3     0     3   -75.0   65.395   74.381   3344.8    655.4
     1     1    10     4    27     2     0     2   -76.0   65.136   72.986   3319.1    661.0
     1     1    10     4    27     1     0     1   -77.0   64.885   71.743   3300.0    660.0
     1     1    10     4    27     0     0     0   -78.0   64.639   70.641   3304.2    658.3
     1     1    10     4    26    23     0     1   -79.0   64.364   69.560   3299.8    658.1
     1     1    10     4    26    22     0     2   -80.0   64.066   68.490   3274.5    659.4
     1     1    10     4    26    21     0     3   -81.0   63.798   67.474   3253.8    660.9
     1     1    10     4    26    20     0     2   -82.0   63.523   66.477   3251.6    662.1
     1     1    10     4    26    19     0     1   -83.0   63.221   65.567   3228.8    665.7
     1     1    10     4    26    18     0     0   -84.0   62.938   64.759   3210.5    668.9
     1     1    10     4    26    17     0     1   -85.0   62.662   63.998   3191.7    669.9
     1     1    10     4    26    16     0     2   -86.0   62.374   63.308   3153.4    669.4
     1     1    10     4    26    15     0     3   -87.0   62.102   62.698   3137.7    670.6
     1     1    10     4    26    14     0     2   -88.0   61.833   62.090   3141.6    671.3
     1     1    10     4    26    13     0     1   -89.0   61.556   61.470   3144.0    672.1
     1     1    10     4    26    12     0     0   -90.0   61.280   60.876   3141.2    669.0
     1     1    10     4    26    11     0     1   -91.0   60.985   60.282   3098.3    659.8
     1     1    10     4    26    10     0     2   -92.0   60.664   59.677   3051.6    659.3
     1     1    10     4    26     9     0     3   -93.0   60.322   59.048   3052.6    647.4
     1     1    10     4    26     8     0     2   -94.0   59.954   58.384   3114.3    645.4
     1     1    10     4    26     7     0     1   -95.0   59.581   57.719   3169.9    650.5
     1     1    10     4    26     6     0     0   -96.0   59.209   57.054   3206.5    657.9
