     7     1
    GDAS    10     3    22     0     0
    GDAS    10     4     8     0     0
    GDAS    10     4    15     0     0
    GDAS    10     4    22     0     0
    GDAS    10     4    29     0     0
    GDAS    10     4     1     0     0
    GDAS    10     3    29     0     0
     1 BACKWARD OMEGA   
    10     4    24    12   39.977  116.381  7400.0
     1 PRESSURE
     1     1    10     4    24    12     0     0     0.0   39.977  116.381   7160.2    391.1
     1     1    10     4    24    11     0     1    -1.0   40.249  115.526   6972.5    364.4
     1     1    10     4    24    10     0     2    -2.0   40.516  114.489   6842.4    353.7
     1     1    10     4    24     9     0     3    -3.0   40.780  113.278   6885.0    336.5
     1     1    10     4    24     8     0     2    -4.0   40.937  111.973   6745.6    342.1
     1     1    10     4    24     7     0     1    -5.0   40.991  110.648   6710.5    341.0
     1     1    10     4    24     6     0     0    -6.0   40.983  109.291   6813.9    352.6
     1     1    10     4    24     5     0     1    -7.0   40.914  108.009   6892.9    365.4
     1     1    10     4    24     4     0     2    -8.0   40.808  106.815   6716.2    354.4
     1     1    10     4    24     3     0     3    -9.0   40.664  105.716   6615.7    363.7
     1     1    10     4    24     2     0     2   -10.0   40.493  104.684   6549.7    367.3
     1     1    10     4    24     1     0     1   -11.0   40.321  103.686   6465.4    366.3
     1     1    10     4    24     0     0     0   -12.0   40.149  102.732   6364.0    373.1
     1     1    10     4    23    23     0     1   -13.0   39.997  101.814   6319.7    381.8
     1     1    10     4    23    22     0     2   -14.0   39.859  100.907   6303.6    377.6
     1     1    10     4    23    21     0     3   -15.0   39.729  100.004   6286.5    368.7
     1     1    10     4    23    20     0     2   -16.0   39.634   99.052   6174.0    353.8
     1     1    10     4    23    19     0     1   -17.0   39.591   97.990   5996.8    332.0
     1     1    10     4    23    18     0     0   -18.0   39.579   96.894   5813.1    328.2
     1     1    10     4    23    17     0     1   -19.0   39.601   95.873   5681.7    344.8
     1     1    10     4    23    16     0     2   -20.0   39.638   94.967   5698.5    368.0
     1     1    10     4    23    15     0     3   -21.0   39.695   94.189   5738.4    387.0
     1     1    10     4    23    14     0     2   -22.0   39.774   93.514   5779.8    400.2
     1     1    10     4    23    13     0     1   -23.0   39.856   92.895   5832.5    410.5
     1     1    10     4    23    12     0     0   -24.0   39.939   92.326   5930.4    417.6
     1     1    10     4    23    11     0     1   -25.0   40.018   91.801   6026.7    418.5
     1     1    10     4    23    10     0     2   -26.0   40.085   91.309   6071.3    419.0
     1     1    10     4    23     9     0     3   -27.0   40.132   90.847   6099.3    420.6
     1     1    10     4    23     8     0     2   -28.0   40.176   90.424   6105.2    421.2
     1     1    10     4    23     7     0     1   -29.0   40.234   90.045   6086.5    422.3
     1     1    10     4    23     6     0     0   -30.0   40.305   89.700   6043.2    422.3
     1     1    10     4    23     5     0     1   -31.0   40.374   89.364   5991.1    422.8
     1     1    10     4    23     4     0     2   -32.0   40.418   89.020   5930.0    424.2
     1     1    10     4    23     3     0     3   -33.0   40.429   88.659   5856.7    428.0
     1     1    10     4    23     2     0     2   -34.0   40.415   88.303   5774.4    433.7
     1     1    10     4    23     1     0     1   -35.0   40.380   87.979   5690.4    439.2
     1     1    10     4    23     0     0     0   -36.0   40.321   87.698   5613.6    446.6
     1     1    10     4    22    23     0     1   -37.0   40.249   87.473   5549.6    452.7
     1     1    10     4    22    22     0     2   -38.0   40.176   87.306   5503.2    456.4
     1     1    10     4    22    21     0     3   -39.0   40.101   87.194   5471.3    458.9
     1     1    10     4    22    20     0     2   -40.0   40.031   87.120   5446.6    460.6
     1     1    10     4    22    19     0     1   -41.0   39.978   87.067   5422.5    462.4
     1     1    10     4    22    18     0     0   -42.0   39.942   87.036   5398.5    464.2
     1     1    10     4    22    17     0     1   -43.0   39.922   87.008   5372.3    465.8
     1     1    10     4    22    16     0     2   -44.0   39.916   86.967   5340.0    467.8
     1     1    10     4    22    15     0     3   -45.0   39.924   86.914   5300.5    470.3
     1     1    10     4    22    14     0     2   -46.0   39.939   86.854   5264.3    473.3
     1     1    10     4    22    13     0     1   -47.0   39.958   86.783   5244.5    474.6
     1     1    10     4    22    12     0     0   -48.0   39.980   86.700   5243.6    474.7
     1     1    10     4    22    11     0     1   -49.0   39.988   86.597   5254.2    473.3
     1     1    10     4    22    10     0     2   -50.0   39.969   86.465   5263.4    472.3
     1     1    10     4    22     9     0     3   -51.0   39.922   86.293   5266.8    471.4
     1     1    10     4    22     8     0     2   -52.0   39.851   86.102   5264.5    470.9
     1     1    10     4    22     7     0     1   -53.0   39.763   85.925   5259.6    470.0
     1     1    10     4    22     6     0     0   -54.0   39.664   85.758   5256.1    468.6
     1     1    10     4    22     5     0     1   -55.0   39.554   85.606   5246.2    467.0
     1     1    10     4    22     4     0     2   -56.0   39.433   85.477   5221.8    467.1
     1     1    10     4    22     3     0     3   -57.0   39.298   85.370   5185.9    468.1
     1     1    10     4    22     2     0     2   -58.0   39.166   85.285   5156.2    469.6
     1     1    10     4    22     1     0     1   -59.0   39.052   85.233   5142.2    469.2
     1     1    10     4    22     0     0     0   -60.0   38.951   85.225   5137.1    468.1
     1     1    10     4    21    23     0     1   -61.0   38.873   85.225   5148.8    466.8
     1     1    10     4    21    22     0     2   -62.0   38.825   85.195   5182.6    463.7
     1     1    10     4    21    21     0     3   -63.0   38.805   85.135   5233.0    460.4
     1     1    10     4    21    20     0     2   -64.0   38.803   85.054   5293.1    457.0
     1     1    10     4    21    19     0     1   -65.0   38.815   84.962   5357.5    453.7
     1     1    10     4    21    18     0     0   -66.0   38.844   84.866   5427.9    449.8
     1     1    10     4    21    17     0     1   -67.0   38.901   84.738   5492.2    445.3
     1     1    10     4    21    16     0     2   -68.0   38.996   84.559   5533.0    443.2
     1     1    10     4    21    15     0     3   -69.0   39.125   84.343   5549.9    442.9
     1     1    10     4    21    14     0     2   -70.0   39.272   84.114   5578.7    443.5
     1     1    10     4    21    13     0     1   -71.0   39.425   83.869   5641.9    440.0
     1     1    10     4    21    12     0     0   -72.0   39.582   83.598   5724.3    435.3
     1     1    10     4    21    11     0     1   -73.0   39.735   83.323   5814.7    430.3
     1     1    10     4    21    10     0     2   -74.0   39.881   83.063   5913.5    425.0
     1     1    10     4    21     9     0     3   -75.0   40.018   82.802   6022.8    418.8
     1     1    10     4    21     8     0     2   -76.0   40.150   82.550   6134.5    411.7
     1     1    10     4    21     7     0     1   -77.0   40.289   82.331   6243.6    405.2
     1     1    10     4    21     6     0     0   -78.0   40.443   82.150   6350.6    398.9
     1     1    10     4    21     5     0     1   -79.0   40.621   81.984   6455.6    392.5
     1     1    10     4    21     4     0     2   -80.0   40.825   81.809   6560.3    386.4
     1     1    10     4    21     3     0     3   -81.0   41.055   81.624   6645.5    377.2
     1     1    10     4    21     2     0     2   -82.0   41.300   81.436   6657.3    354.1
     1     1    10     4    21     1     0     1   -83.0   41.560   81.206   6660.9    319.1
     1     1    10     4    21     0     0     0   -84.0   41.849   80.851   6610.2    273.9
     1     1    10     4    20    23     0     1   -85.0   42.176   80.390   6787.3    254.0
     1     1    10     4    20    22     0     2   -86.0   42.532   79.982   7201.2    258.2
     1     1    10     4    20    21     0     3   -87.0   42.907   79.679   7680.1    267.4
     1     1    10     4    20    20     0     2   -88.0   43.282   79.482   8075.9    277.5
     1     1    10     4    20    19     0     1   -89.0   43.648   79.396   8362.8    290.6
     1     1    10     4    20    18     0     0   -90.0   44.020   79.424   8593.4    304.5
     1     1    10     4    20    17     0     1   -91.0   44.422   79.485   8411.8    285.0
     1     1    10     4    20    16     0     2   -92.0   44.849   79.484   8218.5    261.1
     1     1    10     4    20    15     0     3   -93.0   45.291   79.455   8396.5    266.3
     1     1    10     4    20    14     0     2   -94.0   45.756   79.429   8806.4    284.8
     1     1    10     4    20    13     0     1   -95.0   46.258   79.401   9128.6    288.8
     1     1    10     4    20    12     0     0   -96.0   46.800   79.335   9299.3    281.1
