     5     1
    GDAS    10     3     1     0     0
    GDAS    10     3     8     0     0
    GDAS    10     3    15     0     0
    GDAS    10     3    22     0     0
    GDAS    10     3    29     0     0
     1 BACKWARD OMEGA   
    10     3    24     0   39.977  116.381  7800.0
     1 PRESSURE
     1     1    10     3    24     0     0     0     0.0   39.977  116.381   7553.4    359.4
     1     1    10     3    23    23     0     1    -1.0   39.759  114.039   7168.1    334.0
     1     1    10     3    23    22     0     2    -2.0   39.574  111.585   7314.1    318.0
     1     1    10     3    23    21     0     3    -3.0   39.511  109.070   7420.8    312.9
     1     1    10     3    23    20     0     2    -4.0   39.469  106.529   7490.0    313.6
     1     1    10     3    23    19     0     1    -5.0   39.406  104.094   7490.2    309.3
     1     1    10     3    23    18     0     0    -6.0   39.342  101.791   7283.4    313.5
     1     1    10     3    23    17     0     1    -7.0   39.234   99.550   7068.8    288.3
     1     1    10     3    23    16     0     2    -8.0   39.251   97.364   6784.0    252.6
     1     1    10     3    23    15     0     3    -9.0   39.401   95.301   6939.4    274.8
     1     1    10     3    23    14     0     2   -10.0   39.579   93.379   7143.9    303.3
     1     1    10     3    23    13     0     1   -11.0   39.815   91.587   7389.7    322.9
     1     1    10     3    23    12     0     0   -12.0   40.166   89.904   7662.4    332.2
     1     1    10     3    23    11     0     1   -13.0   40.457   88.222   7631.1    325.5
     1     1    10     3    23    10     0     2   -14.0   40.654   86.552   7721.9    327.8
     1     1    10     3    23     9     0     3   -15.0   40.870   84.868   7781.2    319.5
     1     1    10     3    23     8     0     2   -16.0   40.971   83.025   7875.2    316.2
     1     1    10     3    23     7     0     1   -17.0   40.914   81.264   7876.3    312.7
     1     1    10     3    23     6     0     0   -18.0   40.739   79.644   7808.8    300.5
     1     1    10     3    23     5     0     1   -19.0   40.420   78.103   7364.3    285.4
     1     1    10     3    23     4     0     2   -20.0   39.984   76.614   7247.1    307.3
     1     1    10     3    23     3     0     3   -21.0   39.484   75.230   6485.4    287.9
     1     1    10     3    23     2     0     2   -22.0   39.098   73.880   5748.9    261.1
     1     1    10     3    23     1     0     1   -23.0   38.867   72.487   5666.6    266.8
     1     1    10     3    23     0     0     0   -24.0   38.674   71.187   5914.3    304.3
     1     1    10     3    22    23     0     1   -25.0   38.535   70.113   6049.8    341.4
     1     1    10     3    22    22     0     2   -26.0   38.457   69.228   6137.4    365.7
     1     1    10     3    22    21     0     3   -27.0   38.415   68.458   6209.6    371.3
     1     1    10     3    22    20     0     2   -28.0   38.422   67.710   6262.4    372.5
     1     1    10     3    22    19     0     1   -29.0   38.448   66.960   6428.5    373.3
     1     1    10     3    22    18     0     0   -30.0   38.524   66.273   6771.7    387.0
     1     1    10     3    22    17     0     1   -31.0   38.633   65.679   7060.8    386.9
     1     1    10     3    22    16     0     2   -32.0   38.736   65.164   7273.7    381.5
     1     1    10     3    22    15     0     3   -33.0   38.840   64.666   7512.8    370.5
     1     1    10     3    22    14     0     2   -34.0   38.945   64.191   7738.8    359.1
     1     1    10     3    22    13     0     1   -35.0   39.009   63.753   7921.7    354.1
     1     1    10     3    22    12     0     0   -36.0   39.062   63.290   8167.3    342.0
     1     1    10     3    22    11     0     1   -37.0   39.152   62.729   8452.0    323.1
     1     1    10     3    22    10     0     2   -38.0   39.278   62.153   8682.9    314.8
     1     1    10     3    22     9     0     3   -39.0   39.455   61.640   8867.9    306.9
     1     1    10     3    22     8     0     2   -40.0   39.660   61.155   9034.1    297.6
     1     1    10     3    22     7     0     1   -41.0   39.860   60.679   9191.5    291.0
     1     1    10     3    22     6     0     0   -42.0   40.068   60.287   9344.3    284.9
     1     1    10     3    22     5     0     1   -43.0   40.245   59.905   9459.9    278.7
     1     1    10     3    22     4     0     2   -44.0   40.373   59.485   9524.5    276.8
     1     1    10     3    22     3     0     3   -45.0   40.459   59.086   9553.7    276.4
     1     1    10     3    22     2     0     2   -46.0   40.510   58.692   9558.0    277.4
     1     1    10     3    22     1     0     1   -47.0   40.533   58.285   9535.9    278.9
     1     1    10     3    22     0     0     0   -48.0   40.512   57.897   9473.1    281.9
     1     1    10     3    21    23     0     1   -49.0   40.464   57.519   9395.3    286.9
     1     1    10     3    21    22     0     2   -50.0   40.418   57.131   9340.3    289.2
     1     1    10     3    21    21     0     3   -51.0   40.368   56.726   9295.1    290.7
     1     1    10     3    21    20     0     2   -52.0   40.324   56.296   9268.5    291.7
     1     1    10     3    21    19     0     1   -53.0   40.301   55.849   9272.8    290.7
     1     1    10     3    21    18     0     0   -54.0   40.302   55.395   9296.5    288.4
     1     1    10     3    21    17     0     1   -55.0   40.316   54.897   9316.6    286.1
     1     1    10     3    21    16     0     2   -56.0   40.335   54.333   9328.9    285.6
     1     1    10     3    21    15     0     3   -57.0   40.344   53.729   9339.5    286.8
     1     1    10     3    21    14     0     2   -58.0   40.320   53.106   9342.8    291.3
     1     1    10     3    21    13     0     1   -59.0   40.231   52.457   9281.0    294.7
     1     1    10     3    21    12     0     0   -60.0   40.040   51.775   9189.7    299.3
     1     1    10     3    21    11     0     1   -61.0   39.759   51.102   9102.2    304.7
     1     1    10     3    21    10     0     2   -62.0   39.419   50.458   8997.9    308.4
     1     1    10     3    21     9     0     3   -63.0   38.966   49.803   8855.9    315.0
     1     1    10     3    21     8     0     2   -64.0   38.410   49.043   8523.5    310.3
     1     1    10     3    21     7     0     1   -65.0   37.831   48.032   7783.4    273.2
     1     1    10     3    21     6     0     0   -66.0   37.310   46.830   7693.1    284.5
     1     1    10     3    21     5     0     1   -67.0   36.924   45.644   7713.4    295.1
     1     1    10     3    21     4     0     2   -68.0   36.722   44.510   7881.7    300.8
     1     1    10     3    21     3     0     3   -69.0   36.719   43.584   8168.4    305.2
     1     1    10     3    21     2     0     2   -70.0   36.824   42.890   8393.5    305.6
     1     1    10     3    21     1     0     1   -71.0   36.975   42.401   8562.0    300.8
     1     1    10     3    21     0     0     0   -72.0   37.131   42.076   8669.4    292.8
     1     1    10     3    20    23     0     1   -73.0   37.256   41.801   8738.7    287.7
     1     1    10     3    20    22     0     2   -74.0   37.352   41.523   8804.0    284.1
     1     1    10     3    20    21     0     3   -75.0   37.431   41.273   8854.7    282.7
     1     1    10     3    20    20     0     2   -76.0   37.494   41.044   8889.0    283.5
     1     1    10     3    20    19     0     1   -77.0   37.543   40.813   8885.3    283.2
     1     1    10     3    20    18     0     0   -78.0   37.570   40.580   8862.3    282.7
     1     1    10     3    20    17     0     1   -79.0   37.566   40.320   8837.7    283.0
     1     1    10     3    20    16     0     2   -80.0   37.515   40.006   8823.5    282.9
     1     1    10     3    20    15     0     3   -81.0   37.402   39.627   8819.2    283.6
     1     1    10     3    20    14     0     2   -82.0   37.258   39.201   8828.0    284.2
     1     1    10     3    20    13     0     1   -83.0   37.118   38.759   8857.1    284.8
     1     1    10     3    20    12     0     0   -84.0   36.978   38.308   8893.5    286.8
     1     1    10     3    20    11     0     1   -85.0   36.829   37.848   8869.3    287.8
     1     1    10     3    20    10     0     2   -86.0   36.671   37.370   8801.2    287.9
     1     1    10     3    20     9     0     3   -87.0   36.503   36.873   8771.4    290.9
     1     1    10     3    20     8     0     2   -88.0   36.340   36.355   8783.7    299.0
     1     1    10     3    20     7     0     1   -89.0   36.203   35.824   8720.3    306.5
     1     1    10     3    20     6     0     0   -90.0   36.099   35.283   8633.2    316.0
     1     1    10     3    20     5     0     1   -91.0   36.086   34.771   8564.3    323.1
     1     1    10     3    20     4     0     2   -92.0   36.204   34.333   8492.0    317.8
     1     1    10     3    20     3     0     3   -93.0   36.436   33.975   8408.9    301.6
     1     1    10     3    20     2     0     2   -94.0   36.751   33.657   8371.5    281.2
     1     1    10     3    20     1     0     1   -95.0   37.144   33.400   8382.7    270.1
     1     1    10     3    20     0     0     0   -96.0   37.623   33.270   8545.2    272.9
