     7     1
    GDAS    10     3    22     0     0
    GDAS    10     4     8     0     0
    GDAS    10     4    15     0     0
    GDAS    10     4    22     0     0
    GDAS    10     4    29     0     0
    GDAS    10     4     1     0     0
    GDAS    10     3    29     0     0
     1 BACKWARD OMEGA   
    10     4     5     6   39.977  116.381  4800.0
     1 PRESSURE
     1     1    10     4     5     6     0     0     0.0   39.977  116.381   4558.3    550.4
     1     1    10     4     5     5     0     1    -1.0   40.161  115.198   4214.5    514.5
     1     1    10     4     5     4     0     2    -2.0   40.443  113.930   4137.3    507.6
     1     1    10     4     5     3     0     3    -3.0   40.821  112.515   4118.6    487.9
     1     1    10     4     5     2     0     2    -4.0   41.250  110.955   4261.1    476.2
     1     1    10     4     5     1     0     1    -5.0   41.704  109.395   4419.4    478.2
     1     1    10     4     5     0     0     0    -6.0   42.224  107.771   4657.1    470.3
     1     1    10     4     4    23     0     1    -7.0   42.739  106.214   4826.6    462.6
     1     1    10     4     4    22     0     2    -8.0   43.305  104.683   4710.2    450.1
     1     1    10     4     4    21     0     3    -9.0   43.971  103.148   4819.5    438.5
     1     1    10     4     4    20     0     2   -10.0   44.683  101.632   4896.9    437.9
     1     1    10     4     4    19     0     1   -11.0   45.457  100.202   4836.1    428.0
     1     1    10     4     4    18     0     0   -12.0   46.295   98.812   4995.8    408.9
     1     1    10     4     4    17     0     1   -13.0   47.145   97.405   5115.5    377.6
     1     1    10     4     4    16     0     2   -14.0   48.027   96.099   5385.8    379.0
     1     1    10     4     4    15     0     3   -15.0   48.931   94.917   5681.9    379.4
     1     1    10     4     4    14     0     2   -16.0   49.818   93.829   5934.8    398.9
     1     1    10     4     4    13     0     1   -17.0   50.694   92.784   5866.8    385.3
     1     1    10     4     4    12     0     0   -18.0   51.604   91.761   5887.5    376.9
     1     1    10     4     4    11     0     1   -19.0   52.501   90.753   6099.6    384.3
     1     1    10     4     4    10     0     2   -20.0   53.329   89.737   6206.1    398.9
     1     1    10     4     4     9     0     3   -21.0   54.142   88.709   6190.6    397.9
     1     1    10     4     4     8     0     2   -22.0   54.919   87.623   6260.0    411.5
     1     1    10     4     4     7     0     1   -23.0   55.636   86.478   6289.5    426.3
     1     1    10     4     4     6     0     0   -24.0   56.311   85.283   6206.0    435.6
     1     1    10     4     4     5     0     1   -25.0   56.970   84.027   6080.0    448.1
     1     1    10     4     4     4     0     2   -26.0   57.638   82.718   5952.9    455.9
     1     1    10     4     4     3     0     3   -27.0   58.313   81.328   5857.4    461.5
     1     1    10     4     4     2     0     2   -28.0   58.954   79.784   5761.3    469.8
     1     1    10     4     4     1     0     1   -29.0   59.616   78.151   5707.9    472.8
     1     1    10     4     4     0     0     0   -30.0   60.316   76.442   5646.3    475.8
     1     1    10     4     3    23     0     1   -31.0   60.978   74.662   5535.2    485.6
     1     1    10     4     3    22     0     2   -32.0   61.642   72.943   5456.4    491.4
     1     1    10     4     3    21     0     3   -33.0   62.350   71.283   5409.7    492.0
     1     1    10     4     3    20     0     2   -34.0   63.090   69.620   5395.5    491.7
     1     1    10     4     3    19     0     1   -35.0   63.858   67.964   5394.4    493.7
     1     1    10     4     3    18     0     0   -36.0   64.638   66.328   5403.7    497.5
     1     1    10     4     3    17     0     1   -37.0   65.408   64.718   5416.1    495.6
     1     1    10     4     3    16     0     2   -38.0   66.175   63.137   5398.2    482.5
     1     1    10     4     3    15     0     3   -39.0   66.942   61.605   5448.0    489.9
     1     1    10     4     3    14     0     2   -40.0   67.709   60.095   5463.8    488.3
     1     1    10     4     3    13     0     1   -41.0   68.485   58.597   5514.8    488.0
     1     1    10     4     3    12     0     0   -42.0   69.282   57.134   5555.8    489.4
     1     1    10     4     3    11     0     1   -43.0   70.077   55.632   5592.6    486.2
     1     1    10     4     3    10     0     2   -44.0   70.850   54.039   5634.9    480.3
     1     1    10     4     3     9     0     3   -45.0   71.607   52.328   5679.2    475.3
     1     1    10     4     3     8     0     2   -46.0   72.315   50.472   5730.1    476.4
     1     1    10     4     3     7     0     1   -47.0   72.973   48.542   5736.2    476.1
     1     1    10     4     3     6     0     0   -48.0   73.571   46.536   5717.4    477.3
     1     1    10     4     3     5     0     1   -49.0   74.110   44.392   5680.8    480.0
     1     1    10     4     3     4     0     2   -50.0   74.596   42.152   5651.3    481.8
     1     1    10     4     3     3     0     3   -51.0   75.045   39.843   5617.6    484.1
     1     1    10     4     3     2     0     2   -52.0   75.446   37.491   5575.4    487.1
     1     1    10     4     3     1     0     1   -53.0   75.796   35.117   5530.1    490.4
     1     1    10     4     3     0     0     0   -54.0   76.106   32.809   5488.3    493.5
     1     1    10     4     2    23     0     1   -55.0   76.365   30.531   5460.6    495.6
     1     1    10     4     2    22     0     2   -56.0   76.575   28.273   5446.6    496.1
     1     1    10     4     2    21     0     3   -57.0   76.748   26.085   5446.0    496.9
     1     1    10     4     2    20     0     2   -58.0   76.885   23.936   5454.5    496.5
     1     1    10     4     2    19     0     1   -59.0   76.988   21.780   5489.6    493.1
     1     1    10     4     2    18     0     0   -60.0   77.055   19.628   5586.7    489.8
     1     1    10     4     2    17     0     1   -61.0   77.094   17.462   5610.9    477.1
     1     1    10     4     2    16     0     2   -62.0   77.102   15.224   5652.2    472.7
     1     1    10     4     2    15     0     3   -63.0   77.066   12.984   5736.7    476.5
     1     1    10     4     2    14     0     2   -64.0   77.001   10.775   5776.0    473.5
     1     1    10     4     2    13     0     1   -65.0   76.912    8.570   5821.1    470.5
     1     1    10     4     2    12     0     0   -66.0   76.789    6.354   5877.5    466.5
     1     1    10     4     2    11     0     1   -67.0   76.613    4.143   5943.2    461.5
     1     1    10     4     2    10     0     2   -68.0   76.360    2.003   5998.4    457.5
     1     1    10     4     2     9     0     3   -69.0   76.027   -0.048   6066.0    453.3
     1     1    10     4     2     8     0     2   -70.0   75.607   -1.905   6130.8    447.9
     1     1    10     4     2     7     0     1   -71.0   75.096   -3.387   6184.5    444.0
     1     1    10     4     2     6     0     0   -72.0   74.488   -4.488   6226.8    440.9
     1     1    10     4     2     5     0     1   -73.0   73.809   -5.152   6254.1    438.4
     1     1    10     4     2     4     0     2   -74.0   73.082   -5.294   6224.8    440.2
     1     1    10     4     2     3     0     3   -75.0   72.322   -5.014   6153.0    444.2
     1     1    10     4     2     2     0     2   -76.0   71.591   -4.362   6021.3    452.1
     1     1    10     4     2     1     0     1   -77.0   70.914   -3.365   5791.4    468.6
     1     1    10     4     2     0     0     0   -78.0   70.254   -2.190   5582.6    482.6
     1     1    10     4     1    23     0     1   -79.0   69.623   -0.955   5339.5    497.3
     1     1    10     4     1    22     0     2   -80.0   69.057    0.210   4980.9    524.4
     1     1    10     4     1    21     0     3   -81.0   68.519    1.207   4718.6    545.4
     1     1    10     4     1    20     0     2   -82.0   67.974    2.176   4559.1    554.0
     1     1    10     4     1    19     0     1   -83.0   67.443    3.206   4294.1    574.7
     1     1    10     4     1    18     0     0   -84.0   66.914    4.184   4053.8    596.4
     1     1    10     4     1    17     0     1   -85.0   66.382    5.132   3860.7    608.8
     1     1    10     4     1    16     0     2   -86.0   65.884    6.175   3613.1    631.6
     1     1    10     4     1    15     0     3   -87.0   65.411    7.236   3457.5    644.9
     1     1    10     4     1    14     0     2   -88.0   64.946    8.238   3368.8    651.2
     1     1    10     4     1    13     0     1   -89.0   64.482    9.168   3333.4    655.5
     1     1    10     4     1    12     0     0   -90.0   64.040   10.024   3355.7    643.3
     1     1    10     4     1    11     0     1   -91.0   63.605   10.747   3345.7    624.5
     1     1    10     4     1    10     0     2   -92.0   63.151   11.333   3289.0    608.1
     1     1    10     4     1     9     0     3   -93.0   62.677   11.859   3270.2    593.6
     1     1    10     4     1     8     0     2   -94.0   62.192   12.387   3311.3    595.7
     1     1    10     4     1     7     0     1   -95.0   61.716   12.928   3357.8    601.6
     1     1    10     4     1     6     0     0   -96.0   61.272   13.434   3363.5    612.5
