     7     1
    GDAS    10     3    22     0     0
    GDAS    10     4     8     0     0
    GDAS    10     4    15     0     0
    GDAS    10     4    22     0     0
    GDAS    10     4    29     0     0
    GDAS    10     4     1     0     0
    GDAS    10     3    29     0     0
     1 BACKWARD OMEGA   
    10     4     2    18   39.977  116.381  8800.0
     1 PRESSURE
     1     1    10     4     2    18     0     0     0.0   39.977  116.381   8557.7    310.6
     1     1    10     4     2    17     0     1    -1.0   40.509  115.219   8339.1    277.2
     1     1    10     4     2    16     0     2    -2.0   41.012  113.992   8339.4    269.7
     1     1    10     4     2    15     0     3    -3.0   41.458  112.778   8323.0    263.4
     1     1    10     4     2    14     0     2    -4.0   41.928  111.634   8374.1    267.0
     1     1    10     4     2    13     0     1    -5.0   42.383  110.554   8401.8    273.4
     1     1    10     4     2    12     0     0    -6.0   42.806  109.504   8494.1    269.9
     1     1    10     4     2    11     0     1    -7.0   43.255  108.462   8711.0    266.3
     1     1    10     4     2    10     0     2    -8.0   43.656  107.406   8706.8    263.2
     1     1    10     4     2     9     0     3    -9.0   43.989  106.481   8668.3    256.7
     1     1    10     4     2     8     0     2   -10.0   44.370  105.609   8751.1    252.0
     1     1    10     4     2     7     0     1   -11.0   44.798  104.658   8871.2    249.6
     1     1    10     4     2     6     0     0   -12.0   45.207  103.709   8913.5    246.3
     1     1    10     4     2     5     0     1   -13.0   45.659  102.739   8775.1    238.8
     1     1    10     4     2     4     0     2   -14.0   46.164  101.672   8585.0    228.0
     1     1    10     4     2     3     0     3   -15.0   46.662  100.508   8508.1    223.0
     1     1    10     4     2     2     0     2   -16.0   47.141   99.312   8469.5    221.4
     1     1    10     4     2     1     0     1   -17.0   47.595   98.105   8418.1    219.8
     1     1    10     4     2     0     0     0   -18.0   48.026   96.916   8470.6    224.9
     1     1    10     4     1    23     0     1   -19.0   48.424   95.730   8633.7    234.9
     1     1    10     4     1    22     0     2   -20.0   48.771   94.570   8751.9    242.8
     1     1    10     4     1    21     0     3   -21.0   49.108   93.452   8924.1    252.9
     1     1    10     4     1    20     0     2   -22.0   49.442   92.305   8943.9    245.4
     1     1    10     4     1    19     0     1   -23.0   49.773   91.102   8728.0    228.6
     1     1    10     4     1    18     0     0   -24.0   50.114   89.881   8597.0    223.1
     1     1    10     4     1    17     0     1   -25.0   50.436   88.648   8586.2    224.9
     1     1    10     4     1    16     0     2   -26.0   50.699   87.405   8679.5    234.2
     1     1    10     4     1    15     0     3   -27.0   50.920   86.067   8844.1    243.5
     1     1    10     4     1    14     0     2   -28.0   51.093   84.681   8931.4    249.7
     1     1    10     4     1    13     0     1   -29.0   51.201   83.351   9076.7    262.1
     1     1    10     4     1    12     0     0   -30.0   51.272   82.074   9226.9    275.1
     1     1    10     4     1    11     0     1   -31.0   51.326   80.861   9272.3    279.3
     1     1    10     4     1    10     0     2   -32.0   51.360   79.721   9293.3    280.8
     1     1    10     4     1     9     0     3   -33.0   51.361   78.614   9291.7    282.8
     1     1    10     4     1     8     0     2   -34.0   51.338   77.549   9276.6    284.1
     1     1    10     4     1     7     0     1   -35.0   51.304   76.557   9261.6    283.9
     1     1    10     4     1     6     0     0   -36.0   51.254   75.633   9233.2    282.2
     1     1    10     4     1     5     0     1   -37.0   51.199   74.777   9202.5    280.5
     1     1    10     4     1     4     0     2   -38.0   51.155   73.987   9175.6    279.2
     1     1    10     4     1     3     0     3   -39.0   51.110   73.260   9129.5    278.2
     1     1    10     4     1     2     0     2   -40.0   51.053   72.590   9099.8    280.2
     1     1    10     4     1     1     0     1   -41.0   50.984   71.970   9083.9    284.2
     1     1    10     4     1     0     0     0   -42.0   50.899   71.406   9051.0    287.4
     1     1    10     3    31    23     0     1   -43.0   50.803   70.907   9022.2    290.5
     1     1    10     3    31    22     0     2   -44.0   50.697   70.476   9007.9    291.5
     1     1    10     3    31    21     0     3   -45.0   50.580   70.113   9013.3    291.7
     1     1    10     3    31    20     0     2   -46.0   50.458   69.797   9020.6    291.2
     1     1    10     3    31    19     0     1   -47.0   50.341   69.511   9018.4    291.7
     1     1    10     3    31    18     0     0   -48.0   50.228   69.255   9010.7    292.5
     1     1    10     3    31    17     0     1   -49.0   50.108   69.034   9003.3    293.3
     1     1    10     3    31    16     0     2   -50.0   49.971   68.842   8997.8    293.5
     1     1    10     3    31    15     0     3   -51.0   49.813   68.677   8991.6    293.0
     1     1    10     3    31    14     0     2   -52.0   49.643   68.533   8984.4    291.8
     1     1    10     3    31    13     0     1   -53.0   49.472   68.409   8967.1    290.9
     1     1    10     3    31    12     0     0   -54.0   49.296   68.309   8932.4    290.8
     1     1    10     3    31    11     0     1   -55.0   49.115   68.235   8883.5    291.6
     1     1    10     3    31    10     0     2   -56.0   48.931   68.180   8838.9    293.0
     1     1    10     3    31     9     0     3   -57.0   48.744   68.135   8809.7    295.4
     1     1    10     3    31     8     0     2   -58.0   48.559   68.114   8782.7    297.7
     1     1    10     3    31     7     0     1   -59.0   48.386   68.133   8758.8    300.2
     1     1    10     3    31     6     0     0   -60.0   48.225   68.190   8741.5    302.3
     1     1    10     3    31     5     0     1   -61.0   48.089   68.263   8738.6    303.7
     1     1    10     3    31     4     0     2   -62.0   47.990   68.326   8753.1    303.6
     1     1    10     3    31     3     0     3   -63.0   47.925   68.383   8781.1    302.5
     1     1    10     3    31     2     0     2   -64.0   47.882   68.427   8802.7    300.9
     1     1    10     3    31     1     0     1   -65.0   47.849   68.451   8798.8    301.2
     1     1    10     3    31     0     0     0   -66.0   47.828   68.455   8769.8    302.7
     1     1    10     3    30    23     0     1   -67.0   47.811   68.458   8745.2    305.3
     1     1    10     3    30    22     0     2   -68.0   47.791   68.480   8754.6    305.0
     1     1    10     3    30    21     0     3   -69.0   47.770   68.521   8797.7    303.1
     1     1    10     3    30    20     0     2   -70.0   47.754   68.564   8851.3    299.8
     1     1    10     3    30    19     0     1   -71.0   47.749   68.593   8894.1    298.0
     1     1    10     3    30    18     0     0   -72.0   47.755   68.607   8927.1    296.5
     1     1    10     3    30    17     0     1   -73.0   47.758   68.621   8943.6    295.6
     1     1    10     3    30    16     0     2   -74.0   47.744   68.650   8935.7    296.1
     1     1    10     3    30    15     0     3   -75.0   47.710   68.697   8901.3    298.0
     1     1    10     3    30    14     0     2   -76.0   47.679   68.759   8872.5    301.0
     1     1    10     3    30    13     0     1   -77.0   47.674   68.824   8886.8    300.5
     1     1    10     3    30    12     0     0   -78.0   47.696   68.890   8945.4    297.8
     1     1    10     3    30    11     0     1   -79.0   47.754   68.949   9012.6    293.0
     1     1    10     3    30    10     0     2   -80.0   47.866   68.992   9051.0    290.8
     1     1    10     3    30     9     0     3   -81.0   48.045   69.001   9056.2    290.0
     1     1    10     3    30     8     0     2   -82.0   48.260   68.970   9048.0    290.4
     1     1    10     3    30     7     0     1   -83.0   48.477   68.892   9055.2    289.3
     1     1    10     3    30     6     0     0   -84.0   48.699   68.759   9088.2    286.5
     1     1    10     3    30     5     0     1   -85.0   48.925   68.568   9131.2    281.7
     1     1    10     3    30     4     0     2   -86.0   49.148   68.326   9170.5    278.8
     1     1    10     3    30     3     0     3   -87.0   49.358   68.041   9197.7    278.0
     1     1    10     3    30     2     0     2   -88.0   49.555   67.734   9227.8    278.7
     1     1    10     3    30     1     0     1   -89.0   49.744   67.413   9256.7    278.8
     1     1    10     3    30     0     0     0   -90.0   49.938   67.054   9270.4    279.3
     1     1    10     3    29    23     0     1   -91.0   50.138   66.672   9276.8    282.2
     1     1    10     3    29    22     0     2   -92.0   50.335   66.290   9267.4    285.2
     1     1    10     3    29    21     0     3   -93.0   50.511   65.891   9253.8    287.5
     1     1    10     3    29    20     0     2   -94.0   50.656   65.476   9252.6    289.3
     1     1    10     3    29    19     0     1   -95.0   50.772   65.054   9260.9    290.6
     1     1    10     3    29    18     0     0   -96.0   50.860   64.630   9243.6    290.9
