     7     1
    GDAS    10     3    22     0     0
    GDAS    10     4     8     0     0
    GDAS    10     4    15     0     0
    GDAS    10     4    22     0     0
    GDAS    10     4    29     0     0
    GDAS    10     4     1     0     0
    GDAS    10     3    29     0     0
     1 BACKWARD OMEGA   
    10     4     8     6   39.977  116.381  1600.0
     1 PRESSURE
     1     1    10     4     8     6     0     0     0.0   39.977  116.381   1364.9    830.5
     1     1    10     4     8     5     0     1    -1.0   39.697  116.084   1096.3    859.8
     1     1    10     4     8     4     0     2    -2.0   39.462  115.813    907.6    882.3
     1     1    10     4     8     3     0     3    -3.0   39.240  115.502    828.0    888.3
     1     1    10     4     8     2     0     2    -4.0   39.036  115.132    827.9    889.8
     1     1    10     4     8     1     0     1    -5.0   38.858  114.682    864.8    860.1
     1     1    10     4     8     0     0     0    -6.0   38.690  114.105    954.4    809.9
     1     1    10     4     7    23     0     1    -7.0   38.504  113.454   1100.3    778.0
     1     1    10     4     7    22     0     2    -8.0   38.301  112.840   1262.1    750.7
     1     1    10     4     7    21     0     3    -9.0   38.099  112.285   1393.2    720.7
     1     1    10     4     7    20     0     2   -10.0   37.912  111.774   1468.3    712.9
     1     1    10     4     7    19     0     1   -11.0   37.747  111.287   1525.8    720.9
     1     1    10     4     7    18     0     0   -12.0   37.606  110.832   1571.6    723.8
     1     1    10     4     7    17     0     1   -13.0   37.473  110.413   1574.8    733.3
     1     1    10     4     7    16     0     2   -14.0   37.331  110.028   1527.6    748.2
     1     1    10     4     7    15     0     3   -15.0   37.190  109.655   1480.1    745.5
     1     1    10     4     7    14     0     2   -16.0   37.077  109.279   1523.8    726.9
     1     1    10     4     7    13     0     1   -17.0   37.003  108.904   1656.7    699.4
     1     1    10     4     7    12     0     0   -18.0   36.961  108.530   1820.0    679.9
     1     1    10     4     7    11     0     1   -19.0   36.932  108.181   1950.4    666.8
     1     1    10     4     7    10     0     2   -20.0   36.919  107.877   2042.6    657.3
     1     1    10     4     7     9     0     3   -21.0   36.924  107.621   2093.7    649.9
     1     1    10     4     7     8     0     2   -22.0   36.942  107.395   2089.8    647.3
     1     1    10     4     7     7     0     1   -23.0   36.958  107.182   2015.4    651.0
     1     1    10     4     7     6     0     0   -24.0   36.964  106.977   1872.3    661.8
     1     1    10     4     7     5     0     1   -25.0   36.982  106.789   1707.6    680.1
     1     1    10     4     7     4     0     2   -26.0   37.029  106.618   1543.5    694.7
     1     1    10     4     7     3     0     3   -27.0   37.091  106.456   1374.0    712.4
     1     1    10     4     7     2     0     2   -28.0   37.140  106.304   1241.0    730.7
     1     1    10     4     7     1     0     1   -29.0   37.158  106.183   1167.5    737.8
     1     1    10     4     7     0     0     0   -30.0   37.146  106.107   1140.7    740.0
     1     1    10     4     6    23     0     1   -31.0   37.128  106.057   1131.3    737.7
     1     1    10     4     6    22     0     2   -32.0   37.125  105.999   1111.0    739.8
     1     1    10     4     6    21     0     3   -33.0   37.137  105.925   1084.5    741.6
     1     1    10     4     6    20     0     2   -34.0   37.145  105.827   1078.4    743.3
     1     1    10     4     6    19     0     1   -35.0   37.136  105.708   1108.4    738.9
     1     1    10     4     6    18     0     0   -36.0   37.118  105.568   1174.8    730.6
     1     1    10     4     6    17     0     1   -37.0   37.100  105.420   1265.3    718.2
     1     1    10     4     6    16     0     2   -38.0   37.089  105.275   1365.1    707.1
     1     1    10     4     6    15     0     3   -39.0   37.094  105.130   1475.5    695.2
     1     1    10     4     6    14     0     2   -40.0   37.108  104.988   1564.1    682.9
     1     1    10     4     6    13     0     1   -41.0   37.109  104.860   1600.6    678.0
     1     1    10     4     6    12     0     0   -42.0   37.091  104.748   1599.4    676.3
     1     1    10     4     6    11     0     1   -43.0   37.058  104.675   1601.8    676.3
     1     1    10     4     6    10     0     2   -44.0   37.020  104.646   1642.7    670.6
     1     1    10     4     6     9     0     3   -45.0   36.973  104.652   1718.4    662.9
     1     1    10     4     6     8     0     2   -46.0   36.936  104.665   1799.1    653.8
     1     1    10     4     6     7     0     1   -47.0   36.930  104.658   1863.3    648.5
     1     1    10     4     6     6     0     0   -48.0   36.953  104.635   1914.2    644.6
     1     1    10     4     6     5     0     1   -49.0   36.989  104.587   1954.3    640.8
     1     1    10     4     6     4     0     2   -50.0   37.019  104.500   1981.3    637.5
     1     1    10     4     6     3     0     3   -51.0   37.037  104.380   1993.2    634.8
     1     1    10     4     6     2     0     2   -52.0   37.043  104.241   1995.4    632.8
     1     1    10     4     6     1     0     1   -53.0   37.042  104.095   1992.4    630.2
     1     1    10     4     6     0     0     0   -54.0   37.039  103.936   1977.9    624.5
     1     1    10     4     5    23     0     1   -55.0   37.035  103.738   1956.6    611.4
     1     1    10     4     5    22     0     2   -56.0   37.031  103.478   1945.1    592.1
     1     1    10     4     5    21     0     3   -57.0   37.022  103.146   1951.9    565.6
     1     1    10     4     5    20     0     2   -58.0   37.008  102.756   2002.1    548.1
     1     1    10     4     5    19     0     1   -59.0   36.992  102.352   2083.7    539.2
     1     1    10     4     5    18     0     0   -60.0   36.971  101.957   2157.5    530.6
     1     1    10     4     5    17     0     1   -61.0   36.980  101.566   2159.3    520.8
     1     1    10     4     5    16     0     2   -62.0   37.033  101.205   2004.2    522.3
     1     1    10     4     5    15     0     3   -63.0   37.099  100.965   1716.5    540.3
     1     1    10     4     5    14     0     2   -64.0   37.151  100.854   1413.4    566.6
     1     1    10     4     5    13     0     1   -65.0   37.180  100.802   1149.9    585.7
     1     1    10     4     5    12     0     0   -66.0   37.208  100.793    916.5    601.9
     1     1    10     4     5    11     0     1   -67.0   37.240  100.816    663.8    617.1
     1     1    10     4     5    10     0     2   -68.0   37.282  100.875    374.1    641.5
     1     1    10     4     5     9     0     3   -69.0   37.345  100.946    170.1    666.0
     1     1    10     4     5     8     0     2   -70.0   37.407  101.017     56.4    672.8
     1     1    10     4     5     7     0     1   -71.0   37.439  101.105     15.6    676.5
     1     1    10     4     5     6     0     0   -72.0   37.444  101.192      1.8    680.7
     1     1    10     4     5     5     0     1   -73.0   37.439  101.288      0.0    685.8
     1     1    10     4     5     4     0     2   -74.0   37.445  101.406      0.0    691.8
     1     1    10     4     5     3     0     3   -75.0   37.462  101.541      2.3    698.8
     1     1    10     4     5     2     0     2   -76.0   37.488  101.659      7.6    705.0
     1     1    10     4     5     1     0     1   -77.0   37.515  101.733     10.4    708.8
     1     1    10     4     5     0     0     0   -78.0   37.539  101.762      9.8    710.9
     1     1    10     4     4    23     0     1   -79.0   37.565  101.771      7.3    712.1
     1     1    10     4     4    22     0     2   -80.0   37.602  101.782      3.5    713.3
     1     1    10     4     4    21     0     3   -81.0   37.648  101.797      0.0    714.9
     1     1    10     4     4    20     0     2   -82.0   37.683  101.808      0.0    716.7
     1     1    10     4     4    19     0     1   -83.0   37.681  101.812      0.0    717.1
     1     1    10     4     4    18     0     0   -84.0   37.644  101.811      0.0    716.2
     1     1    10     4     4    17     0     1   -85.0   37.593  101.827      0.0    715.5
     1     1    10     4     4    16     0     2   -86.0   37.553  101.873      0.0    716.8
     1     1    10     4     4    15     0     3   -87.0   37.523  101.951      0.0    719.9
     1     1    10     4     4    14     0     2   -88.0   37.499  102.079      0.0    725.5
     1     1    10     4     4    13     0     1   -89.0   37.479  102.267      0.0    734.1
     1     1    10     4     4    12     0     0   -90.0   37.464  102.504      0.0    745.2
     1     1    10     4     4    11     0     1   -91.0   37.474  102.708      0.0    756.0
     1     1    10     4     4    10     0     2   -92.0   37.527  102.820      0.0    767.3
     1     1    10     4     4     9     0     3   -93.0   37.622  102.869      0.0    781.1
     1     1    10     4     4     8     0     2   -94.0   37.733  102.904      1.6    798.0
     1     1    10     4     4     7     0     1   -95.0   37.827  102.960      2.1    815.3
     1     1    10     4     4     6     0     0   -96.0   37.904  103.028      2.6    830.1
