     7     1
    GDAS    10     3    22     0     0
    GDAS    10     4     8     0     0
    GDAS    10     4    15     0     0
    GDAS    10     4    22     0     0
    GDAS    10     4    29     0     0
    GDAS    10     4     1     0     0
    GDAS    10     3    29     0     0
     1 BACKWARD OMEGA   
    10     4    30    18   39.977  116.381  9200.0
     1 PRESSURE
     1     1    10     4    30    18     0     0     0.0   39.977  116.381   8961.3    299.2
     1     1    10     4    30    17     0     1    -1.0   40.494  115.926   8700.8    285.8
     1     1    10     4    30    16     0     2    -2.0   41.011  115.517   8480.6    275.4
     1     1    10     4    30    15     0     3    -3.0   41.528  115.136   8420.9    275.1
     1     1    10     4    30    14     0     2    -4.0   42.070  114.812   8454.9    272.4
     1     1    10     4    30    13     0     1    -5.0   42.627  114.540   8579.0    272.5
     1     1    10     4    30    12     0     0    -6.0   43.185  114.245   8708.4    274.3
     1     1    10     4    30    11     0     1    -7.0   43.744  113.941   8774.8    271.6
     1     1    10     4    30    10     0     2    -8.0   44.301  113.654   8777.5    268.5
     1     1    10     4    30     9     0     3    -9.0   44.847  113.326   8764.3    266.0
     1     1    10     4    30     8     0     2   -10.0   45.387  113.023   8802.3    267.1
     1     1    10     4    30     7     0     1   -11.0   45.935  112.780   8851.7    266.5
     1     1    10     4    30     6     0     0   -12.0   46.499  112.517   8891.1    264.4
     1     1    10     4    30     5     0     1   -13.0   47.086  112.270   8916.9    261.3
     1     1    10     4    30     4     0     2   -14.0   47.691  112.088   8966.1    260.5
     1     1    10     4    30     3     0     3   -15.0   48.318  111.879   8988.0    259.9
     1     1    10     4    30     2     0     2   -16.0   48.983  111.621   9029.9    258.6
     1     1    10     4    30     1     0     1   -17.0   49.669  111.330   8981.5    248.4
     1     1    10     4    30     0     0     0   -18.0   50.342  110.964   8958.2    249.6
     1     1    10     4    29    23     0     1   -19.0   50.977  110.550   9006.9    257.5
     1     1    10     4    29    22     0     2   -20.0   51.591  110.135   9062.7    262.7
     1     1    10     4    29    21     0     3   -21.0   52.196  109.691   9154.7    261.9
     1     1    10     4    29    20     0     2   -22.0   52.795  109.159   9182.1    255.1
     1     1    10     4    29    19     0     1   -23.0   53.396  108.521   9265.2    261.6
     1     1    10     4    29    18     0     0   -24.0   53.988  107.805   9209.0    261.0
     1     1    10     4    29    17     0     1   -25.0   54.570  107.003   9231.5    262.5
     1     1    10     4    29    16     0     2   -26.0   55.157  106.104   9271.3    260.3
     1     1    10     4    29    15     0     3   -27.0   55.748  105.037   9388.8    261.5
     1     1    10     4    29    14     0     2   -28.0   56.294  103.820   9467.5    263.4
     1     1    10     4    29    13     0     1   -29.0   56.818  102.496   9540.7    263.0
     1     1    10     4    29    12     0     0   -30.0   57.323  101.018   9557.5    264.0
     1     1    10     4    29    11     0     1   -31.0   57.792   99.386   9602.5    266.0
     1     1    10     4    29    10     0     2   -32.0   58.217   97.623   9597.9    265.2
     1     1    10     4    29     9     0     3   -33.0   58.601   95.776   9575.1    264.7
     1     1    10     4    29     8     0     2   -34.0   58.938   93.855   9549.4    263.6
     1     1    10     4    29     7     0     1   -35.0   59.188   91.838   9561.0    269.9
     1     1    10     4    29     6     0     0   -36.0   59.329   89.767   9551.2    274.4
     1     1    10     4    29     5     0     1   -37.0   59.347   87.635   9582.0    272.4
     1     1    10     4    29     4     0     2   -38.0   59.215   85.419   9556.5    273.8
     1     1    10     4    29     3     0     3   -39.0   58.895   83.251   9465.5    278.6
     1     1    10     4    29     2     0     2   -40.0   58.358   81.152   9358.7    283.3
     1     1    10     4    29     1     0     1   -41.0   57.646   79.153   9372.6    280.5
     1     1    10     4    29     0     0     0   -42.0   56.791   77.167   9471.8    275.8
     1     1    10     4    28    23     0     1   -43.0   55.781   75.358   9440.5    277.4
     1     1    10     4    28    22     0     2   -44.0   54.672   73.725   9324.1    282.9
     1     1    10     4    28    21     0     3   -45.0   53.494   72.240   9236.3    286.3
     1     1    10     4    28    20     0     2   -46.0   52.280   70.871   9110.7    282.4
     1     1    10     4    28    19     0     1   -47.0   51.052   69.511   9000.3    288.6
     1     1    10     4    28    18     0     0   -48.0   49.865   68.182   8897.6    292.3
     1     1    10     4    28    17     0     1   -49.0   48.726   66.792   8797.4    293.0
     1     1    10     4    28    16     0     2   -50.0   47.655   65.194   8767.4    307.9
     1     1    10     4    28    15     0     3   -51.0   46.638   63.450   8463.1    328.8
     1     1    10     4    28    14     0     2   -52.0   45.690   61.702   8373.0    334.8
     1     1    10     4    28    13     0     1   -53.0   44.919   59.861   8237.5    343.6
     1     1    10     4    28    12     0     0   -54.0   44.298   57.992   8154.3    344.4
     1     1    10     4    28    11     0     1   -55.0   43.803   56.223   8273.9    335.6
     1     1    10     4    28    10     0     2   -56.0   43.432   54.499   8278.4    336.0
     1     1    10     4    28     9     0     3   -57.0   43.098   52.903   8264.4    338.9
     1     1    10     4    28     8     0     2   -58.0   42.782   51.461   8264.9    346.3
     1     1    10     4    28     7     0     1   -59.0   42.501   50.157   8165.9    350.8
     1     1    10     4    28     6     0     0   -60.0   42.266   49.015   8133.8    361.1
     1     1    10     4    28     5     0     1   -61.0   42.024   47.978   7816.5    333.4
     1     1    10     4    28     4     0     2   -62.0   41.719   47.010   7391.1    299.3
     1     1    10     4    28     3     0     3   -63.0   41.423   46.161   7660.8    329.1
     1     1    10     4    28     2     0     2   -64.0   41.137   45.400   7432.1    341.7
     1     1    10     4    28     1     0     1   -65.0   40.842   44.722   6840.8    344.3
     1     1    10     4    28     0     0     0   -66.0   40.536   44.120   6360.8    361.0
     1     1    10     4    27    23     0     1   -67.0   40.224   43.534   5965.4    378.4
     1     1    10     4    27    22     0     2   -68.0   39.930   42.954   5391.2    391.1
     1     1    10     4    27    21     0     3   -69.0   39.695   42.410   4896.7    435.1
     1     1    10     4    27    20     0     2   -70.0   39.479   41.899   4501.1    451.6
     1     1    10     4    27    19     0     1   -71.0   39.244   41.382   4104.2    482.3
     1     1    10     4    27    18     0     0   -72.0   39.026   40.863   3978.2    512.1
     1     1    10     4    27    17     0     1   -73.0   38.815   40.434   4017.9    503.9
     1     1    10     4    27    16     0     2   -74.0   38.585   40.045   3899.6    535.2
     1     1    10     4    27    15     0     3   -75.0   38.344   39.661   3746.3    557.3
     1     1    10     4    27    14     0     2   -76.0   38.076   39.347   3553.5    577.9
     1     1    10     4    27    13     0     1   -77.0   37.842   39.154   3358.7    604.3
     1     1    10     4    27    12     0     0   -78.0   37.656   39.049   3209.5    620.9
     1     1    10     4    27    11     0     1   -79.0   37.466   38.958   3077.4    635.4
     1     1    10     4    27    10     0     2   -80.0   37.206   38.855   2932.3    656.6
     1     1    10     4    27     9     0     3   -81.0   36.874   38.774   2788.1    683.1
     1     1    10     4    27     8     0     2   -82.0   36.519   38.726   2680.6    701.9
     1     1    10     4    27     7     0     1   -83.0   36.164   38.718   2590.1    712.3
     1     1    10     4    27     6     0     0   -84.0   35.809   38.761   2461.2    722.7
     1     1    10     4    27     5     0     1   -85.0   35.445   38.813   2276.8    730.3
     1     1    10     4    27     4     0     2   -86.0   35.055   38.834   2023.6    744.7
     1     1    10     4    27     3     0     3   -87.0   34.613   38.818   1750.8    769.6
     1     1    10     4    27     2     0     2   -88.0   34.133   38.780   1554.1    788.7
     1     1    10     4    27     1     0     1   -89.0   33.654   38.750   1418.4    792.5
     1     1    10     4    27     0     0     0   -90.0   33.161   38.762   1304.0    796.6
     1     1    10     4    26    23     0     1   -91.0   32.678   38.809   1219.3    799.7
     1     1    10     4    26    22     0     2   -92.0   32.244   38.893   1157.8    798.8
     1     1    10     4    26    21     0     3   -93.0   31.863   39.064   1121.7    800.3
     1     1    10     4    26    20     0     2   -94.0   31.536   39.324   1116.9    805.6
     1     1    10     4    26    19     0     1   -95.0   31.271   39.654   1140.3    807.5
     1     1    10     4    26    18     0     0   -96.0   31.092   40.019   1188.5    804.8
