     7     1
    GDAS    10     3    22     0     0
    GDAS    10     4     8     0     0
    GDAS    10     4    15     0     0
    GDAS    10     4    22     0     0
    GDAS    10     4    29     0     0
    GDAS    10     4     1     0     0
    GDAS    10     3    29     0     0
     1 BACKWARD OMEGA   
    10     4     4    18   39.977  116.381  2400.0
     1 PRESSURE
     1     1    10     4     4    18     0     0     0.0   39.977  116.381   2164.1    754.5
     1     1    10     4     4    17     0     1    -1.0   39.846  116.002   1812.4    783.4
     1     1    10     4     4    16     0     2    -2.0   39.706  115.658   1542.9    795.1
     1     1    10     4     4    15     0     3    -3.0   39.546  115.343   1359.1    800.9
     1     1    10     4     4    14     0     2    -4.0   39.362  115.105   1198.6    817.3
     1     1    10     4     4    13     0     1    -5.0   39.165  114.980   1031.7    847.4
     1     1    10     4     4    12     0     0    -6.0   38.949  114.982    844.3    884.7
     1     1    10     4     4    11     0     1    -7.0   38.725  115.102    673.4    918.2
     1     1    10     4     4    10     0     2    -8.0   38.542  115.274    575.8    936.2
     1     1    10     4     4     9     0     3    -9.0   38.427  115.445    542.3    941.6
     1     1    10     4     4     8     0     2   -10.0   38.376  115.583    546.9    940.6
     1     1    10     4     4     7     0     1   -11.0   38.376  115.681    567.6    937.8
     1     1    10     4     4     6     0     0   -12.0   38.417  115.746    592.9    935.0
     1     1    10     4     4     5     0     1   -13.0   38.480  115.792    617.7    932.9
     1     1    10     4     4     4     0     2   -14.0   38.551  115.832    639.9    931.3
     1     1    10     4     4     3     0     3   -15.0   38.635  115.874    659.0    930.2
     1     1    10     4     4     2     0     2   -16.0   38.735  115.894    656.9    928.6
     1     1    10     4     4     1     0     1   -17.0   38.855  115.874    611.2    933.4
     1     1    10     4     4     0     0     0   -18.0   39.013  115.854    527.4    942.1
     1     1    10     4     3    23     0     1   -19.0   39.164  115.818    449.8    946.4
     1     1    10     4     3    22     0     2   -20.0   39.255  115.745    395.2    943.1
     1     1    10     4     3    21     0     3   -21.0   39.309  115.654    352.1    939.7
     1     1    10     4     3    20     0     2   -22.0   39.334  115.559    315.0    936.7
     1     1    10     4     3    19     0     1   -23.0   39.323  115.464    277.2    936.2
     1     1    10     4     3    18     0     0   -24.0   39.272  115.363    237.1    939.5
     1     1    10     4     3    17     0     1   -25.0   39.187  115.254    210.6    946.5
     1     1    10     4     3    16     0     2   -26.0   39.080  115.143    190.6    953.5
     1     1    10     4     3    15     0     3   -27.0   38.972  115.049    167.1    961.7
     1     1    10     4     3    14     0     2   -28.0   38.857  114.990    133.5    967.1
     1     1    10     4     3    13     0     1   -29.0   38.708  114.981     90.2    976.5
     1     1    10     4     3    12     0     0   -30.0   38.518  115.007     46.2    991.0
     1     1    10     4     3    11     0     1   -31.0   38.295  115.029     21.7   1003.6
     1     1    10     4     3    10     0     2   -32.0   38.028  115.038     12.2   1012.7
     1     1    10     4     3     9     0     3   -33.0   37.742  115.047      9.7   1014.5
     1     1    10     4     3     8     0     2   -34.0   37.464  115.042      9.8   1015.2
     1     1    10     4     3     7     0     1   -35.0   37.187  115.017     12.3   1015.3
     1     1    10     4     3     6     0     0   -36.0   36.898  114.982     17.8   1012.6
     1     1    10     4     3     5     0     1   -37.0   36.614  114.951     21.5   1011.1
     1     1    10     4     3     4     0     2   -38.0   36.345  114.930     21.3   1011.2
     1     1    10     4     3     3     0     3   -39.0   36.078  114.918     19.2   1011.7
     1     1    10     4     3     2     0     2   -40.0   35.823  114.920     16.4   1012.5
     1     1    10     4     3     1     0     1   -41.0   35.598  114.941     13.1   1013.7
     1     1    10     4     3     0     0     0   -42.0   35.404  114.979      9.8   1014.5
     1     1    10     4     2    23     0     1   -43.0   35.234  115.027      6.6   1013.0
     1     1    10     4     2    22     0     2   -44.0   35.085  115.081      3.5   1011.4
     1     1    10     4     2    21     0     3   -45.0   34.956  115.139      0.6   1011.0
     1     1    10     4     2    20     0     2   -46.0   34.840  115.197      0.0   1011.9
     1     1    10     4     2    19     0     1   -47.0   34.726  115.247      0.0   1012.9
     1     1    10     4     2    18     0     0   -48.0   34.614  115.288      0.0   1013.9
     1     1    10     4     2    17     0     1   -49.0   34.503  115.317      0.0   1014.5
     1     1    10     4     2    16     0     2   -50.0   34.392  115.336      0.0   1015.0
     1     1    10     4     2    15     0     3   -51.0   34.279  115.346      0.0   1015.5
     1     1    10     4     2    14     0     2   -52.0   34.164  115.350      0.2   1015.0
     1     1    10     4     2    13     0     1   -53.0   34.044  115.347      1.3   1014.5
     1     1    10     4     2    12     0     0   -54.0   33.924  115.337      3.2   1013.9
     1     1    10     4     2    11     0     1   -55.0   33.818  115.329      5.3   1014.1
     1     1    10     4     2    10     0     2   -56.0   33.740  115.321      6.9   1014.2
     1     1    10     4     2     9     0     3   -57.0   33.688  115.312      8.2   1014.3
     1     1    10     4     2     8     0     2   -58.0   33.657  115.295      9.2   1014.9
     1     1    10     4     2     7     0     1   -59.0   33.643  115.267      9.7   1015.5
     1     1    10     4     2     6     0     0   -60.0   33.642  115.228      9.7   1016.1
     1     1    10     4     2     5     0     1   -61.0   33.648  115.183      9.4   1016.7
     1     1    10     4     2     4     0     2   -62.0   33.651  115.138      9.1   1017.2
     1     1    10     4     2     3     0     3   -63.0   33.653  115.094      8.8   1017.7
     1     1    10     4     2     2     0     2   -64.0   33.653  115.053      8.4   1017.8
     1     1    10     4     2     1     0     1   -65.0   33.650  115.014      8.0   1018.0
     1     1    10     4     2     0     0     0   -66.0   33.644  114.979      7.6   1018.0
     1     1    10     4     1    23     0     1   -67.0   33.635  114.936      7.3   1017.4
     1     1    10     4     1    22     0     2   -68.0   33.625  114.878      7.1   1016.8
     1     1    10     4     1    21     0     3   -69.0   33.615  114.804      7.2   1016.1
     1     1    10     4     1    20     0     2   -70.0   33.604  114.724      7.4   1015.7
     1     1    10     4     1    19     0     1   -71.0   33.591  114.648      7.8   1015.4
     1     1    10     4     1    18     0     0   -72.0   33.575  114.574      8.2   1015.1
     1     1    10     4     1    17     0     1   -73.0   33.550  114.509      8.7   1014.4
     1     1    10     4     1    16     0     2   -74.0   33.505  114.461      9.0   1013.7
     1     1    10     4     1    15     0     3   -75.0   33.439  114.429      9.2   1013.0
     1     1    10     4     1    14     0     2   -76.0   33.352  114.423      9.4   1012.2
     1     1    10     4     1    13     0     1   -77.0   33.247  114.453     10.0   1011.5
     1     1    10     4     1    12     0     0   -78.0   33.132  114.517     11.2   1011.2
     1     1    10     4     1    11     0     1   -79.0   33.055  114.592     13.3   1011.3
     1     1    10     4     1    10     0     2   -80.0   33.055  114.656     15.2   1011.5
     1     1    10     4     1     9     0     3   -81.0   33.127  114.708     16.3   1011.7
     1     1    10     4     1     8     0     2   -82.0   33.246  114.758     16.8   1012.4
     1     1    10     4     1     7     0     1   -83.0   33.391  114.811     17.0   1013.1
     1     1    10     4     1     6     0     0   -84.0   33.564  114.868     16.7   1014.0
     1     1    10     4     1     5     0     1   -85.0   33.759  114.927     15.9   1014.1
     1     1    10     4     1     4     0     2   -86.0   33.976  114.985     14.5   1014.1
     1     1    10     4     1     3     0     3   -87.0   34.216  115.042     12.8   1013.4
     1     1    10     4     1     2     0     2   -88.0   34.455  115.104     11.6   1012.8
     1     1    10     4     1     1     0     1   -89.0   34.676  115.177     10.9   1012.5
     1     1    10     4     1     0     0     0   -90.0   34.886  115.263     10.8   1012.4
     1     1    10     3    31    23     0     1   -91.0   35.097  115.348     10.9   1012.1
     1     1    10     3    31    22     0     2   -92.0   35.316  115.417     11.0   1012.1
     1     1    10     3    31    21     0     3   -93.0   35.542  115.477     11.0   1011.6
     1     1    10     3    31    20     0     2   -94.0   35.764  115.531     11.3   1011.6
     1     1    10     3    31    19     0     1   -95.0   35.971  115.576     12.7   1011.0
     1     1    10     3    31    18     0     0   -96.0   36.165  115.606     15.2   1010.6
