     7     1
    GDAS    10     3    22     0     0
    GDAS    10     4     8     0     0
    GDAS    10     4    15     0     0
    GDAS    10     4    22     0     0
    GDAS    10     4    29     0     0
    GDAS    10     4     1     0     0
    GDAS    10     3    29     0     0
     1 BACKWARD OMEGA   
    10     4    25     6   39.977  116.381  4800.0
     1 PRESSURE
     1     1    10     4    25     6     0     0     0.0   39.977  116.381   4564.9    556.4
     1     1    10     4    25     5     0     1    -1.0   39.482  115.847   4509.2    559.3
     1     1    10     4    25     4     0     2    -2.0   39.016  115.319   4502.7    567.9
     1     1    10     4    25     3     0     3    -3.0   38.606  114.808   4489.5    559.4
     1     1    10     4    25     2     0     2    -4.0   38.252  114.308   4461.1    545.0
     1     1    10     4    25     1     0     1    -5.0   37.937  113.795   4434.3    532.9
     1     1    10     4    25     0     0     0    -6.0   37.660  113.288   4302.0    517.7
     1     1    10     4    24    23     0     1    -7.0   37.436  112.807   4104.4    519.9
     1     1    10     4    24    22     0     2    -8.0   37.242  112.368   3963.1    532.2
     1     1    10     4    24    21     0     3    -9.0   37.054  111.988   3904.7    542.6
     1     1    10     4    24    20     0     2   -10.0   36.878  111.656   3884.1    544.3
     1     1    10     4    24    19     0     1   -11.0   36.720  111.357   3856.8    547.9
     1     1    10     4    24    18     0     0   -12.0   36.573  111.077   3801.1    553.2
     1     1    10     4    24    17     0     1   -13.0   36.444  110.816   3723.9    561.9
     1     1    10     4    24    16     0     2   -14.0   36.332  110.578   3662.8    568.6
     1     1    10     4    24    15     0     3   -15.0   36.229  110.349   3665.8    568.5
     1     1    10     4    24    14     0     2   -16.0   36.143  110.099   3743.9    558.1
     1     1    10     4    24    13     0     1   -17.0   36.089  109.803   3845.8    543.3
     1     1    10     4    24    12     0     0   -18.0   36.064  109.465   3885.9    533.7
     1     1    10     4    24    11     0     1   -19.0   36.045  109.108   3880.1    534.4
     1     1    10     4    24    10     0     2   -20.0   36.030  108.723   3906.0    532.1
     1     1    10     4    24     9     0     3   -21.0   36.041  108.310   3949.4    526.1
     1     1    10     4    24     8     0     2   -22.0   36.066  107.906   3960.0    522.5
     1     1    10     4    24     7     0     1   -23.0   36.077  107.531   3959.2    521.6
     1     1    10     4    24     6     0     0   -24.0   36.085  107.147   4002.4    514.6
     1     1    10     4    24     5     0     1   -25.0   36.097  106.722   4064.6    500.7
     1     1    10     4    24     4     0     2   -26.0   36.122  106.237   4138.0    483.9
     1     1    10     4    24     3     0     3   -27.0   36.156  105.709   4264.4    470.6
     1     1    10     4    24     2     0     2   -28.0   36.201  105.153   4410.2    457.7
     1     1    10     4    24     1     0     1   -29.0   36.250  104.590   4506.8    449.4
     1     1    10     4    24     0     0     0   -30.0   36.285  104.043   4551.0    444.5
     1     1    10     4    23    23     0     1   -31.0   36.323  103.486   4556.9    434.2
     1     1    10     4    23    22     0     2   -32.0   36.387  102.887   4565.4    414.5
     1     1    10     4    23    21     0     3   -33.0   36.479  102.224   4543.8    391.4
     1     1    10     4    23    20     0     2   -34.0   36.593  101.469   4521.4    380.9
     1     1    10     4    23    19     0     1   -35.0   36.718  100.655   4429.3    380.0
     1     1    10     4    23    18     0     0   -36.0   36.845   99.852   4390.4    377.7
     1     1    10     4    23    17     0     1   -37.0   36.977   99.001   4526.1    363.1
     1     1    10     4    23    16     0     2   -38.0   37.133   98.089   4729.0    353.7
     1     1    10     4    23    15     0     3   -39.0   37.318   97.225   4831.3    352.7
     1     1    10     4    23    14     0     2   -40.0   37.487   96.374   4835.4    341.8
     1     1    10     4    23    13     0     1   -41.0   37.598   95.543   4834.3    347.1
     1     1    10     4    23    12     0     0   -42.0   37.670   94.748   4968.7    360.3
     1     1    10     4    23    11     0     1   -43.0   37.737   93.957   5227.4    368.9
     1     1    10     4    23    10     0     2   -44.0   37.812   93.193   5325.8    358.3
     1     1    10     4    23     9     0     3   -45.0   37.901   92.474   5376.5    356.8
     1     1    10     4    23     8     0     2   -46.0   37.995   91.790   5412.4    354.4
     1     1    10     4    23     7     0     1   -47.0   38.076   91.143   5328.9    342.1
     1     1    10     4    23     6     0     0   -48.0   38.164   90.557   5240.6    336.4
     1     1    10     4    23     5     0     1   -49.0   38.255   90.022   5175.2    336.5
     1     1    10     4    23     4     0     2   -50.0   38.326   89.518   5151.1    339.2
     1     1    10     4    23     3     0     3   -51.0   38.394   89.060   5177.1    343.9
     1     1    10     4    23     2     0     2   -52.0   38.457   88.628   5266.8    356.3
     1     1    10     4    23     1     0     1   -53.0   38.504   88.205   5366.0    370.7
     1     1    10     4    23     0     0     0   -54.0   38.534   87.814   5469.5    380.2
     1     1    10     4    22    23     0     1   -55.0   38.544   87.437   5532.8    385.2
     1     1    10     4    22    22     0     2   -56.0   38.535   87.067   5535.1    393.4
     1     1    10     4    22    21     0     3   -57.0   38.508   86.719   5515.7    403.4
     1     1    10     4    22    20     0     2   -58.0   38.488   86.404   5514.4    414.8
     1     1    10     4    22    19     0     1   -59.0   38.499   86.127   5553.9    423.9
     1     1    10     4    22    18     0     0   -60.0   38.542   85.884   5610.8    427.7
     1     1    10     4    22    17     0     1   -61.0   38.621   85.647   5650.1    427.7
     1     1    10     4    22    16     0     2   -62.0   38.740   85.396   5647.0    432.0
     1     1    10     4    22    15     0     3   -63.0   38.889   85.130   5584.3    438.7
     1     1    10     4    22    14     0     2   -64.0   39.049   84.848   5507.7    448.2
     1     1    10     4    22    13     0     1   -65.0   39.195   84.567   5491.9    450.1
     1     1    10     4    22    12     0     0   -66.0   39.328   84.298   5542.0    447.1
     1     1    10     4    22    11     0     1   -67.0   39.448   84.013   5618.3    441.0
     1     1    10     4    22    10     0     2   -68.0   39.558   83.685   5677.6    437.2
     1     1    10     4    22     9     0     3   -69.0   39.672   83.321   5707.0    435.5
     1     1    10     4    22     8     0     2   -70.0   39.786   82.940   5716.9    435.8
     1     1    10     4    22     7     0     1   -71.0   39.888   82.558   5736.2    435.5
     1     1    10     4    22     6     0     0   -72.0   39.982   82.167   5790.2    432.6
     1     1    10     4    22     5     0     1   -73.0   40.068   81.784   5864.0    426.4
     1     1    10     4    22     4     0     2   -74.0   40.136   81.426   5922.5    422.5
     1     1    10     4    22     3     0     3   -75.0   40.191   81.082   5957.0    420.2
     1     1    10     4    22     2     0     2   -76.0   40.243   80.738   5977.3    419.8
     1     1    10     4    22     1     0     1   -77.0   40.299   80.391   5988.8    419.4
     1     1    10     4    22     0     0     0   -78.0   40.364   80.039   5992.1    419.3
     1     1    10     4    21    23     0     1   -79.0   40.427   79.684   5951.9    412.2
     1     1    10     4    21    22     0     2   -80.0   40.481   79.321   5906.2    402.3
     1     1    10     4    21    21     0     3   -81.0   40.537   78.937   5864.4    389.2
     1     1    10     4    21    20     0     2   -82.0   40.603   78.543   5814.0    370.4
     1     1    10     4    21    19     0     1   -83.0   40.687   78.126   5752.3    347.4
     1     1    10     4    21    18     0     0   -84.0   40.783   77.661   5721.2    328.4
     1     1    10     4    21    17     0     1   -85.0   40.876   77.185   5659.8    312.1
     1     1    10     4    21    16     0     2   -86.0   40.935   76.715   5595.4    313.1
     1     1    10     4    21    15     0     3   -87.0   40.928   76.254   5551.7    330.0
     1     1    10     4    21    14     0     2   -88.0   40.869   75.813   5540.0    344.2
     1     1    10     4    21    13     0     1   -89.0   40.782   75.392   5589.4    341.9
     1     1    10     4    21    12     0     0   -90.0   40.657   75.000   5637.0    334.3
     1     1    10     4    21    11     0     1   -91.0   40.511   74.676   5627.9    333.8
     1     1    10     4    21    10     0     2   -92.0   40.348   74.421   5478.2    337.6
     1     1    10     4    21     9     0     3   -93.0   40.127   74.171   5109.2    346.2
     1     1    10     4    21     8     0     2   -94.0   39.874   73.910   4506.1    366.9
     1     1    10     4    21     7     0     1   -95.0   39.656   73.702   3917.2    392.4
     1     1    10     4    21     6     0     0   -96.0   39.435   73.555   3492.2    401.0
