     5     1
    GDAS    10     3     1     0     0
    GDAS    10     3     8     0     0
    GDAS    10     3    15     0     0
    GDAS    10     3    22     0     0
    GDAS    10     3    29     0     0
     1 BACKWARD OMEGA   
    10     3    27     6   39.977  116.381  3000.0
     1 PRESSURE
     1     1    10     3    27     6     0     0     0.0   39.977  116.381   2762.5    701.9
     1     1    10     3    27     5     0     1    -1.0   40.201  115.927   2826.7    663.6
     1     1    10     3    27     4     0     2    -2.0   40.432  115.484   2814.2    624.4
     1     1    10     3    27     3     0     3    -3.0   40.681  115.044   2767.3    608.0
     1     1    10     3    27     2     0     2    -4.0   40.960  114.595   2759.3    604.2
     1     1    10     3    27     1     0     1    -5.0   41.250  114.126   2726.7    601.6
     1     1    10     3    27     0     0     0    -6.0   41.537  113.628   2664.6    604.2
     1     1    10     3    26    23     0     1    -7.0   41.818  113.076   2642.7    607.2
     1     1    10     3    26    22     0     2    -8.0   42.089  112.483   2674.7    608.9
     1     1    10     3    26    21     0     3    -9.0   42.338  111.881   2725.0    612.1
     1     1    10     3    26    20     0     2   -10.0   42.560  111.277   2773.7    618.7
     1     1    10     3    26    19     0     1   -11.0   42.772  110.663   2809.3    619.1
     1     1    10     3    26    18     0     0   -12.0   42.979  110.016   2845.0    616.0
     1     1    10     3    26    17     0     1   -13.0   43.164  109.384   2841.6    612.8
     1     1    10     3    26    16     0     2   -14.0   43.317  108.819   2792.3    625.8
     1     1    10     3    26    15     0     3   -15.0   43.433  108.303   2744.5    635.6
     1     1    10     3    26    14     0     2   -16.0   43.520  107.819   2682.4    637.9
     1     1    10     3    26    13     0     1   -17.0   43.587  107.346   2577.8    637.0
     1     1    10     3    26    12     0     0   -18.0   43.624  106.894   2431.4    642.8
     1     1    10     3    26    11     0     1   -19.0   43.634  106.511   2278.3    652.9
     1     1    10     3    26    10     0     2   -20.0   43.626  106.227   2115.1    660.4
     1     1    10     3    26     9     0     3   -21.0   43.614  106.042   1894.3    675.4
     1     1    10     3    26     8     0     2   -22.0   43.617  105.909   1665.6    700.0
     1     1    10     3    26     7     0     1   -23.0   43.628  105.777   1493.5    714.9
     1     1    10     3    26     6     0     0   -24.0   43.633  105.638   1374.6    723.9
     1     1    10     3    26     5     0     1   -25.0   43.643  105.491   1291.7    728.7
     1     1    10     3    26     4     0     2   -26.0   43.682  105.333   1239.2    731.9
     1     1    10     3    26     3     0     3   -27.0   43.749  105.160   1214.6    732.8
     1     1    10     3    26     2     0     2   -28.0   43.841  104.978   1212.1    732.6
     1     1    10     3    26     1     0     1   -29.0   43.957  104.797   1219.6    733.0
     1     1    10     3    26     0     0     0   -30.0   44.091  104.617   1226.2    734.3
     1     1    10     3    25    23     0     1   -31.0   44.238  104.439   1229.7    736.1
     1     1    10     3    25    22     0     2   -32.0   44.393  104.258   1225.6    738.4
     1     1    10     3    25    21     0     3   -33.0   44.553  104.076   1209.7    741.8
     1     1    10     3    25    20     0     2   -34.0   44.716  103.885   1177.2    746.7
     1     1    10     3    25    19     0     1   -35.0   44.880  103.677   1132.1    754.4
     1     1    10     3    25    18     0     0   -36.0   45.059  103.442   1090.7    760.6
     1     1    10     3    25    17     0     1   -37.0   45.239  103.199   1067.3    756.4
     1     1    10     3    25    16     0     2   -38.0   45.402  102.968   1062.6    747.6
     1     1    10     3    25    15     0     3   -39.0   45.551  102.751   1066.5    731.7
     1     1    10     3    25    14     0     2   -40.0   45.691  102.532   1082.2    716.8
     1     1    10     3    25    13     0     1   -41.0   45.836  102.285   1131.0    697.9
     1     1    10     3    25    12     0     0   -42.0   46.021  102.009   1248.0    671.8
     1     1    10     3    25    11     0     1   -43.0   46.228  101.701   1355.3    653.0
     1     1    10     3    25    10     0     2   -44.0   46.392  101.354   1388.3    646.4
     1     1    10     3    25     9     0     3   -45.0   46.524  100.975   1391.8    636.1
     1     1    10     3    25     8     0     2   -46.0   46.629  100.598   1375.9    637.7
     1     1    10     3    25     7     0     1   -47.0   46.706  100.252   1324.3    642.3
     1     1    10     3    25     6     0     0   -48.0   46.753   99.942   1245.9    649.4
     1     1    10     3    25     5     0     1   -49.0   46.789   99.652   1164.3    659.8
     1     1    10     3    25     4     0     2   -50.0   46.833   99.355   1102.1    667.3
     1     1    10     3    25     3     0     3   -51.0   46.877   99.038   1065.7    673.2
     1     1    10     3    25     2     0     2   -52.0   46.920   98.710   1041.6    668.6
     1     1    10     3    25     1     0     1   -53.0   46.956   98.385   1024.4    663.1
     1     1    10     3    25     0     0     0   -54.0   46.968   98.056   1015.4    658.0
     1     1    10     3    24    23     0     1   -55.0   46.976   97.737   1019.9    665.2
     1     1    10     3    24    22     0     2   -56.0   47.004   97.443   1029.1    672.9
     1     1    10     3    24    21     0     3   -57.0   47.040   97.176   1030.7    681.4
     1     1    10     3    24    20     0     2   -58.0   47.072   96.937   1030.0    689.2
     1     1    10     3    24    19     0     1   -59.0   47.098   96.726   1044.9    691.7
     1     1    10     3    24    18     0     0   -60.0   47.119   96.535   1085.3    690.8
     1     1    10     3    24    17     0     1   -61.0   47.146   96.359   1133.3    687.5
     1     1    10     3    24    16     0     2   -62.0   47.191   96.201   1171.5    686.2
     1     1    10     3    24    15     0     3   -63.0   47.255   96.057   1195.8    686.4
     1     1    10     3    24    14     0     2   -64.0   47.338   95.915   1225.8    689.0
     1     1    10     3    24    13     0     1   -65.0   47.443   95.760   1282.1    688.1
     1     1    10     3    24    12     0     0   -66.0   47.576   95.591   1367.8    684.4
     1     1    10     3    24    11     0     1   -67.0   47.729   95.416   1475.8    677.1
     1     1    10     3    24    10     0     2   -68.0   47.895   95.239   1590.3    668.8
     1     1    10     3    24     9     0     3   -69.0   48.082   95.059   1704.4    661.4
     1     1    10     3    24     8     0     2   -70.0   48.293   94.863   1815.3    657.3
     1     1    10     3    24     7     0     1   -71.0   48.524   94.646   1911.3    656.4
     1     1    10     3    24     6     0     0   -72.0   48.771   94.414   1977.0    658.2
     1     1    10     3    24     5     0     1   -73.0   49.015   94.152   2003.0    664.9
     1     1    10     3    24     4     0     2   -74.0   49.228   93.854   2021.1    679.9
     1     1    10     3    24     3     0     3   -75.0   49.418   93.543   2071.6    688.5
     1     1    10     3    24     2     0     2   -76.0   49.602   93.222   2145.1    692.0
     1     1    10     3    24     1     0     1   -77.0   49.791   92.885   2191.8    690.2
     1     1    10     3    24     0     0     0   -78.0   49.997   92.536   2185.5    680.3
     1     1    10     3    23    23     0     1   -79.0   50.220   92.184   2185.0    659.9
     1     1    10     3    23    22     0     2   -80.0   50.461   91.810   2238.8    633.2
     1     1    10     3    23    21     0     3   -81.0   50.705   91.397   2319.5    623.8
     1     1    10     3    23    20     0     2   -82.0   50.935   90.967   2408.8    633.9
     1     1    10     3    23    19     0     1   -83.0   51.159   90.545   2473.1    613.1
     1     1    10     3    23    18     0     0   -84.0   51.397   90.126   2582.5    589.4
     1     1    10     3    23    17     0     1   -85.0   51.673   89.709   2696.0    577.5
     1     1    10     3    23    16     0     2   -86.0   51.987   89.303   2790.5    582.7
     1     1    10     3    23    15     0     3   -87.0   52.308   88.907   2899.7    599.1
     1     1    10     3    23    14     0     2   -88.0   52.600   88.502   3001.4    617.4
     1     1    10     3    23    13     0     1   -89.0   52.846   88.095   3065.1    631.9
     1     1    10     3    23    12     0     0   -90.0   53.062   87.693   3105.2    641.2
     1     1    10     3    23    11     0     1   -91.0   53.250   87.295   3154.7    646.6
     1     1    10     3    23    10     0     2   -92.0   53.417   86.895   3232.1    645.3
     1     1    10     3    23     9     0     3   -93.0   53.581   86.492   3314.0    637.2
     1     1    10     3    23     8     0     2   -94.0   53.755   86.091   3387.6    628.7
     1     1    10     3    23     7     0     1   -95.0   53.944   85.699   3461.2    622.8
     1     1    10     3    23     6     0     0   -96.0   54.141   85.307   3532.0    620.8
