     7     1
    GDAS    10     3    22     0     0
    GDAS    10     4     8     0     0
    GDAS    10     4    15     0     0
    GDAS    10     4    22     0     0
    GDAS    10     4    29     0     0
    GDAS    10     4     1     0     0
    GDAS    10     3    29     0     0
     1 BACKWARD OMEGA   
    10     4     5    12   39.977  116.381  3200.0
     1 PRESSURE
     1     1    10     4     5    12     0     0     0.0   39.977  116.381   2962.1    681.7
     1     1    10     4     5    11     0     1    -1.0   40.171  115.820   2767.0    650.2
     1     1    10     4     5    10     0     2    -2.0   40.395  115.267   2599.2    650.1
     1     1    10     4     5     9     0     3    -3.0   40.587  114.644   2744.7    619.0
     1     1    10     4     5     8     0     2    -4.0   40.789  113.906   2967.0    583.1
     1     1    10     4     5     7     0     1    -5.0   41.069  113.070   3060.4    560.5
     1     1    10     4     5     6     0     0    -6.0   41.442  112.172   3174.8    557.6
     1     1    10     4     5     5     0     1    -7.0   41.838  111.304   3360.1    554.3
     1     1    10     4     5     4     0     2    -8.0   42.223  110.447   3526.8    545.9
     1     1    10     4     5     3     0     3    -9.0   42.581  109.523   3543.2    547.8
     1     1    10     4     5     2     0     2   -10.0   42.910  108.649   3605.6    551.9
     1     1    10     4     5     1     0     1   -11.0   43.212  107.873   3661.1    558.1
     1     1    10     4     5     0     0     0   -12.0   43.528  107.085   3607.8    548.9
     1     1    10     4     4    23     0     1   -13.0   43.869  106.240   3609.4    536.2
     1     1    10     4     4    22     0     2   -14.0   44.236  105.345   3720.5    524.6
     1     1    10     4     4    21     0     3   -15.0   44.628  104.439   3843.4    519.5
     1     1    10     4     4    20     0     2   -16.0   45.028  103.565   3889.3    519.3
     1     1    10     4     4    19     0     1   -17.0   45.463  102.667   3824.5    500.3
     1     1    10     4     4    18     0     0   -18.0   45.972  101.672   3653.0    476.7
     1     1    10     4     4    17     0     1   -19.0   46.519  100.661   3532.8    476.5
     1     1    10     4     4    16     0     2   -20.0   47.140   99.633   3613.0    455.5
     1     1    10     4     4    15     0     3   -21.0   47.840   98.607   3758.5    442.2
     1     1    10     4     4    14     0     2   -22.0   48.563   97.596   3918.3    452.6
     1     1    10     4     4    13     0     1   -23.0   49.249   96.699   4024.0    460.5
     1     1    10     4     4    12     0     0   -24.0   49.930   95.843   4138.6    468.6
     1     1    10     4     4    11     0     1   -25.0   50.552   95.048   4232.7    502.2
     1     1    10     4     4    10     0     2   -26.0   51.150   94.295   4252.5    486.3
     1     1    10     4     4     9     0     3   -27.0   51.731   93.561   4372.6    487.0
     1     1    10     4     4     8     0     2   -28.0   52.275   92.845   4468.0    487.8
     1     1    10     4     4     7     0     1   -29.0   52.778   92.167   4538.2    499.3
     1     1    10     4     4     6     0     0   -30.0   53.233   91.549   4587.6    516.6
     1     1    10     4     4     5     0     1   -31.0   53.661   90.958   4600.9    519.2
     1     1    10     4     4     4     0     2   -32.0   54.096   90.353   4579.5    502.8
     1     1    10     4     4     3     0     3   -33.0   54.527   89.750   4605.8    501.9
     1     1    10     4     4     2     0     2   -34.0   54.937   89.141   4615.3    500.3
     1     1    10     4     4     1     0     1   -35.0   55.321   88.511   4641.0    510.7
     1     1    10     4     4     0     0     0   -36.0   55.675   87.886   4668.1    524.5
     1     1    10     4     3    23     0     1   -37.0   56.016   87.282   4677.3    533.2
     1     1    10     4     3    22     0     2   -38.0   56.364   86.683   4657.0    536.8
     1     1    10     4     3    21     0     3   -39.0   56.735   86.078   4641.0    539.4
     1     1    10     4     3    20     0     2   -40.0   57.117   85.466   4627.9    542.5
     1     1    10     4     3    19     0     1   -41.0   57.492   84.855   4603.4    546.3
     1     1    10     4     3    18     0     0   -42.0   57.871   84.278   4588.8    549.2
     1     1    10     4     3    17     0     1   -43.0   58.249   83.737   4591.3    549.5
     1     1    10     4     3    16     0     2   -44.0   58.621   83.210   4624.0    547.9
     1     1    10     4     3    15     0     3   -45.0   59.000   82.724   4709.8    543.3
     1     1    10     4     3    14     0     2   -46.0   59.386   82.246   4798.3    532.1
     1     1    10     4     3    13     0     1   -47.0   59.761   81.746   4830.7    529.2
     1     1    10     4     3    12     0     0   -48.0   60.116   81.273   4820.2    529.9
     1     1    10     4     3    11     0     1   -49.0   60.462   80.802   4791.8    533.1
     1     1    10     4     3    10     0     2   -50.0   60.798   80.269   4750.0    535.9
     1     1    10     4     3     9     0     3   -51.0   61.107   79.653   4690.3    540.4
     1     1    10     4     3     8     0     2   -52.0   61.411   78.984   4638.1    546.9
     1     1    10     4     3     7     0     1   -53.0   61.737   78.306   4607.4    547.9
     1     1    10     4     3     6     0     0   -54.0   62.083   77.615   4589.1    548.1
     1     1    10     4     3     5     0     1   -55.0   62.450   76.904   4580.9    547.7
     1     1    10     4     3     4     0     2   -56.0   62.844   76.174   4588.2    546.1
     1     1    10     4     3     3     0     3   -57.0   63.257   75.411   4607.6    544.0
     1     1    10     4     3     2     0     2   -58.0   63.684   74.564   4606.8    544.4
     1     1    10     4     3     1     0     1   -59.0   64.123   73.635   4578.0    548.2
     1     1    10     4     3     0     0     0   -60.0   64.583   72.622   4568.6    551.4
     1     1    10     4     2    23     0     1   -61.0   65.055   71.510   4584.4    549.8
     1     1    10     4     2    22     0     2   -62.0   65.563   70.259   4596.8    548.9
     1     1    10     4     2    21     0     3   -63.0   66.121   68.955   4611.0    547.8
     1     1    10     4     2    20     0     2   -64.0   66.718   67.631   4626.7    545.4
     1     1    10     4     2    19     0     1   -65.0   67.346   66.236   4580.5    529.6
     1     1    10     4     2    18     0     0   -66.0   68.007   64.767   4591.4    533.8
     1     1    10     4     2    17     0     1   -67.0   68.659   63.302   4598.4    540.0
     1     1    10     4     2    16     0     2   -68.0   69.316   61.783   4639.0    541.6
     1     1    10     4     2    15     0     3   -69.0   69.961   60.237   4681.6    545.0
     1     1    10     4     2    14     0     2   -70.0   70.593   58.677   4714.1    543.6
     1     1    10     4     2    13     0     1   -71.0   71.212   57.127   4744.1    541.6
     1     1    10     4     2    12     0     0   -72.0   71.807   55.533   4746.5    534.7
     1     1    10     4     2    11     0     1   -73.0   72.387   53.882   4731.5    522.0
     1     1    10     4     2    10     0     2   -74.0   72.954   52.283   4809.5    534.9
     1     1    10     4     2     9     0     3   -75.0   73.489   50.764   4842.6    533.7
     1     1    10     4     2     8     0     2   -76.0   74.000   49.257   4880.4    531.6
     1     1    10     4     2     7     0     1   -77.0   74.483   47.788   4923.0    527.9
     1     1    10     4     2     6     0     0   -78.0   74.937   46.359   4973.0    524.6
     1     1    10     4     2     5     0     1   -79.0   75.358   44.969   5019.6    521.1
     1     1    10     4     2     4     0     2   -80.0   75.748   43.638   5070.4    517.1
     1     1    10     4     2     3     0     3   -81.0   76.102   42.390   5124.6    512.9
     1     1    10     4     2     2     0     2   -82.0   76.424   41.226   5181.5    508.9
     1     1    10     4     2     1     0     1   -83.0   76.722   40.134   5243.5    504.5
     1     1    10     4     2     0     0     0   -84.0   76.998   39.113   5314.3    499.4
     1     1    10     4     1    23     0     1   -85.0   77.255   38.178   5381.9    494.5
     1     1    10     4     1    22     0     2   -86.0   77.497   37.355   5433.4    491.1
     1     1    10     4     1    21     0     3   -87.0   77.725   36.650   5474.2    488.4
     1     1    10     4     1    20     0     2   -88.0   77.945   36.071   5521.5    485.8
     1     1    10     4     1    19     0     1   -89.0   78.162   35.602   5588.8    480.9
     1     1    10     4     1    18     0     0   -90.0   78.377   35.223   5672.5    475.0
     1     1    10     4     1    17     0     1   -91.0   78.591   34.881   5762.8    468.2
     1     1    10     4     1    16     0     2   -92.0   78.801   34.525   5851.9    462.1
     1     1    10     4     1    15     0     3   -93.0   79.010   34.136   5941.7    456.2
     1     1    10     4     1    14     0     2   -94.0   79.209   33.744   6027.5    449.9
     1     1    10     4     1    13     0     1   -95.0   79.388   33.394   6110.0    444.3
     1     1    10     4     1    12     0     0   -96.0   79.552   33.087   6193.7    438.6
