     7     1
    GDAS    10     3    22     0     0
    GDAS    10     4     8     0     0
    GDAS    10     4    15     0     0
    GDAS    10     4    22     0     0
    GDAS    10     4    29     0     0
    GDAS    10     4     1     0     0
    GDAS    10     3    29     0     0
     1 BACKWARD OMEGA   
    10     4    24    12   39.977  116.381  6400.0
     1 PRESSURE
     1     1    10     4    24    12     0     0     0.0   39.977  116.381   6162.1    450.2
     1     1    10     4    24    11     0     1    -1.0   40.165  115.767   6061.0    424.8
     1     1    10     4    24    10     0     2    -2.0   40.400  115.055   5911.2    407.6
     1     1    10     4    24     9     0     3    -3.0   40.702  114.214   6046.4    392.7
     1     1    10     4    24     8     0     2    -4.0   40.979  113.247   6030.7    378.3
     1     1    10     4    24     7     0     1    -5.0   41.198  112.230   5992.3    383.0
     1     1    10     4    24     6     0     0    -6.0   41.381  111.176   6102.2    377.5
     1     1    10     4    24     5     0     1    -7.0   41.509  110.077   6176.3    375.8
     1     1    10     4    24     4     0     2    -8.0   41.595  108.977   6189.1    383.8
     1     1    10     4    24     3     0     3    -9.0   41.654  107.901   6169.2    388.8
     1     1    10     4    24     2     0     2   -10.0   41.660  106.874   6054.8    396.7
     1     1    10     4    24     1     0     1   -11.0   41.632  105.856   6010.7    406.4
     1     1    10     4    24     0     0     0   -12.0   41.599  104.819   6053.5    402.8
     1     1    10     4    23    23     0     1   -13.0   41.547  103.792   6135.1    392.9
     1     1    10     4    23    22     0     2   -14.0   41.491  102.795   6155.3    392.4
     1     1    10     4    23    21     0     3   -15.0   41.459  101.832   6138.2    401.6
     1     1    10     4    23    20     0     2   -16.0   41.427  100.910   6119.9    407.1
     1     1    10     4    23    19     0     1   -17.0   41.379   99.998   6118.8    401.9
     1     1    10     4    23    18     0     0   -18.0   41.334   99.085   5988.7    393.0
     1     1    10     4    23    17     0     1   -19.0   41.292   98.218   5786.3    400.3
     1     1    10     4    23    16     0     2   -20.0   41.249   97.406   5583.8    400.2
     1     1    10     4    23    15     0     3   -21.0   41.219   96.635   5403.6    404.7
     1     1    10     4    23    14     0     2   -22.0   41.231   95.895   5373.9    407.6
     1     1    10     4    23    13     0     1   -23.0   41.278   95.176   5424.7    414.4
     1     1    10     4    23    12     0     0   -24.0   41.343   94.480   5463.7    426.8
     1     1    10     4    23    11     0     1   -25.0   41.402   93.790   5480.9    436.5
     1     1    10     4    23    10     0     2   -26.0   41.440   93.092   5442.0    441.4
     1     1    10     4    23     9     0     3   -27.0   41.465   92.413   5407.2    450.0
     1     1    10     4    23     8     0     2   -28.0   41.495   91.790   5391.8    453.2
     1     1    10     4    23     7     0     1   -29.0   41.537   91.230   5357.6    453.6
     1     1    10     4    23     6     0     0   -30.0   41.591   90.730   5290.2    456.5
     1     1    10     4    23     5     0     1   -31.0   41.654   90.269   5216.0    462.0
     1     1    10     4    23     4     0     2   -32.0   41.711   89.823   5151.8    466.6
     1     1    10     4    23     3     0     3   -33.0   41.755   89.392   5090.5    468.9
     1     1    10     4    23     2     0     2   -34.0   41.786   88.982   5019.8    470.8
     1     1    10     4    23     1     0     1   -35.0   41.797   88.596   4949.7    473.8
     1     1    10     4    23     0     0     0   -36.0   41.782   88.229   4912.6    472.6
     1     1    10     4    22    23     0     1   -37.0   41.755   87.904   4910.3    472.4
     1     1    10     4    22    22     0     2   -38.0   41.739   87.640   4937.9    474.6
     1     1    10     4    22    21     0     3   -39.0   41.733   87.430   4963.9    476.2
     1     1    10     4    22    20     0     2   -40.0   41.731   87.249   4995.8    478.1
     1     1    10     4    22    19     0     1   -41.0   41.727   87.081   5044.3    478.2
     1     1    10     4    22    18     0     0   -42.0   41.721   86.922   5096.3    475.4
     1     1    10     4    22    17     0     1   -43.0   41.720   86.754   5130.7    470.6
     1     1    10     4    22    16     0     2   -44.0   41.734   86.560   5142.0    468.0
     1     1    10     4    22    15     0     3   -45.0   41.766   86.334   5137.1    465.5
     1     1    10     4    22    14     0     2   -46.0   41.799   86.084   5121.0    462.8
     1     1    10     4    22    13     0     1   -47.0   41.807   85.826   5092.4    460.4
     1     1    10     4    22    12     0     0   -48.0   41.793   85.570   5044.4    458.8
     1     1    10     4    22    11     0     1   -49.0   41.763   85.331   4964.6    460.4
     1     1    10     4    22    10     0     2   -50.0   41.718   85.118   4850.9    465.5
     1     1    10     4    22     9     0     3   -51.0   41.658   84.924   4721.7    475.1
     1     1    10     4    22     8     0     2   -52.0   41.579   84.744   4626.5    488.1
     1     1    10     4    22     7     0     1   -53.0   41.476   84.571   4589.4    495.3
     1     1    10     4    22     6     0     0   -54.0   41.347   84.400   4600.0    499.8
     1     1    10     4    22     5     0     1   -55.0   41.192   84.237   4621.2    502.7
     1     1    10     4    22     4     0     2   -56.0   41.012   84.096   4624.0    509.3
     1     1    10     4    22     3     0     3   -57.0   40.809   83.984   4592.0    512.1
     1     1    10     4    22     2     0     2   -58.0   40.597   83.899   4553.2    514.5
     1     1    10     4    22     1     0     1   -59.0   40.381   83.844   4520.5    516.2
     1     1    10     4    22     0     0     0   -60.0   40.149   83.830   4503.7    517.0
     1     1    10     4    21    23     0     1   -61.0   39.921   83.861   4509.8    515.7
     1     1    10     4    21    22     0     2   -62.0   39.728   83.924   4531.0    512.2
     1     1    10     4    21    21     0     3   -63.0   39.576   84.003   4558.7    509.0
     1     1    10     4    21    20     0     2   -64.0   39.460   84.092   4595.6    506.3
     1     1    10     4    21    19     0     1   -65.0   39.377   84.186   4648.0    502.7
     1     1    10     4    21    18     0     0   -66.0   39.319   84.288   4719.8    498.0
     1     1    10     4    21    17     0     1   -67.0   39.295   84.371   4792.6    491.9
     1     1    10     4    21    16     0     2   -68.0   39.309   84.414   4845.6    488.5
     1     1    10     4    21    15     0     3   -69.0   39.357   84.423   4877.6    486.7
     1     1    10     4    21    14     0     2   -70.0   39.430   84.412   4914.3    486.3
     1     1    10     4    21    13     0     1   -71.0   39.522   84.387   4980.7    482.4
     1     1    10     4    21    12     0     0   -72.0   39.630   84.347   5075.9    476.8
     1     1    10     4    21    11     0     1   -73.0   39.744   84.318   5197.4    469.6
     1     1    10     4    21    10     0     2   -74.0   39.855   84.321   5346.7    461.1
     1     1    10     4    21     9     0     3   -75.0   39.968   84.340   5527.8    450.6
     1     1    10     4    21     8     0     2   -76.0   40.095   84.364   5726.6    437.8
     1     1    10     4    21     7     0     1   -77.0   40.247   84.404   5925.0    425.5
     1     1    10     4    21     6     0     0   -78.0   40.435   84.465   6108.5    414.1
     1     1    10     4    21     5     0     1   -79.0   40.652   84.522   6274.5    404.7
     1     1    10     4    21     4     0     2   -80.0   40.890   84.552   6431.4    395.5
     1     1    10     4    21     3     0     3   -81.0   41.147   84.560   6568.4    383.5
     1     1    10     4    21     2     0     2   -82.0   41.421   84.569   6723.8    367.9
     1     1    10     4    21     1     0     1   -83.0   41.705   84.580   6933.6    348.2
     1     1    10     4    21     0     0     0   -84.0   42.009   84.586   7201.4    325.8
     1     1    10     4    20    23     0     1   -85.0   42.368   84.588   7357.4    293.3
     1     1    10     4    20    22     0     2   -86.0   42.788   84.564   7328.4    270.3
     1     1    10     4    20    21     0     3   -87.0   43.225   84.530   7261.8    266.2
     1     1    10     4    20    20     0     2   -88.0   43.646   84.578   7273.0    275.4
     1     1    10     4    20    19     0     1   -89.0   44.063   84.722   7386.3    285.7
     1     1    10     4    20    18     0     0   -90.0   44.505   84.895   7739.5    314.6
     1     1    10     4    20    17     0     1   -91.0   45.005   85.075   8177.6    337.5
     1     1    10     4    20    16     0     2   -92.0   45.578   85.268   8260.4    321.8
     1     1    10     4    20    15     0     3   -93.0   46.208   85.430   8211.5    310.4
     1     1    10     4    20    14     0     2   -94.0   46.900   85.560   7938.5    282.1
     1     1    10     4    20    13     0     1   -95.0   47.619   85.618   8262.8    302.0
     1     1    10     4    20    12     0     0   -96.0   48.346   85.575   8398.5    299.7
