     7     1
    GDAS    10     3    22     0     0
    GDAS    10     4     8     0     0
    GDAS    10     4    15     0     0
    GDAS    10     4    22     0     0
    GDAS    10     4    29     0     0
    GDAS    10     4     1     0     0
    GDAS    10     3    29     0     0
     1 BACKWARD OMEGA   
    10     4     4     0   39.977  116.381  3800.0
     1 PRESSURE
     1     1    10     4     4     0     0     0     0.0   39.977  116.381   3562.1    629.6
     1     1    10     4     3    23     0     1    -1.0   40.056  115.714   3517.4    598.9
     1     1    10     4     3    22     0     2    -2.0   40.120  114.876   3434.6    560.3
     1     1    10     4     3    21     0     3    -3.0   40.139  113.974   3496.9    559.5
     1     1    10     4     3    20     0     2    -4.0   40.135  113.096   3529.5    547.7
     1     1    10     4     3    19     0     1    -5.0   40.129  112.267   3438.0    547.5
     1     1    10     4     3    18     0     0    -6.0   40.132  111.524   3332.2    564.7
     1     1    10     4     3    17     0     1    -7.0   40.168  110.834   3260.8    577.7
     1     1    10     4     3    16     0     2    -8.0   40.262  110.147   3172.2    574.5
     1     1    10     4     3    15     0     3    -9.0   40.399  109.449   3129.2    579.3
     1     1    10     4     3    14     0     2   -10.0   40.539  108.753   3113.4    588.8
     1     1    10     4     3    13     0     1   -11.0   40.676  108.089   3125.5    599.4
     1     1    10     4     3    12     0     0   -12.0   40.824  107.435   3121.6    588.6
     1     1    10     4     3    11     0     1   -13.0   41.001  106.773   3112.0    575.4
     1     1    10     4     3    10     0     2   -14.0   41.211  106.122   3166.4    576.0
     1     1    10     4     3     9     0     3   -15.0   41.440  105.494   3223.4    579.4
     1     1    10     4     3     8     0     2   -16.0   41.679  104.890   3209.4    585.7
     1     1    10     4     3     7     0     1   -17.0   41.931  104.261   3212.4    586.9
     1     1    10     4     3     6     0     0   -18.0   42.197  103.564   3282.9    575.1
     1     1    10     4     3     5     0     1   -19.0   42.453  102.822   3364.4    563.9
     1     1    10     4     3     4     0     2   -20.0   42.667  102.058   3314.0    554.9
     1     1    10     4     3     3     0     3   -21.0   42.820  101.293   3103.1    565.6
     1     1    10     4     3     2     0     2   -22.0   42.948  100.553   2935.4    582.4
     1     1    10     4     3     1     0     1   -23.0   43.085   99.878   2951.3    596.1
     1     1    10     4     3     0     0     0   -24.0   43.214   99.252   2963.9    583.2
     1     1    10     4     2    23     0     1   -25.0   43.350   98.644   2904.4    591.3
     1     1    10     4     2    22     0     2   -26.0   43.502   98.010   2850.0    599.5
     1     1    10     4     2    21     0     3   -27.0   43.654   97.345   2839.2    603.4
     1     1    10     4     2    20     0     2   -28.0   43.799   96.671   2857.1    608.5
     1     1    10     4     2    19     0     1   -29.0   43.930   96.001   2832.3    613.9
     1     1    10     4     2    18     0     0   -30.0   44.057   95.337   2844.4    653.3
     1     1    10     4     2    17     0     1   -31.0   44.201   94.699   2896.4    640.5
     1     1    10     4     2    16     0     2   -32.0   44.366   94.091   2952.2    602.8
     1     1    10     4     2    15     0     3   -33.0   44.537   93.513   2945.1    581.9
     1     1    10     4     2    14     0     2   -34.0   44.704   92.964   2896.0    583.7
     1     1    10     4     2    13     0     1   -35.0   44.865   92.436   2870.7    599.2
     1     1    10     4     2    12     0     0   -36.0   45.012   91.908   2877.7    606.0
     1     1    10     4     2    11     0     1   -37.0   45.134   91.378   2889.9    602.3
     1     1    10     4     2    10     0     2   -38.0   45.232   90.859   2902.2    602.6
     1     1    10     4     2     9     0     3   -39.0   45.303   90.359   2875.3    608.8
     1     1    10     4     2     8     0     2   -40.0   45.354   89.899   2814.1    623.2
     1     1    10     4     2     7     0     1   -41.0   45.390   89.491   2767.0    637.8
     1     1    10     4     2     6     0     0   -42.0   45.408   89.130   2735.0    648.7
     1     1    10     4     2     5     0     1   -43.0   45.418   88.790   2701.7    656.8
     1     1    10     4     2     4     0     2   -44.0   45.433   88.451   2663.9    665.7
     1     1    10     4     2     3     0     3   -45.0   45.457   88.111   2630.5    673.9
     1     1    10     4     2     2     0     2   -46.0   45.482   87.774   2605.5    682.0
     1     1    10     4     2     1     0     1   -47.0   45.503   87.440   2589.6    688.9
     1     1    10     4     2     0     0     0   -48.0   45.522   87.112   2579.4    695.4
     1     1    10     4     1    23     0     1   -49.0   45.538   86.783   2565.6    700.0
     1     1    10     4     1    22     0     2   -50.0   45.547   86.445   2541.6    705.8
     1     1    10     4     1    21     0     3   -51.0   45.549   86.099   2508.3    712.7
     1     1    10     4     1    20     0     2   -52.0   45.542   85.750   2469.3    714.9
     1     1    10     4     1    19     0     1   -53.0   45.519   85.401   2435.0    713.2
     1     1    10     4     1    18     0     0   -54.0   45.483   85.052   2398.3    712.6
     1     1    10     4     1    17     0     1   -55.0   45.449   84.734   2351.0    710.0
     1     1    10     4     1    16     0     2   -56.0   45.428   84.483   2304.7    708.5
     1     1    10     4     1    15     0     3   -57.0   45.417   84.300   2261.1    708.3
     1     1    10     4     1    14     0     2   -58.0   45.420   84.146   2210.0    707.7
     1     1    10     4     1    13     0     1   -59.0   45.446   83.990   2139.3    707.6
     1     1    10     4     1    12     0     0   -60.0   45.493   83.838   2048.9    713.7
     1     1    10     4     1    11     0     1   -61.0   45.532   83.710   1943.0    723.5
     1     1    10     4     1    10     0     2   -62.0   45.533   83.617   1844.3    735.0
     1     1    10     4     1     9     0     3   -63.0   45.496   83.556   1757.6    747.7
     1     1    10     4     1     8     0     2   -64.0   45.440   83.522   1671.2    760.7
     1     1    10     4     1     7     0     1   -65.0   45.382   83.514   1577.6    775.3
     1     1    10     4     1     6     0     0   -66.0   45.322   83.528   1476.7    791.0
     1     1    10     4     1     5     0     1   -67.0   45.257   83.564   1360.4    807.3
     1     1    10     4     1     4     0     2   -68.0   45.184   83.633   1219.5    827.6
     1     1    10     4     1     3     0     3   -69.0   45.103   83.751   1057.4    851.9
     1     1    10     4     1     2     0     2   -70.0   45.030   83.926    900.5    876.6
     1     1    10     4     1     1     0     1   -71.0   44.979   84.142    785.2    890.1
     1     1    10     4     1     0     0     0   -72.0   44.942   84.375    723.3    891.5
     1     1    10     3    31    23     0     1   -73.0   44.921   84.601    733.1    890.0
     1     1    10     3    31    22     0     2   -74.0   44.917   84.802    795.9    882.3
     1     1    10     3    31    21     0     3   -75.0   44.916   84.972    884.9    873.5
     1     1    10     3    31    20     0     2   -76.0   44.908   85.097    972.3    860.4
     1     1    10     3    31    19     0     1   -77.0   44.891   85.189   1047.4    850.0
     1     1    10     3    31    18     0     0   -78.0   44.867   85.255   1115.2    839.8
     1     1    10     3    31    17     0     1   -79.0   44.852   85.298   1186.1    830.9
     1     1    10     3    31    16     0     2   -80.0   44.861   85.326   1260.2    824.3
     1     1    10     3    31    15     0     3   -81.0   44.897   85.348   1332.6    822.2
     1     1    10     3    31    14     0     2   -82.0   44.955   85.354   1396.5    823.4
     1     1    10     3    31    13     0     1   -83.0   45.034   85.328   1448.2    824.6
     1     1    10     3    31    12     0     0   -84.0   45.136   85.267   1484.2    818.4
     1     1    10     3    31    11     0     1   -85.0   45.242   85.173   1514.5    813.5
     1     1    10     3    31    10     0     2   -86.0   45.331   85.046   1547.6    806.5
     1     1    10     3    31     9     0     3   -87.0   45.408   84.891   1577.0    796.6
     1     1    10     3    31     8     0     2   -88.0   45.484   84.732   1580.8    785.4
     1     1    10     3    31     7     0     1   -89.0   45.566   84.586   1547.9    779.1
     1     1    10     3    31     6     0     0   -90.0   45.658   84.446   1488.5    773.4
     1     1    10     3    31     5     0     1   -91.0   45.756   84.301   1413.3    766.8
     1     1    10     3    31     4     0     2   -92.0   45.861   84.139   1331.0    756.7
     1     1    10     3    31     3     0     3   -93.0   45.980   83.950   1252.3    745.7
     1     1    10     3    31     2     0     2   -94.0   46.093   83.754   1194.9    754.3
     1     1    10     3    31     1     0     1   -95.0   46.179   83.573   1146.0    762.8
     1     1    10     3    31     0     0     0   -96.0   46.236   83.406   1103.5    770.2
