     5     1
    GDAS    10     3     1     0     0
    GDAS    10     3     8     0     0
    GDAS    10     3    15     0     0
    GDAS    10     3    22     0     0
    GDAS    10     3    29     0     0
     1 BACKWARD OMEGA   
    10     3    16     0   39.977  116.381  6400.0
     1 PRESSURE
     1     1    10     3    16     0     0     0     0.0   39.977  116.381   6153.0    434.4
     1     1    10     3    15    23     0     1    -1.0   40.751  114.601   5976.4    380.5
     1     1    10     3    15    22     0     2    -2.0   41.707  112.829   5929.7    374.4
     1     1    10     3    15    21     0     3    -3.0   42.627  111.063   6000.1    390.5
     1     1    10     3    15    20     0     2    -4.0   43.498  109.430   6033.3    394.8
     1     1    10     3    15    19     0     1    -5.0   44.416  107.907   6016.1    392.9
     1     1    10     3    15    18     0     0    -6.0   45.309  106.362   5937.7    386.2
     1     1    10     3    15    17     0     1    -7.0   46.141  104.868   5812.1    383.6
     1     1    10     3    15    16     0     2    -8.0   46.997  103.505   5701.9    378.1
     1     1    10     3    15    15     0     3    -9.0   47.857  102.235   5726.7    380.4
     1     1    10     3    15    14     0     2   -10.0   48.716  101.036   5758.7    375.3
     1     1    10     3    15    13     0     1   -11.0   49.563   99.910   5694.0    368.5
     1     1    10     3    15    12     0     0   -12.0   50.381   98.778   5668.5    363.3
     1     1    10     3    15    11     0     1   -13.0   51.142   97.672   5746.6    370.4
     1     1    10     3    15    10     0     2   -14.0   51.842   96.636   5815.1    380.3
     1     1    10     3    15     9     0     3   -15.0   52.479   95.611   5825.3    388.6
     1     1    10     3    15     8     0     2   -16.0   53.042   94.588   5933.2    395.7
     1     1    10     3    15     7     0     1   -17.0   53.523   93.606   6077.2    409.4
     1     1    10     3    15     6     0     0   -18.0   53.912   92.699   6183.3    423.5
     1     1    10     3    15     5     0     1   -19.0   54.227   91.839   6196.0    423.8
     1     1    10     3    15     4     0     2   -20.0   54.481   91.016   6210.1    420.4
     1     1    10     3    15     3     0     3   -21.0   54.675   90.200   6223.9    412.9
     1     1    10     3    15     2     0     2   -22.0   54.828   89.383   6243.1    404.4
     1     1    10     3    15     1     0     1   -23.0   54.947   88.576   6252.5    401.2
     1     1    10     3    15     0     0     0   -24.0   55.008   87.793   6203.5    412.1
     1     1    10     3    14    23     0     1   -25.0   55.023   87.006   6134.2    438.3
     1     1    10     3    14    22     0     2   -26.0   55.014   86.194   6021.0    447.9
     1     1    10     3    14    21     0     3   -27.0   54.958   85.356   5952.8    452.1
     1     1    10     3    14    20     0     2   -28.0   54.857   84.492   5893.7    455.6
     1     1    10     3    14    19     0     1   -29.0   54.732   83.621   5866.2    459.3
     1     1    10     3    14    18     0     0   -30.0   54.582   82.789   5817.3    465.6
     1     1    10     3    14    17     0     1   -31.0   54.387   81.987   5723.9    471.4
     1     1    10     3    14    16     0     2   -32.0   54.153   81.167   5636.2    477.2
     1     1    10     3    14    15     0     3   -33.0   53.929   80.333   5583.1    481.0
     1     1    10     3    14    14     0     2   -34.0   53.711   79.539   5578.7    483.6
     1     1    10     3    14    13     0     1   -35.0   53.430   78.759   5568.6    486.1
     1     1    10     3    14    12     0     0   -36.0   53.119   77.940   5541.2    488.4
     1     1    10     3    14    11     0     1   -37.0   52.823   77.131   5502.1    490.7
     1     1    10     3    14    10     0     2   -38.0   52.491   76.365   5421.5    496.2
     1     1    10     3    14     9     0     3   -39.0   52.150   75.556   5273.8    505.3
     1     1    10     3    14     8     0     2   -40.0   51.867   74.750   5082.4    515.4
     1     1    10     3    14     7     0     1   -41.0   51.547   74.032   4914.9    518.7
     1     1    10     3    14     6     0     0   -42.0   51.177   73.305   4703.7    520.2
     1     1    10     3    14     5     0     1   -43.0   50.824   72.560   4510.6    537.5
     1     1    10     3    14     4     0     2   -44.0   50.462   71.928   4442.8    549.1
     1     1    10     3    14     3     0     3   -45.0   50.017   71.408   4402.7    548.7
     1     1    10     3    14     2     0     2   -46.0   49.545   70.913   4322.8    551.6
     1     1    10     3    14     1     0     1   -47.0   49.139   70.416   4210.7    560.6
     1     1    10     3    14     0     0     0   -48.0   48.765   70.017   4133.6    571.3
     1     1    10     3    13    23     0     1   -49.0   48.407   69.672   4105.7    575.2
     1     1    10     3    13    22     0     2   -50.0   48.066   69.283   4085.2    578.7
     1     1    10     3    13    21     0     3   -51.0   47.742   68.852   4053.0    582.7
     1     1    10     3    13    20     0     2   -52.0   47.442   68.398   4021.3    587.9
     1     1    10     3    13    19     0     1   -53.0   47.186   67.945   3993.9    590.8
     1     1    10     3    13    18     0     0   -54.0   46.976   67.503   3950.6    594.6
     1     1    10     3    13    17     0     1   -55.0   46.797   67.047   3901.6    600.9
     1     1    10     3    13    16     0     2   -56.0   46.644   66.553   3877.6    608.3
     1     1    10     3    13    15     0     3   -57.0   46.536   66.031   3893.0    612.0
     1     1    10     3    13    14     0     2   -58.0   46.450   65.491   3941.3    610.5
     1     1    10     3    13    13     0     1   -59.0   46.362   64.938   3996.6    607.6
     1     1    10     3    13    12     0     0   -60.0   46.296   64.353   4048.6    604.1
     1     1    10     3    13    11     0     1   -61.0   46.227   63.768   4082.7    601.4
     1     1    10     3    13    10     0     2   -62.0   46.130   63.222   4087.0    602.4
     1     1    10     3    13     9     0     3   -63.0   46.028   62.699   4077.5    605.6
     1     1    10     3    13     8     0     2   -64.0   45.935   62.188   4090.7    607.5
     1     1    10     3    13     7     0     1   -65.0   45.853   61.687   4137.7    603.6
     1     1    10     3    13     6     0     0   -66.0   45.783   61.175   4201.8    597.8
     1     1    10     3    13     5     0     1   -67.0   45.744   60.631   4267.0    592.5
     1     1    10     3    13     4     0     2   -68.0   45.741   60.052   4327.1    588.5
     1     1    10     3    13     3     0     3   -69.0   45.741   59.442   4367.0    583.2
     1     1    10     3    13     2     0     2   -70.0   45.726   58.819   4392.0    580.3
     1     1    10     3    13     1     0     1   -71.0   45.715   58.204   4436.8    574.7
     1     1    10     3    13     0     0     0   -72.0   45.720   57.596   4516.0    567.8
     1     1    10     3    12    23     0     1   -73.0   45.730   56.971   4604.0    562.7
     1     1    10     3    12    22     0     2   -74.0   45.763   56.317   4707.2    557.5
     1     1    10     3    12    21     0     3   -75.0   45.856   55.636   4837.9    548.5
     1     1    10     3    12    20     0     2   -76.0   45.962   54.925   4941.2    540.5
     1     1    10     3    12    19     0     1   -77.0   46.054   54.186   4995.4    539.8
     1     1    10     3    12    18     0     0   -78.0   46.169   53.390   5048.7    538.2
     1     1    10     3    12    17     0     1   -79.0   46.259   52.564   5098.8    535.8
     1     1    10     3    12    16     0     2   -80.0   46.291   51.696   5171.4    530.3
     1     1    10     3    12    15     0     3   -81.0   46.309   50.752   5319.0    519.1
     1     1    10     3    12    14     0     2   -82.0   46.322   49.774   5557.3    500.9
     1     1    10     3    12    13     0     1   -83.0   46.305   48.731   5548.1    497.7
     1     1    10     3    12    12     0     0   -84.0   46.284   47.709   5204.9    523.9
     1     1    10     3    12    11     0     1   -85.0   46.269   46.782   4924.0    545.0
     1     1    10     3    12    10     0     2   -86.0   46.161   45.938   4617.9    565.2
     1     1    10     3    12     9     0     3   -87.0   45.950   45.157   4190.2    594.7
     1     1    10     3    12     8     0     2   -88.0   45.748   44.415   3821.5    622.5
     1     1    10     3    12     7     0     1   -89.0   45.577   43.715   3512.5    642.9
     1     1    10     3    12     6     0     0   -90.0   45.366   43.106   3201.0    663.5
     1     1    10     3    12     5     0     1   -91.0   45.121   42.553   2880.0    683.0
     1     1    10     3    12     4     0     2   -92.0   44.879   41.994   2606.7    698.7
     1     1    10     3    12     3     0     3   -93.0   44.603   41.456   2394.5    698.1
     1     1    10     3    12     2     0     2   -94.0   44.271   40.930   2314.0    681.3
     1     1    10     3    12     1     0     1   -95.0   43.891   40.372   2383.8    659.4
     1     1    10     3    12     0     0     0   -96.0   43.526   39.911   2430.1    696.0
