     7     1
    GDAS    10     3    22     0     0
    GDAS    10     4     8     0     0
    GDAS    10     4    15     0     0
    GDAS    10     4    22     0     0
    GDAS    10     4    29     0     0
    GDAS    10     4     1     0     0
    GDAS    10     3    29     0     0
     1 BACKWARD OMEGA   
    10     4     4     6   39.977  116.381  1200.0
     1 PRESSURE
     1     1    10     4     4     6     0     0     0.0   39.977  116.381    965.1    874.4
     1     1    10     4     4     5     0     1    -1.0   40.068  116.274   1027.2    857.3
     1     1    10     4     4     4     0     2    -2.0   40.198  116.135   1070.1    838.4
     1     1    10     4     4     3     0     3    -3.0   40.378  115.958   1121.7    813.0
     1     1    10     4     4     2     0     2    -4.0   40.613  115.696   1237.2    774.6
     1     1    10     4     4     1     0     1    -5.0   40.901  115.272   1434.3    726.5
     1     1    10     4     4     0     0     0    -6.0   41.223  114.711   1652.9    693.2
     1     1    10     4     3    23     0     1    -7.0   41.535  114.096   1820.0    672.9
     1     1    10     4     3    22     0     2    -8.0   41.829  113.467   1950.3    661.5
     1     1    10     4     3    21     0     3    -9.0   42.144  112.808   2106.4    655.8
     1     1    10     4     3    20     0     2   -10.0   42.457  112.102   2265.5    650.1
     1     1    10     4     3    19     0     1   -11.0   42.739  111.374   2401.7    649.3
     1     1    10     4     3    18     0     0   -12.0   43.009  110.608   2465.1    644.1
     1     1    10     4     3    17     0     1   -13.0   43.284  109.826   2513.7    645.6
     1     1    10     4     3    16     0     2   -14.0   43.599  109.056   2612.2    642.8
     1     1    10     4     3    15     0     3   -15.0   43.955  108.265   2652.6    639.2
     1     1    10     4     3    14     0     2   -16.0   44.313  107.417   2686.3    623.7
     1     1    10     4     3    13     0     1   -17.0   44.668  106.533   2733.2    611.9
     1     1    10     4     3    12     0     0   -18.0   45.000  105.602   2723.7    610.7
     1     1    10     4     3    11     0     1   -19.0   45.257  104.642   2696.5    611.9
     1     1    10     4     3    10     0     2   -20.0   45.417  103.719   2818.7    593.1
     1     1    10     4     3     9     0     3   -21.0   45.517  102.882   2805.6    580.9
     1     1    10     4     3     8     0     2   -22.0   45.629  102.107   2671.4    562.6
     1     1    10     4     3     7     0     1   -23.0   45.803  101.362   2595.4    561.7
     1     1    10     4     3     6     0     0   -24.0   46.010  100.663   2603.5    565.8
     1     1    10     4     3     5     0     1   -25.0   46.241   99.987   2632.8    567.6
     1     1    10     4     3     4     0     2   -26.0   46.499   99.305   2639.5    554.3
     1     1    10     4     3     3     0     3   -27.0   46.784   98.636   2647.9    538.6
     1     1    10     4     3     2     0     2   -28.0   47.088   97.952   2657.8    518.6
     1     1    10     4     3     1     0     1   -29.0   47.408   97.239   2749.2    528.3
     1     1    10     4     3     0     0     0   -30.0   47.744   96.551   2850.0    529.8
     1     1    10     4     2    23     0     1   -31.0   48.077   95.890   2981.1    537.2
     1     1    10     4     2    22     0     2   -32.0   48.393   95.240   3111.6    535.6
     1     1    10     4     2    21     0     3   -33.0   48.699   94.625   3256.3    541.7
     1     1    10     4     2    20     0     2   -34.0   49.000   94.014   3423.2    546.1
     1     1    10     4     2    19     0     1   -35.0   49.283   93.404   3581.1    552.7
     1     1    10     4     2    18     0     0   -36.0   49.572   92.830   3675.2    551.9
     1     1    10     4     2    17     0     1   -37.0   49.893   92.235   3656.7    537.1
     1     1    10     4     2    16     0     2   -38.0   50.264   91.577   3574.4    517.4
     1     1    10     4     2    15     0     3   -39.0   50.694   90.897   3599.4    520.8
     1     1    10     4     2    14     0     2   -40.0   51.156   90.167   3633.4    503.9
     1     1    10     4     2    13     0     1   -41.0   51.637   89.367   3703.1    497.4
     1     1    10     4     2    12     0     0   -42.0   52.136   88.575   3832.3    526.5
     1     1    10     4     2    11     0     1   -43.0   52.556   87.805   3926.1    557.9
     1     1    10     4     2    10     0     2   -44.0   52.910   87.053   3965.3    575.0
     1     1    10     4     2     9     0     3   -45.0   53.249   86.352   3955.8    583.3
     1     1    10     4     2     8     0     2   -46.0   53.594   85.678   3929.5    584.5
     1     1    10     4     2     7     0     1   -47.0   53.954   85.012   3916.3    591.1
     1     1    10     4     2     6     0     0   -48.0   54.348   84.395   3925.4    593.6
     1     1    10     4     2     5     0     1   -49.0   54.762   83.801   3947.2    592.4
     1     1    10     4     2     4     0     2   -50.0   55.181   83.217   3997.8    595.0
     1     1    10     4     2     3     0     3   -51.0   55.628   82.696   4065.3    590.2
     1     1    10     4     2     2     0     2   -52.0   56.102   82.229   4130.1    581.7
     1     1    10     4     2     1     0     1   -53.0   56.594   81.796   4179.3    578.5
     1     1    10     4     2     0     0     0   -54.0   57.117   81.432   4221.3    576.7
     1     1    10     4     1    23     0     1   -55.0   57.642   81.127   4255.5    573.4
     1     1    10     4     1    22     0     2   -56.0   58.139   80.859   4288.7    571.5
     1     1    10     4     1    21     0     3   -57.0   58.621   80.651   4326.8    570.6
     1     1    10     4     1    20     0     2   -58.0   59.101   80.501   4364.5    569.0
     1     1    10     4     1    19     0     1   -59.0   59.584   80.398   4395.7    565.6
     1     1    10     4     1    18     0     0   -60.0   60.075   80.341   4416.3    563.3
     1     1    10     4     1    17     0     1   -61.0   60.555   80.298   4423.1    561.8
     1     1    10     4     1    16     0     2   -62.0   61.011   80.248   4422.8    561.0
     1     1    10     4     1    15     0     3   -63.0   61.449   80.211   4426.0    561.0
     1     1    10     4     1    14     0     2   -64.0   61.856   80.198   4438.2    559.9
     1     1    10     4     1    13     0     1   -65.0   62.229   80.216   4455.6    557.1
     1     1    10     4     1    12     0     0   -66.0   62.570   80.272   4476.8    553.4
     1     1    10     4     1    11     0     1   -67.0   62.879   80.368   4491.3    549.2
     1     1    10     4     1    10     0     2   -68.0   63.153   80.493   4496.3    549.0
     1     1    10     4     1     9     0     3   -69.0   63.389   80.638   4494.8    550.8
     1     1    10     4     1     8     0     2   -70.0   63.593   80.800   4494.3    552.9
     1     1    10     4     1     7     0     1   -71.0   63.772   80.996   4503.7    553.5
     1     1    10     4     1     6     0     0   -72.0   63.930   81.249   4522.6    553.4
     1     1    10     4     1     5     0     1   -73.0   64.061   81.537   4549.0    551.8
     1     1    10     4     1     4     0     2   -74.0   64.159   81.820   4583.8    549.1
     1     1    10     4     1     3     0     3   -75.0   64.227   82.094   4629.9    545.3
     1     1    10     4     1     2     0     2   -76.0   64.268   82.343   4674.1    540.3
     1     1    10     4     1     1     0     1   -77.0   64.288   82.547   4702.3    537.6
     1     1    10     4     1     0     0     0   -78.0   64.287   82.709   4713.6    536.3
     1     1    10     3    31    23     0     1   -79.0   64.263   82.820   4715.4    536.4
     1     1    10     3    31    22     0     2   -80.0   64.215   82.874   4716.3    536.1
     1     1    10     3    31    21     0     3   -81.0   64.145   82.869   4716.5    536.0
     1     1    10     3    31    20     0     2   -82.0   64.064   82.836   4722.9    536.1
     1     1    10     3    31    19     0     1   -83.0   63.984   82.803   4742.0    534.8
     1     1    10     3    31    18     0     0   -84.0   63.902   82.762   4771.0    532.3
     1     1    10     3    31    17     0     1   -85.0   63.828   82.674   4801.2    529.6
     1     1    10     3    31    16     0     2   -86.0   63.769   82.513   4829.3    527.9
     1     1    10     3    31    15     0     3   -87.0   63.725   82.288   4860.3    526.1
     1     1    10     3    31    14     0     2   -88.0   63.679   81.969   4867.0    523.9
     1     1    10     3    31    13     0     1   -89.0   63.611   81.510   4813.6    527.1
     1     1    10     3    31    12     0     0   -90.0   63.514   80.913   4704.0    534.3
     1     1    10     3    31    11     0     1   -91.0   63.392   80.235   4575.2    545.9
     1     1    10     3    31    10     0     2   -92.0   63.237   79.550   4418.5    556.7
     1     1    10     3    31     9     0     3   -93.0   63.029   78.879   4165.1    575.4
     1     1    10     3    31     8     0     2   -94.0   62.831   78.153   3863.2    607.2
     1     1    10     3    31     7     0     1   -95.0   62.676   77.332   3588.2    627.4
     1     1    10     3    31     6     0     0   -96.0   62.526   76.462   3305.3    652.4
