     7     1
    GDAS    10     3    22     0     0
    GDAS    10     4     8     0     0
    GDAS    10     4    15     0     0
    GDAS    10     4    22     0     0
    GDAS    10     4    29     0     0
    GDAS    10     4     1     0     0
    GDAS    10     3    29     0     0
     1 BACKWARD OMEGA   
    10     4    30     0   39.977  116.381  3800.0
     1 PRESSURE
     1     1    10     4    30     0     0     0     0.0   39.977  116.381   3563.1    633.6
     1     1    10     4    29    23     0     1    -1.0   40.450  116.183   3525.6    598.8
     1     1    10     4    29    22     0     2    -2.0   41.002  116.022   3365.5    571.1
     1     1    10     4    29    21     0     3    -3.0   41.641  115.892   3281.1    573.2
     1     1    10     4    29    20     0     2    -4.0   42.341  115.771   3351.5    562.6
     1     1    10     4    29    19     0     1    -5.0   43.051  115.665   3494.2    557.0
     1     1    10     4    29    18     0     0    -6.0   43.765  115.579   3651.1    552.7
     1     1    10     4    29    17     0     1    -7.0   44.471  115.513   3764.3    542.9
     1     1    10     4    29    16     0     2    -8.0   45.152  115.481   3784.1    542.5
     1     1    10     4    29    15     0     3    -9.0   45.827  115.488   3784.3    552.9
     1     1    10     4    29    14     0     2   -10.0   46.498  115.522   3806.9    559.7
     1     1    10     4    29    13     0     1   -11.0   47.143  115.588   3816.7    568.2
     1     1    10     4    29    12     0     0   -12.0   47.772  115.692   3792.7    574.6
     1     1    10     4    29    11     0     1   -13.0   48.382  115.820   3744.3    579.2
     1     1    10     4    29    10     0     2   -14.0   48.970  115.970   3684.1    581.1
     1     1    10     4    29     9     0     3   -15.0   49.540  116.157   3641.1    587.8
     1     1    10     4    29     8     0     2   -16.0   50.087  116.377   3622.7    587.5
     1     1    10     4    29     7     0     1   -17.0   50.621  116.625   3639.1    578.0
     1     1    10     4    29     6     0     0   -18.0   51.159  116.925   3714.7    565.9
     1     1    10     4    29     5     0     1   -19.0   51.679  117.273   3825.7    565.2
     1     1    10     4    29     4     0     2   -20.0   52.156  117.646   3881.9    564.0
     1     1    10     4    29     3     0     3   -21.0   52.610  118.071   3899.0    561.0
     1     1    10     4    29     2     0     2   -22.0   53.057  118.541   3920.6    563.7
     1     1    10     4    29     1     0     1   -23.0   53.527  119.035   3947.5    553.4
     1     1    10     4    29     0     0     0   -24.0   54.048  119.576   3992.2    542.3
     1     1    10     4    28    23     0     1   -25.0   54.565  120.098   4064.2    544.4
     1     1    10     4    28    22     0     2   -26.0   55.050  120.559   4113.4    544.7
     1     1    10     4    28    21     0     3   -27.0   55.543  120.978   4147.9    535.8
     1     1    10     4    28    20     0     2   -28.0   56.055  121.313   4212.9    528.6
     1     1    10     4    28    19     0     1   -29.0   56.573  121.539   4322.7    523.1
     1     1    10     4    28    18     0     0   -30.0   57.113  121.699   4480.3    511.2
     1     1    10     4    28    17     0     1   -31.0   57.686  121.801   4667.5    498.4
     1     1    10     4    28    16     0     2   -32.0   58.308  121.833   4855.8    494.5
     1     1    10     4    28    15     0     3   -33.0   59.039  121.782   5088.9    496.4
     1     1    10     4    28    14     0     2   -34.0   59.817  121.481   5238.0    483.4
     1     1    10     4    28    13     0     1   -35.0   60.612  120.904   5322.7    484.2
     1     1    10     4    28    12     0     0   -36.0   61.476  120.144   5374.5    481.7
     1     1    10     4    28    11     0     1   -37.0   62.374  119.173   5454.7    479.2
     1     1    10     4    28    10     0     2   -38.0   63.316  118.010   5583.5    474.3
     1     1    10     4    28     9     0     3   -39.0   64.270  116.491   5627.1    465.9
     1     1    10     4    28     8     0     2   -40.0   65.095  114.700   5529.2    465.0
     1     1    10     4    28     7     0     1   -41.0   65.896  112.730   5425.8    463.3
     1     1    10     4    28     6     0     0   -42.0   66.554  110.463   5268.5    474.8
     1     1    10     4    28     5     0     1   -43.0   66.983  108.174   5004.3    494.9
     1     1    10     4    28     4     0     2   -44.0   67.340  105.837   4733.5    512.4
     1     1    10     4    28     3     0     3   -45.0   67.585  103.448   4406.7    539.4
     1     1    10     4    28     2     0     2   -46.0   67.668  100.981   4014.3    568.8
     1     1    10     4    28     1     0     1   -47.0   67.638   98.482   3534.1    579.4
     1     1    10     4    28     0     0     0   -48.0   67.483   96.050   3122.0    610.9
     1     1    10     4    27    23     0     1   -49.0   67.217   93.777   2672.3    657.3
     1     1    10     4    27    22     0     2   -50.0   66.855   91.902   2228.8    714.7
     1     1    10     4    27    21     0     3   -51.0   66.482   90.565   1890.4    761.5
     1     1    10     4    27    20     0     2   -52.0   66.111   89.426   1592.9    792.9
     1     1    10     4    27    19     0     1   -53.0   65.744   88.504   1322.2    833.6
     1     1    10     4    27    18     0     0   -54.0   65.402   87.914   1118.4    867.9
     1     1    10     4    27    17     0     1   -55.0   65.067   87.487    986.2    889.1
     1     1    10     4    27    16     0     2   -56.0   64.761   87.159    893.1    898.7
     1     1    10     4    27    15     0     3   -57.0   64.491   86.940    811.0    909.7
     1     1    10     4    27    14     0     2   -58.0   64.246   86.750    743.3    917.1
     1     1    10     4    27    13     0     1   -59.0   64.012   86.511    694.8    921.5
     1     1    10     4    27    12     0     0   -60.0   63.794   86.225    667.6    922.9
     1     1    10     4    27    11     0     1   -61.0   63.594   85.916    651.5    920.8
     1     1    10     4    27    10     0     2   -62.0   63.404   85.582    632.2    921.6
     1     1    10     4    27     9     0     3   -63.0   63.221   85.197    608.2    922.4
     1     1    10     4    27     8     0     2   -64.0   63.031   84.764    579.6    923.6
     1     1    10     4    27     7     0     1   -65.0   62.822   84.334    550.8    927.8
     1     1    10     4    27     6     0     0   -66.0   62.600   83.944    530.5    931.8
     1     1    10     4    27     5     0     1   -67.0   62.370   83.609    524.3    933.9
     1     1    10     4    27     4     0     2   -68.0   62.137   83.332    533.2    933.9
     1     1    10     4    27     3     0     3   -69.0   61.916   83.104    552.2    932.3
     1     1    10     4    27     2     0     2   -70.0   61.715   82.887    571.2    930.3
     1     1    10     4    27     1     0     1   -71.0   61.533   82.643    582.9    930.3
     1     1    10     4    27     0     0     0   -72.0   61.369   82.362    587.6    931.3
     1     1    10     4    26    23     0     1   -73.0   61.208   82.044    589.4    932.8
     1     1    10     4    26    22     0     2   -74.0   61.039   81.697    589.5    932.9
     1     1    10     4    26    21     0     3   -75.0   60.859   81.307    581.4    933.4
     1     1    10     4    26    20     0     2   -76.0   60.658   80.892    568.7    936.1
     1     1    10     4    26    19     0     1   -77.0   60.426   80.489    560.3    938.4
     1     1    10     4    26    18     0     0   -78.0   60.161   80.118    553.6    940.8
     1     1    10     4    26    17     0     1   -79.0   59.866   79.837    550.6    943.3
     1     1    10     4    26    16     0     2   -80.0   59.555   79.679    557.9    942.7
     1     1    10     4    26    15     0     3   -81.0   59.236   79.632    572.9    940.8
     1     1    10     4    26    14     0     2   -82.0   58.928   79.670    586.5    939.0
     1     1    10     4    26    13     0     1   -83.0   58.650   79.760    590.0    938.2
     1     1    10     4    26    12     0     0   -84.0   58.408   79.900    581.2    939.5
     1     1    10     4    26    11     0     1   -85.0   58.198   80.066    564.6    941.7
     1     1    10     4    26    10     0     2   -86.0   58.012   80.232    543.9    943.5
     1     1    10     4    26     9     0     3   -87.0   57.846   80.400    521.9    945.4
     1     1    10     4    26     8     0     2   -88.0   57.699   80.562    500.6    947.8
     1     1    10     4    26     7     0     1   -89.0   57.571   80.718    480.1    950.1
     1     1    10     4    26     6     0     0   -90.0   57.466   80.875    458.2    953.1
     1     1    10     4    26     5     0     1   -91.0   57.365   81.038    436.6    956.0
     1     1    10     4    26     4     0     2   -92.0   57.252   81.212    419.4    958.3
     1     1    10     4    26     3     0     3   -93.0   57.129   81.401    409.4    959.3
     1     1    10     4    26     2     0     2   -94.0   57.015   81.619    413.2    959.9
     1     1    10     4    26     1     0     1   -95.0   56.926   81.854    439.4    957.5
     1     1    10     4    26     0     0     0   -96.0   56.863   82.075    486.9    951.5
