     7     1
    GDAS    10     3    22     0     0
    GDAS    10     4     8     0     0
    GDAS    10     4    15     0     0
    GDAS    10     4    22     0     0
    GDAS    10     4    29     0     0
    GDAS    10     4     1     0     0
    GDAS    10     3    29     0     0
     1 BACKWARD OMEGA   
    10     4    12     0   39.977  116.381  4600.0
     1 PRESSURE
     1     1    10     4    12     0     0     0     0.0   39.977  116.381   4360.8    562.4
     1     1    10     4    11    23     0     1    -1.0   39.618  115.078   4173.9    534.8
     1     1    10     4    11    22     0     2    -2.0   39.333  113.675   3953.6    521.5
     1     1    10     4    11    21     0     3    -3.0   39.082  112.275   3834.3    511.6
     1     1    10     4    11    20     0     2    -4.0   38.926  110.909   3711.4    542.6
     1     1    10     4    11    19     0     1    -5.0   38.951  109.518   3401.1    561.9
     1     1    10     4    11    18     0     0    -6.0   39.020  108.082   3169.5    566.6
     1     1    10     4    11    17     0     1    -7.0   39.155  106.711   3108.0    584.2
     1     1    10     4    11    16     0     2    -8.0   39.284  105.389   3171.1    569.4
     1     1    10     4    11    15     0     3    -9.0   39.466  104.078   3109.1    575.6
     1     1    10     4    11    14     0     2   -10.0   39.645  102.754   3048.5    580.1
     1     1    10     4    11    13     0     1   -11.0   39.805  101.415   3150.2    574.4
     1     1    10     4    11    12     0     0   -12.0   39.956  100.004   3232.2    564.7
     1     1    10     4    11    11     0     1   -13.0   40.094   98.585   3225.0    571.8
     1     1    10     4    11    10     0     2   -14.0   40.279   97.143   3074.9    536.5
     1     1    10     4    11     9     0     3   -15.0   40.509   95.820   2832.9    565.7
     1     1    10     4    11     8     0     2   -16.0   40.719   94.728   2754.8    596.3
     1     1    10     4    11     7     0     1   -17.0   40.936   93.725   2802.3    606.3
     1     1    10     4    11     6     0     0   -18.0   41.175   92.743   2951.5    604.5
     1     1    10     4    11     5     0     1   -19.0   41.435   91.828   3063.0    607.4
     1     1    10     4    11     4     0     2   -20.0   41.760   90.932   3131.5    593.8
     1     1    10     4    11     3     0     3   -21.0   42.168   90.013   3182.2    600.1
     1     1    10     4    11     2     0     2   -22.0   42.557   89.114   3267.5    624.4
     1     1    10     4    11     1     0     1   -23.0   42.908   88.081   3284.5    569.3
     1     1    10     4    11     0     0     0   -24.0   43.324   86.681   3193.5    485.4
     1     1    10     4    10    23     0     1   -25.0   43.771   85.247   3195.3    509.0
     1     1    10     4    10    22     0     2   -26.0   44.141   83.910   3100.0    503.2
     1     1    10     4    10    21     0     3   -27.0   44.400   82.807   3142.8    573.6
     1     1    10     4    10    20     0     2   -28.0   44.568   81.943   2947.1    601.8
     1     1    10     4    10    19     0     1   -29.0   44.771   81.078   2748.8    554.3
     1     1    10     4    10    18     0     0   -30.0   45.112   80.033   2778.9    511.3
     1     1    10     4    10    17     0     1   -31.0   45.415   79.235   2968.0    594.3
     1     1    10     4    10    16     0     2   -32.0   45.696   78.687   3120.3    633.2
     1     1    10     4    10    15     0     3   -33.0   46.004   78.231   3303.0    644.7
     1     1    10     4    10    14     0     2   -34.0   46.358   77.757   3471.8    622.8
     1     1    10     4    10    13     0     1   -35.0   46.754   77.234   3606.1    608.6
     1     1    10     4    10    12     0     0   -36.0   47.179   76.686   3712.0    598.7
     1     1    10     4    10    11     0     1   -37.0   47.628   76.134   3834.5    585.8
     1     1    10     4    10    10     0     2   -38.0   48.103   75.565   3983.2    562.1
     1     1    10     4    10     9     0     3   -39.0   48.586   74.962   4153.3    537.1
     1     1    10     4    10     8     0     2   -40.0   49.078   74.358   4348.3    523.5
     1     1    10     4    10     7     0     1   -41.0   49.575   73.805   4560.6    521.9
     1     1    10     4    10     6     0     0   -42.0   50.060   73.320   4754.1    516.6
     1     1    10     4    10     5     0     1   -43.0   50.547   72.880   4934.0    505.3
     1     1    10     4    10     4     0     2   -44.0   51.052   72.492   5134.6    495.4
     1     1    10     4    10     3     0     3   -45.0   51.575   72.177   5358.4    486.7
     1     1    10     4    10     2     0     2   -46.0   52.124   71.900   5561.1    474.7
     1     1    10     4    10     1     0     1   -47.0   52.695   71.635   5723.9    466.6
     1     1    10     4    10     0     0     0   -48.0   53.276   71.401   5841.8    461.9
     1     1    10     4     9    23     0     1   -49.0   53.856   71.149   5928.5    461.5
     1     1    10     4     9    22     0     2   -50.0   54.424   70.820   5989.2    459.0
     1     1    10     4     9    21     0     3   -51.0   54.983   70.447   6046.9    454.7
     1     1    10     4     9    20     0     2   -52.0   55.527   70.077   6123.3    450.7
     1     1    10     4     9    19     0     1   -53.0   56.055   69.724   6216.3    445.2
     1     1    10     4     9    18     0     0   -54.0   56.573   69.385   6310.0    440.2
     1     1    10     4     9    17     0     1   -55.0   57.101   69.090   6393.6    435.7
     1     1    10     4     9    16     0     2   -56.0   57.649   68.857   6466.1    432.8
     1     1    10     4     9    15     0     3   -57.0   58.215   68.674   6545.9    429.5
     1     1    10     4     9    14     0     2   -58.0   58.785   68.486   6626.8    423.1
     1     1    10     4     9    13     0     1   -59.0   59.340   68.252   6682.8    419.2
     1     1    10     4     9    12     0     0   -60.0   59.882   67.985   6707.2    418.0
     1     1    10     4     9    11     0     1   -61.0   60.391   67.692   6720.5    417.8
     1     1    10     4     9    10     0     2   -62.0   60.842   67.360   6736.6    416.9
     1     1    10     4     9     9     0     3   -63.0   61.236   66.987   6757.9    415.4
     1     1    10     4     9     8     0     2   -64.0   61.594   66.591   6766.9    413.1
     1     1    10     4     9     7     0     1   -65.0   61.935   66.190   6755.8    413.0
     1     1    10     4     9     6     0     0   -66.0   62.260   65.796   6732.1    414.0
     1     1    10     4     9     5     0     1   -67.0   62.569   65.400   6712.0    416.3
     1     1    10     4     9     4     0     2   -68.0   62.859   64.982   6705.3    418.1
     1     1    10     4     9     3     0     3   -69.0   63.134   64.548   6715.9    419.4
     1     1    10     4     9     2     0     2   -70.0   63.396   64.063   6746.1    417.2
     1     1    10     4     9     1     0     1   -71.0   63.639   63.501   6769.3    411.6
     1     1    10     4     9     0     0     0   -72.0   63.870   62.878   6758.2    409.5
     1     1    10     4     8    23     0     1   -73.0   64.066   62.217   6746.1    414.0
     1     1    10     4     8    22     0     2   -74.0   64.201   61.508   6703.7    413.7
     1     1    10     4     8    21     0     3   -75.0   64.281   60.721   6596.4    409.4
     1     1    10     4     8    20     0     2   -76.0   64.325   59.879   6388.5    410.8
     1     1    10     4     8    19     0     1   -77.0   64.339   58.999   6229.5    424.4
     1     1    10     4     8    18     0     0   -78.0   64.314   58.058   6230.0    442.2
     1     1    10     4     8    17     0     1   -79.0   64.257   57.048   6222.4    444.1
     1     1    10     4     8    16     0     2   -80.0   64.159   56.001   6136.1    447.7
     1     1    10     4     8    15     0     3   -81.0   64.020   55.026   6063.7    453.3
     1     1    10     4     8    14     0     2   -82.0   63.858   54.092   6012.6    455.7
     1     1    10     4     8    13     0     1   -83.0   63.669   53.120   5940.8    459.1
     1     1    10     4     8    12     0     0   -84.0   63.470   52.153   5902.3    462.5
     1     1    10     4     8    11     0     1   -85.0   63.275   51.187   5902.2    462.8
     1     1    10     4     8    10     0     2   -86.0   63.064   50.207   5886.7    463.0
     1     1    10     4     8     9     0     3   -87.0   62.853   49.207   5900.0    462.5
     1     1    10     4     8     8     0     2   -88.0   62.638   48.214   5910.9    462.5
     1     1    10     4     8     7     0     1   -89.0   62.409   47.268   5883.9    463.9
     1     1    10     4     8     6     0     0   -90.0   62.195   46.369   5863.8    466.7
     1     1    10     4     8     5     0     1   -91.0   62.001   45.496   5852.5    470.6
     1     1    10     4     8     4     0     2   -92.0   61.810   44.640   5851.1    470.7
     1     1    10     4     8     3     0     3   -93.0   61.630   43.812   5846.8    470.2
     1     1    10     4     8     2     0     2   -94.0   61.465   42.999   5817.1    472.7
     1     1    10     4     8     1     0     1   -95.0   61.309   42.163   5774.5    474.6
     1     1    10     4     8     0     0     0   -96.0   61.168   41.292   5753.8    473.5
