     5     1
    GDAS    10     3     1     0     0
    GDAS    10     3     8     0     0
    GDAS    10     3    15     0     0
    GDAS    10     3    22     0     0
    GDAS    10     3    29     0     0
     1 BACKWARD OMEGA   
    10     3    16    18   39.977  116.381  8800.0
     1 PRESSURE
     1     1    10     3    16    18     0     0     0.0   39.977  116.381   8555.7    306.5
     1     1    10     3    16    17     0     1    -1.0   40.178  114.729   8220.8    276.7
     1     1    10     3    16    16     0     2    -2.0   40.414  113.166   8141.4    274.8
     1     1    10     3    16    15     0     3    -3.0   40.666  111.668   8086.4    271.9
     1     1    10     3    16    14     0     2    -4.0   40.901  110.267   8106.7    269.2
     1     1    10     3    16    13     0     1    -5.0   41.153  108.936   8280.9    278.1
     1     1    10     3    16    12     0     0    -6.0   41.389  107.595   8366.9    274.0
     1     1    10     3    16    11     0     1    -7.0   41.589  106.356   8331.5    277.2
     1     1    10     3    16    10     0     2    -8.0   41.804  105.232   8376.4    279.7
     1     1    10     3    16     9     0     3    -9.0   42.029  104.143   8405.1    273.5
     1     1    10     3    16     8     0     2   -10.0   42.256  103.072   8402.9    273.0
     1     1    10     3    16     7     0     1   -11.0   42.544  102.011   8435.4    269.2
     1     1    10     3    16     6     0     0   -12.0   42.876  100.966   8416.9    258.2
     1     1    10     3    16     5     0     1   -13.0   43.198   99.883   8537.7    262.0
     1     1    10     3    16     4     0     2   -14.0   43.522   98.735   8547.2    262.0
     1     1    10     3    16     3     0     3   -15.0   43.902   97.544   8596.5    263.8
     1     1    10     3    16     2     0     2   -16.0   44.322   96.288   8639.6    258.4
     1     1    10     3    16     1     0     1   -17.0   44.716   95.045   8543.4    256.8
     1     1    10     3    16     0     0     0   -18.0   45.065   93.850   8520.6    256.3
     1     1    10     3    15    23     0     1   -19.0   45.401   92.698   8565.0    253.2
     1     1    10     3    15    22     0     2   -20.0   45.784   91.580   8716.7    254.1
     1     1    10     3    15    21     0     3   -21.0   46.200   90.579   8669.7    254.9
     1     1    10     3    15    20     0     2   -22.0   46.643   89.605   8738.3    257.3
     1     1    10     3    15    19     0     1   -23.0   47.133   88.483   8950.4    263.9
     1     1    10     3    15    18     0     0   -24.0   47.589   87.305   8931.3    261.4
     1     1    10     3    15    17     0     1   -25.0   47.985   86.148   9064.2    273.4
     1     1    10     3    15    16     0     2   -26.0   48.383   84.978   9043.1    266.7
     1     1    10     3    15    15     0     3   -27.0   48.788   83.725   9119.9    264.7
     1     1    10     3    15    14     0     2   -28.0   49.153   82.424   9065.9    266.1
     1     1    10     3    15    13     0     1   -29.0   49.430   81.075   9153.3    270.6
     1     1    10     3    15    12     0     0   -30.0   49.712   79.654   9232.4    272.0
     1     1    10     3    15    11     0     1   -31.0   49.952   78.135   9326.6    265.7
     1     1    10     3    15    10     0     2   -32.0   50.033   76.672   9288.8    258.0
     1     1    10     3    15     9     0     3   -33.0   50.108   75.174   9267.9    258.9
     1     1    10     3    15     8     0     2   -34.0   50.181   73.681   9273.0    262.3
     1     1    10     3    15     7     0     1   -35.0   50.203   72.255   9283.4    265.1
     1     1    10     3    15     6     0     0   -36.0   50.304   70.733   9341.1    265.3
     1     1    10     3    15     5     0     1   -37.0   50.421   69.112   9379.3    264.7
     1     1    10     3    15     4     0     2   -38.0   50.474   67.414   9350.0    265.7
     1     1    10     3    15     3     0     3   -39.0   50.477   65.635   9311.3    272.6
     1     1    10     3    15     2     0     2   -40.0   50.447   63.678   9376.4    271.0
     1     1    10     3    15     1     0     1   -41.0   50.326   61.486   9352.9    267.9
     1     1    10     3    15     0     0     0   -42.0   50.069   59.188   9228.1    270.7
     1     1    10     3    14    23     0     1   -43.0   49.731   56.818   9130.8    275.9
     1     1    10     3    14    22     0     2   -44.0   49.289   54.276   9035.5    287.7
     1     1    10     3    14    21     0     3   -45.0   48.692   51.517   8784.2    303.1
     1     1    10     3    14    20     0     2   -46.0   47.974   48.826   8361.8    324.4
     1     1    10     3    14    19     0     1   -47.0   47.312   46.084   8304.7    326.3
     1     1    10     3    14    18     0     0   -48.0   46.644   43.271   8264.0    323.8
     1     1    10     3    14    17     0     1   -49.0   45.924   40.707   8202.1    328.5
     1     1    10     3    14    16     0     2   -50.0   45.233   38.269   8176.4    331.4
     1     1    10     3    14    15     0     3   -51.0   44.560   35.987   8147.8    336.5
     1     1    10     3    14    14     0     2   -52.0   43.920   33.938   8172.9    335.9
     1     1    10     3    14    13     0     1   -53.0   43.290   32.088   8260.5    331.9
     1     1    10     3    14    12     0     0   -54.0   42.624   30.356   8335.9    329.0
     1     1    10     3    14    11     0     1   -55.0   41.966   28.760   8355.4    328.9
     1     1    10     3    14    10     0     2   -56.0   41.310   27.294   8281.1    327.2
     1     1    10     3    14     9     0     3   -57.0   40.602   25.896   8230.3    331.4
     1     1    10     3    14     8     0     2   -58.0   39.911   24.593   8162.3    339.0
     1     1    10     3    14     7     0     1   -59.0   39.280   23.338   7992.2    341.5
     1     1    10     3    14     6     0     0   -60.0   38.633   22.053   7890.7    321.2
     1     1    10     3    14     5     0     1   -61.0   38.017   20.840   8026.3    347.7
     1     1    10     3    14     4     0     2   -62.0   37.498   19.682   7877.3    356.1
     1     1    10     3    14     3     0     3   -63.0   37.071   18.542   7834.1    360.3
     1     1    10     3    14     2     0     2   -64.0   36.705   17.360   7822.5    358.8
     1     1    10     3    14     1     0     1   -65.0   36.401   16.165   7738.5    363.3
     1     1    10     3    14     0     0     0   -66.0   36.141   14.990   7654.5    368.9
     1     1    10     3    13    23     0     1   -67.0   35.923   13.916   7590.0    373.5
     1     1    10     3    13    22     0     2   -68.0   35.721   12.913   7532.3    376.8
     1     1    10     3    13    21     0     3   -69.0   35.547   11.918   7463.1    380.2
     1     1    10     3    13    20     0     2   -70.0   35.405   10.936   7405.7    382.3
     1     1    10     3    13    19     0     1   -71.0   35.285    9.963   7330.2    376.6
     1     1    10     3    13    18     0     0   -72.0   35.202    8.949   7220.3    361.7
     1     1    10     3    13    17     0     1   -73.0   35.167    7.798   7155.2    346.5
     1     1    10     3    13    16     0     2   -74.0   35.198    6.582   7222.7    351.0
     1     1    10     3    13    15     0     3   -75.0   35.317    5.417   7288.8    357.0
     1     1    10     3    13    14     0     2   -76.0   35.506    4.253   7308.0    345.8
     1     1    10     3    13    13     0     1   -77.0   35.715    2.995   7353.6    340.2
     1     1    10     3    13    12     0     0   -78.0   35.916    1.752   7375.4    351.6
     1     1    10     3    13    11     0     1   -79.0   36.144    0.607   7472.1    372.9
     1     1    10     3    13    10     0     2   -80.0   36.426   -0.455   7550.6    377.6
     1     1    10     3    13     9     0     3   -81.0   36.735   -1.499   7579.1    372.1
     1     1    10     3    13     8     0     2   -82.0   37.095   -2.600   7412.2    350.5
     1     1    10     3    13     7     0     1   -83.0   37.551   -3.779   7494.1    346.8
     1     1    10     3    13     6     0     0   -84.0   38.047   -4.892   7662.6    349.2
     1     1    10     3    13     5     0     1   -85.0   38.586   -6.010   7780.2    343.6
     1     1    10     3    13     4     0     2   -86.0   39.155   -7.117   7907.3    341.0
     1     1    10     3    13     3     0     3   -87.0   39.740   -8.197   8003.9    338.5
     1     1    10     3    13     2     0     2   -88.0   40.321   -9.205   8151.0    344.8
     1     1    10     3    13     1     0     1   -89.0   40.888  -10.140   8226.7    341.8
     1     1    10     3    13     0     0     0   -90.0   41.440  -10.997   8318.9    337.9
     1     1    10     3    12    23     0     1   -91.0   42.001  -11.784   8451.0    331.2
     1     1    10     3    12    22     0     2   -92.0   42.553  -12.539   8573.6    324.6
     1     1    10     3    12    21     0     3   -93.0   43.068  -13.267   8652.8    320.7
     1     1    10     3    12    20     0     2   -94.0   43.542  -13.945   8718.3    318.5
     1     1    10     3    12    19     0     1   -95.0   43.980  -14.573   8789.3    315.4
     1     1    10     3    12    18     0     0   -96.0   44.386  -15.174   8882.8    311.2
