     7     1
    GDAS    10     3    22     0     0
    GDAS    10     4     8     0     0
    GDAS    10     4    15     0     0
    GDAS    10     4    22     0     0
    GDAS    10     4    29     0     0
    GDAS    10     4     1     0     0
    GDAS    10     3    29     0     0
     1 BACKWARD OMEGA   
    10     4    18     6   39.977  116.381  6800.0
     1 PRESSURE
     1     1    10     4    18     6     0     0     0.0   39.977  116.381   6557.2    425.7
     1     1    10     4    18     5     0     1    -1.0   40.326  115.026   6556.8    366.6
     1     1    10     4    18     4     0     2    -2.0   40.656  113.613   6593.2    358.7
     1     1    10     4    18     3     0     3    -3.0   40.973  112.222   6541.9    352.9
     1     1    10     4    18     2     0     2    -4.0   41.274  110.826   6688.7    344.0
     1     1    10     4    18     1     0     1    -5.0   41.568  109.400   6787.9    348.8
     1     1    10     4    18     0     0     0    -6.0   41.813  107.948   6743.7    353.2
     1     1    10     4    17    23     0     1    -7.0   42.060  106.524   6816.0    364.8
     1     1    10     4    17    22     0     2    -8.0   42.341  105.119   6830.8    349.8
     1     1    10     4    17    21     0     3    -9.0   42.596  103.677   6828.9    349.2
     1     1    10     4    17    20     0     2   -10.0   42.826  102.176   6948.3    336.6
     1     1    10     4    17    19     0     1   -11.0   43.001  100.617   6840.4    338.0
     1     1    10     4    17    18     0     0   -12.0   43.083   99.133   6799.1    348.5
     1     1    10     4    17    17     0     1   -13.0   43.062   97.747   6610.1    356.8
     1     1    10     4    17    16     0     2   -14.0   42.971   96.441   6371.7    375.3
     1     1    10     4    17    15     0     3   -15.0   42.880   95.194   6007.6    369.9
     1     1    10     4    17    14     0     2   -16.0   42.792   93.948   5589.4    391.7
     1     1    10     4    17    13     0     1   -17.0   42.797   92.945   5635.0    458.9
     1     1    10     4    17    12     0     0   -18.0   42.876   92.105   5548.5    467.1
     1     1    10     4    17    11     0     1   -19.0   42.976   91.359   5491.6    481.1
     1     1    10     4    17    10     0     2   -20.0   43.118   90.592   5508.6    467.2
     1     1    10     4    17     9     0     3   -21.0   43.273   89.684   5505.8    459.8
     1     1    10     4    17     8     0     2   -22.0   43.392   88.736   5358.2    461.9
     1     1    10     4    17     7     0     1   -23.0   43.503   87.710   5002.7    443.3
     1     1    10     4    17     6     0     0   -24.0   43.663   86.594   4742.8    448.6
     1     1    10     4    17     5     0     1   -25.0   43.781   85.437   4364.7    449.3
     1     1    10     4    17     4     0     2   -26.0   43.781   84.305   3941.8    441.0
     1     1    10     4    17     3     0     3   -27.0   43.755   83.293   3698.2    469.4
     1     1    10     4    17     2     0     2   -28.0   43.724   82.440   3672.4    500.2
     1     1    10     4    17     1     0     1   -29.0   43.649   81.613   3757.8    523.8
     1     1    10     4    17     0     0     0   -30.0   43.564   80.720   3869.8    536.6
     1     1    10     4    16    23     0     1   -31.0   43.467   79.822   3883.2    531.0
     1     1    10     4    16    22     0     2   -32.0   43.380   79.033   3796.8    521.3
     1     1    10     4    16    21     0     3   -33.0   43.308   78.304   3550.8    510.7
     1     1    10     4    16    20     0     2   -34.0   43.242   77.596   3166.0    515.6
     1     1    10     4    16    19     0     1   -35.0   43.163   76.978   2819.0    533.3
     1     1    10     4    16    18     0     0   -36.0   43.045   76.445   2765.9    561.8
     1     1    10     4    16    17     0     1   -37.0   42.896   75.911   2996.8    563.5
     1     1    10     4    16    16     0     2   -38.0   42.763   75.281   3248.5    546.7
     1     1    10     4    16    15     0     3   -39.0   42.685   74.614   3356.1    554.0
     1     1    10     4    16    14     0     2   -40.0   42.615   73.930   3367.1    563.5
     1     1    10     4    16    13     0     1   -41.0   42.504   73.205   3307.0    551.8
     1     1    10     4    16    12     0     0   -42.0   42.364   72.436   3248.7    540.0
     1     1    10     4    16    11     0     1   -43.0   42.221   71.647   3159.6    518.3
     1     1    10     4    16    10     0     2   -44.0   42.051   70.793   3139.2    493.9
     1     1    10     4    16     9     0     3   -45.0   41.846   70.024   3230.2    559.5
     1     1    10     4    16     8     0     2   -46.0   41.646   69.443   3199.6    619.7
     1     1    10     4    16     7     0     1   -47.0   41.470   69.005   3181.2    668.0
     1     1    10     4    16     6     0     0   -48.0   41.312   68.652   3113.4    675.3
     1     1    10     4    16     5     0     1   -49.0   41.168   68.325   3060.6    682.4
     1     1    10     4    16     4     0     2   -50.0   41.030   68.003   3033.2    684.9
     1     1    10     4    16     3     0     3   -51.0   40.900   67.675   3028.3    683.5
     1     1    10     4    16     2     0     2   -52.0   40.784   67.318   3047.0    678.0
     1     1    10     4    16     1     0     1   -53.0   40.683   66.923   3076.5    670.3
     1     1    10     4    16     0     0     0   -54.0   40.585   66.495   3089.8    662.3
     1     1    10     4    15    23     0     1   -55.0   40.490   66.056   3073.3    660.0
     1     1    10     4    15    22     0     2   -56.0   40.406   65.634   3053.6    670.0
     1     1    10     4    15    21     0     3   -57.0   40.337   65.231   3029.9    680.7
     1     1    10     4    15    20     0     2   -58.0   40.277   64.823   3017.8    689.6
     1     1    10     4    15    19     0     1   -59.0   40.210   64.390   3038.4    688.2
     1     1    10     4    15    18     0     0   -60.0   40.131   63.939   3102.1    685.0
     1     1    10     4    15    17     0     1   -61.0   40.035   63.478   3192.4    679.4
     1     1    10     4    15    16     0     2   -62.0   39.930   63.017   3275.0    674.1
     1     1    10     4    15    15     0     3   -63.0   39.837   62.563   3325.3    667.9
     1     1    10     4    15    14     0     2   -64.0   39.759   62.101   3360.1    666.8
     1     1    10     4    15    13     0     1   -65.0   39.692   61.611   3412.7    662.9
     1     1    10     4    15    12     0     0   -66.0   39.646   61.089   3491.2    655.1
     1     1    10     4    15    11     0     1   -67.0   39.618   60.544   3588.2    648.4
     1     1    10     4    15    10     0     2   -68.0   39.593   59.985   3696.9    643.4
     1     1    10     4    15     9     0     3   -69.0   39.577   59.391   3791.7    631.1
     1     1    10     4    15     8     0     2   -70.0   39.572   58.761   3860.9    625.2
     1     1    10     4    15     7     0     1   -71.0   39.570   58.097   3929.3    626.6
     1     1    10     4    15     6     0     0   -72.0   39.564   57.388   4004.7    620.7
     1     1    10     4    15     5     0     1   -73.0   39.548   56.650   4098.4    609.2
     1     1    10     4    15     4     0     2   -74.0   39.515   55.902   4199.8    594.6
     1     1    10     4    15     3     0     3   -75.0   39.460   55.150   4312.5    585.2
     1     1    10     4    15     2     0     2   -76.0   39.393   54.413   4442.6    580.5
     1     1    10     4    15     1     0     1   -77.0   39.313   53.698   4587.0    575.0
     1     1    10     4    15     0     0     0   -78.0   39.219   53.002   4710.8    565.3
     1     1    10     4    14    23     0     1   -79.0   39.115   52.341   4810.6    562.1
     1     1    10     4    14    22     0     2   -80.0   38.993   51.720   4871.2    558.3
     1     1    10     4    14    21     0     3   -81.0   38.854   51.121   4861.3    552.6
     1     1    10     4    14    20     0     2   -82.0   38.723   50.551   4829.4    560.5
     1     1    10     4    14    19     0     1   -83.0   38.621   50.013   4809.8    568.5
     1     1    10     4    14    18     0     0   -84.0   38.539   49.487   4745.6    555.6
     1     1    10     4    14    17     0     1   -85.0   38.471   48.928   4680.1    535.7
     1     1    10     4    14    16     0     2   -86.0   38.431   48.300   4528.8    496.3
     1     1    10     4    14    15     0     3   -87.0   38.433   47.619   4476.4    480.5
     1     1    10     4    14    14     0     2   -88.0   38.465   46.887   4615.7    467.9
     1     1    10     4    14    13     0     1   -89.0   38.524   46.079   4763.1    451.6
     1     1    10     4    14    12     0     0   -90.0   38.617   45.208   4958.5    449.5
     1     1    10     4    14    11     0     1   -91.0   38.696   44.257   5015.5    403.7
     1     1    10     4    14    10     0     2   -92.0   38.740   43.294   5103.5    403.8
     1     1    10     4    14     9     0     3   -93.0   38.792   42.395   5204.6    415.5
     1     1    10     4    14     8     0     2   -94.0   38.852   41.531   5236.8    418.8
     1     1    10     4    14     7     0     1   -95.0   38.927   40.673   5214.6    421.8
     1     1    10     4    14     6     0     0   -96.0   39.035   39.838   5308.5    424.3
