     7     1
    GDAS    10     3    22     0     0
    GDAS    10     4     8     0     0
    GDAS    10     4    15     0     0
    GDAS    10     4    22     0     0
    GDAS    10     4    29     0     0
    GDAS    10     4     1     0     0
    GDAS    10     3    29     0     0
     1 BACKWARD OMEGA   
    10     4     2    18   39.977  116.381  1200.0
     1 PRESSURE
     1     1    10     4     2    18     0     0     0.0   39.977  116.381    965.8    881.8
     1     1    10     4     2    17     0     1    -1.0   39.835  116.312    778.5    908.7
     1     1    10     4     2    16     0     2    -2.0   39.746  116.261    659.6    922.1
     1     1    10     4     2    15     0     3    -3.0   39.719  116.219    586.5    928.8
     1     1    10     4     2    14     0     2    -4.0   39.746  116.169    555.3    930.2
     1     1    10     4     2    13     0     1    -5.0   39.810  116.086    571.2    923.2
     1     1    10     4     2    12     0     0    -6.0   39.912  115.949    639.5    904.5
     1     1    10     4     2    11     0     1    -7.0   40.053  115.718    748.8    861.4
     1     1    10     4     2    10     0     2    -8.0   40.243  115.376    867.2    809.9
     1     1    10     4     2     9     0     3    -9.0   40.491  114.942    992.8    766.8
     1     1    10     4     2     8     0     2   -10.0   40.757  114.478   1129.4    749.2
     1     1    10     4     2     7     0     1   -11.0   41.016  114.022   1226.4    733.7
     1     1    10     4     2     6     0     0   -12.0   41.280  113.581   1265.5    720.9
     1     1    10     4     2     5     0     1   -13.0   41.554  113.131   1298.0    718.2
     1     1    10     4     2     4     0     2   -14.0   41.839  112.652   1369.6    715.5
     1     1    10     4     2     3     0     3   -15.0   42.150  112.128   1460.9    713.3
     1     1    10     4     2     2     0     2   -16.0   42.476  111.608   1542.7    719.3
     1     1    10     4     2     1     0     1   -17.0   42.800  111.143   1603.1    724.6
     1     1    10     4     2     0     0     0   -18.0   43.140  110.721   1651.7    723.8
     1     1    10     4     1    23     0     1   -19.0   43.506  110.309   1712.4    722.1
     1     1    10     4     1    22     0     2   -20.0   43.879  109.912   1790.0    724.2
     1     1    10     4     1    21     0     3   -21.0   44.261  109.530   1848.1    716.4
     1     1    10     4     1    20     0     2   -22.0   44.670  109.124   1877.5    705.0
     1     1    10     4     1    19     0     1   -23.0   45.104  108.670   1935.8    693.5
     1     1    10     4     1    18     0     0   -24.0   45.568  108.169   2062.2    673.8
     1     1    10     4     1    17     0     1   -25.0   46.072  107.635   2208.1    644.1
     1     1    10     4     1    16     0     2   -26.0   46.611  107.079   2290.7    623.2
     1     1    10     4     1    15     0     3   -27.0   47.187  106.517   2304.0    624.3
     1     1    10     4     1    14     0     2   -28.0   47.749  105.980   2343.3    636.6
     1     1    10     4     1    13     0     1   -29.0   48.255  105.484   2428.5    640.5
     1     1    10     4     1    12     0     0   -30.0   48.717  105.026   2546.2    641.5
     1     1    10     4     1    11     0     1   -31.0   49.171  104.578   2630.8    622.8
     1     1    10     4     1    10     0     2   -32.0   49.633  104.146   2641.6    609.8
     1     1    10     4     1     9     0     3   -33.0   50.096  103.731   2616.2    602.0
     1     1    10     4     1     8     0     2   -34.0   50.581  103.285   2590.7    589.8
     1     1    10     4     1     7     0     1   -35.0   51.138  102.797   2637.7    576.4
     1     1    10     4     1     6     0     0   -36.0   51.704  102.290   2716.9    575.9
     1     1    10     4     1     5     0     1   -37.0   52.229  101.772   2732.0    578.8
     1     1    10     4     1     4     0     2   -38.0   52.713  101.256   2746.0    595.5
     1     1    10     4     1     3     0     3   -39.0   53.158  100.768   2744.9    600.2
     1     1    10     4     1     2     0     2   -40.0   53.553  100.310   2749.8    617.2
     1     1    10     4     1     1     0     1   -41.0   53.892   99.874   2757.9    639.3
     1     1    10     4     1     0     0     0   -42.0   54.194   99.455   2732.5    646.0
     1     1    10     3    31    23     0     1   -43.0   54.482   99.046   2702.7    649.1
     1     1    10     3    31    22     0     2   -44.0   54.763   98.644   2688.7    651.0
     1     1    10     3    31    21     0     3   -45.0   55.030   98.254   2695.3    652.7
     1     1    10     3    31    20     0     2   -46.0   55.278   97.874   2714.5    657.0
     1     1    10     3    31    19     0     1   -47.0   55.503   97.495   2733.0    667.6
     1     1    10     3    31    18     0     0   -48.0   55.702   97.122   2740.0    676.1
     1     1    10     3    31    17     0     1   -49.0   55.880   96.772   2744.9    682.4
     1     1    10     3    31    16     0     2   -50.0   56.053   96.460   2765.0    685.1
     1     1    10     3    31    15     0     3   -51.0   56.236   96.196   2800.4    682.7
     1     1    10     3    31    14     0     2   -52.0   56.432   95.950   2843.5    680.1
     1     1    10     3    31    13     0     1   -53.0   56.637   95.688   2884.8    676.9
     1     1    10     3    31    12     0     0   -54.0   56.852   95.416   2926.6    674.7
     1     1    10     3    31    11     0     1   -55.0   57.066   95.147   2976.5    670.2
     1     1    10     3    31    10     0     2   -56.0   57.268   94.882   3034.6    664.8
     1     1    10     3    31     9     0     3   -57.0   57.465   94.619   3097.1    659.6
     1     1    10     3    31     8     0     2   -58.0   57.664   94.365   3150.1    655.7
     1     1    10     3    31     7     0     1   -59.0   57.871   94.122   3180.9    655.2
     1     1    10     3    31     6     0     0   -60.0   58.085   93.889   3182.7    655.0
     1     1    10     3    31     5     0     1   -61.0   58.308   93.646   3168.8    652.9
     1     1    10     3    31     4     0     2   -62.0   58.539   93.373   3164.7    649.4
     1     1    10     3    31     3     0     3   -63.0   58.774   93.057   3174.8    645.4
     1     1    10     3    31     2     0     2   -64.0   59.011   92.705   3194.9    642.9
     1     1    10     3    31     1     0     1   -65.0   59.240   92.340   3208.4    642.1
     1     1    10     3    31     0     0     0   -66.0   59.450   91.967   3210.7    642.5
     1     1    10     3    30    23     0     1   -67.0   59.655   91.595   3198.8    643.9
     1     1    10     3    30    22     0     2   -68.0   59.866   91.232   3168.7    648.4
     1     1    10     3    30    21     0     3   -69.0   60.080   90.880   3124.0    656.4
     1     1    10     3    30    20     0     2   -70.0   60.294   90.543   3092.6    664.6
     1     1    10     3    30    19     0     1   -71.0   60.507   90.230   3087.3    667.7
     1     1    10     3    30    18     0     0   -72.0   60.721   89.945   3095.0    669.3
     1     1    10     3    30    17     0     1   -73.0   60.933   89.673   3101.9    667.5
     1     1    10     3    30    16     0     2   -74.0   61.137   89.391   3101.4    667.3
     1     1    10     3    30    15     0     3   -75.0   61.330   89.092   3088.6    668.8
     1     1    10     3    30    14     0     2   -76.0   61.521   88.775   3067.6    670.2
     1     1    10     3    30    13     0     1   -77.0   61.718   88.436   3046.1    669.7
     1     1    10     3    30    12     0     0   -78.0   61.915   88.081   3022.8    668.9
     1     1    10     3    30    11     0     1   -79.0   62.105   87.705   2999.5    671.9
     1     1    10     3    30    10     0     2   -80.0   62.286   87.302   2972.7    677.8
     1     1    10     3    30     9     0     3   -81.0   62.459   86.881   2943.8    683.2
     1     1    10     3    30     8     0     2   -82.0   62.626   86.469   2916.5    687.0
     1     1    10     3    30     7     0     1   -83.0   62.792   86.081   2892.3    688.6
     1     1    10     3    30     6     0     0   -84.0   62.956   85.711   2872.3    689.3
     1     1    10     3    30     5     0     1   -85.0   63.125   85.350   2861.0    689.9
     1     1    10     3    30     4     0     2   -86.0   63.306   84.990   2858.3    689.9
     1     1    10     3    30     3     0     3   -87.0   63.499   84.635   2863.0    690.4
     1     1    10     3    30     2     0     2   -88.0   63.700   84.284   2868.2    690.3
     1     1    10     3    30     1     0     1   -89.0   63.907   83.928   2870.1    691.5
     1     1    10     3    30     0     0     0   -90.0   64.121   83.556   2870.1    692.0
     1     1    10     3    29    23     0     1   -91.0   64.334   83.167   2867.9    692.9
     1     1    10     3    29    22     0     2   -92.0   64.536   82.753   2863.7    694.7
     1     1    10     3    29    21     0     3   -93.0   64.729   82.299   2859.5    697.4
     1     1    10     3    29    20     0     2   -94.0   64.911   81.819   2857.7    699.0
     1     1    10     3    29    19     0     1   -95.0   65.083   81.342   2857.7    699.2
     1     1    10     3    29    18     0     0   -96.0   65.243   80.869   2859.2    698.6
