     7     1
    GDAS    10     3    22     0     0
    GDAS    10     4     8     0     0
    GDAS    10     4    15     0     0
    GDAS    10     4    22     0     0
    GDAS    10     4    29     0     0
    GDAS    10     4     1     0     0
    GDAS    10     3    29     0     0
     1 BACKWARD OMEGA   
    10     4    13     0   39.977  116.381  6000.0
     1 PRESSURE
     1     1    10     4    13     0     0     0     0.0   39.977  116.381   5754.8    458.6
     1     1    10     4    12    23     0     1    -1.0   40.655  114.787   5699.1    397.5
     1     1    10     4    12    22     0     2    -2.0   41.542  113.008   5853.2    374.0
     1     1    10     4    12    21     0     3    -3.0   42.476  111.289   6055.3    381.5
     1     1    10     4    12    20     0     2    -4.0   43.396  109.738   6264.0    377.2
     1     1    10     4    12    19     0     1    -5.0   44.273  108.282   6403.2    370.7
     1     1    10     4    12    18     0     0    -6.0   45.189  106.832   6468.2    358.6
     1     1    10     4    12    17     0     1    -7.0   46.161  105.433   6508.1    342.6
     1     1    10     4    12    16     0     2    -8.0   47.105  104.123   6572.8    332.4
     1     1    10     4    12    15     0     3    -9.0   48.053  102.853   6724.2    328.2
     1     1    10     4    12    14     0     2   -10.0   48.968  101.606   6803.2    323.9
     1     1    10     4    12    13     0     1   -11.0   49.856  100.371   6766.0    312.2
     1     1    10     4    12    12     0     0   -12.0   50.732   99.117   6745.5    301.1
     1     1    10     4    12    11     0     1   -13.0   51.563   97.886   6860.6    305.0
     1     1    10     4    12    10     0     2   -14.0   52.362   96.620   7061.5    312.5
     1     1    10     4    12     9     0     3   -15.0   53.126   95.334   7246.5    317.3
     1     1    10     4    12     8     0     2   -16.0   53.850   94.065   7465.3    328.7
     1     1    10     4    12     7     0     1   -17.0   54.540   92.835   7552.7    333.0
     1     1    10     4    12     6     0     0   -18.0   55.207   91.593   7588.6    335.5
     1     1    10     4    12     5     0     1   -19.0   55.842   90.366   7613.3    341.6
     1     1    10     4    12     4     0     2   -20.0   56.448   89.148   7649.1    344.9
     1     1    10     4    12     3     0     3   -21.0   57.023   87.932   7616.9    350.0
     1     1    10     4    12     2     0     2   -22.0   57.575   86.723   7566.5    353.2
     1     1    10     4    12     1     0     1   -23.0   58.116   85.504   7531.5    356.7
     1     1    10     4    12     0     0     0   -24.0   58.623   84.320   7478.7    360.2
     1     1    10     4    11    23     0     1   -25.0   59.108   83.102   7414.3    364.9
     1     1    10     4    11    22     0     2   -26.0   59.563   81.917   7354.2    369.7
     1     1    10     4    11    21     0     3   -27.0   60.010   80.723   7293.6    372.9
     1     1    10     4    11    20     0     2   -28.0   60.426   79.575   7245.5    376.9
     1     1    10     4    11    19     0     1   -29.0   60.813   78.493   7201.3    380.1
     1     1    10     4    11    18     0     0   -30.0   61.217   77.397   7168.5    381.8
     1     1    10     4    11    17     0     1   -31.0   61.590   76.373   7161.1    382.5
     1     1    10     4    11    16     0     2   -32.0   61.966   75.288   7185.7    381.8
     1     1    10     4    11    15     0     3   -33.0   62.335   74.115   7233.3    377.7
     1     1    10     4    11    14     0     2   -34.0   62.651   72.884   7274.1    374.0
     1     1    10     4    11    13     0     1   -35.0   62.923   71.529   7293.9    371.8
     1     1    10     4    11    12     0     0   -36.0   63.146   70.041   7306.9    371.4
     1     1    10     4    11    11     0     1   -37.0   63.302   68.544   7303.0    371.5
     1     1    10     4    11    10     0     2   -38.0   63.417   67.064   7274.9    373.5
     1     1    10     4    11     9     0     3   -39.0   63.504   65.575   7255.5    377.8
     1     1    10     4    11     8     0     2   -40.0   63.577   64.078   7228.3    378.8
     1     1    10     4    11     7     0     1   -41.0   63.670   62.571   7216.1    377.3
     1     1    10     4    11     6     0     0   -42.0   63.792   61.055   7187.8    382.5
     1     1    10     4    11     5     0     1   -43.0   63.959   59.532   7068.4    371.1
     1     1    10     4    11     4     0     2   -44.0   64.165   58.089   7039.1    383.9
     1     1    10     4    11     3     0     3   -45.0   64.397   56.787   6983.7    391.0
     1     1    10     4    11     2     0     2   -46.0   64.672   55.517   6937.5    392.8
     1     1    10     4    11     1     0     1   -47.0   64.995   54.230   6909.0    396.8
     1     1    10     4    11     0     0     0   -48.0   65.335   52.999   6878.2    399.6
     1     1    10     4    10    23     0     1   -49.0   65.704   51.903   6858.2    400.4
     1     1    10     4    10    22     0     2   -50.0   66.104   50.968   6848.6    400.5
     1     1    10     4    10    21     0     3   -51.0   66.509   50.164   6836.7    400.9
     1     1    10     4    10    20     0     2   -52.0   66.906   49.425   6825.7    401.3
     1     1    10     4    10    19     0     1   -53.0   67.291   48.747   6831.8    403.5
     1     1    10     4    10    18     0     0   -54.0   67.662   48.128   6847.1    406.6
     1     1    10     4    10    17     0     1   -55.0   68.019   47.536   6852.2    408.2
     1     1    10     4    10    16     0     2   -56.0   68.360   46.954   6854.1    408.1
     1     1    10     4    10    15     0     3   -57.0   68.676   46.370   6858.8    407.6
     1     1    10     4    10    14     0     2   -58.0   68.962   45.786   6863.3    408.2
     1     1    10     4    10    13     0     1   -59.0   69.215   45.212   6854.5    409.2
     1     1    10     4    10    12     0     0   -60.0   69.436   44.636   6835.4    410.4
     1     1    10     4    10    11     0     1   -61.0   69.631   44.081   6813.1    412.1
     1     1    10     4    10    10     0     2   -62.0   69.812   43.582   6797.0    413.1
     1     1    10     4    10     9     0     3   -63.0   69.986   43.143   6787.1    413.6
     1     1    10     4    10     8     0     2   -64.0   70.152   42.732   6780.1    413.9
     1     1    10     4    10     7     0     1   -65.0   70.309   42.319   6775.1    414.2
     1     1    10     4    10     6     0     0   -66.0   70.457   41.902   6773.5    414.3
     1     1    10     4    10     5     0     1   -67.0   70.604   41.469   6774.3    414.1
     1     1    10     4    10     4     0     2   -68.0   70.751   41.009   6773.0    414.0
     1     1    10     4    10     3     0     3   -69.0   70.897   40.528   6764.6    414.4
     1     1    10     4    10     2     0     2   -70.0   71.042   40.027   6751.3    415.4
     1     1    10     4    10     1     0     1   -71.0   71.181   39.497   6741.3    416.2
     1     1    10     4    10     0     0     0   -72.0   71.305   38.931   6742.0    416.3
     1     1    10     4     9    23     0     1   -73.0   71.409   38.316   6750.0    415.4
     1     1    10     4     9    22     0     2   -74.0   71.481   37.633   6755.4    414.9
     1     1    10     4     9    21     0     3   -75.0   71.516   36.879   6754.4    414.9
     1     1    10     4     9    20     0     2   -76.0   71.529   36.091   6746.3    415.5
     1     1    10     4     9    19     0     1   -77.0   71.532   35.304   6730.9    416.4
     1     1    10     4     9    18     0     0   -78.0   71.521   34.523   6710.4    417.7
     1     1    10     4     9    17     0     1   -79.0   71.500   33.713   6696.4    418.5
     1     1    10     4     9    16     0     2   -80.0   71.469   32.851   6696.8    418.3
     1     1    10     4     9    15     0     3   -81.0   71.424   31.971   6711.2    417.3
     1     1    10     4     9    14     0     2   -82.0   71.370   31.095   6721.7    416.3
     1     1    10     4     9    13     0     1   -83.0   71.304   30.235   6722.8    416.0
     1     1    10     4     9    12     0     0   -84.0   71.223   29.419   6724.5    414.3
     1     1    10     4     9    11     0     1   -85.0   71.136   28.672   6723.3    412.4
     1     1    10     4     9    10     0     2   -86.0   71.049   28.005   6722.0    410.9
     1     1    10     4     9     9     0     3   -87.0   70.962   27.421   6733.2    410.5
     1     1    10     4     9     8     0     2   -88.0   70.885   26.898   6741.7    408.7
     1     1    10     4     9     7     0     1   -89.0   70.824   26.408   6738.5    407.0
     1     1    10     4     9     6     0     0   -90.0   70.774   25.938   6721.2    406.5
     1     1    10     4     9     5     0     1   -91.0   70.750   25.492   6713.3    408.0
     1     1    10     4     9     4     0     2   -92.0   70.758   25.074   6729.3    407.6
     1     1    10     4     9     3     0     3   -93.0   70.790   24.676   6764.7    406.2
     1     1    10     4     9     2     0     2   -94.0   70.852   24.290   6807.9    404.1
     1     1    10     4     9     1     0     1   -95.0   70.951   23.923   6846.4    404.0
     1     1    10     4     9     0     0     0   -96.0   71.092   23.574   6870.8    404.0
