     5     1
    GDAS    10     3     1     0     0
    GDAS    10     3     8     0     0
    GDAS    10     3    15     0     0
    GDAS    10     3    22     0     0
    GDAS    10     3    29     0     0
     1 BACKWARD OMEGA   
    10     3    26    12   39.977  116.381  9000.0
     1 PRESSURE
     1     1    10     3    26    12     0     0     0.0   39.977  116.381   8758.3    297.9
     1     1    10     3    26    11     0     1    -1.0   40.380  115.272   8424.5    273.5
     1     1    10     3    26    10     0     2    -2.0   40.798  114.133   8376.3    267.8
     1     1    10     3    26     9     0     3    -3.0   41.195  113.013   8406.8    254.2
     1     1    10     3    26     8     0     2    -4.0   41.566  111.934   8482.7    255.1
     1     1    10     3    26     7     0     1    -5.0   41.921  110.938   8556.9    260.0
     1     1    10     3    26     6     0     0    -6.0   42.260  110.030   8553.7    260.5
     1     1    10     3    26     5     0     1    -7.0   42.609  109.143   8551.4    261.4
     1     1    10     3    26     4     0     2    -8.0   42.955  108.266   8620.3    269.1
     1     1    10     3    26     3     0     3    -9.0   43.280  107.403   8624.3    267.3
     1     1    10     3    26     2     0     2   -10.0   43.587  106.516   8606.2    258.9
     1     1    10     3    26     1     0     1   -11.0   43.859  105.647   8544.9    256.4
     1     1    10     3    26     0     0     0   -12.0   44.090  104.828   8493.8    259.0
     1     1    10     3    25    23     0     1   -13.0   44.307  104.007   8486.3    260.8
     1     1    10     3    25    22     0     2   -14.0   44.521  103.184   8474.4    259.7
     1     1    10     3    25    21     0     3   -15.0   44.725  102.359   8454.1    258.1
     1     1    10     3    25    20     0     2   -16.0   44.923  101.509   8394.5    254.8
     1     1    10     3    25    19     0     1   -17.0   45.129  100.657   8323.1    254.1
     1     1    10     3    25    18     0     0   -18.0   45.348   99.778   8273.2    253.8
     1     1    10     3    25    17     0     1   -19.0   45.545   98.862   8228.0    251.1
     1     1    10     3    25    16     0     2   -20.0   45.704   97.905   8216.0    252.7
     1     1    10     3    25    15     0     3   -21.0   45.846   96.875   8134.1    251.5
     1     1    10     3    25    14     0     2   -22.0   45.967   95.785   8120.3    256.3
     1     1    10     3    25    13     0     1   -23.0   46.052   94.690   8096.7    260.7
     1     1    10     3    25    12     0     0   -24.0   46.135   93.545   7959.6    250.9
     1     1    10     3    25    11     0     1   -25.0   46.177   92.408   8008.1    263.3
     1     1    10     3    25    10     0     2   -26.0   46.201   91.336   8064.2    272.3
     1     1    10     3    25     9     0     3   -27.0   46.270   90.332   8105.2    279.3
     1     1    10     3    25     8     0     2   -28.0   46.353   89.364   8235.7    289.0
     1     1    10     3    25     7     0     1   -29.0   46.408   88.370   8394.0    297.3
     1     1    10     3    25     6     0     0   -30.0   46.425   87.337   8489.1    296.7
     1     1    10     3    25     5     0     1   -31.0   46.380   86.258   8469.0    291.1
     1     1    10     3    25     4     0     2   -32.0   46.274   85.153   8381.3    286.0
     1     1    10     3    25     3     0     3   -33.0   46.142   84.052   8178.2    279.4
     1     1    10     3    25     2     0     2   -34.0   46.029   82.936   8290.0    286.2
     1     1    10     3    25     1     0     1   -35.0   45.917   81.821   8429.5    294.0
     1     1    10     3    25     0     0     0   -36.0   45.798   80.655   8342.2    284.5
     1     1    10     3    24    23     0     1   -37.0   45.716   79.456   8428.3    285.4
     1     1    10     3    24    22     0     2   -38.0   45.628   78.246   8580.0    297.1
     1     1    10     3    24    21     0     3   -39.0   45.485   77.045   8596.8    304.1
     1     1    10     3    24    20     0     2   -40.0   45.328   75.874   8537.5    307.5
     1     1    10     3    24    19     0     1   -41.0   45.181   74.728   8468.1    309.1
     1     1    10     3    24    18     0     0   -42.0   45.018   73.590   8411.1    309.7
     1     1    10     3    24    17     0     1   -43.0   44.879   72.458   8395.1    313.4
     1     1    10     3    24    16     0     2   -44.0   44.768   71.323   8349.9    319.8
     1     1    10     3    24    15     0     3   -45.0   44.649   70.178   8246.4    327.6
     1     1    10     3    24    14     0     2   -46.0   44.560   69.071   8132.1    330.0
     1     1    10     3    24    13     0     1   -47.0   44.502   67.963   8103.6    329.4
     1     1    10     3    24    12     0     0   -48.0   44.456   66.849   8194.9    334.8
     1     1    10     3    24    11     0     1   -49.0   44.432   65.773   8266.7    331.9
     1     1    10     3    24    10     0     2   -50.0   44.419   64.702   8308.9    330.3
     1     1    10     3    24     9     0     3   -51.0   44.435   63.645   8353.8    328.9
     1     1    10     3    24     8     0     2   -52.0   44.491   62.630   8405.7    326.9
     1     1    10     3    24     7     0     1   -53.0   44.575   61.641   8465.3    325.1
     1     1    10     3    24     6     0     0   -54.0   44.695   60.665   8524.9    322.0
     1     1    10     3    24     5     0     1   -55.0   44.839   59.668   8582.3    319.7
     1     1    10     3    24     4     0     2   -56.0   45.018   58.626   8668.7    312.8
     1     1    10     3    24     3     0     3   -57.0   45.251   57.543   8802.2    303.2
     1     1    10     3    24     2     0     2   -58.0   45.506   56.462   8948.5    298.3
     1     1    10     3    24     1     0     1   -59.0   45.797   55.445   9055.6    294.7
     1     1    10     3    24     0     0     0   -60.0   46.135   54.524   9143.8    292.1
     1     1    10     3    23    23     0     1   -61.0   46.506   53.636   9214.9    289.5
     1     1    10     3    23    22     0     2   -62.0   46.928   52.784   9293.4    285.6
     1     1    10     3    23    21     0     3   -63.0   47.408   51.938   9375.7    281.6
     1     1    10     3    23    20     0     2   -64.0   47.894   50.989   9449.4    277.2
     1     1    10     3    23    19     0     1   -65.0   48.422   49.983   9555.0    271.8
     1     1    10     3    23    18     0     0   -66.0   49.007   48.930   9620.4    268.3
     1     1    10     3    23    17     0     1   -67.0   49.585   47.777   9655.3    265.5
     1     1    10     3    23    16     0     2   -68.0   50.205   46.547   9664.0    264.1
     1     1    10     3    23    15     0     3   -69.0   50.873   45.209   9677.4    257.4
     1     1    10     3    23    14     0     2   -70.0   51.545   43.772   9724.8    254.8
     1     1    10     3    23    13     0     1   -71.0   52.258   42.238   9766.5    253.9
     1     1    10     3    23    12     0     0   -72.0   52.980   40.573   9822.9    251.1
     1     1    10     3    23    11     0     1   -73.0   53.712   38.835   9849.2    247.9
     1     1    10     3    23    10     0     2   -74.0   54.504   37.056   9881.5    245.7
     1     1    10     3    23     9     0     3   -75.0   55.299   35.192   9900.1    243.9
     1     1    10     3    23     8     0     2   -76.0   56.047   33.248   9913.3    242.7
     1     1    10     3    23     7     0     1   -77.0   56.831   31.234  10007.2    242.5
     1     1    10     3    23     6     0     0   -78.0   57.606   29.154  10080.0    240.2
     1     1    10     3    23     5     0     1   -79.0   58.279   27.009  10111.4    240.0
     1     1    10     3    23     4     0     2   -80.0   58.918   24.815  10170.8    238.8
     1     1    10     3    23     3     0     3   -81.0   59.492   22.610  10234.3    238.0
