     7     1
    GDAS    10     3    22     0     0
    GDAS    10     4     8     0     0
    GDAS    10     4    15     0     0
    GDAS    10     4    22     0     0
    GDAS    10     4    29     0     0
    GDAS    10     4     1     0     0
    GDAS    10     3    29     0     0
     1 BACKWARD OMEGA   
    10     4     8     6   39.977  116.381  6600.0
     1 PRESSURE
     1     1    10     4     8     6     0     0     0.0   39.977  116.381   6359.5    434.2
     1     1    10     4     8     5     0     1    -1.0   40.104  115.266   6444.1    381.3
     1     1    10     4     8     4     0     2    -2.0   40.297  114.061   6389.7    373.0
     1     1    10     4     8     3     0     3    -3.0   40.514  112.884   6229.1    373.6
     1     1    10     4     8     2     0     2    -4.0   40.762  111.629   6278.8    364.4
     1     1    10     4     8     1     0     1    -5.0   41.060  110.234   6282.9    362.2
     1     1    10     4     8     0     0     0    -6.0   41.350  108.802   6473.3    371.2
     1     1    10     4     7    23     0     1    -7.0   41.624  107.376   6585.0    365.4
     1     1    10     4     7    22     0     2    -8.0   41.887  105.913   6842.9    361.1
     1     1    10     4     7    21     0     3    -9.0   42.165  104.330   6958.9    345.0
     1     1    10     4     7    20     0     2   -10.0   42.442  102.564   6906.0    345.9
     1     1    10     4     7    19     0     1   -11.0   42.624  100.882   6464.9    364.7
     1     1    10     4     7    18     0     0   -12.0   42.743   99.267   6182.7    382.8
     1     1    10     4     7    17     0     1   -13.0   42.861   97.755   5800.1    397.5
     1     1    10     4     7    16     0     2   -14.0   42.989   96.327   5462.1    429.5
     1     1    10     4     7    15     0     3   -15.0   43.036   94.804   5139.6    407.5
     1     1    10     4     7    14     0     2   -16.0   43.039   93.346   4815.6    480.8
     1     1    10     4     7    13     0     1   -17.0   43.022   92.121   4884.6    509.2
     1     1    10     4     7    12     0     0   -18.0   42.915   91.018   4709.1    529.7
     1     1    10     4     7    11     0     1   -19.0   42.779   89.960   4280.2    535.0
     1     1    10     4     7    10     0     2   -20.0   42.691   88.967   4097.4    578.5
     1     1    10     4     7     9     0     3   -21.0   42.637   87.893   4047.4    511.6
     1     1    10     4     7     8     0     2   -22.0   42.622   86.673   3877.1    453.8
     1     1    10     4     7     7     0     1   -23.0   42.628   85.421   3917.4    452.7
     1     1    10     4     7     6     0     0   -24.0   42.581   84.171   4079.9    463.0
     1     1    10     4     7     5     0     1   -25.0   42.506   83.010   4109.2    458.7
     1     1    10     4     7     4     0     2   -26.0   42.400   81.930   4143.7    462.2
     1     1    10     4     7     3     0     3   -27.0   42.287   80.836   3741.7    414.9
     1     1    10     4     7     2     0     2   -28.0   42.196   79.704   3346.0    418.4
     1     1    10     4     7     1     0     1   -29.0   42.068   78.608   2945.3    445.0
     1     1    10     4     7     0     0     0   -30.0   41.870   77.585   2852.4    481.7
     1     1    10     4     6    23     0     1   -31.0   41.603   76.597   3204.2    461.0
     1     1    10     4     6    22     0     2   -32.0   41.262   75.638   3377.9    457.0
     1     1    10     4     6    21     0     3   -33.0   40.840   74.742   3574.0    452.8
     1     1    10     4     6    20     0     2   -34.0   40.418   73.917   3576.8    451.3
     1     1    10     4     6    19     0     1   -35.0   40.010   73.208   3382.3    451.9
     1     1    10     4     6    18     0     0   -36.0   39.609   72.520   3245.7    449.5
     1     1    10     4     6    17     0     1   -37.0   39.245   71.752   3330.9    438.9
     1     1    10     4     6    16     0     2   -38.0   38.875   70.942   3534.6    455.4
     1     1    10     4     6    15     0     3   -39.0   38.521   70.234   3605.4    483.4
     1     1    10     4     6    14     0     2   -40.0   38.223   69.702   3688.2    528.1
     1     1    10     4     6    13     0     1   -41.0   37.971   69.332   3714.1    572.0
     1     1    10     4     6    12     0     0   -42.0   37.777   69.058   3638.1    599.4
     1     1    10     4     6    11     0     1   -43.0   37.623   68.802   3552.1    618.6
     1     1    10     4     6    10     0     2   -44.0   37.482   68.526   3534.6    624.9
     1     1    10     4     6     9     0     3   -45.0   37.357   68.229   3580.1    626.4
     1     1    10     4     6     8     0     2   -46.0   37.244   67.910   3685.7    622.9
     1     1    10     4     6     7     0     1   -47.0   37.122   67.563   3819.0    609.9
     1     1    10     4     6     6     0     0   -48.0   36.997   67.190   3944.0    601.6
     1     1    10     4     6     5     0     1   -49.0   36.868   66.789   4010.0    585.5
     1     1    10     4     6     4     0     2   -50.0   36.722   66.362   4068.3    574.6
     1     1    10     4     6     3     0     3   -51.0   36.559   65.905   4115.8    561.3
     1     1    10     4     6     2     0     2   -52.0   36.389   65.425   4144.7    550.0
     1     1    10     4     6     1     0     1   -53.0   36.206   64.936   4204.5    543.1
     1     1    10     4     6     0     0     0   -54.0   36.021   64.457   4295.0    536.9
     1     1    10     4     5    23     0     1   -55.0   35.838   64.005   4345.5    532.0
     1     1    10     4     5    22     0     2   -56.0   35.656   63.566   4372.3    527.4
     1     1    10     4     5    21     0     3   -57.0   35.498   63.113   4442.2    528.4
     1     1    10     4     5    20     0     2   -58.0   35.366   62.671   4500.4    521.4
     1     1    10     4     5    19     0     1   -59.0   35.218   62.269   4496.2    519.3
     1     1    10     4     5    18     0     0   -60.0   35.048   61.883   4469.6    521.8
     1     1    10     4     5    17     0     1   -61.0   34.889   61.502   4549.1    523.8
     1     1    10     4     5    16     0     2   -62.0   34.761   61.106   4727.2    510.2
     1     1    10     4     5    15     0     3   -63.0   34.668   60.698   4790.3    495.3
     1     1    10     4     5    14     0     2   -64.0   34.621   60.318   4761.5    497.3
     1     1    10     4     5    13     0     1   -65.0   34.608   59.965   4781.1    491.2
     1     1    10     4     5    12     0     0   -66.0   34.604   59.615   4913.3    483.2
     1     1    10     4     5    11     0     1   -67.0   34.593   59.190   5098.2    463.6
     1     1    10     4     5    10     0     2   -68.0   34.560   58.675   5260.6    453.7
     1     1    10     4     5     9     0     3   -69.0   34.499   58.131   5388.9    451.0
     1     1    10     4     5     8     0     2   -70.0   34.413   57.574   5472.9    449.3
     1     1    10     4     5     7     0     1   -71.0   34.312   56.989   5503.8    451.5
     1     1    10     4     5     6     0     0   -72.0   34.215   56.395   5521.8    463.3
     1     1    10     4     5     5     0     1   -73.0   34.117   55.818   5536.0    467.8
     1     1    10     4     5     4     0     2   -74.0   34.015   55.266   5507.3    462.0
     1     1    10     4     5     3     0     3   -75.0   33.920   54.720   5465.1    462.6
     1     1    10     4     5     2     0     2   -76.0   33.829   54.176   5435.4    465.2
     1     1    10     4     5     1     0     1   -77.0   33.741   53.638   5373.9    461.8
     1     1    10     4     5     0     0     0   -78.0   33.656   53.094   5247.1    457.0
     1     1    10     4     4    23     0     1   -79.0   33.553   52.561   5133.2    457.1
     1     1    10     4     4    22     0     2   -80.0   33.430   52.061   5117.2    447.6
     1     1    10     4     4    21     0     3   -81.0   33.299   51.560   5175.9    427.6
     1     1    10     4     4    20     0     2   -82.0   33.172   51.022   5242.4    408.0
     1     1    10     4     4    19     0     1   -83.0   33.041   50.458   5210.2    391.0
     1     1    10     4     4    18     0     0   -84.0   32.890   49.890   5195.8    390.0
     1     1    10     4     4    17     0     1   -85.0   32.750   49.391   5281.9    421.0
     1     1    10     4     4    16     0     2   -86.0   32.650   48.988   5291.4    455.0
     1     1    10     4     4    15     0     3   -87.0   32.585   48.637   5253.0    478.4
     1     1    10     4     4    14     0     2   -88.0   32.545   48.291   5279.0    491.0
     1     1    10     4     4    13     0     1   -89.0   32.523   47.947   5359.2    494.8
     1     1    10     4     4    12     0     0   -90.0   32.510   47.611   5432.5    491.1
     1     1    10     4     4    11     0     1   -91.0   32.518   47.275   5490.9    488.6
     1     1    10     4     4    10     0     2   -92.0   32.565   46.927   5540.4    486.9
     1     1    10     4     4     9     0     3   -93.0   32.658   46.565   5622.9    489.0
     1     1    10     4     4     8     0     2   -94.0   32.785   46.173   5763.6    491.1
     1     1    10     4     4     7     0     1   -95.0   32.932   45.735   5945.9    485.2
     1     1    10     4     4     6     0     0   -96.0   33.099   45.250   6104.1    473.3
