     7     1
    GDAS    10     3    22     0     0
    GDAS    10     4     8     0     0
    GDAS    10     4    15     0     0
    GDAS    10     4    22     0     0
    GDAS    10     4    29     0     0
    GDAS    10     4     1     0     0
    GDAS    10     3    29     0     0
     1 BACKWARD OMEGA   
    10     4     5     0   39.977  116.381  7000.0
     1 PRESSURE
     1     1    10     4     5     0     0     0     0.0   39.977  116.381   6755.9    403.9
     1     1    10     4     4    23     0     1    -1.0   40.357  114.751   6481.4    360.5
     1     1    10     4     4    22     0     2    -2.0   40.760  112.964   6379.0    351.7
     1     1    10     4     4    21     0     3    -3.0   41.162  111.201   6371.3    348.2
     1     1    10     4     4    20     0     2    -4.0   41.578  109.470   6412.9    359.0
     1     1    10     4     4    19     0     1    -5.0   42.028  107.800   6452.7    359.3
     1     1    10     4     4    18     0     0    -6.0   42.525  106.181   6654.9    359.5
     1     1    10     4     4    17     0     1    -7.0   43.107  104.497   6582.3    341.3
     1     1    10     4     4    16     0     2    -8.0   43.718  102.779   6649.0    341.4
     1     1    10     4     4    15     0     3    -9.0   44.325  101.069   6872.2    339.5
     1     1    10     4     4    14     0     2   -10.0   44.895   99.373   6671.5    319.2
     1     1    10     4     4    13     0     1   -11.0   45.449   97.708   6663.3    314.1
     1     1    10     4     4    12     0     0   -12.0   46.032   96.072   6742.6    312.3
     1     1    10     4     4    11     0     1   -13.0   46.628   94.535   6891.9    316.9
     1     1    10     4     4    10     0     2   -14.0   47.164   93.115   6961.4    310.2
     1     1    10     4     4     9     0     3   -15.0   47.631   91.765   6943.7    302.3
     1     1    10     4     4     8     0     2   -16.0   48.055   90.453   6906.1    278.2
     1     1    10     4     4     7     0     1   -17.0   48.462   89.228   6984.7    280.2
     1     1    10     4     4     6     0     0   -18.0   48.838   88.146   6974.4    276.6
     1     1    10     4     4     5     0     1   -19.0   49.174   87.141   7037.2    284.2
     1     1    10     4     4     4     0     2   -20.0   49.516   86.153   7158.8    296.6
     1     1    10     4     4     3     0     3   -21.0   49.867   85.256   7296.3    304.4
     1     1    10     4     4     2     0     2   -22.0   50.205   84.475   7477.8    308.8
     1     1    10     4     4     1     0     1   -23.0   50.535   83.739   7639.9    311.5
     1     1    10     4     4     0     0     0   -24.0   50.864   83.066   7839.2    315.5
     1     1    10     4     3    23     0     1   -25.0   51.206   82.441   8056.0    318.5
     1     1    10     4     3    22     0     2   -26.0   51.575   81.836   8215.5    321.2
     1     1    10     4     3    21     0     3   -27.0   51.967   81.272   8286.9    320.8
     1     1    10     4     3    20     0     2   -28.0   52.379   80.729   8342.3    320.6
     1     1    10     4     3    19     0     1   -29.0   52.807   80.189   8415.0    319.6
     1     1    10     4     3    18     0     0   -30.0   53.259   79.664   8471.2    317.2
     1     1    10     4     3    17     0     1   -31.0   53.744   79.129   8517.4    314.9
     1     1    10     4     3    16     0     2   -32.0   54.254   78.582   8553.5    313.2
     1     1    10     4     3    15     0     3   -33.0   54.795   78.039   8570.8    312.0
     1     1    10     4     3    14     0     2   -34.0   55.384   77.479   8598.1    312.2
     1     1    10     4     3    13     0     1   -35.0   56.016   76.895   8659.9    308.7
     1     1    10     4     3    12     0     0   -36.0   56.715   76.250   8742.1    303.0
     1     1    10     4     3    11     0     1   -37.0   57.491   75.520   8795.3    299.2
     1     1    10     4     3    10     0     2   -38.0   58.361   74.741   8818.4    298.7
     1     1    10     4     3     9     0     3   -39.0   59.302   73.825   8771.0    301.4
     1     1    10     4     3     8     0     2   -40.0   60.247   72.693   8668.7    306.6
     1     1    10     4     3     7     0     1   -41.0   61.208   71.441   8588.1    311.0
     1     1    10     4     3     6     0     0   -42.0   62.216   69.945   8503.0    312.9
     1     1    10     4     3     5     0     1   -43.0   63.213   68.222   8428.7    315.3
     1     1    10     4     3     4     0     2   -44.0   64.248   66.470   8423.4    318.2
     1     1    10     4     3     3     0     3   -45.0   65.366   64.544   8406.3    317.8
     1     1    10     4     3     2     0     2   -46.0   66.520   62.393   8337.5    314.3
     1     1    10     4     3     1     0     1   -47.0   67.646   60.122   8315.0    319.5
     1     1    10     4     3     0     0     0   -48.0   68.739   57.671   8297.4    324.4
     1     1    10     4     2    23     0     1   -49.0   69.819   55.148   8299.9    326.3
     1     1    10     4     2    22     0     2   -50.0   70.876   52.620   8279.8    327.4
     1     1    10     4     2    21     0     3   -51.0   71.870   50.052   8246.4    329.2
     1     1    10     4     2    20     0     2   -52.0   72.808   47.383   8206.3    331.4
     1     1    10     4     2    19     0     1   -53.0   73.679   44.508   8183.4    332.9
     1     1    10     4     2    18     0     0   -54.0   74.485   41.460   8216.0    331.2
     1     1    10     4     2    17     0     1   -55.0   75.218   38.200   8295.2    327.1
     1     1    10     4     2    16     0     2   -56.0   75.848   34.594   8392.3    322.1
     1     1    10     4     2    15     0     3   -57.0   76.382   30.633   8489.8    317.1
     1     1    10     4     2    14     0     2   -58.0   76.787   26.343   8545.7    313.8
     1     1    10     4     2    13     0     1   -59.0   77.034   21.857   8549.3    312.8
     1     1    10     4     2    12     0     0   -60.0   77.111   17.355   8496.2    309.8
     1     1    10     4     2    11     0     1   -61.0   77.031   13.009   8526.0    314.8
     1     1    10     4     2    10     0     2   -62.0   76.811    9.004   8498.4    316.0
     1     1    10     4     2     9     0     3   -63.0   76.457    5.405   8466.6    317.3
     1     1    10     4     2     8     0     2   -64.0   75.980    2.345   8431.4    318.9
     1     1    10     4     2     7     0     1   -65.0   75.402   -0.123   8432.0    319.0
     1     1    10     4     2     6     0     0   -66.0   74.700   -2.014   8434.2    318.1
     1     1    10     4     2     5     0     1   -67.0   73.898   -3.248   8438.9    317.7
     1     1    10     4     2     4     0     2   -68.0   73.023   -3.865   8470.5    316.0
     1     1    10     4     2     3     0     3   -69.0   72.113   -3.801   8496.6    314.4
     1     1    10     4     2     2     0     2   -70.0   71.191   -3.194   8511.2    313.6
     1     1    10     4     2     1     0     1   -71.0   70.268   -2.193   8506.4    313.0
     1     1    10     4     2     0     0     0   -72.0   69.413   -0.836   8437.5    316.5
     1     1    10     4     1    23     0     1   -73.0   68.616    0.676   8271.6    325.7
     1     1    10     4     1    22     0     2   -74.0   67.838    2.124   8134.8    332.9
     1     1    10     4     1    21     0     3   -75.0   67.103    3.553   7952.7    340.6
     1     1    10     4     1    20     0     2   -76.0   66.436    4.927   7678.3    357.5
     1     1    10     4     1    19     0     1   -77.0   65.781    6.252   7460.5    369.1
     1     1    10     4     1    18     0     0   -78.0   65.149    7.540   7229.6    381.9
     1     1    10     4     1    17     0     1   -79.0   64.526    8.773   7026.2    394.8
     1     1    10     4     1    16     0     2   -80.0   63.876    9.947   6830.8    395.4
     1     1    10     4     1    15     0     3   -81.0   63.195   11.057   6635.3    386.7
     1     1    10     4     1    14     0     2   -82.0   62.479   12.123   6455.4    379.5
     1     1    10     4     1    13     0     1   -83.0   61.725   13.166   6369.6    398.2
     1     1    10     4     1    12     0     0   -84.0   60.975   14.129   6286.3    419.1
     1     1    10     4     1    11     0     1   -85.0   60.248   15.016   6203.8    430.2
     1     1    10     4     1    10     0     2   -86.0   59.568   15.830   6139.5    444.6
     1     1    10     4     1     9     0     3   -87.0   58.919   16.598   6086.7    452.1
     1     1    10     4     1     8     0     2   -88.0   58.287   17.301   6040.6    457.5
     1     1    10     4     1     7     0     1   -89.0   57.687   17.918   6013.2    460.2
     1     1    10     4     1     6     0     0   -90.0   57.118   18.496   6019.0    460.8
     1     1    10     4     1     5     0     1   -91.0   56.571   19.024   6046.9    458.4
     1     1    10     4     1     4     0     2   -92.0   56.041   19.499   6077.4    457.6
     1     1    10     4     1     3     0     3   -93.0   55.535   19.964   6096.6    454.8
     1     1    10     4     1     2     0     2   -94.0   55.051   20.402   6072.6    455.6
     1     1    10     4     1     1     0     1   -95.0   54.584   20.773   6010.9    459.6
     1     1    10     4     1     0     0     0   -96.0   54.137   21.117   5945.5    460.6
