     5     1
    GDAS    10     3     1     0     0
    GDAS    10     3     8     0     0
    GDAS    10     3    15     0     0
    GDAS    10     3    22     0     0
    GDAS    10     3    29     0     0
     1 BACKWARD OMEGA   
    10     3    26     0   39.977  116.381  6600.0
     1 PRESSURE
     1     1    10     3    26     0     0     0     0.0   39.977  116.381   6358.6    423.8
     1     1    10     3    25    23     0     1    -1.0   40.474  115.409   6123.1    388.9
     1     1    10     3    25    22     0     2    -2.0   41.004  114.462   6100.9    372.9
     1     1    10     3    25    21     0     3    -3.0   41.558  113.515   6137.8    364.5
     1     1    10     3    25    20     0     2    -4.0   42.119  112.582   6168.0    368.4
     1     1    10     3    25    19     0     1    -5.0   42.683  111.690   6263.5    376.1
     1     1    10     3    25    18     0     0    -6.0   43.229  110.848   6313.7    378.7
     1     1    10     3    25    17     0     1    -7.0   43.765  110.044   6356.4    383.3
     1     1    10     3    25    16     0     2    -8.0   44.296  109.267   6424.9    379.8
     1     1    10     3    25    15     0     3    -9.0   44.793  108.492   6375.0    375.2
     1     1    10     3    25    14     0     2   -10.0   45.245  107.736   6313.7    375.4
     1     1    10     3    25    13     0     1   -11.0   45.686  107.007   6262.7    369.1
     1     1    10     3    25    12     0     0   -12.0   46.102  106.301   6185.6    365.3
     1     1    10     3    25    11     0     1   -13.0   46.496  105.621   6114.8    372.3
     1     1    10     3    25    10     0     2   -14.0   46.864  104.953   6073.0    374.8
     1     1    10     3    25     9     0     3   -15.0   47.204  104.273   6005.2    372.4
     1     1    10     3    25     8     0     2   -16.0   47.532  103.603   5965.1    379.0
     1     1    10     3    25     7     0     1   -17.0   47.849  102.953   5954.8    376.9
     1     1    10     3    25     6     0     0   -18.0   48.141  102.284   5983.1    372.2
     1     1    10     3    25     5     0     1   -19.0   48.424  101.604   5951.4    368.7
     1     1    10     3    25     4     0     2   -20.0   48.705  100.940   5880.5    370.6
     1     1    10     3    25     3     0     3   -21.0   48.971  100.264   5836.8    370.4
     1     1    10     3    25     2     0     2   -22.0   49.235   99.573   5843.5    361.1
     1     1    10     3    25     1     0     1   -23.0   49.503   98.899   5858.0    355.5
     1     1    10     3    25     0     0     0   -24.0   49.763   98.244   5803.7    352.7
     1     1    10     3    24    23     0     1   -25.0   50.004   97.564   5714.4    353.3
     1     1    10     3    24    22     0     2   -26.0   50.212   96.828   5700.5    365.4
     1     1    10     3    24    21     0     3   -27.0   50.382   96.055   5716.6    381.4
     1     1    10     3    24    20     0     2   -28.0   50.529   95.270   5774.0    403.3
     1     1    10     3    24    19     0     1   -29.0   50.653   94.493   5790.0    403.3
     1     1    10     3    24    18     0     0   -30.0   50.753   93.722   5791.0    395.1
     1     1    10     3    24    17     0     1   -31.0   50.861   92.982   5790.5    387.6
     1     1    10     3    24    16     0     2   -32.0   50.981   92.295   5766.6    378.6
     1     1    10     3    24    15     0     3   -33.0   51.092   91.679   5855.1    382.1
     1     1    10     3    24    14     0     2   -34.0   51.180   91.090   6000.9    383.3
     1     1    10     3    24    13     0     1   -35.0   51.249   90.479   6003.8    369.1
     1     1    10     3    24    12     0     0   -36.0   51.320   89.866   5927.1    362.5
     1     1    10     3    24    11     0     1   -37.0   51.388   89.256   5845.0    364.6
     1     1    10     3    24    10     0     2   -38.0   51.431   88.630   5845.4    374.0
     1     1    10     3    24     9     0     3   -39.0   51.441   87.984   5916.6    388.1
     1     1    10     3    24     8     0     2   -40.0   51.419   87.344   5960.8    391.6
     1     1    10     3    24     7     0     1   -41.0   51.371   86.733   5996.7    393.1
     1     1    10     3    24     6     0     0   -42.0   51.310   86.159   6026.4    394.4
     1     1    10     3    24     5     0     1   -43.0   51.251   85.623   6032.2    393.2
     1     1    10     3    24     4     0     2   -44.0   51.209   85.115   6025.7    392.9
     1     1    10     3    24     3     0     3   -45.0   51.191   84.619   6024.3    393.9
     1     1    10     3    24     2     0     2   -46.0   51.191   84.131   6037.4    395.6
     1     1    10     3    24     1     0     1   -47.0   51.200   83.650   6100.7    401.4
     1     1    10     3    24     0     0     0   -48.0   51.219   83.173   6186.8    408.7
     1     1    10     3    23    23     0     1   -49.0   51.241   82.694   6260.8    414.1
     1     1    10     3    23    22     0     2   -50.0   51.264   82.206   6319.4    419.4
     1     1    10     3    23    21     0     3   -51.0   51.293   81.694   6355.0    422.9
     1     1    10     3    23    20     0     2   -52.0   51.329   81.166   6367.7    425.5
     1     1    10     3    23    19     0     1   -53.0   51.373   80.622   6368.6    428.0
     1     1    10     3    23    18     0     0   -54.0   51.428   80.054   6378.8    429.7
     1     1    10     3    23    17     0     1   -55.0   51.488   79.470   6400.8    429.8
     1     1    10     3    23    16     0     2   -56.0   51.555   78.878   6418.9    429.9
     1     1    10     3    23    15     0     3   -57.0   51.624   78.281   6428.5    429.7
     1     1    10     3    23    14     0     2   -58.0   51.691   77.683   6445.7    429.4
     1     1    10     3    23    13     0     1   -59.0   51.756   77.079   6473.9    428.5
     1     1    10     3    23    12     0     0   -60.0   51.821   76.473   6484.3    426.4
     1     1    10     3    23    11     0     1   -61.0   51.879   75.888   6461.2    427.2
     1     1    10     3    23    10     0     2   -62.0   51.931   75.340   6417.5    429.9
     1     1    10     3    23     9     0     3   -63.0   51.979   74.829   6374.0    431.5
     1     1    10     3    23     8     0     2   -64.0   52.030   74.329   6332.4    432.5
     1     1    10     3    23     7     0     1   -65.0   52.088   73.805   6294.3    433.0
     1     1    10     3    23     6     0     0   -66.0   52.149   73.259   6255.9    434.6
     1     1    10     3    23     5     0     1   -67.0   52.219   72.685   6220.7    435.7
     1     1    10     3    23     4     0     2   -68.0   52.297   72.071   6199.3    435.1
     1     1    10     3    23     3     0     3   -69.0   52.368   71.427   6189.9    432.8
     1     1    10     3    23     2     0     2   -70.0   52.429   70.764   6189.9    430.6
     1     1    10     3    23     1     0     1   -71.0   52.479   70.096   6207.0    429.0
     1     1    10     3    23     0     0     0   -72.0   52.510   69.449   6249.9    426.6
     1     1    10     3    22    23     0     1   -73.0   52.530   68.822   6281.1    423.0
     1     1    10     3    22    22     0     2   -74.0   52.547   68.209   6266.7    423.9
     1     1    10     3    22    21     0     3   -75.0   52.556   67.624   6228.3    428.6
     1     1    10     3    22    20     0     2   -76.0   52.568   67.042   6184.9    434.3
     1     1    10     3    22    19     0     1   -77.0   52.593   66.436   6135.2    439.1
     1     1    10     3    22    18     0     0   -78.0   52.617   65.825   6089.6    444.7
     1     1    10     3    22    17     0     1   -79.0   52.638   65.205   6086.7    447.8
     1     1    10     3    22    16     0     2   -80.0   52.661   64.574   6141.6    444.5
     1     1    10     3    22    15     0     3   -81.0   52.675   63.966   6235.6    438.6
     1     1    10     3    22    14     0     2   -82.0   52.690   63.368   6296.6    430.3
     1     1    10     3    22    13     0     1   -83.0   52.714   62.761   6290.2    431.3
     1     1    10     3    22    12     0     0   -84.0   52.734   62.175   6267.4    433.5
     1     1    10     3    22    11     0     1   -85.0   52.756   61.569   6239.8    432.6
     1     1    10     3    22    10     0     2   -86.0   52.778   60.907   6203.3    432.6
     1     1    10     3    22     9     0     3   -87.0   52.777   60.226   6206.2    431.5
     1     1    10     3    22     8     0     2   -88.0   52.771   59.533   6250.0    424.3
     1     1    10     3    22     7     0     1   -89.0   52.780   58.830   6252.1    420.0
     1     1    10     3    22     6     0     0   -90.0   52.786   58.140   6149.1    417.6
     1     1    10     3    22     5     0     1   -91.0   52.798   57.445   6081.3    428.9
     1     1    10     3    22     4     0     2   -92.0   52.828   56.713   6149.0    432.6
     1     1    10     3    22     3     0     3   -93.0   52.853   55.968   6306.5    430.4
     1     1    10     3    22     2     0     2   -94.0   52.875   55.240   6349.5    421.6
     1     1    10     3    22     1     0     1   -95.0   52.904   54.536   6327.9    428.6
     1     1    10     3    22     0     0     0   -96.0   52.933   53.858   6327.5    434.0
