     5     1
    GDAS    10     3     1     0     0
    GDAS    10     3     8     0     0
    GDAS    10     3    15     0     0
    GDAS    10     3    22     0     0
    GDAS    10     3    29     0     0
     1 BACKWARD OMEGA   
    10     3    16    12   39.977  116.381  2800.0
     1 PRESSURE
     1     1    10     3    16    12     0     0     0.0   39.977  116.381   2561.5    717.0
     1     1    10     3    16    11     0     1    -1.0   40.143  115.695   2484.6    679.7
     1     1    10     3    16    10     0     2    -2.0   40.339  114.897   2453.9    636.4
     1     1    10     3    16     9     0     3    -3.0   40.576  114.045   2490.0    627.8
     1     1    10     3    16     8     0     2    -4.0   40.844  113.170   2483.9    608.8
     1     1    10     3    16     7     0     1    -5.0   41.123  112.251   2511.0    602.3
     1     1    10     3    16     6     0     0    -6.0   41.378  111.360   2500.5    606.7
     1     1    10     3    16     5     0     1    -7.0   41.598  110.527   2419.3    621.4
     1     1    10     3    16     4     0     2    -8.0   41.786  109.773   2310.9    634.6
     1     1    10     3    16     3     0     3    -9.0   41.949  109.059   2223.8    640.8
     1     1    10     3    16     2     0     2   -10.0   42.095  108.363   2178.2    649.7
     1     1    10     3    16     1     0     1   -11.0   42.233  107.706   2169.4    660.2
     1     1    10     3    16     0     0     0   -12.0   42.357  107.098   2177.4    667.8
     1     1    10     3    15    23     0     1   -13.0   42.482  106.518   2168.2    669.0
     1     1    10     3    15    22     0     2   -14.0   42.622  105.965   2122.0    670.1
     1     1    10     3    15    21     0     3   -15.0   42.780  105.428   2067.4    658.2
     1     1    10     3    15    20     0     2   -16.0   42.968  104.857   2016.3    642.4
     1     1    10     3    15    19     0     1   -17.0   43.177  104.266   1952.3    654.7
     1     1    10     3    15    18     0     0   -18.0   43.382  103.704   1860.1    668.4
     1     1    10     3    15    17     0     1   -19.0   43.572  103.152   1779.3    675.8
     1     1    10     3    15    16     0     2   -20.0   43.748  102.571   1724.1    683.1
     1     1    10     3    15    15     0     3   -21.0   43.895  101.965   1632.6    706.1
     1     1    10     3    15    14     0     2   -22.0   44.006  101.364   1518.9    733.1
     1     1    10     3    15    13     0     1   -23.0   44.097  100.771   1438.2    735.9
     1     1    10     3    15    12     0     0   -24.0   44.173  100.159   1379.0    724.3
     1     1    10     3    15    11     0     1   -25.0   44.229   99.545   1334.5    720.0
     1     1    10     3    15    10     0     2   -26.0   44.266   98.972   1292.4    717.4
     1     1    10     3    15     9     0     3   -27.0   44.276   98.450   1237.1    718.0
     1     1    10     3    15     8     0     2   -28.0   44.257   97.984   1167.4    725.8
     1     1    10     3    15     7     0     1   -29.0   44.208   97.595   1101.5    746.6
     1     1    10     3    15     6     0     0   -30.0   44.125   97.312   1035.9    765.4
     1     1    10     3    15     5     0     1   -31.0   44.012   97.120    962.0    782.7
     1     1    10     3    15     4     0     2   -32.0   43.877   96.971    862.2    790.9
     1     1    10     3    15     3     0     3   -33.0   43.736   96.825    737.1    801.3
     1     1    10     3    15     2     0     2   -34.0   43.602   96.693    620.0    815.9
     1     1    10     3    15     1     0     1   -35.0   43.478   96.578    534.1    823.9
     1     1    10     3    15     0     0     0   -36.0   43.360   96.474    475.3    830.6
     1     1    10     3    14    23     0     1   -37.0   43.255   96.378    441.1    835.1
     1     1    10     3    14    22     0     2   -38.0   43.172   96.289    426.5    838.4
     1     1    10     3    14    21     0     3   -39.0   43.115   96.207    428.4    840.1
     1     1    10     3    14    20     0     2   -40.0   43.082   96.125    443.4    841.0
     1     1    10     3    14    19     0     1   -41.0   43.071   96.034    469.5    841.1
     1     1    10     3    14    18     0     0   -42.0   43.083   95.933    495.8    834.7
     1     1    10     3    14    17     0     1   -43.0   43.106   95.822    508.7    825.9
     1     1    10     3    14    16     0     2   -44.0   43.130   95.703    502.4    820.2
     1     1    10     3    14    15     0     3   -45.0   43.148   95.583    476.4    817.0
     1     1    10     3    14    14     0     2   -46.0   43.163   95.484    426.8    817.5
     1     1    10     3    14    13     0     1   -47.0   43.180   95.431    351.6    823.9
     1     1    10     3    14    12     0     0   -48.0   43.204   95.423    257.1    836.6
     1     1    10     3    14    11     0     1   -49.0   43.235   95.425    159.9    851.6
     1     1    10     3    14    10     0     2   -50.0   43.270   95.401     83.9    864.6
     1     1    10     3    14     9     0     3   -51.0   43.308   95.345     41.5    872.0
     1     1    10     3    14     8     0     2   -52.0   43.343   95.269     13.9    875.6
     1     1    10     3    14     7     0     1   -53.0   43.367   95.192      0.0    877.9
     1     1    10     3    14     6     0     0   -54.0   43.384   95.115      0.0    879.6
     1     1    10     3    14     5     0     1   -55.0   43.405   95.048      0.0    881.0
     1     1    10     3    14     4     0     2   -56.0   43.443   94.990      0.0    885.6
     1     1    10     3    14     3     0     3   -57.0   43.499   94.931      0.0    892.1
     1     1    10     3    14     2     0     2   -58.0   43.559   94.864      0.0    899.5
     1     1    10     3    14     1     0     1   -59.0   43.609   94.791      0.0    904.5
     1     1    10     3    14     0     0     0   -60.0   43.649   94.715      0.0    907.0
     1     1    10     3    13    23     0     1   -61.0   43.692   94.617      4.7    908.2
     1     1    10     3    13    22     0     2   -62.0   43.757   94.459     20.9    907.9
     1     1    10     3    13    21     0     3   -63.0   43.857   94.181     95.7    898.7
     1     1    10     3    13    20     0     2   -64.0   43.979   93.736    281.9    858.9
     1     1    10     3    13    19     0     1   -65.0   44.112   93.263    449.0    789.7
     1     1    10     3    13    18     0     0   -66.0   44.267   92.843    503.3    774.0
     1     1    10     3    13    17     0     1   -67.0   44.437   92.442    488.5    795.3
     1     1    10     3    13    16     0     2   -68.0   44.596   92.042    445.0    813.1
     1     1    10     3    13    15     0     3   -69.0   44.710   91.655    381.9    831.6
     1     1    10     3    13    14     0     2   -70.0   44.779   91.295    318.4    843.5
     1     1    10     3    13    13     0     1   -71.0   44.814   90.966    257.3    853.3
     1     1    10     3    13    12     0     0   -72.0   44.825   90.674    210.8    866.6
     1     1    10     3    13    11     0     1   -73.0   44.834   90.405    171.8    875.7
     1     1    10     3    13    10     0     2   -74.0   44.846   90.138    109.4    887.7
     1     1    10     3    13     9     0     3   -75.0   44.850   89.864     21.9    905.5
     1     1    10     3    13     8     0     2   -76.0   44.863   89.605      0.0    914.6
     1     1    10     3    13     7     0     1   -77.0   44.897   89.382      0.0    921.2
     1     1    10     3    13     6     0     0   -78.0   44.938   89.197      0.0    928.6
     1     1    10     3    13     5     0     1   -79.0   44.986   89.057      0.0    935.3
     1     1    10     3    13     4     0     2   -80.0   45.054   88.962      0.0    937.4
     1     1    10     3    13     3     0     3   -81.0   45.145   88.910      0.5    936.6
     1     1    10     3    13     2     0     2   -82.0   45.253   88.872      2.0    936.3
     1     1    10     3    13     1     0     1   -83.0   45.365   88.823      1.8    936.2
     1     1    10     3    13     0     0     0   -84.0   45.475   88.756      0.0    936.3
     1     1    10     3    12    23     0     1   -85.0   45.569   88.686      0.0    936.1
     1     1    10     3    12    22     0     2   -86.0   45.640   88.632      0.0    935.9
     1     1    10     3    12    21     0     3   -87.0   45.698   88.603      0.9    935.4
     1     1    10     3    12    20     0     2   -88.0   45.747   88.590      3.1    935.3
     1     1    10     3    12    19     0     1   -89.0   45.790   88.583      3.5    935.1
     1     1    10     3    12    18     0     0   -90.0   45.829   88.583      2.2    934.6
     1     1    10     3    12    17     0     1   -91.0   45.878   88.574      0.0    934.2
     1     1    10     3    12    16     0     2   -92.0   45.949   88.546      0.0    934.0
     1     1    10     3    12    15     0     3   -93.0   46.042   88.505      0.0    934.5
     1     1    10     3    12    14     0     2   -94.0   46.163   88.442      0.0    935.8
     1     1    10     3    12    13     0     1   -95.0   46.312   88.345      0.0    938.6
     1     1    10     3    12    12     0     0   -96.0   46.483   88.208      0.0    943.5
