     5     1
    GDAS    10     3     1     0     0
    GDAS    10     3     8     0     0
    GDAS    10     3    15     0     0
    GDAS    10     3    22     0     0
    GDAS    10     3    29     0     0
     1 BACKWARD OMEGA   
    10     3    25     6   39.977  116.381  3000.0
     1 PRESSURE
     1     1    10     3    25     6     0     0     0.0   39.977  116.381   2761.5    697.0
     1     1    10     3    25     5     0     1    -1.0   40.367  115.839   2726.5    651.8
     1     1    10     3    25     4     0     2    -2.0   40.879  115.223   2723.0    609.1
     1     1    10     3    25     3     0     3    -3.0   41.485  114.559   2790.7    590.2
     1     1    10     3    25     2     0     2    -4.0   42.114  113.890   2883.9    583.9
     1     1    10     3    25     1     0     1    -5.0   42.722  113.232   2997.9    590.9
     1     1    10     3    25     0     0     0    -6.0   43.299  112.601   3046.2    598.2
     1     1    10     3    24    23     0     1    -7.0   43.857  112.015   3055.1    598.8
     1     1    10     3    24    22     0     2    -8.0   44.398  111.484   3081.0    600.6
     1     1    10     3    24    21     0     3    -9.0   44.952  111.009   3183.7    597.0
     1     1    10     3    24    20     0     2   -10.0   45.513  110.552   3281.7    577.0
     1     1    10     3    24    19     0     1   -11.0   46.062  110.081   3340.8    568.4
     1     1    10     3    24    18     0     0   -12.0   46.609  109.636   3386.0    559.9
     1     1    10     3    24    17     0     1   -13.0   47.169  109.230   3443.3    544.4
     1     1    10     3    24    16     0     2   -14.0   47.767  108.857   3448.5    525.2
     1     1    10     3    24    15     0     3   -15.0   48.411  108.527   3483.7    522.3
     1     1    10     3    24    14     0     2   -16.0   49.087  108.219   3634.3    514.9
     1     1    10     3    24    13     0     1   -17.0   49.752  107.910   3803.5    520.4
     1     1    10     3    24    12     0     0   -18.0   50.372  107.602   3885.1    537.1
     1     1    10     3    24    11     0     1   -19.0   50.957  107.295   3942.8    549.8
     1     1    10     3    24    10     0     2   -20.0   51.525  106.988   3993.3    548.6
     1     1    10     3    24     9     0     3   -21.0   52.088  106.678   4035.9    545.6
     1     1    10     3    24     8     0     2   -22.0   52.647  106.351   4064.7    538.0
     1     1    10     3    24     7     0     1   -23.0   53.215  106.013   4074.7    529.7
     1     1    10     3    24     6     0     0   -24.0   53.785  105.682   4097.8    532.8
     1     1    10     3    24     5     0     1   -25.0   54.345  105.347   4125.1    527.8
     1     1    10     3    24     4     0     2   -26.0   54.896  105.005   4194.1    529.6
     1     1    10     3    24     3     0     3   -27.0   55.441  104.671   4254.9    527.3
     1     1    10     3    24     2     0     2   -28.0   55.987  104.329   4310.5    525.2
     1     1    10     3    24     1     0     1   -29.0   56.527  103.977   4354.8    529.8
     1     1    10     3    24     0     0     0   -30.0   57.048  103.630   4374.6    533.8
     1     1    10     3    23    23     0     1   -31.0   57.540  103.276   4377.0    532.0
     1     1    10     3    23    22     0     2   -32.0   58.009  102.911   4387.3    534.2
     1     1    10     3    23    21     0     3   -33.0   58.471  102.535   4403.3    536.2
     1     1    10     3    23    20     0     2   -34.0   58.927  102.144   4428.2    536.9
     1     1    10     3    23    19     0     1   -35.0   59.375  101.742   4449.1    535.5
     1     1    10     3    23    18     0     0   -36.0   59.825  101.329   4466.3    533.9
     1     1    10     3    23    17     0     1   -37.0   60.277  100.900   4477.1    531.1
     1     1    10     3    23    16     0     2   -38.0   60.724  100.449   4474.7    527.4
     1     1    10     3    23    15     0     3   -39.0   61.161   99.970   4453.5    525.4
     1     1    10     3    23    14     0     2   -40.0   61.581   99.476   4439.4    527.7
     1     1    10     3    23    13     0     1   -41.0   61.989   98.976   4453.3    526.9
     1     1    10     3    23    12     0     0   -42.0   62.391   98.467   4477.9    523.9
     1     1    10     3    23    11     0     1   -43.0   62.774   97.963   4499.9    519.8
     1     1    10     3    23    10     0     2   -44.0   63.129   97.481   4531.8    516.6
     1     1    10     3    23     9     0     3   -45.0   63.468   97.016   4572.7    513.5
     1     1    10     3    23     8     0     2   -46.0   63.799   96.548   4616.5    511.4
     1     1    10     3    23     7     0     1   -47.0   64.121   96.073   4649.7    508.7
     1     1    10     3    23     6     0     0   -48.0   64.441   95.596   4670.2    504.8
     1     1    10     3    23     5     0     1   -49.0   64.769   95.092   4682.0    500.6
     1     1    10     3    23     4     0     2   -50.0   65.109   94.538   4697.2    497.9
     1     1    10     3    23     3     0     3   -51.0   65.462   93.932   4711.6    495.5
     1     1    10     3    23     2     0     2   -52.0   65.815   93.284   4734.4    494.2
     1     1    10     3    23     1     0     1   -53.0   66.156   92.620   4762.4    494.3
     1     1    10     3    23     0     0     0   -54.0   66.483   91.949   4783.4    494.5
     1     1    10     3    22    23     0     1   -55.0   66.783   91.288   4803.9    495.9
     1     1    10     3    22    22     0     2   -56.0   67.037   90.675   4820.9    497.3
     1     1    10     3    22    21     0     3   -57.0   67.258   90.148   4830.5    495.8
     1     1    10     3    22    20     0     2   -58.0   67.463   89.685   4843.3    494.9
     1     1    10     3    22    19     0     1   -59.0   67.664   89.255   4859.2    496.7
     1     1    10     3    22    18     0     0   -60.0   67.864   88.867   4874.4    499.8
     1     1    10     3    22    17     0     1   -61.0   68.056   88.502   4885.7    503.3
     1     1    10     3    22    16     0     2   -62.0   68.235   88.127   4892.4    504.9
     1     1    10     3    22    15     0     3   -63.0   68.399   87.727   4893.4    504.7
     1     1    10     3    22    14     0     2   -64.0   68.554   87.327   4897.0    504.7
     1     1    10     3    22    13     0     1   -65.0   68.701   86.966   4907.5    504.4
     1     1    10     3    22    12     0     0   -66.0   68.840   86.647   4925.8    504.8
     1     1    10     3    22    11     0     1   -67.0   68.973   86.386   4944.5    505.2
     1     1    10     3    22    10     0     2   -68.0   69.106   86.206   4957.3    506.1
     1     1    10     3    22     9     0     3   -69.0   69.240   86.116   4962.7    506.2
     1     1    10     3    22     8     0     2   -70.0   69.377   86.087   4967.9    506.2
     1     1    10     3    22     7     0     1   -71.0   69.520   86.082   4979.8    505.1
     1     1    10     3    22     6     0     0   -72.0   69.668   86.102   4999.4    503.3
     1     1    10     3    22     5     0     1   -73.0   69.817   86.165   5018.1    500.8
     1     1    10     3    22     4     0     2   -74.0   69.960   86.290   5027.4    499.9
     1     1    10     3    22     3     0     3   -75.0   70.095   86.481   5027.1    499.7
     1     1    10     3    22     2     0     2   -76.0   70.223   86.712   5024.0    500.1
     1     1    10     3    22     1     0     1   -77.0   70.346   86.963   5024.8    499.8
     1     1    10     3    22     0     0     0   -78.0   70.462   87.243   5029.7    498.7
     1     1    10     3    21    23     0     1   -79.0   70.580   87.546   5038.5    497.0
     1     1    10     3    21    22     0     2   -80.0   70.706   87.870   5046.6    495.8
     1     1    10     3    21    21     0     3   -81.0   70.838   88.229   5052.6    495.4
     1     1    10     3    21    20     0     2   -82.0   70.971   88.637   5063.2    496.7
     1     1    10     3    21    19     0     1   -83.0   71.106   89.098   5080.4    497.1
     1     1    10     3    21    18     0     0   -84.0   71.243   89.602   5101.7    496.9
     1     1    10     3    21    17     0     1   -85.0   71.385   90.125   5119.8    495.8
     1     1    10     3    21    16     0     2   -86.0   71.530   90.645   5125.4    494.8
     1     1    10     3    21    15     0     3   -87.0   71.675   91.167   5122.0    494.5
     1     1    10     3    21    14     0     2   -88.0   71.812   91.695   5114.8    495.1
     1     1    10     3    21    13     0     1   -89.0   71.933   92.240   5104.5    495.7
     1     1    10     3    21    12     0     0   -90.0   72.037   92.810   5091.2    496.6
     1     1    10     3    21    11     0     1   -91.0   72.130   93.412   5084.0    497.6
     1     1    10     3    21    10     0     2   -92.0   72.222   94.054   5091.0    497.2
     1     1    10     3    21     9     0     3   -93.0   72.313   94.743   5113.9    496.2
     1     1    10     3    21     8     0     2   -94.0   72.404   95.480   5136.8    493.4
     1     1    10     3    21     7     0     1   -95.0   72.490   96.265   5143.7    492.6
     1     1    10     3    21     6     0     0   -96.0   72.566   97.094   5140.8    491.9
