     5     1
    GDAS    10     3     1     0     0
    GDAS    10     3     8     0     0
    GDAS    10     3    15     0     0
    GDAS    10     3    22     0     0
    GDAS    10     3    29     0     0
     1 BACKWARD OMEGA   
    10     3    16     6   39.977  116.381  5000.0
     1 PRESSURE
     1     1    10     3    16     6     0     0     0.0   39.977  116.381   4756.1    531.4
     1     1    10     3    16     5     0     1    -1.0   40.434  114.921   4674.9    463.7
     1     1    10     3    16     4     0     2    -2.0   40.929  113.420   4656.9    452.6
     1     1    10     3    16     3     0     3    -3.0   41.435  111.999   4648.3    453.0
     1     1    10     3    16     2     0     2    -4.0   41.938  110.639   4707.6    460.2
     1     1    10     3    16     1     0     1    -5.0   42.432  109.312   4704.6    461.2
     1     1    10     3    16     0     0     0    -6.0   42.939  108.062   4718.9    481.5
     1     1    10     3    15    23     0     1    -7.0   43.424  106.852   4626.8    474.8
     1     1    10     3    15    22     0     2    -8.0   43.909  105.643   4579.7    463.8
     1     1    10     3    15    21     0     3    -9.0   44.405  104.520   4570.2    467.6
     1     1    10     3    15    20     0     2   -10.0   44.861  103.464   4541.9    473.3
     1     1    10     3    15    19     0     1   -11.0   45.300  102.417   4412.5    461.0
     1     1    10     3    15    18     0     0   -12.0   45.757  101.341   4308.9    445.8
     1     1    10     3    15    17     0     1   -13.0   46.188  100.279   4291.1    450.5
     1     1    10     3    15    16     0     2   -14.0   46.584   99.210   4308.0    440.0
     1     1    10     3    15    15     0     3   -15.0   46.995   98.022   4425.0    407.2
     1     1    10     3    15    14     0     2   -16.0   47.369   96.791   4666.5    412.4
     1     1    10     3    15    13     0     1   -17.0   47.684   95.598   4736.4    426.6
     1     1    10     3    15    12     0     0   -18.0   47.963   94.406   4794.0    446.7
     1     1    10     3    15    11     0     1   -19.0   48.194   93.217   4797.3    460.0
     1     1    10     3    15    10     0     2   -20.0   48.374   92.068   4601.1    462.0
     1     1    10     3    15     9     0     3   -21.0   48.449   90.892   4461.5    429.5
     1     1    10     3    15     8     0     2   -22.0   48.374   89.632   4461.6    409.4
     1     1    10     3    15     7     0     1   -23.0   48.224   88.275   4654.3    424.4
     1     1    10     3    15     6     0     0   -24.0   48.071   86.926   4922.9    476.0
     1     1    10     3    15     5     0     1   -25.0   47.916   85.574   4982.1    502.4
     1     1    10     3    15     4     0     2   -26.0   47.714   84.179   4923.3    494.9
     1     1    10     3    15     3     0     3   -27.0   47.498   82.811   5075.1    479.3
     1     1    10     3    15     2     0     2   -28.0   47.190   81.379   5298.4    463.0
     1     1    10     3    15     1     0     1   -29.0   46.814   79.934   5346.6    489.8
     1     1    10     3    15     0     0     0   -30.0   46.487   78.459   5308.0    486.1
     1     1    10     3    14    23     0     1   -31.0   46.156   76.868   5306.8    491.9
     1     1    10     3    14    22     0     2   -32.0   45.804   75.290   5272.8    493.1
     1     1    10     3    14    21     0     3   -33.0   45.486   73.722   5082.2    505.8
     1     1    10     3    14    20     0     2   -34.0   45.194   72.107   5043.2    512.3
     1     1    10     3    14    19     0     1   -35.0   44.948   70.467   4989.3    523.0
     1     1    10     3    14    18     0     0   -36.0   44.730   68.826   4993.1    519.8
     1     1    10     3    14    17     0     1   -37.0   44.541   67.192   5078.7    520.1
     1     1    10     3    14    16     0     2   -38.0   44.386   65.582   5167.5    518.8
     1     1    10     3    14    15     0     3   -39.0   44.254   63.983   5302.7    511.9
     1     1    10     3    14    14     0     2   -40.0   44.144   62.365   5504.9    500.1
     1     1    10     3    14    13     0     1   -41.0   44.051   60.730   5680.3    489.2
     1     1    10     3    14    12     0     0   -42.0   43.953   59.059   5835.8    478.6
     1     1    10     3    14    11     0     1   -43.0   43.882   57.364   5876.3    470.1
     1     1    10     3    14    10     0     2   -44.0   43.805   55.661   5880.5    467.1
     1     1    10     3    14     9     0     3   -45.0   43.663   53.978   5899.4    467.4
     1     1    10     3    14     8     0     2   -46.0   43.527   52.308   5969.5    466.3
     1     1    10     3    14     7     0     1   -47.0   43.420   50.650   6134.9    461.9
     1     1    10     3    14     6     0     0   -48.0   43.282   48.977   6301.0    452.2
     1     1    10     3    14     5     0     1   -49.0   43.149   47.209   6249.5    433.3
     1     1    10     3    14     4     0     2   -50.0   42.965   45.331   5909.3    410.8
     1     1    10     3    14     3     0     3   -51.0   42.688   43.403   5872.7    363.6
     1     1    10     3    14     2     0     2   -52.0   42.445   41.419   6258.5    421.5
     1     1    10     3    14     1     0     1   -53.0   42.093   39.651   6306.1    445.1
     1     1    10     3    14     0     0     0   -54.0   41.669   38.006   6158.5    449.3
     1     1    10     3    13    23     0     1   -55.0   41.295   36.438   6004.0    442.1
     1     1    10     3    13    22     0     2   -56.0   40.926   34.859   5715.4    426.1
     1     1    10     3    13    21     0     3   -57.0   40.562   33.221   5673.5    419.9
     1     1    10     3    13    20     0     2   -58.0   40.250   31.621   5840.1    426.6
     1     1    10     3    13    19     0     1   -59.0   39.883   30.143   5764.5    430.4
     1     1    10     3    13    18     0     0   -60.0   39.525   28.750   5718.9    445.6
     1     1    10     3    13    17     0     1   -61.0   39.226   27.498   5723.5    469.6
     1     1    10     3    13    16     0     2   -62.0   39.006   26.450   5722.7    486.2
     1     1    10     3    13    15     0     3   -63.0   38.894   25.503   5756.4    487.7
     1     1    10     3    13    14     0     2   -64.0   38.808   24.510   5860.2    477.0
     1     1    10     3    13    13     0     1   -65.0   38.679   23.484   5845.8    469.8
     1     1    10     3    13    12     0     0   -66.0   38.523   22.393   5898.1    443.6
     1     1    10     3    13    11     0     1   -67.0   38.341   21.230   5996.7    453.0
     1     1    10     3    13    10     0     2   -68.0   38.172   20.149   5966.7    473.2
     1     1    10     3    13     9     0     3   -69.0   38.007   19.139   5975.0    475.1
     1     1    10     3    13     8     0     2   -70.0   37.796   18.136   5874.0    476.1
     1     1    10     3    13     7     0     1   -71.0   37.564   17.147   5546.2    499.4
     1     1    10     3    13     6     0     0   -72.0   37.390   16.245   5103.1    526.7
     1     1    10     3    13     5     0     1   -73.0   37.236   15.438   4699.9    553.4
     1     1    10     3    13     4     0     2   -74.0   37.057   14.656   4473.5    573.8
     1     1    10     3    13     3     0     3   -75.0   36.880   13.837   4515.8    571.3
     1     1    10     3    13     2     0     2   -76.0   36.707   13.033   4468.3    581.0
     1     1    10     3    13     1     0     1   -77.0   36.551   12.334   4298.1    592.7
     1     1    10     3    13     0     0     0   -78.0   36.405   11.673   4218.5    602.0
     1     1    10     3    12    23     0     1   -79.0   36.266   10.960   4205.1    601.9
     1     1    10     3    12    22     0     2   -80.0   36.119   10.136   4174.4    586.1
     1     1    10     3    12    21     0     3   -81.0   35.945    9.234   4154.5    562.4
     1     1    10     3    12    20     0     2   -82.0   35.738    8.303   4027.9    555.3
     1     1    10     3    12    19     0     1   -83.0   35.533    7.349   3826.1    564.9
     1     1    10     3    12    18     0     0   -84.0   35.368    6.384   3752.1    574.1
     1     1    10     3    12    17     0     1   -85.0   35.208    5.434   3718.8    593.0
     1     1    10     3    12    16     0     2   -86.0   35.057    4.556   3714.4    583.4
     1     1    10     3    12    15     0     3   -87.0   34.919    3.732   3510.9    579.2
     1     1    10     3    12    14     0     2   -88.0   34.782    2.953   3345.6    600.2
     1     1    10     3    12    13     0     1   -89.0   34.670    2.140   3212.5    599.9
     1     1    10     3    12    12     0     0   -90.0   34.585    1.297   3147.5    600.6
     1     1    10     3    12    11     0     1   -91.0   34.525    0.465   3160.2    605.6
     1     1    10     3    12    10     0     2   -92.0   34.526   -0.388   3169.6    613.1
     1     1    10     3    12     9     0     3   -93.0   34.593   -1.267   3177.5    620.7
     1     1    10     3    12     8     0     2   -94.0   34.706   -2.135   3112.1    647.5
     1     1    10     3    12     7     0     1   -95.0   34.810   -3.001   2945.2    672.0
     1     1    10     3    12     6     0     0   -96.0   34.873   -3.924   2896.8    645.4
