     5     1
    GDAS    10     3     1     0     0
    GDAS    10     3     8     0     0
    GDAS    10     3    15     0     0
    GDAS    10     3    22     0     0
    GDAS    10     3    29     0     0
     1 BACKWARD OMEGA   
    10     3    15    12   39.977  116.381 10000.0
     1 PRESSURE
     1     1    10     3    15    12     0     0     0.0   39.977  116.381   9755.0    250.9
     1     1    10     3    15    11     0     1    -1.0   39.745  114.384   9332.2    237.4
     1     1    10     3    15    10     0     2    -2.0   39.661  112.459   9320.9    226.5
     1     1    10     3    15     9     0     3    -3.0   39.745  110.617   9538.3    227.2
     1     1    10     3    15     8     0     2    -4.0   39.967  108.899   9617.8    218.7
