     5     1
    GDAS    10     3     1     0     0
    GDAS    10     3     8     0     0
    GDAS    10     3    15     0     0
    GDAS    10     3    22     0     0
    GDAS    10     3    29     0     0
     1 BACKWARD OMEGA   
    10     3    16    18   39.977  116.381  1600.0
     1 PRESSURE
     1     1    10     3    16    18     0     0     0.0   39.977  116.381   1365.0    838.8
     1     1    10     3    16    17     0     1    -1.0   40.073  116.331   1272.1    838.8
     1     1    10     3    16    16     0     2    -2.0   40.169  116.285   1156.0    842.7
     1     1    10     3    16    15     0     3    -3.0   40.274  116.239   1033.2    845.9
     1     1    10     3    16    14     0     2    -4.0   40.399  116.159    965.7    845.0
     1     1    10     3    16    13     0     1    -5.0   40.559  115.981   1020.0    818.2
     1     1    10     3    16    12     0     0    -6.0   40.760  115.630   1211.1    769.4
     1     1    10     3    16    11     0     1    -7.0   41.009  115.058   1462.3    713.5
     1     1    10     3    16    10     0     2    -8.0   41.300  114.388   1667.9    685.7
     1     1    10     3    16     9     0     3    -9.0   41.596  113.728   1782.2    671.9
     1     1    10     3    16     8     0     2   -10.0   41.892  113.039   1836.6    666.5
     1     1    10     3    16     7     0     1   -11.0   42.165  112.371   1814.0    674.4
     1     1    10     3    16     6     0     0   -12.0   42.418  111.812   1731.7    696.0
     1     1    10     3    16     5     0     1   -13.0   42.650  111.338   1676.9    716.4
     1     1    10     3    16     4     0     2   -14.0   42.869  110.841   1679.0    718.5
     1     1    10     3    16     3     0     3   -15.0   43.087  110.304   1694.2    713.9
     1     1    10     3    16     2     0     2   -16.0   43.298  109.777   1701.8    715.0
     1     1    10     3    16     1     0     1   -17.0   43.504  109.286   1710.6    720.2
     1     1    10     3    16     0     0     0   -18.0   43.712  108.807   1733.2    723.5
     1     1    10     3    15    23     0     1   -19.0   43.922  108.326   1759.1    718.5
     1     1    10     3    15    22     0     2   -20.0   44.130  107.839   1782.8    707.2
     1     1    10     3    15    21     0     3   -21.0   44.347  107.354   1812.3    697.2
     1     1    10     3    15    20     0     2   -22.0   44.589  106.860   1821.0    690.4
     1     1    10     3    15    19     0     1   -23.0   44.842  106.359   1780.4    691.6
     1     1    10     3    15    18     0     0   -24.0   45.090  105.863   1715.7    695.4
     1     1    10     3    15    17     0     1   -25.0   45.331  105.365   1654.0    698.1
     1     1    10     3    15    16     0     2   -26.0   45.562  104.852   1588.3    698.8
     1     1    10     3    15    15     0     3   -27.0   45.772  104.337   1508.7    702.8
     1     1    10     3    15    14     0     2   -28.0   45.949  103.825   1427.5    706.3
     1     1    10     3    15    13     0     1   -29.0   46.101  103.305   1387.3    699.0
     1     1    10     3    15    12     0     0   -30.0   46.283  102.743   1419.8    680.2
     1     1    10     3    15    11     0     1   -31.0   46.564  102.099   1504.9    649.9
     1     1    10     3    15    10     0     2   -32.0   46.964  101.363   1619.0    611.0
     1     1    10     3    15     9     0     3   -33.0   47.456  100.581   1730.2    601.1
     1     1    10     3    15     8     0     2   -34.0   47.924   99.836   1742.2    604.1
     1     1    10     3    15     7     0     1   -35.0   48.394   99.125   1718.4    605.1
     1     1    10     3    15     6     0     0   -36.0   48.840   98.490   1699.0    625.3
     1     1    10     3    15     5     0     1   -37.0   49.255   97.900   1667.0    632.6
     1     1    10     3    15     4     0     2   -38.0   49.655   97.308   1654.9    630.4
     1     1    10     3    15     3     0     3   -39.0   50.058   96.724   1674.1    629.6
     1     1    10     3    15     2     0     2   -40.0   50.400   96.184   1697.5    659.5
     1     1    10     3    15     1     0     1   -41.0   50.652   95.690   1724.1    684.6
     1     1    10     3    15     0     0     0   -42.0   50.858   95.223   1798.1    696.3
     1     1    10     3    14    23     0     1   -43.0   51.058   94.772   1934.8    681.4
     1     1    10     3    14    22     0     2   -44.0   51.278   94.339   2093.4    657.2
     1     1    10     3    14    21     0     3   -45.0   51.506   93.928   2215.4    651.4
     1     1    10     3    14    20     0     2   -46.0   51.734   93.539   2282.3    651.2
     1     1    10     3    14    19     0     1   -47.0   51.967   93.165   2307.3    655.5
     1     1    10     3    14    18     0     0   -48.0   52.211   92.809   2303.3    660.6
     1     1    10     3    14    17     0     1   -49.0   52.468   92.481   2300.0    669.2
     1     1    10     3    14    16     0     2   -50.0   52.728   92.176   2316.6    682.6
     1     1    10     3    14    15     0     3   -51.0   52.984   91.883   2371.1    697.7
     1     1    10     3    14    14     0     2   -52.0   53.243   91.575   2427.9    698.7
     1     1    10     3    14    13     0     1   -53.0   53.507   91.234   2462.1    699.7
     1     1    10     3    14    12     0     0   -54.0   53.789   90.860   2475.6    695.3
     1     1    10     3    14    11     0     1   -55.0   54.088   90.452   2481.8    680.8
     1     1    10     3    14    10     0     2   -56.0   54.380   90.016   2497.8    675.0
     1     1    10     3    14     9     0     3   -57.0   54.646   89.564   2509.0    676.8
     1     1    10     3    14     8     0     2   -58.0   54.901   89.100   2516.2    673.5
     1     1    10     3    14     7     0     1   -59.0   55.156   88.627   2535.9    679.6
     1     1    10     3    14     6     0     0   -60.0   55.399   88.147   2536.8    691.8
     1     1    10     3    14     5     0     1   -61.0   55.625   87.660   2522.4    710.3
     1     1    10     3    14     4     0     2   -62.0   55.832   87.163   2507.0    722.2
     1     1    10     3    14     3     0     3   -63.0   56.020   86.646   2496.5    723.9
     1     1    10     3    14     2     0     2   -64.0   56.206   86.111   2486.3    723.2
     1     1    10     3    14     1     0     1   -65.0   56.394   85.575   2475.7    729.2
     1     1    10     3    14     0     0     0   -66.0   56.579   85.054   2479.2    733.7
     1     1    10     3    13    23     0     1   -67.0   56.764   84.525   2488.4    733.2
     1     1    10     3    13    22     0     2   -68.0   56.943   83.955   2482.0    734.7
     1     1    10     3    13    21     0     3   -69.0   57.109   83.337   2461.1    735.9
     1     1    10     3    13    20     0     2   -70.0   57.264   82.680   2446.0    737.1
     1     1    10     3    13    19     0     1   -71.0   57.410   82.006   2433.3    737.8
     1     1    10     3    13    18     0     0   -72.0   57.540   81.329   2421.3    738.7
     1     1    10     3    13    17     0     1   -73.0   57.660   80.653   2412.8    738.3
     1     1    10     3    13    16     0     2   -74.0   57.769   79.974   2396.5    740.0
     1     1    10     3    13    15     0     3   -75.0   57.871   79.281   2365.7    741.6
     1     1    10     3    13    14     0     2   -76.0   57.969   78.561   2338.0    744.5
     1     1    10     3    13    13     0     1   -77.0   58.062   77.789   2324.0    745.9
     1     1    10     3    13    12     0     0   -78.0   58.153   76.960   2329.5    744.9
     1     1    10     3    13    11     0     1   -79.0   58.238   76.117   2350.1    742.1
     1     1    10     3    13    10     0     2   -80.0   58.307   75.277   2364.2    740.0
     1     1    10     3    13     9     0     3   -81.0   58.355   74.421   2366.9    739.1
     1     1    10     3    13     8     0     2   -82.0   58.389   73.548   2361.3    740.3
     1     1    10     3    13     7     0     1   -83.0   58.417   72.678   2358.1    740.7
     1     1    10     3    13     6     0     0   -84.0   58.441   71.804   2360.7    739.3
     1     1    10     3    13     5     0     1   -85.0   58.467   70.899   2357.7    740.2
     1     1    10     3    13     4     0     2   -86.0   58.510   69.958   2350.6    740.9
     1     1    10     3    13     3     0     3   -87.0   58.571   69.008   2355.1    742.7
     1     1    10     3    13     2     0     2   -88.0   58.623   68.044   2363.3    741.6
     1     1    10     3    13     1     0     1   -89.0   58.658   67.031   2385.2    739.0
     1     1    10     3    13     0     0     0   -90.0   58.697   65.963   2416.9    732.2
     1     1    10     3    12    23     0     1   -91.0   58.743   64.864   2450.6    728.1
     1     1    10     3    12    22     0     2   -92.0   58.792   63.763   2483.3    723.8
     1     1    10     3    12    21     0     3   -93.0   58.848   62.673   2504.3    718.9
     1     1    10     3    12    20     0     2   -94.0   58.898   61.564   2499.9    717.5
     1     1    10     3    12    19     0     1   -95.0   58.934   60.401   2441.4    720.3
     1     1    10     3    12    18     0     0   -96.0   58.960   59.157   2454.6    698.0
