     5     1
    GDAS    10     3     1     0     0
    GDAS    10     3     8     0     0
    GDAS    10     3    15     0     0
    GDAS    10     3    22     0     0
    GDAS    10     3    29     0     0
     1 BACKWARD OMEGA   
    10     3    26    12   39.977  116.381  5400.0
     1 PRESSURE
     1     1    10     3    26    12     0     0     0.0   39.977  116.381   5160.1    505.9
     1     1    10     3    26    11     0     1    -1.0   40.438  115.613   5183.3    452.5
     1     1    10     3    26    10     0     2    -2.0   40.914  114.792   5242.5    427.1
     1     1    10     3    26     9     0     3    -3.0   41.396  113.952   5394.6    412.6
     1     1    10     3    26     8     0     2    -4.0   41.891  113.154   5467.5    406.0
     1     1    10     3    26     7     0     1    -5.0   42.389  112.416   5566.6    410.8
     1     1    10     3    26     6     0     0    -6.0   42.875  111.736   5694.2    415.4
     1     1    10     3    26     5     0     1    -7.0   43.378  111.097   5781.5    410.3
     1     1    10     3    26     4     0     2    -8.0   43.917  110.471   5830.5    411.3
     1     1    10     3    26     3     0     3    -9.0   44.511  109.843   5897.8    413.1
     1     1    10     3    26     2     0     2   -10.0   45.135  109.220   5972.1    396.0
     1     1    10     3    26     1     0     1   -11.0   45.753  108.622   6028.1    384.2
     1     1    10     3    26     0     0     0   -12.0   46.389  108.059   6036.2    377.5
     1     1    10     3    25    23     0     1   -13.0   47.026  107.545   5962.6    374.2
     1     1    10     3    25    22     0     2   -14.0   47.653  107.068   5857.4    375.9
     1     1    10     3    25    21     0     3   -15.0   48.330  106.599   5938.9    385.1
     1     1    10     3    25    20     0     2   -16.0   49.075  106.116   6179.1    392.0
     1     1    10     3    25    19     0     1   -17.0   49.821  105.598   6304.4    387.4
     1     1    10     3    25    18     0     0   -18.0   50.559  105.061   6217.8    372.6
     1     1    10     3    25    17     0     1   -19.0   51.274  104.529   6174.5    378.7
     1     1    10     3    25    16     0     2   -20.0   51.952  103.986   6385.9    402.9
     1     1    10     3    25    15     0     3   -21.0   52.612  103.429   6447.7    391.6
     1     1    10     3    25    14     0     2   -22.0   53.229  102.875   6477.9    400.9
     1     1    10     3    25    13     0     1   -23.0   53.800  102.302   6472.1    401.7
     1     1    10     3    25    12     0     0   -24.0   54.338  101.689   6493.9    400.0
     1     1    10     3    25    11     0     1   -25.0   54.859  101.007   6501.8    398.1
     1     1    10     3    25    10     0     2   -26.0   55.354  100.266   6495.2    400.8
     1     1    10     3    25     9     0     3   -27.0   55.833   99.509   6517.3    403.7
     1     1    10     3    25     8     0     2   -28.0   56.275   98.729   6552.6    406.1
     1     1    10     3    25     7     0     1   -29.0   56.653   97.940   6567.2    406.8
     1     1    10     3    25     6     0     0   -30.0   57.000   97.172   6565.9    408.2
     1     1    10     3    25     5     0     1   -31.0   57.265   96.464   6546.1    409.4
     1     1    10     3    25     4     0     2   -32.0   57.404   95.797   6533.9    410.6
     1     1    10     3    25     3     0     3   -33.0   57.447   95.143   6528.9    411.8
     1     1    10     3    25     2     0     2   -34.0   57.436   94.493   6491.0    413.8
     1     1    10     3    25     1     0     1   -35.0   57.410   93.837   6413.9    419.5
     1     1    10     3    25     0     0     0   -36.0   57.378   93.146   6348.6    427.5
     1     1    10     3    24    23     0     1   -37.0   57.324   92.385   6334.8    428.3
     1     1    10     3    24    22     0     2   -38.0   57.230   91.537   6384.0    423.1
     1     1    10     3    24    21     0     3   -39.0   57.092   90.631   6443.8    420.7
     1     1    10     3    24    20     0     2   -40.0   56.891   89.709   6485.5    418.6
     1     1    10     3    24    19     0     1   -41.0   56.637   88.826   6534.8    416.9
     1     1    10     3    24    18     0     0   -42.0   56.358   87.994   6530.6    417.1
     1     1    10     3    24    17     0     1   -43.0   56.066   87.196   6447.7    421.6
     1     1    10     3    24    16     0     2   -44.0   55.759   86.398   6348.3    427.3
     1     1    10     3    24    15     0     3   -45.0   55.434   85.599   6304.4    431.0
     1     1    10     3    24    14     0     2   -46.0   55.104   84.826   6250.8    434.6
     1     1    10     3    24    13     0     1   -47.0   54.782   84.066   6181.8    437.9
     1     1    10     3    24    12     0     0   -48.0   54.465   83.289   6167.4    442.9
     1     1    10     3    24    11     0     1   -49.0   54.150   82.478   6194.4    440.7
     1     1    10     3    24    10     0     2   -50.0   53.832   81.645   6244.9    437.3
     1     1    10     3    24     9     0     3   -51.0   53.494   80.804   6277.9    435.9
     1     1    10     3    24     8     0     2   -52.0   53.146   79.971   6278.5    439.0
     1     1    10     3    24     7     0     1   -53.0   52.798   79.187   6215.2    443.3
     1     1    10     3    24     6     0     0   -54.0   52.441   78.449   6101.0    450.4
     1     1    10     3    24     5     0     1   -55.0   52.097   77.744   5988.8    459.0
     1     1    10     3    24     4     0     2   -56.0   51.787   77.071   5944.8    464.9
     1     1    10     3    24     3     0     3   -57.0   51.478   76.433   5964.4    459.4
     1     1    10     3    24     2     0     2   -58.0   51.171   75.820   6001.8    449.7
     1     1    10     3    24     1     0     1   -59.0   50.887   75.235   6001.1    440.4
     1     1    10     3    24     0     0     0   -60.0   50.618   74.704   5952.3    438.0
     1     1    10     3    23    23     0     1   -61.0   50.368   74.194   5896.1    440.7
     1     1    10     3    23    22     0     2   -62.0   50.153   73.666   5866.0    442.8
     1     1    10     3    23    21     0     3   -63.0   49.976   73.119   5874.4    442.4
     1     1    10     3    23    20     0     2   -64.0   49.824   72.559   5896.6    441.3
     1     1    10     3    23    19     0     1   -65.0   49.679   71.989   5893.6    444.0
     1     1    10     3    23    18     0     0   -66.0   49.538   71.412   5847.9    447.5
     1     1    10     3    23    17     0     1   -67.0   49.399   70.823   5794.4    453.1
     1     1    10     3    23    16     0     2   -68.0   49.260   70.214   5764.7    456.5
     1     1    10     3    23    15     0     3   -69.0   49.116   69.588   5761.5    456.9
     1     1    10     3    23    14     0     2   -70.0   48.964   68.961   5770.1    455.6
     1     1    10     3    23    13     0     1   -71.0   48.802   68.350   5740.9    452.7
     1     1    10     3    23    12     0     0   -72.0   48.629   67.761   5694.8    456.0
     1     1    10     3    23    11     0     1   -73.0   48.447   67.201   5662.8    459.3
     1     1    10     3    23    10     0     2   -74.0   48.260   66.673   5666.9    461.6
     1     1    10     3    23     9     0     3   -75.0   48.068   66.175   5699.4    462.8
     1     1    10     3    23     8     0     2   -76.0   47.890   65.705   5749.5    464.4
     1     1    10     3    23     7     0     1   -77.0   47.739   65.263   5777.1    469.7
     1     1    10     3    23     6     0     0   -78.0   47.607   64.845   5761.9    475.6
     1     1    10     3    23     5     0     1   -79.0   47.499   64.429   5729.6    479.9
     1     1    10     3    23     4     0     2   -80.0   47.424   63.989   5712.9    481.4
     1     1    10     3    23     3     0     3   -81.0   47.377   63.519   5708.9    482.7
     1     1    10     3    23     2     0     2   -82.0   47.344   63.022   5714.2    484.0
     1     1    10     3    23     1     0     1   -83.0   47.309   62.508   5724.8    483.0
     1     1    10     3    23     0     0     0   -84.0   47.264   61.974   5743.2    481.3
     1     1    10     3    22    23     0     1   -85.0   47.220   61.427   5753.6    478.5
     1     1    10     3    22    22     0     2   -86.0   47.188   60.874   5748.4    477.3
     1     1    10     3    22    21     0     3   -87.0   47.163   60.318   5734.2    476.6
     1     1    10     3    22    20     0     2   -88.0   47.149   59.752   5728.3    476.1
     1     1    10     3    22    19     0     1   -89.0   47.154   59.177   5726.0    475.8
     1     1    10     3    22    18     0     0   -90.0   47.181   58.601   5708.6    476.9
     1     1    10     3    22    17     0     1   -91.0   47.229   58.025   5679.4    479.9
     1     1    10     3    22    16     0     2   -92.0   47.301   57.445   5666.3    483.5
     1     1    10     3    22    15     0     3   -93.0   47.408   56.861   5668.7    485.0
     1     1    10     3    22    14     0     2   -94.0   47.526   56.259   5674.5    483.9
     1     1    10     3    22    13     0     1   -95.0   47.639   55.629   5680.8    483.6
     1     1    10     3    22    12     0     0   -96.0   47.759   54.973   5679.8    484.4
