     7     1
    GDAS    10     3    22     0     0
    GDAS    10     4     8     0     0
    GDAS    10     4    15     0     0
    GDAS    10     4    22     0     0
    GDAS    10     4    29     0     0
    GDAS    10     4     1     0     0
    GDAS    10     3    29     0     0
     1 BACKWARD OMEGA   
    10     4     6     6   39.977  116.381  5800.0
     1 PRESSURE
     1     1    10     4     6     6     0     0     0.0   39.977  116.381   5557.7    480.3
     1     1    10     4     6     5     0     1    -1.0   40.488  115.239   5548.8    420.6
     1     1    10     4     6     4     0     2    -2.0   40.980  114.027   5595.3    407.6
     1     1    10     4     6     3     0     3    -3.0   41.494  112.839   5657.1    394.6
     1     1    10     4     6     2     0     2    -4.0   42.001  111.724   5847.6    391.3
     1     1    10     4     6     1     0     1    -5.0   42.498  110.643   6081.2    388.5
     1     1    10     4     6     0     0     0    -6.0   42.984  109.648   6237.5    381.3
     1     1    10     4     5    23     0     1    -7.0   43.480  108.697   6426.4    378.5
     1     1    10     4     5    22     0     2    -8.0   43.978  107.722   6534.2    367.1
     1     1    10     4     5    21     0     3    -9.0   44.456  106.729   6564.6    358.9
     1     1    10     4     5    20     0     2   -10.0   44.904  105.759   6591.9    355.1
     1     1    10     4     5    19     0     1   -11.0   45.318  104.799   6570.1    354.8
     1     1    10     4     5    18     0     0   -12.0   45.701  103.865   6536.8    352.4
     1     1    10     4     5    17     0     1   -13.0   46.055  102.971   6517.5    337.9
     1     1    10     4     5    16     0     2   -14.0   46.403  102.085   6495.5    320.8
     1     1    10     4     5    15     0     3   -15.0   46.733  101.213   6438.7    308.6
     1     1    10     4     5    14     0     2   -16.0   47.029  100.344   6396.2    300.8
     1     1    10     4     5    13     0     1   -17.0   47.314   99.459   6431.4    305.4
     1     1    10     4     5    12     0     0   -18.0   47.598   98.575   6425.1    303.0
     1     1    10     4     5    11     0     1   -19.0   47.859   97.704   6433.7    303.6
     1     1    10     4     5    10     0     2   -20.0   48.065   96.875   6466.1    309.9
     1     1    10     4     5     9     0     3   -21.0   48.232   96.082   6554.0    321.3
     1     1    10     4     5     8     0     2   -22.0   48.382   95.304   6606.9    326.9
     1     1    10     4     5     7     0     1   -23.0   48.519   94.535   6669.7    336.5
     1     1    10     4     5     6     0     0   -24.0   48.635   93.805   6705.8    347.8
     1     1    10     4     5     5     0     1   -25.0   48.741   93.091   6724.1    357.1
     1     1    10     4     5     4     0     2   -26.0   48.843   92.347   6641.8    345.5
     1     1    10     4     5     3     0     3   -27.0   48.921   91.559   6556.8    333.2
     1     1    10     4     5     2     0     2   -28.0   48.988   90.747   6493.3    326.8
     1     1    10     4     5     1     0     1   -29.0   49.052   89.921   6399.2    320.8
     1     1    10     4     5     0     0     0   -30.0   49.111   89.076   6285.7    315.0
     1     1    10     4     4    23     0     1   -31.0   49.184   88.222   6203.5    310.1
     1     1    10     4     4    22     0     2   -32.0   49.272   87.369   6259.2    317.8
     1     1    10     4     4    21     0     3   -33.0   49.346   86.534   6335.9    330.5
     1     1    10     4     4    20     0     2   -34.0   49.397   85.721   6415.8    342.6
     1     1    10     4     4    19     0     1   -35.0   49.433   84.953   6460.0    356.1
     1     1    10     4     4    18     0     0   -36.0   49.451   84.241   6530.6    375.8
     1     1    10     4     4    17     0     1   -37.0   49.463   83.572   6550.5    385.8
     1     1    10     4     4    16     0     2   -38.0   49.484   82.914   6544.3    391.8
     1     1    10     4     4    15     0     3   -39.0   49.514   82.263   6545.4    401.2
     1     1    10     4     4    14     0     2   -40.0   49.547   81.630   6522.2    408.4
     1     1    10     4     4    13     0     1   -41.0   49.581   81.018   6491.0    411.9
     1     1    10     4     4    12     0     0   -42.0   49.611   80.424   6471.8    415.4
     1     1    10     4     4    11     0     1   -43.0   49.630   79.859   6460.3    417.3
     1     1    10     4     4    10     0     2   -44.0   49.636   79.335   6450.3    414.9
     1     1    10     4     4     9     0     3   -45.0   49.627   78.850   6448.7    411.9
     1     1    10     4     4     8     0     2   -46.0   49.615   78.393   6443.4    409.1
     1     1    10     4     4     7     0     1   -47.0   49.611   77.961   6430.5    407.5
     1     1    10     4     4     6     0     0   -48.0   49.615   77.553   6411.3    404.8
     1     1    10     4     4     5     0     1   -49.0   49.635   77.138   6398.7    401.4
     1     1    10     4     4     4     0     2   -50.0   49.678   76.695   6400.7    399.5
     1     1    10     4     4     3     0     3   -51.0   49.744   76.232   6409.8    398.8
     1     1    10     4     4     2     0     2   -52.0   49.828   75.772   6419.2    399.2
     1     1    10     4     4     1     0     1   -53.0   49.923   75.339   6428.5    400.6
     1     1    10     4     4     0     0     0   -54.0   50.026   74.941   6442.1    402.0
     1     1    10     4     3    23     0     1   -55.0   50.131   74.557   6465.7    404.0
     1     1    10     4     3    22     0     2   -56.0   50.233   74.162   6489.1    405.1
     1     1    10     4     3    21     0     3   -57.0   50.334   73.760   6507.2    405.1
     1     1    10     4     3    20     0     2   -58.0   50.443   73.358   6524.8    404.5
     1     1    10     4     3    19     0     1   -59.0   50.565   72.966   6547.1    402.9
     1     1    10     4     3    18     0     0   -60.0   50.695   72.591   6587.5    403.4
     1     1    10     4     3    17     0     1   -61.0   50.835   72.227   6630.3    403.5
     1     1    10     4     3    16     0     2   -62.0   50.984   71.871   6669.5    403.8
     1     1    10     4     3    15     0     3   -63.0   51.139   71.511   6699.8    403.6
     1     1    10     4     3    14     0     2   -64.0   51.297   71.134   6727.1    403.4
     1     1    10     4     3    13     0     1   -65.0   51.456   70.751   6764.2    401.4
     1     1    10     4     3    12     0     0   -66.0   51.615   70.375   6818.4    398.4
     1     1    10     4     3    11     0     1   -67.0   51.777   70.027   6887.1    394.4
     1     1    10     4     3    10     0     2   -68.0   51.944   69.724   6965.9    390.2
     1     1    10     4     3     9     0     3   -69.0   52.121   69.455   7048.2    385.3
     1     1    10     4     3     8     0     2   -70.0   52.303   69.198   7122.6    380.3
     1     1    10     4     3     7     0     1   -71.0   52.486   68.956   7185.5    376.4
     1     1    10     4     3     6     0     0   -72.0   52.669   68.745   7241.5    372.8
     1     1    10     4     3     5     0     1   -73.0   52.852   68.568   7298.0    369.5
     1     1    10     4     3     4     0     2   -74.0   53.036   68.424   7362.4    366.2
     1     1    10     4     3     3     0     3   -75.0   53.220   68.297   7439.8    363.9
     1     1    10     4     3     2     0     2   -76.0   53.409   68.179   7517.3    361.8
     1     1    10     4     3     1     0     1   -77.0   53.609   68.078   7593.8    359.8
     1     1    10     4     3     0     0     0   -78.0   53.819   67.993   7667.6    357.9
     1     1    10     4     2    23     0     1   -79.0   54.034   67.883   7728.0    356.2
     1     1    10     4     2    22     0     2   -80.0   54.250   67.726   7764.2    354.7
     1     1    10     4     2    21     0     3   -81.0   54.471   67.548   7796.5    353.5
     1     1    10     4     2    20     0     2   -82.0   54.701   67.373   7835.7    352.2
     1     1    10     4     2    19     0     1   -83.0   54.947   67.211   7884.7    350.1
     1     1    10     4     2    18     0     0   -84.0   55.208   67.046   7934.3    347.4
     1     1    10     4     2    17     0     1   -85.0   55.483   66.870   7972.1    344.7
     1     1    10     4     2    16     0     2   -86.0   55.774   66.695   7983.9    343.6
     1     1    10     4     2    15     0     3   -87.0   56.080   66.523   7961.2    345.2
     1     1    10     4     2    14     0     2   -88.0   56.394   66.348   7934.6    349.6
     1     1    10     4     2    13     0     1   -89.0   56.720   66.159   7927.2    351.3
     1     1    10     4     2    12     0     0   -90.0   57.068   65.946   7930.0    352.0
     1     1    10     4     2    11     0     1   -91.0   57.426   65.703   7932.1    351.0
     1     1    10     4     2    10     0     2   -92.0   57.778   65.419   7938.5    349.5
     1     1    10     4     2     9     0     3   -93.0   58.127   65.068   7938.5    349.0
     1     1    10     4     2     8     0     2   -94.0   58.486   64.666   7930.1    349.5
     1     1    10     4     2     7     0     1   -95.0   58.864   64.231   7923.6    350.1
     1     1    10     4     2     6     0     0   -96.0   59.258   63.745   7933.2    349.6
