     7     1
    GDAS    10     3    22     0     0
    GDAS    10     4     8     0     0
    GDAS    10     4    15     0     0
    GDAS    10     4    22     0     0
    GDAS    10     4    29     0     0
    GDAS    10     4     1     0     0
    GDAS    10     3    29     0     0
     1 BACKWARD OMEGA   
    10     4    18    18   39.977  116.381  8400.0
     1 PRESSURE
     1     1    10     4    18    18     0     0     0.0   39.977  116.381   8158.5    338.8
     1     1    10     4    18    17     0     1    -1.0   39.814  114.937   7857.1    313.9
     1     1    10     4    18    16     0     2    -2.0   39.653  113.440   7754.1    310.4
     1     1    10     4    18    15     0     3    -3.0   39.553  111.962   7472.8    311.5
     1     1    10     4    18    14     0     2    -4.0   39.397  110.696   7255.7    340.4
     1     1    10     4    18    13     0     1    -5.0   39.226  109.511   6942.5    348.4
     1     1    10     4    18    12     0     0    -6.0   39.074  108.439   6540.4    367.8
     1     1    10     4    18    11     0     1    -7.0   38.931  107.432   6282.2    383.5
     1     1    10     4    18    10     0     2    -8.0   38.776  106.422   5928.4    400.0
     1     1    10     4    18     9     0     3    -9.0   38.643  105.351   5777.8    408.2
     1     1    10     4    18     8     0     2   -10.0   38.573  104.237   5751.9    411.7
     1     1    10     4    18     7     0     1   -11.0   38.548  103.132   5778.5    406.9
     1     1    10     4    18     6     0     0   -12.0   38.532  102.008   5513.0    384.3
     1     1    10     4    18     5     0     1   -13.0   38.509  100.816   5192.7    372.6
     1     1    10     4    18     4     0     2   -14.0   38.501   99.616   4776.7    362.9
     1     1    10     4    18     3     0     3   -15.0   38.468   98.344   4401.7    339.0
     1     1    10     4    18     2     0     2   -16.0   38.416   97.031   4156.5    343.0
     1     1    10     4    18     1     0     1   -17.0   38.378   95.778   3958.8    364.1
     1     1    10     4    18     0     0     0   -18.0   38.342   94.698   3936.1    403.3
     1     1    10     4    17    23     0     1   -19.0   38.306   93.794   3901.4    429.9
     1     1    10     4    17    22     0     2   -20.0   38.298   93.016   3677.1    444.3
     1     1    10     4    17    21     0     3   -21.0   38.297   92.340   3535.3    463.6
     1     1    10     4    17    20     0     2   -22.0   38.272   91.720   3521.2    461.8
     1     1    10     4    17    19     0     1   -23.0   38.235   91.070   3472.4    441.2
     1     1    10     4    17    18     0     0   -24.0   38.202   90.391   3328.4    437.0
     1     1    10     4    17    17     0     1   -25.0   38.204   89.672   3122.1    442.5
     1     1    10     4    17    16     0     2   -26.0   38.241   88.835   3026.3    447.9
     1     1    10     4    17    15     0     3   -27.0   38.263   88.002   2981.3    474.0
     1     1    10     4    17    14     0     2   -28.0   38.273   87.356   2794.5    514.8
     1     1    10     4    17    13     0     1   -29.0   38.317   86.890   2494.9    567.2
     1     1    10     4    17    12     0     0   -30.0   38.368   86.535   2291.0    624.7
     1     1    10     4    17    11     0     1   -31.0   38.387   86.206   2266.2    646.8
     1     1    10     4    17    10     0     2   -32.0   38.355   85.872   2350.0    649.4
     1     1    10     4    17     9     0     3   -33.0   38.281   85.534   2429.0    641.7
     1     1    10     4    17     8     0     2   -34.0   38.191   85.226   2391.0    646.3
     1     1    10     4    17     7     0     1   -35.0   38.100   84.964   2219.8    667.4
     1     1    10     4    17     6     0     0   -36.0   38.008   84.714   1990.6    690.4
     1     1    10     4    17     5     0     1   -37.0   37.933   84.485   1774.9    698.0
     1     1    10     4    17     4     0     2   -38.0   37.880   84.314   1597.4    706.9
     1     1    10     4    17     3     0     3   -39.0   37.841   84.190   1459.8    714.6
     1     1    10     4    17     2     0     2   -40.0   37.816   84.091   1350.5    721.7
     1     1    10     4    17     1     0     1   -41.0   37.811   84.004   1247.2    730.5
     1     1    10     4    17     0     0     0   -42.0   37.822   83.927   1137.2    742.5
     1     1    10     4    16    23     0     1   -43.0   37.823   83.827   1045.8    754.9
     1     1    10     4    16    22     0     2   -44.0   37.788   83.677   1011.8    757.8
     1     1    10     4    16    21     0     3   -45.0   37.714   83.489   1040.0    753.9
     1     1    10     4    16    20     0     2   -46.0   37.620   83.296   1130.5    745.9
     1     1    10     4    16    19     0     1   -47.0   37.521   83.121   1299.3    734.5
     1     1    10     4    16    18     0     0   -48.0   37.412   82.956   1591.1    713.2
     1     1    10     4    16    17     0     1   -49.0   37.311   82.804   1946.6    675.6
     1     1    10     4    16    16     0     2   -50.0   37.250   82.663   2228.9    650.2
     1     1    10     4    16    15     0     3   -51.0   37.240   82.525   2378.0    639.3
     1     1    10     4    16    14     0     2   -52.0   37.256   82.388   2436.5    641.8
     1     1    10     4    16    13     0     1   -53.0   37.281   82.241   2481.4    641.6
     1     1    10     4    16    12     0     0   -54.0   37.306   82.077   2534.2    641.2
     1     1    10     4    16    11     0     1   -55.0   37.334   81.917   2646.6    636.3
     1     1    10     4    16    10     0     2   -56.0   37.371   81.790   2859.3    618.3
     1     1    10     4    16     9     0     3   -57.0   37.422   81.685   3134.1    595.5
     1     1    10     4    16     8     0     2   -58.0   37.494   81.564   3380.8    573.7
     1     1    10     4    16     7     0     1   -59.0   37.573   81.398   3530.1    563.9
     1     1    10     4    16     6     0     0   -60.0   37.653   81.181   3608.9    560.0
     1     1    10     4    16     5     0     1   -61.0   37.723   80.921   3628.0    557.9
     1     1    10     4    16     4     0     2   -62.0   37.771   80.628   3581.1    560.7
     1     1    10     4    16     3     0     3   -63.0   37.798   80.309   3485.5    567.8
     1     1    10     4    16     2     0     2   -64.0   37.821   79.977   3381.2    576.3
     1     1    10     4    16     1     0     1   -65.0   37.845   79.633   3280.6    580.8
     1     1    10     4    16     0     0     0   -66.0   37.863   79.280   3173.8    585.6
     1     1    10     4    15    23     0     1   -67.0   37.863   78.936   3023.1    591.7
     1     1    10     4    15    22     0     2   -68.0   37.841   78.631   2817.5    602.8
     1     1    10     4    15    21     0     3   -69.0   37.806   78.367   2597.5    613.3
     1     1    10     4    15    20     0     2   -70.0   37.780   78.128   2410.5    622.4
     1     1    10     4    15    19     0     1   -71.0   37.783   77.913   2278.2    629.0
     1     1    10     4    15    18     0     0   -72.0   37.811   77.730   2191.9    634.6
     1     1    10     4    15    17     0     1   -73.0   37.851   77.575   2106.4    640.3
     1     1    10     4    15    16     0     2   -74.0   37.904   77.439   1987.9    653.8
     1     1    10     4    15    15     0     3   -75.0   37.972   77.316   1844.1    673.1
     1     1    10     4    15    14     0     2   -76.0   38.047   77.177   1706.1    689.1
     1     1    10     4    15    13     0     1   -77.0   38.119   76.979   1600.7    693.2
     1     1    10     4    15    12     0     0   -78.0   38.177   76.690   1596.0    666.2
     1     1    10     4    15    11     0     1   -79.0   38.179   76.310   1753.8    605.9
     1     1    10     4    15    10     0     2   -80.0   38.132   75.864   1935.3    534.2
     1     1    10     4    15     9     0     3   -81.0   38.114   75.329   1896.7    490.1
     1     1    10     4    15     8     0     2   -82.0   38.112   74.726   1731.7    492.3
     1     1    10     4    15     7     0     1   -83.0   38.055   74.011   1793.7    496.0
     1     1    10     4    15     6     0     0   -84.0   37.911   73.195   2004.7    453.3
     1     1    10     4    15     5     0     1   -85.0   37.745   72.436   2077.2    470.3
     1     1    10     4    15     4     0     2   -86.0   37.618   71.807   1986.7    501.2
     1     1    10     4    15     3     0     3   -87.0   37.561   71.232   1838.8    539.1
     1     1    10     4    15     2     0     2   -88.0   37.520   70.686   1674.5    605.2
     1     1    10     4    15     1     0     1   -89.0   37.432   70.241   1527.7    678.7
     1     1    10     4    15     0     0     0   -90.0   37.316   69.909   1388.4    730.7
     1     1    10     4    14    23     0     1   -91.0   37.213   69.703   1299.4    762.4
     1     1    10     4    14    22     0     2   -92.0   37.118   69.602   1302.9    769.2
     1     1    10     4    14    21     0     3   -93.0   37.001   69.574   1371.2    766.0
     1     1    10     4    14    20     0     2   -94.0   36.864   69.542   1426.4    739.7
     1     1    10     4    14    19     0     1   -95.0   36.751   69.501   1444.7    729.8
     1     1    10     4    14    18     0     0   -96.0   36.655   69.481   1461.3    719.3
