     7     1
    GDAS    10     3    22     0     0
    GDAS    10     4     8     0     0
    GDAS    10     4    15     0     0
    GDAS    10     4    22     0     0
    GDAS    10     4    29     0     0
    GDAS    10     4     1     0     0
    GDAS    10     3    29     0     0
     1 BACKWARD OMEGA   
    10     4    16    12   39.977  116.381  2200.0
     1 PRESSURE
     1     1    10     4    16    12     0     0     0.0   39.977  116.381   1963.8    777.8
     1     1    10     4    16    11     0     1    -1.0   40.129  116.098   2090.2    738.7
     1     1    10     4    16    10     0     2    -2.0   40.268  115.781   1961.3    716.4
     1     1    10     4    16     9     0     3    -3.0   40.375  115.501   1613.9    733.7
     1     1    10     4    16     8     0     2    -4.0   40.487  115.253   1314.9    759.8
     1     1    10     4    16     7     0     1    -5.0   40.634  114.981   1186.7    755.0
     1     1    10     4    16     6     0     0    -6.0   40.800  114.679   1167.8    749.9
     1     1    10     4    16     5     0     1    -7.0   40.962  114.381   1159.1    744.8
     1     1    10     4    16     4     0     2    -8.0   41.113  114.105   1127.5    746.5
     1     1    10     4    16     3     0     3    -9.0   41.245  113.844   1087.9    747.7
     1     1    10     4    16     2     0     2   -10.0   41.373  113.594   1053.7    746.2
     1     1    10     4    16     1     0     1   -11.0   41.509  113.357   1024.0    746.4
     1     1    10     4    16     0     0     0   -12.0   41.648  113.138    995.4    748.2
     1     1    10     4    15    23     0     1   -13.0   41.780  112.918    969.0    752.4
     1     1    10     4    15    22     0     2   -14.0   41.897  112.669    941.2    756.3
     1     1    10     4    15    21     0     3   -15.0   41.999  112.389    901.6    761.4
     1     1    10     4    15    20     0     2   -16.0   42.077  112.112    864.6    769.8
     1     1    10     4    15    19     0     1   -17.0   42.132  111.881    844.5    775.5
     1     1    10     4    15    18     0     0   -18.0   42.169  111.700    836.2    779.8
     1     1    10     4    15    17     0     1   -19.0   42.221  111.554    819.0    783.0
     1     1    10     4    15    16     0     2   -20.0   42.318  111.446    782.1    791.2
     1     1    10     4    15    15     0     3   -21.0   42.459  111.387    736.9    800.4
     1     1    10     4    15    14     0     2   -22.0   42.640  111.355    701.8    810.8
     1     1    10     4    15    13     0     1   -23.0   42.853  111.308    690.0    817.9
     1     1    10     4    15    12     0     0   -24.0   43.099  111.238    696.2    821.2
     1     1    10     4    15    11     0     1   -25.0   43.344  111.117    709.8    818.5
     1     1    10     4    15    10     0     2   -26.0   43.563  110.942    721.3    816.9
     1     1    10     4    15     9     0     3   -27.0   43.764  110.727    728.6    818.4
     1     1    10     4    15     8     0     2   -28.0   43.946  110.501    735.5    822.7
     1     1    10     4    15     7     0     1   -29.0   44.107  110.284    745.2    825.7
     1     1    10     4    15     6     0     0   -30.0   44.246  110.074    758.3    826.3
     1     1    10     4    15     5     0     1   -31.0   44.377  109.876    768.0    824.0
     1     1    10     4    15     4     0     2   -32.0   44.516  109.702    767.9    821.6
     1     1    10     4    15     3     0     3   -33.0   44.664  109.560    761.2    819.3
     1     1    10     4    15     2     0     2   -34.0   44.819  109.430    753.7    816.2
     1     1    10     4    15     1     0     1   -35.0   44.980  109.281    752.2    811.3
     1     1    10     4    15     0     0     0   -36.0   45.147  109.106    761.0    805.8
     1     1    10     4    14    23     0     1   -37.0   45.313  108.910    774.3    799.9
     1     1    10     4    14    22     0     2   -38.0   45.471  108.713    780.9    796.5
     1     1    10     4    14    21     0     3   -39.0   45.619  108.517    781.4    793.6
     1     1    10     4    14    20     0     2   -40.0   45.768  108.326    783.2    790.7
     1     1    10     4    14    19     0     1   -41.0   45.925  108.151    792.5    786.2
     1     1    10     4    14    18     0     0   -42.0   46.081  107.988    806.3    781.3
     1     1    10     4    14    17     0     1   -43.0   46.237  107.826    807.1    777.6
     1     1    10     4    14    16     0     2   -44.0   46.397  107.663    784.6    777.3
     1     1    10     4    14    15     0     3   -45.0   46.558  107.506    744.6    778.6
     1     1    10     4    14    14     0     2   -46.0   46.721  107.331    708.7    780.7
     1     1    10     4    14    13     0     1   -47.0   46.887  107.094    685.6    777.9
     1     1    10     4    14    12     0     0   -48.0   47.053  106.794    665.9    779.0
     1     1    10     4    14    11     0     1   -49.0   47.202  106.471    636.8    784.7
     1     1    10     4    14    10     0     2   -50.0   47.328  106.146    581.4    795.2
     1     1    10     4    14     9     0     3   -51.0   47.435  105.815    503.2    809.0
     1     1    10     4    14     8     0     2   -52.0   47.526  105.492    432.4    822.0
     1     1    10     4    14     7     0     1   -53.0   47.603  105.188    382.5    830.9
     1     1    10     4    14     6     0     0   -54.0   47.667  104.904    351.8    836.8
     1     1    10     4    14     5     0     1   -55.0   47.722  104.642    336.6    838.2
     1     1    10     4    14     4     0     2   -56.0   47.774  104.405    331.7    839.6
     1     1    10     4    14     3     0     3   -57.0   47.828  104.195    333.4    841.2
     1     1    10     4    14     2     0     2   -58.0   47.884  103.986    343.0    842.9
     1     1    10     4    14     1     0     1   -59.0   47.949  103.744    361.7    836.1
     1     1    10     4    14     0     0     0   -60.0   48.027  103.464    392.3    825.5
     1     1    10     4    13    23     0     1   -61.0   48.104  103.159    432.3    810.0
     1     1    10     4    13    22     0     2   -62.0   48.155  102.853    470.9    798.8
     1     1    10     4    13    21     0     3   -63.0   48.177  102.561    498.7    793.2
     1     1    10     4    13    20     0     2   -64.0   48.179  102.288    514.3    790.0
     1     1    10     4    13    19     0     1   -65.0   48.180  102.034    522.2    787.8
     1     1    10     4    13    18     0     0   -66.0   48.178  101.794    526.4    781.9
     1     1    10     4    13    17     0     1   -67.0   48.178  101.575    526.2    775.5
     1     1    10     4    13    16     0     2   -68.0   48.191  101.384    518.2    771.3
     1     1    10     4    13    15     0     3   -69.0   48.224  101.221    503.6    769.4
     1     1    10     4    13    14     0     2   -70.0   48.276  101.053    501.6    768.6
     1     1    10     4    13    13     0     1   -71.0   48.339  100.845    530.9    762.1
     1     1    10     4    13    12     0     0   -72.0   48.404  100.600    592.8    751.3
     1     1    10     4    13    11     0     1   -73.0   48.463  100.323    673.1    735.8
     1     1    10     4    13    10     0     2   -74.0   48.515  100.024    755.4    721.2
     1     1    10     4    13     9     0     3   -75.0   48.568   99.709    829.3    708.1
     1     1    10     4    13     8     0     2   -76.0   48.620   99.385    888.9    697.9
     1     1    10     4    13     7     0     1   -77.0   48.667   99.060    942.0    688.4
     1     1    10     4    13     6     0     0   -78.0   48.716   98.741    997.1    685.7
     1     1    10     4    13     5     0     1   -79.0   48.777   98.421   1048.8    683.9
     1     1    10     4    13     4     0     2   -80.0   48.857   98.089   1088.5    684.5
     1     1    10     4    13     3     0     3   -81.0   48.952   97.742   1120.6    687.7
     1     1    10     4    13     2     0     2   -82.0   49.056   97.388   1157.2    688.1
     1     1    10     4    13     1     0     1   -83.0   49.166   97.034   1208.3    682.8
     1     1    10     4    13     0     0     0   -84.0   49.285   96.675   1261.1    677.0
     1     1    10     4    12    23     0     1   -85.0   49.400   96.313   1295.8    677.0
     1     1    10     4    12    22     0     2   -86.0   49.503   95.950   1309.3    683.5
     1     1    10     4    12    21     0     3   -87.0   49.586   95.600   1323.8    702.4
     1     1    10     4    12    20     0     2   -88.0   49.645   95.270   1348.5    719.9
     1     1    10     4    12    19     0     1   -89.0   49.682   94.958   1374.8    735.1
     1     1    10     4    12    18     0     0   -90.0   49.703   94.651   1393.4    737.8
     1     1    10     4    12    17     0     1   -91.0   49.716   94.345   1421.2    739.1
     1     1    10     4    12    16     0     2   -92.0   49.729   94.043   1466.9    737.4
     1     1    10     4    12    15     0     3   -93.0   49.745   93.759   1552.6    737.9
     1     1    10     4    12    14     0     2   -94.0   49.781   93.498   1675.3    732.2
     1     1    10     4    12    13     0     1   -95.0   49.852   93.241   1802.4    726.8
     1     1    10     4    12    12     0     0   -96.0   49.963   92.978   1898.3    723.7
