     5     1
    GDAS    10     3     1     0     0
    GDAS    10     3     8     0     0
    GDAS    10     3    15     0     0
    GDAS    10     3    22     0     0
    GDAS    10     3    29     0     0
     1 BACKWARD OMEGA   
    10     3    28    12   39.977  116.381  3200.0
     1 PRESSURE
     1     1    10     3    28    12     0     0     0.0   39.977  116.381   2964.2    688.6
     1     1    10     3    28    11     0     1    -1.0   40.125  116.152   2961.4    674.1
     1     1    10     3    28    10     0     2    -2.0   40.323  115.909   2998.8    649.3
     1     1    10     3    28     9     0     3    -3.0   40.601  115.646   3117.3    613.4
     1     1    10     3    28     8     0     2    -4.0   40.960  115.348   3283.7    573.8
     1     1    10     3    28     7     0     1    -5.0   41.365  115.016   3396.2    554.6
     1     1    10     3    28     6     0     0    -6.0   41.789  114.665   3408.6    552.4
     1     1    10     3    28     5     0     1    -7.0   42.213  114.292   3399.1    560.0
     1     1    10     3    28     4     0     2    -8.0   42.615  113.895   3432.1    570.8
     1     1    10     3    28     3     0     3    -9.0   42.993  113.477   3479.4    577.9
     1     1    10     3    28     2     0     2   -10.0   43.363  113.040   3507.0    575.0
     1     1    10     3    28     1     0     1   -11.0   43.732  112.583   3541.7    573.5
     1     1    10     3    28     0     0     0   -12.0   44.103  112.098   3584.9    570.0
     1     1    10     3    27    23     0     1   -13.0   44.465  111.599   3619.6    565.9
     1     1    10     3    27    22     0     2   -14.0   44.809  111.109   3644.3    566.9
     1     1    10     3    27    21     0     3   -15.0   45.132  110.631   3658.0    565.5
     1     1    10     3    27    20     0     2   -16.0   45.446  110.148   3688.1    561.4
     1     1    10     3    27    19     0     1   -17.0   45.762  109.653   3737.2    550.6
     1     1    10     3    27    18     0     0   -18.0   46.079  109.165   3777.5    538.9
     1     1    10     3    27    17     0     1   -19.0   46.406  108.684   3803.6    531.6
     1     1    10     3    27    16     0     2   -20.0   46.756  108.204   3812.9    527.4
     1     1    10     3    27    15     0     3   -21.0   47.124  107.729   3794.4    520.9
     1     1    10     3    27    14     0     2   -22.0   47.500  107.243   3769.5    515.8
     1     1    10     3    27    13     0     1   -23.0   47.879  106.725   3802.5    516.3
     1     1    10     3    27    12     0     0   -24.0   48.245  106.190   3913.3    525.5
     1     1    10     3    27    11     0     1   -25.0   48.587  105.635   4002.8    528.9
     1     1    10     3    27    10     0     2   -26.0   48.912  105.040   4021.4    532.5
     1     1    10     3    27     9     0     3   -27.0   49.239  104.382   3987.2    525.2
     1     1    10     3    27     8     0     2   -28.0   49.566  103.678   3966.3    515.1
     1     1    10     3    27     7     0     1   -29.0   49.884  102.958   3976.0    508.6
     1     1    10     3    27     6     0     0   -30.0   50.182  102.206   4017.3    501.1
     1     1    10     3    27     5     0     1   -31.0   50.473  101.431   4078.2    482.9
     1     1    10     3    27     4     0     2   -32.0   50.766  100.654   4109.4    473.2
     1     1    10     3    27     3     0     3   -33.0   51.043   99.874   4101.8    469.6
     1     1    10     3    27     2     0     2   -34.0   51.307   99.065   4086.6    453.7
     1     1    10     3    27     1     0     1   -35.0   51.563   98.212   4189.8    459.1
     1     1    10     3    27     0     0     0   -36.0   51.783   97.356   4329.0    470.9
     1     1    10     3    26    23     0     1   -37.0   51.957   96.523   4425.7    468.8
     1     1    10     3    26    22     0     2   -38.0   52.115   95.689   4463.4    466.8
     1     1    10     3    26    21     0     3   -39.0   52.253   94.821   4503.5    474.4
     1     1    10     3    26    20     0     2   -40.0   52.350   93.928   4587.7    488.2
     1     1    10     3    26    19     0     1   -41.0   52.412   93.014   4662.7    487.9
     1     1    10     3    26    18     0     0   -42.0   52.451   92.053   4680.4    483.0
     1     1    10     3    26    17     0     1   -43.0   52.469   91.034   4636.8    478.4
     1     1    10     3    26    16     0     2   -44.0   52.454   89.959   4637.1    478.3
     1     1    10     3    26    15     0     3   -45.0   52.383   88.805   4683.9    476.6
     1     1    10     3    26    14     0     2   -46.0   52.242   87.638   4799.9    497.8
     1     1    10     3    26    13     0     1   -47.0   52.036   86.522   4852.3    512.4
     1     1    10     3    26    12     0     0   -48.0   51.780   85.440   4821.0    503.0
     1     1    10     3    26    11     0     1   -49.0   51.508   84.363   4767.0    493.1
     1     1    10     3    26    10     0     2   -50.0   51.246   83.318   4722.3    498.8
     1     1    10     3    26     9     0     3   -51.0   50.964   82.337   4684.3    518.3
     1     1    10     3    26     8     0     2   -52.0   50.659   81.421   4626.9    539.2
     1     1    10     3    26     7     0     1   -53.0   50.362   80.521   4588.9    547.2
     1     1    10     3    26     6     0     0   -54.0   50.066   79.640   4712.4    536.9
     1     1    10     3    26     5     0     1   -55.0   49.752   78.722   4771.0    518.4
     1     1    10     3    26     4     0     2   -56.0   49.457   77.735   4511.1    523.0
     1     1    10     3    26     3     0     3   -57.0   49.200   76.694   4216.2    532.5
     1     1    10     3    26     2     0     2   -58.0   48.913   75.603   4125.9    533.0
     1     1    10     3    26     1     0     1   -59.0   48.583   74.501   4127.8    541.6
     1     1    10     3    26     0     0     0   -60.0   48.254   73.423   4173.1    542.1
     1     1    10     3    25    23     0     1   -61.0   47.909   72.406   4180.9    544.3
     1     1    10     3    25    22     0     2   -62.0   47.547   71.467   4168.1    558.9
     1     1    10     3    25    21     0     3   -63.0   47.215   70.570   4161.9    568.0
     1     1    10     3    25    20     0     2   -64.0   46.912   69.704   4154.5    574.9
     1     1    10     3    25    19     0     1   -65.0   46.626   68.883   4090.3    586.9
     1     1    10     3    25    18     0     0   -66.0   46.369   68.102   3959.3    599.6
     1     1    10     3    25    17     0     1   -67.0   46.125   67.357   3839.4    614.0
     1     1    10     3    25    16     0     2   -68.0   45.866   66.663   3747.5    627.7
     1     1    10     3    25    15     0     3   -69.0   45.586   66.014   3682.3    637.4
     1     1    10     3    25    14     0     2   -70.0   45.301   65.403   3636.4    639.0
     1     1    10     3    25    13     0     1   -71.0   45.019   64.839   3602.0    641.3
     1     1    10     3    25    12     0     0   -72.0   44.729   64.326   3573.0    646.6
     1     1    10     3    25    11     0     1   -73.0   44.446   63.867   3543.1    650.3
     1     1    10     3    25    10     0     2   -74.0   44.183   63.474   3518.6    653.2
     1     1    10     3    25     9     0     3   -75.0   43.928   63.160   3506.5    655.5
     1     1    10     3    25     8     0     2   -76.0   43.687   62.897   3502.5    654.7
     1     1    10     3    25     7     0     1   -77.0   43.470   62.662   3497.0    654.5
     1     1    10     3    25     6     0     0   -78.0   43.285   62.467   3480.3    656.0
     1     1    10     3    25     5     0     1   -79.0   43.121   62.300   3469.0    659.0
     1     1    10     3    25     4     0     2   -80.0   42.965   62.137   3491.3    658.8
     1     1    10     3    25     3     0     3   -81.0   42.814   61.969   3565.9    653.8
     1     1    10     3    25     2     0     2   -82.0   42.677   61.805   3660.7    642.5
     1     1    10     3    25     1     0     1   -83.0   42.562   61.660   3730.6    636.5
     1     1    10     3    25     0     0     0   -84.0   42.472   61.533   3766.4    633.5
     1     1    10     3    24    23     0     1   -85.0   42.417   61.417   3791.3    633.9
     1     1    10     3    24    22     0     2   -86.0   42.408   61.295   3832.9    631.0
     1     1    10     3    24    21     0     3   -87.0   42.446   61.156   3891.5    626.9
     1     1    10     3    24    20     0     2   -88.0   42.526   60.989   3960.2    621.7
     1     1    10     3    24    19     0     1   -89.0   42.641   60.789   4034.0    616.2
     1     1    10     3    24    18     0     0   -90.0   42.782   60.549   4121.7    609.8
     1     1    10     3    24    17     0     1   -91.0   42.931   60.266   4237.1    601.7
     1     1    10     3    24    16     0     2   -92.0   43.082   59.940   4387.5    589.7
     1     1    10     3    24    15     0     3   -93.0   43.246   59.564   4557.8    575.4
     1     1    10     3    24    14     0     2   -94.0   43.430   59.144   4721.0    561.5
     1     1    10     3    24    13     0     1   -95.0   43.633   58.693   4860.3    549.6
     1     1    10     3    24    12     0     0   -96.0   43.843   58.199   4994.1    538.1
