     7     1
    GDAS    10     3    22     0     0
    GDAS    10     4     8     0     0
    GDAS    10     4    15     0     0
    GDAS    10     4    22     0     0
    GDAS    10     4    29     0     0
    GDAS    10     4     1     0     0
    GDAS    10     3    29     0     0
     1 BACKWARD OMEGA   
    10     4    13     6   39.977  116.381  9200.0
     1 PRESSURE
     1     1    10     4    13     6     0     0     0.0   39.977  116.381   8944.8    291.0
     1     1    10     4    13     5     0     1    -1.0   41.122  113.492   8666.0    250.9
     1     1    10     4    13     4     0     2    -2.0   42.320  110.744   8900.6    252.5
     1     1    10     4    13     3     0     3    -3.0   43.542  108.000   9120.5    252.7
     1     1    10     4    13     2     0     2    -4.0   44.581  105.213   9119.9    240.7
     1     1    10     4    13     1     0     1    -5.0   45.428  102.510   9089.1    229.4
     1     1    10     4    13     0     0     0    -6.0   46.110   99.921   9051.1    227.0
     1     1    10     4    12    23     0     1    -7.0   46.586   97.417   8954.2    218.8
     1     1    10     4    12    22     0     2    -8.0   46.869   94.975   9206.6    225.9
     1     1    10     4    12    21     0     3    -9.0   46.990   92.578   8948.7    216.9
     1     1    10     4    12    20     0     2   -10.0   47.022   90.441   8978.1    216.1
     1     1    10     4    12    19     0     1   -11.0   46.845   88.212   9679.4    249.8
     1     1    10     4    12    18     0     0   -12.0   46.444   86.106   9605.7    243.6
     1     1    10     4    12    17     0     1   -13.0   45.881   84.217   9510.2    239.5
     1     1    10     4    12    16     0     2   -14.0   45.228   82.501   9655.8    251.8
     1     1    10     4    12    15     0     3   -15.0   44.488   80.905   9186.5    232.6
     1     1    10     4    12    14     0     2   -16.0   43.645   79.515   9421.4    244.5
     1     1    10     4    12    13     0     1   -17.0   42.864   78.178   8631.0    215.3
     1     1    10     4    12    12     0     0   -18.0   42.080   76.902   8631.7    217.6
     1     1    10     4    12    11     0     1   -19.0   41.323   75.664   8619.3    207.8
     1     1    10     4    12    10     0     2   -20.0   40.668   74.497   8671.8    210.7
     1     1    10     4    12     9     0     3   -21.0   40.083   73.381   8611.3    208.2
     1     1    10     4    12     8     0     2   -22.0   39.620   72.272   8477.8    204.5
     1     1    10     4    12     7     0     1   -23.0   39.279   71.079   8647.0    219.2
     1     1    10     4    12     6     0     0   -24.0   38.971   69.829   8572.2    218.6
     1     1    10     4    12     5     0     1   -25.0   38.723   68.572   8735.6    230.7
     1     1    10     4    12     4     0     2   -26.0   38.578   67.300   8967.1    247.5
     1     1    10     4    12     3     0     3   -27.0   38.596   65.937   9385.2    273.8
     1     1    10     4    12     2     0     2   -28.0   38.737   64.478   9552.9    276.4
     1     1    10     4    12     1     0     1   -29.0   38.951   63.000   9688.0    270.0
     1     1    10     4    12     0     0     0   -30.0   39.218   61.490   9788.3    268.5
     1     1    10     4    11    23     0     1   -31.0   39.588   59.888   9935.1    263.5
     1     1    10     4    11    22     0     2   -32.0   40.041   58.270  10037.1    260.0
     1     1    10     4    11    21     0     3   -33.0   40.607   56.612  10049.0    259.1
     1     1    10     4    11    20     0     2   -34.0   41.258   54.805  10093.5    255.1
     1     1    10     4    11    19     0     1   -35.0   41.848   52.932  10219.1    254.1
