     7     1
    GDAS    10     3    22     0     0
    GDAS    10     4     8     0     0
    GDAS    10     4    15     0     0
    GDAS    10     4    22     0     0
    GDAS    10     4    29     0     0
    GDAS    10     4     1     0     0
    GDAS    10     3    29     0     0
     1 BACKWARD OMEGA   
    10     4     1     6   39.977  116.381  2800.0
     1 PRESSURE
     1     1    10     4     1     6     0     0     0.0   39.977  116.381   2562.6    715.4
     1     1    10     4     1     5     0     1    -1.0   40.219  115.892   2686.4    671.0
     1     1    10     4     1     4     0     2    -2.0   40.551  115.229   2904.0    607.0
     1     1    10     4     1     3     0     3    -3.0   40.937  114.365   3205.2    559.8
     1     1    10     4     1     2     0     2    -4.0   41.322  113.424   3295.9    545.9
     1     1    10     4     1     1     0     1    -5.0   41.732  112.435   3434.0    536.2
     1     1    10     4     1     0     0     0    -6.0   42.165  111.452   3614.1    535.2
     1     1    10     3    31    23     0     1    -7.0   42.577  110.496   3744.3    534.2
     1     1    10     3    31    22     0     2    -8.0   42.976  109.540   3906.0    523.2
     1     1    10     3    31    21     0     3    -9.0   43.386  108.599   4097.6    517.7
     1     1    10     3    31    20     0     2   -10.0   43.778  107.676   4166.1    509.0
     1     1    10     3    31    19     0     1   -11.0   44.171  106.737   4137.6    498.9
     1     1    10     3    31    18     0     0   -12.0   44.580  105.801   4149.5    495.5
     1     1    10     3    31    17     0     1   -13.0   44.996  104.897   4223.8    496.0
     1     1    10     3    31    16     0     2   -14.0   45.417  104.024   4293.6    483.7
     1     1    10     3    31    15     0     3   -15.0   45.859  103.162   4319.5    464.6
     1     1    10     3    31    14     0     2   -16.0   46.336  102.303   4329.9    439.0
     1     1    10     3    31    13     0     1   -17.0   46.862  101.466   4351.6    416.5
     1     1    10     3    31    12     0     0   -18.0   47.444  100.698   4387.6    412.3
     1     1    10     3    31    11     0     1   -19.0   48.037   99.992   4431.0    415.0
     1     1    10     3    31    10     0     2   -20.0   48.647   99.320   4457.6    419.5
     1     1    10     3    31     9     0     3   -21.0   49.290   98.693   4537.7    422.5
     1     1    10     3    31     8     0     2   -22.0   49.977   98.075   4559.9    409.5
     1     1    10     3    31     7     0     1   -23.0   50.661   97.441   4631.6    424.4
     1     1    10     3    31     6     0     0   -24.0   51.304   96.818   4689.0    443.6
     1     1    10     3    31     5     0     1   -25.0   51.907   96.213   4644.7    443.3
     1     1    10     3    31     4     0     2   -26.0   52.469   95.619   4634.0    452.0
     1     1    10     3    31     3     0     3   -27.0   52.956   95.063   4580.6    470.9
     1     1    10     3    31     2     0     2   -28.0   53.379   94.542   4513.1    487.8
     1     1    10     3    31     1     0     1   -29.0   53.755   94.037   4521.8    506.9
     1     1    10     3    31     0     0     0   -30.0   54.093   93.551   4550.3    521.0
     1     1    10     3    30    23     0     1   -31.0   54.427   93.052   4553.6    518.8
     1     1    10     3    30    22     0     2   -32.0   54.766   92.507   4543.8    517.9
     1     1    10     3    30    21     0     3   -33.0   55.093   91.926   4520.9    523.1
     1     1    10     3    30    20     0     2   -34.0   55.404   91.330   4490.5    533.2
     1     1    10     3    30    19     0     1   -35.0   55.701   90.735   4453.6    539.8
     1     1    10     3    30    18     0     0   -36.0   55.965   90.148   4388.7    549.1
     1     1    10     3    30    17     0     1   -37.0   56.196   89.584   4315.1    561.1
     1     1    10     3    30    16     0     2   -38.0   56.406   89.049   4261.1    568.7
     1     1    10     3    30    15     0     3   -39.0   56.598   88.524   4243.3    573.0
     1     1    10     3    30    14     0     2   -40.0   56.794   88.012   4257.7    571.8
     1     1    10     3    30    13     0     1   -41.0   57.006   87.526   4269.3    572.5
     1     1    10     3    30    12     0     0   -42.0   57.213   87.069   4257.4    573.4
     1     1    10     3    30    11     0     1   -43.0   57.427   86.625   4248.9    575.5
     1     1    10     3    30    10     0     2   -44.0   57.666   86.190   4277.8    573.7
     1     1    10     3    30     9     0     3   -45.0   57.926   85.779   4338.5    569.5
     1     1    10     3    30     8     0     2   -46.0   58.213   85.368   4391.4    562.7
     1     1    10     3    30     7     0     1   -47.0   58.510   84.939   4412.4    561.4
     1     1    10     3    30     6     0     0   -48.0   58.806   84.504   4416.4    561.6
     1     1    10     3    30     5     0     1   -49.0   59.104   84.049   4406.9    561.9
     1     1    10     3    30     4     0     2   -50.0   59.403   83.553   4389.7    564.3
     1     1    10     3    30     3     0     3   -51.0   59.683   83.029   4374.7    566.2
     1     1    10     3    30     2     0     2   -52.0   59.959   82.499   4375.1    566.8
     1     1    10     3    30     1     0     1   -53.0   60.241   81.979   4384.9    566.3
     1     1    10     3    30     0     0     0   -54.0   60.508   81.466   4385.7    565.8
     1     1    10     3    29    23     0     1   -55.0   60.774   80.978   4390.4    566.5
     1     1    10     3    29    22     0     2   -56.0   61.047   80.528   4417.1    564.7
     1     1    10     3    29    21     0     3   -57.0   61.288   80.094   4469.1    560.6
     1     1    10     3    29    20     0     2   -58.0   61.518   79.686   4537.6    554.6
     1     1    10     3    29    19     0     1   -59.0   61.766   79.325   4613.2    548.7
     1     1    10     3    29    18     0     0   -60.0   61.999   79.020   4699.9    541.5
     1     1    10     3    29    17     0     1   -61.0   62.223   78.766   4802.3    533.4
     1     1    10     3    29    16     0     2   -62.0   62.449   78.550   4922.1    524.3
     1     1    10     3    29    15     0     3   -63.0   62.658   78.386   5066.5    513.7
     1     1    10     3    29    14     0     2   -64.0   62.855   78.280   5223.0    500.4
     1     1    10     3    29    13     0     1   -65.0   63.054   78.233   5372.1    489.3
     1     1    10     3    29    12     0     0   -66.0   63.260   78.257   5510.5    479.2
     1     1    10     3    29    11     0     1   -67.0   63.472   78.347   5628.8    470.4
     1     1    10     3    29    10     0     2   -68.0   63.684   78.499   5724.2    463.7
     1     1    10     3    29     9     0     3   -69.0   63.905   78.723   5799.8    458.4
     1     1    10     3    29     8     0     2   -70.0   64.139   79.041   5873.0    454.1
     1     1    10     3    29     7     0     1   -71.0   64.382   79.481   5950.9    447.5
     1     1    10     3    29     6     0     0   -72.0   64.645   80.039   6007.5    442.0
     1     1    10     3    29     5     0     1   -73.0   64.906   80.728   6031.8    441.1
     1     1    10     3    29     4     0     2   -74.0   65.159   81.559   6017.8    442.9
     1     1    10     3    29     3     0     3   -75.0   65.422   82.505   5959.2    445.7
     1     1    10     3    29     2     0     2   -76.0   65.684   83.538   5889.6    449.1
     1     1    10     3    29     1     0     1   -77.0   65.950   84.627   5827.1    451.9
     1     1    10     3    29     0     0     0   -78.0   66.224   85.722   5747.5    457.4
     1     1    10     3    28    23     0     1   -79.0   66.476   86.783   5683.3    462.1
     1     1    10     3    28    22     0     2   -80.0   66.701   87.767   5563.4    466.3
     1     1    10     3    28    21     0     3   -81.0   66.895   88.696   5398.3    470.7
     1     1    10     3    28    20     0     2   -82.0   67.060   89.651   5304.5    472.7
     1     1    10     3    28    19     0     1   -83.0   67.215   90.631   5245.9    470.5
     1     1    10     3    28    18     0     0   -84.0   67.352   91.609   5171.2    468.6
     1     1    10     3    28    17     0     1   -85.0   67.459   92.566   5094.4    466.5
     1     1    10     3    28    16     0     2   -86.0   67.534   93.478   5034.7    463.2
     1     1    10     3    28    15     0     3   -87.0   67.585   94.334   5006.5    460.0
     1     1    10     3    28    14     0     2   -88.0   67.606   95.134   4979.4    460.2
     1     1    10     3    28    13     0     1   -89.0   67.587   95.877   4942.4    463.5
     1     1    10     3    28    12     0     0   -90.0   67.526   96.546   4908.2    467.0
     1     1    10     3    28    11     0     1   -91.0   67.430   97.168   4892.0    468.6
     1     1    10     3    28    10     0     2   -92.0   67.310   97.786   4870.1    468.1
     1     1    10     3    28     9     0     3   -93.0   67.167   98.384   4810.9    471.2
     1     1    10     3    28     8     0     2   -94.0   67.003   98.920   4731.5    481.2
     1     1    10     3    28     7     0     1   -95.0   66.817   99.379   4691.2    491.5
     1     1    10     3    28     6     0     0   -96.0   66.607   99.778   4678.7    496.4
