     5     1
    GDAS    10     3     1     0     0
    GDAS    10     3     8     0     0
    GDAS    10     3    15     0     0
    GDAS    10     3    22     0     0
    GDAS    10     3    29     0     0
     1 BACKWARD OMEGA   
    10     3    28    12   39.977  116.381  1400.0
     1 PRESSURE
     1     1    10     3    28    12     0     0     0.0   39.977  116.381   1165.5    863.9
     1     1    10     3    28    11     0     1    -1.0   39.861  116.217   1153.8    865.6
     1     1    10     3    28    10     0     2    -2.0   39.746  116.035   1199.4    859.5
     1     1    10     3    28     9     0     3    -3.0   39.646  115.825   1305.7    840.1
     1     1    10     3    28     8     0     2    -4.0   39.572  115.604   1433.4    813.1
     1     1    10     3    28     7     0     1    -5.0   39.505  115.408   1527.1    795.9
     1     1    10     3    28     6     0     0    -6.0   39.432  115.246   1579.4    787.6
     1     1    10     3    28     5     0     1    -7.0   39.368  115.109   1618.6    786.0
     1     1    10     3    28     4     0     2    -8.0   39.345  114.984   1665.8    777.5
     1     1    10     3    28     3     0     3    -9.0   39.373  114.866   1720.3    763.6
     1     1    10     3    28     2     0     2   -10.0   39.454  114.744   1785.0    744.5
     1     1    10     3    28     1     0     1   -11.0   39.583  114.616   1860.6    723.7
     1     1    10     3    28     0     0     0   -12.0   39.770  114.477   1953.8    701.8
     1     1    10     3    27    23     0     1   -13.0   40.018  114.316   2066.7    681.8
     1     1    10     3    27    22     0     2   -14.0   40.318  114.124   2192.7    666.0
     1     1    10     3    27    21     0     3   -15.0   40.659  113.909   2324.1    647.7
     1     1    10     3    27    20     0     2   -16.0   41.030  113.683   2447.4    625.0
     1     1    10     3    27    19     0     1   -17.0   41.432  113.461   2561.4    612.9
     1     1    10     3    27    18     0     0   -18.0   41.873  113.252   2662.8    606.2
     1     1    10     3    27    17     0     1   -19.0   42.325  113.029   2763.1    610.2
     1     1    10     3    27    16     0     2   -20.0   42.755  112.761   2846.4    615.7
     1     1    10     3    27    15     0     3   -21.0   43.165  112.457   2898.3    619.8
     1     1    10     3    27    14     0     2   -22.0   43.566  112.130   2934.8    618.7
     1     1    10     3    27    13     0     1   -23.0   43.965  111.786   2975.8    615.4
     1     1    10     3    27    12     0     0   -24.0   44.361  111.436   3032.5    612.1
     1     1    10     3    27    11     0     1   -25.0   44.749  111.073   3112.7    607.5
     1     1    10     3    27    10     0     2   -26.0   45.129  110.691   3197.8    600.0
     1     1    10     3    27     9     0     3   -27.0   45.532  110.315   3292.3    587.7
     1     1    10     3    27     8     0     2   -28.0   45.960  109.949   3386.5    574.9
     1     1    10     3    27     7     0     1   -29.0   46.391  109.580   3470.6    562.6
     1     1    10     3    27     6     0     0   -30.0   46.844  109.214   3591.8    547.8
     1     1    10     3    27     5     0     1   -31.0   47.331  108.857   3700.2    524.8
     1     1    10     3    27     4     0     2   -32.0   47.843  108.514   3714.7    508.2
     1     1    10     3    27     3     0     3   -33.0   48.369  108.185   3712.4    508.4
     1     1    10     3    27     2     0     2   -34.0   48.893  107.844   3798.0    512.1
     1     1    10     3    27     1     0     1   -35.0   49.398  107.482   3949.6    518.6
     1     1    10     3    27     0     0     0   -36.0   49.876  107.110   4065.7    532.4
     1     1    10     3    26    23     0     1   -37.0   50.329  106.732   4124.1    539.2
     1     1    10     3    26    22     0     2   -38.0   50.769  106.345   4165.7    534.4
     1     1    10     3    26    21     0     3   -39.0   51.202  105.928   4219.9    526.7
     1     1    10     3    26    20     0     2   -40.0   51.627  105.483   4297.3    525.4
     1     1    10     3    26    19     0     1   -41.0   52.027  105.031   4372.6    536.7
     1     1    10     3    26    18     0     0   -42.0   52.400  104.580   4385.3    535.8
     1     1    10     3    26    17     0     1   -43.0   52.758  104.132   4434.2    533.6
     1     1    10     3    26    16     0     2   -44.0   53.109  103.690   4489.3    530.4
     1     1    10     3    26    15     0     3   -45.0   53.462  103.257   4525.2    528.3
     1     1    10     3    26    14     0     2   -46.0   53.816  102.802   4548.5    528.0
     1     1    10     3    26    13     0     1   -47.0   54.167  102.300   4571.5    526.5
     1     1    10     3    26    12     0     0   -48.0   54.515  101.747   4614.2    523.3
     1     1    10     3    26    11     0     1   -49.0   54.850  101.134   4670.1    518.4
     1     1    10     3    26    10     0     2   -50.0   55.156  100.466   4709.6    515.3
     1     1    10     3    26     9     0     3   -51.0   55.421   99.748   4716.6    515.5
     1     1    10     3    26     8     0     2   -52.0   55.648   99.001   4713.1    521.8
     1     1    10     3    26     7     0     1   -53.0   55.846   98.241   4692.9    524.0
     1     1    10     3    26     6     0     0   -54.0   56.018   97.454   4686.6    529.2
     1     1    10     3    26     5     0     1   -55.0   56.167   96.653   4707.5    528.1
     1     1    10     3    26     4     0     2   -56.0   56.300   95.851   4749.7    525.7
     1     1    10     3    26     3     0     3   -57.0   56.415   95.040   4758.1    524.3
     1     1    10     3    26     2     0     2   -58.0   56.511   94.203   4734.6    525.3
     1     1    10     3    26     1     0     1   -59.0   56.593   93.325   4749.5    526.8
     1     1    10     3    26     0     0     0   -60.0   56.663   92.378   4788.6    522.1
     1     1    10     3    25    23     0     1   -61.0   56.706   91.363   4833.8    521.2
     1     1    10     3    25    22     0     2   -62.0   56.706   90.294   4857.0    522.3
     1     1    10     3    25    21     0     3   -63.0   56.643   89.158   4834.3    526.7
     1     1    10     3    25    20     0     2   -64.0   56.552   87.981   4800.2    531.6
     1     1    10     3    25    19     0     1   -65.0   56.451   86.769   4790.8    532.0
     1     1    10     3    25    18     0     0   -66.0   56.318   85.513   4787.5    532.2
     1     1    10     3    25    17     0     1   -67.0   56.165   84.229   4803.4    535.4
     1     1    10     3    25    16     0     2   -68.0   56.011   82.934   4808.9    533.9
     1     1    10     3    25    15     0     3   -69.0   55.863   81.625   4744.4    536.5
     1     1    10     3    25    14     0     2   -70.0   55.712   80.267   4711.3    541.2
     1     1    10     3    25    13     0     1   -71.0   55.551   78.827   4748.3    538.5
     1     1    10     3    25    12     0     0   -72.0   55.392   77.311   4774.3    536.9
     1     1    10     3    25    11     0     1   -73.0   55.223   75.738   4746.0    537.8
     1     1    10     3    25    10     0     2   -74.0   55.040   74.119   4726.4    538.7
     1     1    10     3    25     9     0     3   -75.0   54.878   72.406   4692.9    542.1
     1     1    10     3    25     8     0     2   -76.0   54.697   70.691   4627.6    545.4
     1     1    10     3    25     7     0     1   -77.0   54.497   69.025   4591.6    547.5
     1     1    10     3    25     6     0     0   -78.0   54.300   67.318   4573.2    547.9
     1     1    10     3    25     5     0     1   -79.0   54.094   65.567   4566.0    546.4
     1     1    10     3    25     4     0     2   -80.0   53.863   63.822   4551.1    547.4
     1     1    10     3    25     3     0     3   -81.0   53.612   62.087   4391.6    556.5
     1     1    10     3    25     2     0     2   -82.0   53.356   60.421   4064.3    574.2
     1     1    10     3    25     1     0     1   -83.0   53.132   58.783   3829.7    581.4
     1     1    10     3    25     0     0     0   -84.0   52.889   57.068   3719.4    587.5
     1     1    10     3    24    23     0     1   -85.0   52.592   55.490   3552.1    624.4
     1     1    10     3    24    22     0     2   -86.0   52.290   54.092   3372.2    643.9
     1     1    10     3    24    21     0     3   -87.0   51.936   52.801   3273.9    656.0
     1     1    10     3    24    20     0     2   -88.0   51.583   51.599   3165.8    670.2
     1     1    10     3    24    19     0     1   -89.0   51.286   50.495   3035.9    683.9
     1     1    10     3    24    18     0     0   -90.0   51.016   49.494   2892.0    697.7
     1     1    10     3    24    17     0     1   -91.0   50.768   48.583   2762.6    712.0
     1     1    10     3    24    16     0     2   -92.0   50.559   47.713   2653.6    723.8
     1     1    10     3    24    15     0     3   -93.0   50.388   46.846   2549.8    734.1
     1     1    10     3    24    14     0     2   -94.0   50.236   45.989   2455.2    744.4
     1     1    10     3    24    13     0     1   -95.0   50.097   45.145   2358.9    747.5
     1     1    10     3    24    12     0     0   -96.0   49.949   44.284   2246.6    756.3
