     7     1
    GDAS    10     3    22     0     0
    GDAS    10     4     8     0     0
    GDAS    10     4    15     0     0
    GDAS    10     4    22     0     0
    GDAS    10     4    29     0     0
    GDAS    10     4     1     0     0
    GDAS    10     3    29     0     0
     1 BACKWARD OMEGA   
    10     4     4    12   39.977  116.381  7800.0
     1 PRESSURE
     1     1    10     4     4    12     0     0     0.0   39.977  116.381   7555.8    359.2
     1     1    10     4     4    11     0     1    -1.0   40.324  114.795   7270.4    318.9
     1     1    10     4     4    10     0     2    -2.0   40.632  113.185   7108.0    321.5
     1     1    10     4     4     9     0     3    -3.0   40.923  111.540   7072.9    314.8
     1     1    10     4     4     8     0     2    -4.0   41.220  109.918   7117.6    318.3
     1     1    10     4     4     7     0     1    -5.0   41.564  108.332   7161.2    328.4
     1     1    10     4     4     6     0     0    -6.0   41.943  106.832   7063.1    338.5
     1     1    10     4     4     5     0     1    -7.0   42.348  105.400   7047.0    336.6
     1     1    10     4     4     4     0     2    -8.0   42.791  103.920   7005.0    327.4
     1     1    10     4     4     3     0     3    -9.0   43.255  102.401   7054.6    323.9
     1     1    10     4     4     2     0     2   -10.0   43.715  100.866   7099.1    330.8
     1     1    10     4     4     1     0     1   -11.0   44.161   99.328   7074.9    323.6
     1     1    10     4     4     0     0     0   -12.0   44.630   97.729   6959.5    306.8
     1     1    10     4     3    23     0     1   -13.0   45.126   96.068   7031.7    311.8
     1     1    10     4     3    22     0     2   -14.0   45.595   94.386   6981.8    305.5
     1     1    10     4     3    21     0     3   -15.0   46.085   92.706   6956.8    304.0
     1     1    10     4     3    20     0     2   -16.0   46.590   91.041   6987.0    294.5
     1     1    10     4     3    19     0     1   -17.0   47.106   89.374   7362.8    313.7
     1     1    10     4     3    18     0     0   -18.0   47.585   87.847   7493.4    317.2
     1     1    10     4     3    17     0     1   -19.0   47.977   86.384   7624.6    336.6
     1     1    10     4     3    16     0     2   -20.0   48.321   84.941   7673.3    334.0
     1     1    10     4     3    15     0     3   -21.0   48.656   83.528   7745.8    331.8
     1     1    10     4     3    14     0     2   -22.0   48.965   82.119   7733.3    327.5
     1     1    10     4     3    13     0     1   -23.0   49.231   80.787   7774.3    335.6
     1     1    10     4     3    12     0     0   -24.0   49.458   79.566   7801.1    337.2
     1     1    10     4     3    11     0     1   -25.0   49.656   78.387   7827.3    333.5
     1     1    10     4     3    10     0     2   -26.0   49.843   77.220   7821.4    328.0
     1     1    10     4     3     9     0     3   -27.0   50.013   76.063   7826.3    326.6
     1     1    10     4     3     8     0     2   -28.0   50.169   74.974   7850.4    327.6
     1     1    10     4     3     7     0     1   -29.0   50.310   73.966   7892.1    329.8
     1     1    10     4     3     6     0     0   -30.0   50.433   73.011   7908.2    328.6
     1     1    10     4     3     5     0     1   -31.0   50.542   72.093   7964.3    330.9
     1     1    10     4     3     4     0     2   -32.0   50.638   71.207   8007.1    331.5
     1     1    10     4     3     3     0     3   -33.0   50.706   70.357   8043.2    331.1
     1     1    10     4     3     2     0     2   -34.0   50.748   69.548   8059.8    330.5
     1     1    10     4     3     1     0     1   -35.0   50.780   68.790   8052.9    331.2
     1     1    10     4     3     0     0     0   -36.0   50.804   68.093   8029.1    333.1
     1     1    10     4     2    23     0     1   -37.0   50.814   67.461   8010.9    335.8
     1     1    10     4     2    22     0     2   -38.0   50.797   66.879   8014.8    336.2
     1     1    10     4     2    21     0     3   -39.0   50.747   66.335   8033.0    336.0
     1     1    10     4     2    20     0     2   -40.0   50.667   65.827   8050.0    336.4
     1     1    10     4     2    19     0     1   -41.0   50.566   65.360   8054.4    339.1
     1     1    10     4     2    18     0     0   -42.0   50.441   64.934   8043.1    341.8
     1     1    10     4     2    17     0     1   -43.0   50.295   64.522   8016.7    343.7
     1     1    10     4     2    16     0     2   -44.0   50.128   64.093   7991.1    345.9
     1     1    10     4     2    15     0     3   -45.0   49.940   63.634   7956.0    347.7
     1     1    10     4     2    14     0     2   -46.0   49.731   63.152   7913.7    349.4
     1     1    10     4     2    13     0     1   -47.0   49.506   62.657   7866.3    351.5
     1     1    10     4     2    12     0     0   -48.0   49.263   62.145   7802.8    354.7
     1     1    10     4     2    11     0     1   -49.0   49.010   61.618   7706.8    359.0
     1     1    10     4     2    10     0     2   -50.0   48.765   61.074   7593.0    364.5
     1     1    10     4     2     9     0     3   -51.0   48.544   60.509   7492.8    369.7
     1     1    10     4     2     8     0     2   -52.0   48.366   59.931   7406.7    373.3
     1     1    10     4     2     7     0     1   -53.0   48.244   59.353   7339.7    375.7
     1     1    10     4     2     6     0     0   -54.0   48.185   58.776   7291.4    377.5
     1     1    10     4     2     5     0     1   -55.0   48.203   58.202   7260.7    378.1
     1     1    10     4     2     4     0     2   -56.0   48.317   57.629   7281.9    378.9
     1     1    10     4     2     3     0     3   -57.0   48.532   57.036   7372.4    377.6
     1     1    10     4     2     2     0     2   -58.0   48.816   56.425   7491.1    370.0
     1     1    10     4     2     1     0     1   -59.0   49.136   55.821   7591.6    364.8
     1     1    10     4     2     0     0     0   -60.0   49.478   55.230   7657.8    362.5
     1     1    10     4     1    23     0     1   -61.0   49.819   54.686   7701.4    362.0
     1     1    10     4     1    22     0     2   -62.0   50.141   54.233   7746.8    361.2
     1     1    10     4     1    21     0     3   -63.0   50.436   53.855   7798.5    360.1
     1     1    10     4     1    20     0     2   -64.0   50.712   53.524   7843.5    357.6
     1     1    10     4     1    19     0     1   -65.0   50.980   53.223   7871.2    355.9
     1     1    10     4     1    18     0     0   -66.0   51.240   52.945   7885.6    355.2
     1     1    10     4     1    17     0     1   -67.0   51.488   52.683   7895.4    355.4
     1     1    10     4     1    16     0     2   -68.0   51.715   52.426   7902.2    355.5
     1     1    10     4     1    15     0     3   -69.0   51.919   52.169   7908.7    355.5
     1     1    10     4     1    14     0     2   -70.0   52.102   51.913   7905.6    355.1
     1     1    10     4     1    13     0     1   -71.0   52.265   51.660   7885.5    356.2
     1     1    10     4     1    12     0     0   -72.0   52.409   51.414   7857.3    358.1
     1     1    10     4     1    11     0     1   -73.0   52.523   51.194   7839.1    360.0
     1     1    10     4     1    10     0     2   -74.0   52.595   51.013   7841.8    359.9
     1     1    10     4     1     9     0     3   -75.0   52.627   50.869   7860.2    359.0
     1     1    10     4     1     8     0     2   -76.0   52.632   50.749   7876.8    357.5
     1     1    10     4     1     7     0     1   -77.0   52.626   50.641   7876.7    357.6
     1     1    10     4     1     6     0     0   -78.0   52.610   50.543   7860.2    358.6
     1     1    10     4     1     5     0     1   -79.0   52.585   50.442   7830.6    360.4
     1     1    10     4     1     4     0     2   -80.0   52.555   50.327   7790.2    362.6
     1     1    10     4     1     3     0     3   -81.0   52.520   50.200   7737.7    365.5
     1     1    10     4     1     2     0     2   -82.0   52.473   50.059   7688.3    369.3
     1     1    10     4     1     1     0     1   -83.0   52.412   49.904   7658.7    371.2
     1     1    10     4     1     0     0     0   -84.0   52.340   49.734   7652.1    372.0
     1     1    10     3    31    23     0     1   -85.0   52.265   49.549   7652.5    371.4
     1     1    10     3    31    22     0     2   -86.0   52.185   49.353   7638.8    372.6
     1     1    10     3    31    21     0     3   -87.0   52.089   49.145   7605.5    374.9
     1     1    10     3    31    20     0     2   -88.0   51.972   48.924   7566.7    378.4
     1     1    10     3    31    19     0     1   -89.0   51.843   48.702   7539.9    379.9
     1     1    10     3    31    18     0     0   -90.0   51.705   48.489   7524.6    380.2
     1     1    10     3    31    17     0     1   -91.0   51.557   48.299   7501.9    380.8
     1     1    10     3    31    16     0     2   -92.0   51.398   48.144   7459.8    383.3
     1     1    10     3    31    15     0     3   -93.0   51.229   48.028   7400.8    386.7
     1     1    10     3    31    14     0     2   -94.0   51.043   47.955   7346.2    390.6
     1     1    10     3    31    13     0     1   -95.0   50.833   47.926   7321.1    392.7
     1     1    10     3    31    12     0     0   -96.0   50.605   47.935   7322.5    393.2
