     7     1
    GDAS    10     3    22     0     0
    GDAS    10     4     8     0     0
    GDAS    10     4    15     0     0
    GDAS    10     4    22     0     0
    GDAS    10     4    29     0     0
    GDAS    10     4     1     0     0
    GDAS    10     3    29     0     0
     1 BACKWARD OMEGA   
    10     4     6     6   39.977  116.381  7000.0
     1 PRESSURE
     1     1    10     4     6     6     0     0     0.0   39.977  116.381   6756.1    404.9
     1     1    10     4     6     5     0     1    -1.0   40.453  114.972   6703.7    348.2
     1     1    10     4     6     4     0     2    -2.0   40.907  113.566   6764.3    338.9
     1     1    10     4     6     3     0     3    -3.0   41.388  112.190   6875.2    330.2
     1     1    10     4     6     2     0     2    -4.0   41.870  110.869   7132.0    326.0
     1     1    10     4     6     1     0     1    -5.0   42.350  109.559   7299.5    318.1
     1     1    10     4     6     0     0     0    -6.0   42.805  108.291   7468.8    321.0
     1     1    10     4     5    23     0     1    -7.0   43.248  107.012   7530.5    315.8
     1     1    10     4     5    22     0     2    -8.0   43.686  105.738   7510.5    304.7
     1     1    10     4     5    21     0     3    -9.0   44.125  104.462   7556.6    302.6
     1     1    10     4     5    20     0     2   -10.0   44.533  103.201   7615.2    299.0
     1     1    10     4     5    19     0     1   -11.0   44.909  101.912   7536.9    292.7
     1     1    10     4     5    18     0     0   -12.0   45.235  100.611   7491.3    290.1
     1     1    10     4     5    17     0     1   -13.0   45.515   99.371   7481.0    286.4
     1     1    10     4     5    16     0     2   -14.0   45.749   98.188   7451.8    288.8
     1     1    10     4     5    15     0     3   -15.0   45.937   97.042   7412.7    284.1
     1     1    10     4     5    14     0     2   -16.0   46.122   95.904   7538.0    279.9
     1     1    10     4     5    13     0     1   -17.0   46.308   94.773   7647.3    284.6
     1     1    10     4     5    12     0     0   -18.0   46.476   93.679   7550.6    277.4
     1     1    10     4     5    11     0     1   -19.0   46.645   92.600   7474.2    277.3
     1     1    10     4     5    10     0     2   -20.0   46.798   91.526   7376.8    267.0
     1     1    10     4     5     9     0     3   -21.0   46.918   90.452   7497.1    273.8
     1     1    10     4     5     8     0     2   -22.0   47.012   89.351   7764.6    304.9
     1     1    10     4     5     7     0     1   -23.0   47.072   88.265   7877.4    322.7
     1     1    10     4     5     6     0     0   -24.0   47.108   87.249   7772.4    325.7
     1     1    10     4     5     5     0     1   -25.0   47.162   86.272   7471.4    312.4
     1     1    10     4     5     4     0     2   -26.0   47.239   85.304   7290.0    313.0
     1     1    10     4     5     3     0     3   -27.0   47.318   84.344   7276.9    329.7
     1     1    10     4     5     2     0     2   -28.0   47.393   83.405   7236.9    343.9
     1     1    10     4     5     1     0     1   -29.0   47.457   82.486   7160.4    351.3
     1     1    10     4     5     0     0     0   -30.0   47.517   81.569   7143.7    354.5
     1     1    10     4     4    23     0     1   -31.0   47.567   80.675   7133.4    363.4
     1     1    10     4     4    22     0     2   -32.0   47.604   79.833   7093.9    371.4
     1     1    10     4     4    21     0     3   -33.0   47.641   79.039   7032.9    373.9
     1     1    10     4     4    20     0     2   -34.0   47.694   78.284   7002.2    375.1
     1     1    10     4     4    19     0     1   -35.0   47.770   77.572   7011.1    372.8
     1     1    10     4     4    18     0     0   -36.0   47.867   76.917   7002.7    370.3
     1     1    10     4     4    17     0     1   -37.0   47.978   76.291   7001.8    372.8
     1     1    10     4     4    16     0     2   -38.0   48.112   75.672   6966.5    371.6
     1     1    10     4     4    15     0     3   -39.0   48.292   75.070   6905.0    369.6
     1     1    10     4     4    14     0     2   -40.0   48.509   74.479   6870.4    371.4
     1     1    10     4     4    13     0     1   -41.0   48.744   73.898   6848.1    374.0
     1     1    10     4     4    12     0     0   -42.0   49.012   73.331   6856.0    378.3
     1     1    10     4     4    11     0     1   -43.0   49.286   72.776   6916.0    381.7
     1     1    10     4     4    10     0     2   -44.0   49.539   72.238   7010.9    380.6
     1     1    10     4     4     9     0     3   -45.0   49.773   71.729   7113.8    377.1
     1     1    10     4     4     8     0     2   -46.0   49.992   71.250   7203.5    373.4
     1     1    10     4     4     7     0     1   -47.0   50.205   70.799   7277.3    371.1
     1     1    10     4     4     6     0     0   -48.0   50.420   70.372   7343.9    369.0
     1     1    10     4     4     5     0     1   -49.0   50.643   69.957   7409.4    366.2
     1     1    10     4     4     4     0     2   -50.0   50.876   69.548   7473.7    362.5
     1     1    10     4     4     3     0     3   -51.0   51.124   69.151   7536.4    359.0
     1     1    10     4     4     2     0     2   -52.0   51.381   68.765   7586.3    356.3
     1     1    10     4     4     1     0     1   -53.0   51.640   68.398   7616.8    355.1
     1     1    10     4     4     0     0     0   -54.0   51.905   68.071   7640.2    353.7
     1     1    10     4     3    23     0     1   -55.0   52.165   67.761   7674.8    352.2
     1     1    10     4     3    22     0     2   -56.0   52.410   67.443   7716.2    350.6
     1     1    10     4     3    21     0     3   -57.0   52.657   67.137   7748.2    350.3
     1     1    10     4     3    20     0     2   -58.0   52.915   66.852   7773.5    351.1
     1     1    10     4     3    19     0     1   -59.0   53.177   66.582   7804.3    351.2
     1     1    10     4     3    18     0     0   -60.0   53.442   66.316   7847.3    350.1
     1     1    10     4     3    17     0     1   -61.0   53.717   66.045   7891.8    347.8
     1     1    10     4     3    16     0     2   -62.0   54.007   65.780   7932.0    346.7
     1     1    10     4     3    15     0     3   -63.0   54.309   65.539   7971.8    345.7
     1     1    10     4     3    14     0     2   -64.0   54.618   65.318   8013.4    344.3
     1     1    10     4     3    13     0     1   -65.0   54.938   65.103   8049.6    342.8
     1     1    10     4     3    12     0     0   -66.0   55.276   64.898   8067.0    341.8
     1     1    10     4     3    11     0     1   -67.0   55.632   64.708   8075.4    341.2
     1     1    10     4     3    10     0     2   -68.0   56.005   64.536   8081.7    340.5
     1     1    10     4     3     9     0     3   -69.0   56.393   64.378   8084.3    340.6
     1     1    10     4     3     8     0     2   -70.0   56.809   64.223   8086.7    341.0
     1     1    10     4     3     7     0     1   -71.0   57.272   64.055   8097.5    340.7
     1     1    10     4     3     6     0     0   -72.0   57.783   63.859   8115.7    339.9
     1     1    10     4     3     5     0     1   -73.0   58.336   63.606   8139.8    339.1
     1     1    10     4     3     4     0     2   -74.0   58.934   63.257   8193.5    336.0
     1     1    10     4     3     3     0     3   -75.0   59.582   62.753   8278.6    330.2
     1     1    10     4     3     2     0     2   -76.0   60.233   62.107   8301.3    327.4
     1     1    10     4     3     1     0     1   -77.0   60.856   61.362   8247.0    330.7
     1     1    10     4     3     0     0     0   -78.0   61.459   60.478   8204.1    329.9
     1     1    10     4     2    23     0     1   -79.0   62.043   59.426   8211.2    319.3
     1     1    10     4     2    22     0     2   -80.0   62.598   58.379   8209.3    322.7
     1     1    10     4     2    21     0     3   -81.0   63.129   57.368   8201.2    330.4
     1     1    10     4     2    20     0     2   -82.0   63.647   56.305   8263.6    328.9
     1     1    10     4     2    19     0     1   -83.0   64.166   55.138   8322.6    325.2
     1     1    10     4     2    18     0     0   -84.0   64.659   53.892   8337.5    326.6
     1     1    10     4     2    17     0     1   -85.0   65.115   52.584   8324.3    328.4
     1     1    10     4     2    16     0     2   -86.0   65.532   51.234   8298.5    327.9
     1     1    10     4     2    15     0     3   -87.0   65.910   49.781   8266.1    329.2
     1     1    10     4     2    14     0     2   -88.0   66.223   48.302   8249.0    333.0
     1     1    10     4     2    13     0     1   -89.0   66.466   46.902   8242.0    337.0
     1     1    10     4     2    12     0     0   -90.0   66.654   45.527   8217.2    338.5
     1     1    10     4     2    11     0     1   -91.0   66.798   44.175   8184.8    340.2
     1     1    10     4     2    10     0     2   -92.0   66.918   42.887   8144.2    343.0
     1     1    10     4     2     9     0     3   -93.0   67.021   41.665   8076.8    345.2
     1     1    10     4     2     8     0     2   -94.0   67.094   40.491   7975.5    343.9
     1     1    10     4     2     7     0     1   -95.0   67.127   39.350   7895.7    344.2
     1     1    10     4     2     6     0     0   -96.0   67.126   38.256   7865.2    347.4
