     7     1
    GDAS    10     3    22     0     0
    GDAS    10     4     8     0     0
    GDAS    10     4    15     0     0
    GDAS    10     4    22     0     0
    GDAS    10     4    29     0     0
    GDAS    10     4     1     0     0
    GDAS    10     3    29     0     0
     1 BACKWARD OMEGA   
    10     4     6    18   39.977  116.381  8000.0
     1 PRESSURE
     1     1    10     4     6    18     0     0     0.0   39.977  116.381   7756.0    351.7
     1     1    10     4     6    17     0     1    -1.0   40.573  115.012   7573.2    307.4
     1     1    10     4     6    16     0     2    -2.0   41.133  113.605   7616.5    298.5
     1     1    10     4     6    15     0     3    -3.0   41.666  112.175   7704.9    294.0
     1     1    10     4     6    14     0     2    -4.0   42.146  110.750   7843.2    297.5
     1     1    10     4     6    13     0     1    -5.0   42.608  109.380   7939.2    292.5
     1     1    10     4     6    12     0     0    -6.0   43.090  108.012   8093.1    299.0
     1     1    10     4     6    11     0     1    -7.0   43.535  106.633   8031.8    288.8
     1     1    10     4     6    10     0     2    -8.0   43.927  105.239   7986.7    282.9
     1     1    10     4     6     9     0     3    -9.0   44.277  103.834   8044.4    281.5
     1     1    10     4     6     8     0     2   -10.0   44.579  102.432   8111.5    276.0
     1     1    10     4     6     7     0     1   -11.0   44.857  101.047   8124.1    271.1
     1     1    10     4     6     6     0     0   -12.0   45.114   99.634   8138.9    257.7
     1     1    10     4     6     5     0     1   -13.0   45.324   98.251   8173.8    245.5
     1     1    10     4     6     4     0     2   -14.0   45.499   96.896   8283.2    250.0
     1     1    10     4     6     3     0     3   -15.0   45.641   95.515   8308.9    255.1
     1     1    10     4     6     2     0     2   -16.0   45.776   94.118   8218.5    245.9
     1     1    10     4     6     1     0     1   -17.0   45.907   92.765   8290.6    249.7
     1     1    10     4     6     0     0     0   -18.0   46.012   91.409   8473.8    267.8
     1     1    10     4     5    23     0     1   -19.0   46.088   90.069   8599.1    268.5
     1     1    10     4     5    22     0     2   -20.0   46.159   88.808   8773.5    275.7
     1     1    10     4     5    21     0     3   -21.0   46.220   87.599   8931.9    279.2
     1     1    10     4     5    20     0     2   -22.0   46.262   86.424   8993.7    276.1
     1     1    10     4     5    19     0     1   -23.0   46.300   85.304   8920.0    265.9
     1     1    10     4     5    18     0     0   -24.0   46.310   84.203   8805.8    256.1
     1     1    10     4     5    17     0     1   -25.0   46.273   83.144   8871.3    258.8
     1     1    10     4     5    16     0     2   -26.0   46.240   82.185   9002.2    267.8
     1     1    10     4     5    15     0     3   -27.0   46.208   81.304   9023.6    271.4
     1     1    10     4     5    14     0     2   -28.0   46.175   80.484   9038.6    277.6
     1     1    10     4     5    13     0     1   -29.0   46.160   79.714   9048.1    283.6
     1     1    10     4     5    12     0     0   -30.0   46.126   78.969   9033.9    284.9
     1     1    10     4     5    11     0     1   -31.0   46.065   78.271   9036.4    286.4
     1     1    10     4     5    10     0     2   -32.0   45.998   77.653   9031.8    288.0
     1     1    10     4     5     9     0     3   -33.0   45.898   77.135   8993.7    290.1
     1     1    10     4     5     8     0     2   -34.0   45.790   76.713   8932.7    293.4
     1     1    10     4     5     7     0     1   -35.0   45.706   76.356   8863.8    296.4
     1     1    10     4     5     6     0     0   -36.0   45.639   76.072   8786.0    299.9
     1     1    10     4     5     5     0     1   -37.0   45.588   75.831   8719.3    303.7
     1     1    10     4     5     4     0     2   -38.0   45.549   75.603   8684.4    304.6
     1     1    10     4     5     3     0     3   -39.0   45.522   75.388   8677.7    304.2
     1     1    10     4     5     2     0     2   -40.0   45.503   75.186   8687.9    303.0
     1     1    10     4     5     1     0     1   -41.0   45.488   74.996   8706.3    301.9
     1     1    10     4     5     0     0     0   -42.0   45.475   74.818   8737.8    300.6
     1     1    10     4     4    23     0     1   -43.0   45.465   74.650   8780.4    298.6
     1     1    10     4     4    22     0     2   -44.0   45.464   74.491   8833.2    296.3
     1     1    10     4     4    21     0     3   -45.0   45.471   74.339   8894.6    293.5
     1     1    10     4     4    20     0     2   -46.0   45.498   74.193   8941.8    290.6
     1     1    10     4     4    19     0     1   -47.0   45.558   74.045   8955.2    290.4
     1     1    10     4     4    18     0     0   -48.0   45.653   73.887   8932.6    291.4
     1     1    10     4     4    17     0     1   -49.0   45.790   73.713   8899.8    293.7
     1     1    10     4     4    16     0     2   -50.0   45.979   73.515   8872.5    294.4
     1     1    10     4     4    15     0     3   -51.0   46.224   73.276   8825.2    294.1
     1     1    10     4     4    14     0     2   -52.0   46.492   72.977   8778.0    293.1
     1     1    10     4     4    13     0     1   -53.0   46.751   72.622   8757.4    292.6
     1     1    10     4     4    12     0     0   -54.0   47.001   72.202   8765.0    291.5
     1     1    10     4     4    11     0     1   -55.0   47.209   71.748   8787.4    289.3
     1     1    10     4     4    10     0     2   -56.0   47.338   71.320   8807.6    289.7
     1     1    10     4     4     9     0     3   -57.0   47.394   70.935   8822.1    290.7
     1     1    10     4     4     8     0     2   -58.0   47.410   70.598   8835.6    291.9
     1     1    10     4     4     7     0     1   -59.0   47.418   70.297   8854.5    292.5
     1     1    10     4     4     6     0     0   -60.0   47.420   70.026   8879.8    292.5
     1     1    10     4     4     5     0     1   -61.0   47.422   69.777   8910.7    292.0
     1     1    10     4     4     4     0     2   -62.0   47.432   69.538   8958.9    290.5
     1     1    10     4     4     3     0     3   -63.0   47.450   69.305   9030.6    287.9
     1     1    10     4     4     2     0     2   -64.0   47.467   69.070   9103.6    284.0
     1     1    10     4     4     1     0     1   -65.0   47.475   68.827   9146.9    282.0
     1     1    10     4     4     0     0     0   -66.0   47.477   68.578   9162.6    281.2
     1     1    10     4     3    23     0     1   -67.0   47.467   68.342   9162.9    281.3
     1     1    10     4     3    22     0     2   -68.0   47.436   68.138   9154.3    281.4
     1     1    10     4     3    21     0     3   -69.0   47.381   67.974   9131.3    282.3
     1     1    10     4     3    20     0     2   -70.0   47.304   67.844   9089.2    284.4
     1     1    10     4     3    19     0     1   -71.0   47.205   67.749   9026.3    287.6
     1     1    10     4     3    18     0     0   -72.0   47.084   67.701   8936.3    292.2
     1     1    10     4     3    17     0     1   -73.0   46.956   67.700   8820.7    298.8
     1     1    10     4     3    16     0     2   -74.0   46.842   67.729   8690.9    305.8
     1     1    10     4     3    15     0     3   -75.0   46.749   67.781   8548.9    313.0
     1     1    10     4     3    14     0     2   -76.0   46.687   67.840   8398.2    320.8
     1     1    10     4     3    13     0     1   -77.0   46.658   67.879   8253.4    328.6
     1     1    10     4     3    12     0     0   -78.0   46.654   67.892   8120.6    335.2
     1     1    10     4     3    11     0     1   -79.0   46.646   67.847   8006.0    341.2
     1     1    10     4     3    10     0     2   -80.0   46.606   67.725   7908.3    345.9
     1     1    10     4     3     9     0     3   -81.0   46.539   67.538   7818.7    350.6
     1     1    10     4     3     8     0     2   -82.0   46.454   67.321   7741.2    355.5
     1     1    10     4     3     7     0     1   -83.0   46.357   67.101   7679.1    359.4
     1     1    10     4     3     6     0     0   -84.0   46.247   66.888   7628.3    363.5
     1     1    10     4     3     5     0     1   -85.0   46.121   66.659   7581.5    367.4
     1     1    10     4     3     4     0     2   -86.0   45.970   66.400   7535.4    372.1
     1     1    10     4     3     3     0     3   -87.0   45.790   66.116   7487.4    375.5
     1     1    10     4     3     2     0     2   -88.0   45.578   65.824   7428.8    378.5
     1     1    10     4     3     1     0     1   -89.0   45.346   65.541   7365.1    382.0
     1     1    10     4     3     0     0     0   -90.0   45.101   65.276   7319.8    384.7
     1     1    10     4     2    23     0     1   -91.0   44.831   65.026   7304.5    385.3
     1     1    10     4     2    22     0     2   -92.0   44.530   64.800   7321.6    385.3
     1     1    10     4     2    21     0     3   -93.0   44.203   64.600   7357.1    383.6
     1     1    10     4     2    20     0     2   -94.0   43.861   64.423   7406.1    380.6
     1     1    10     4     2    19     0     1   -95.0   43.500   64.267   7458.9    374.7
     1     1    10     4     2    18     0     0   -96.0   43.124   64.131   7491.1    369.5
