     7     1
    GDAS    10     3    22     0     0
    GDAS    10     4     8     0     0
    GDAS    10     4    15     0     0
    GDAS    10     4    22     0     0
    GDAS    10     4    29     0     0
    GDAS    10     4     1     0     0
    GDAS    10     3    29     0     0
     1 BACKWARD OMEGA   
    10     4    16     0   39.977  116.381  6000.0
     1 PRESSURE
     1     1    10     4    16     0     0     0     0.0   39.977  116.381   5762.5    465.2
     1     1    10     4    15    23     0     1    -1.0   40.012  115.744   5348.0    467.6
     1     1    10     4    15    22     0     2    -2.0   40.143  115.068   4915.6    459.2
     1     1    10     4    15    21     0     3    -3.0   40.314  114.296   4601.8    472.2
     1     1    10     4    15    20     0     2    -4.0   40.488  113.493   4254.9    492.3
     1     1    10     4    15    19     0     1    -5.0   40.671  112.742   3902.4    505.6
     1     1    10     4    15    18     0     0    -6.0   40.836  112.037   3527.4    528.7
     1     1    10     4    15    17     0     1    -7.0   40.969  111.421   3155.9    555.0
     1     1    10     4    15    16     0     2    -8.0   41.063  110.926   2782.1    575.2
     1     1    10     4    15    15     0     3    -9.0   41.083  110.569   2341.2    619.6
     1     1    10     4    15    14     0     2   -10.0   41.104  110.298   1963.1    662.0
     1     1    10     4    15    13     0     1   -11.0   41.170  110.037   1709.0    682.8
     1     1    10     4    15    12     0     0   -12.0   41.254  109.758   1485.4    706.6
     1     1    10     4    15    11     0     1   -13.0   41.348  109.469   1295.0    735.5
     1     1    10     4    15    10     0     2   -14.0   41.454  109.170   1174.7    750.1
     1     1    10     4    15     9     0     3   -15.0   41.572  108.853   1097.3    757.4
     1     1    10     4    15     8     0     2   -16.0   41.693  108.514   1027.7    762.0
     1     1    10     4    15     7     0     1   -17.0   41.814  108.156    949.4    768.1
     1     1    10     4    15     6     0     0   -18.0   41.928  107.772    879.7    776.8
     1     1    10     4    15     5     0     1   -19.0   42.012  107.377    855.7    787.9
     1     1    10     4    15     4     0     2   -20.0   42.060  107.004    889.4    792.8
     1     1    10     4    15     3     0     3   -21.0   42.083  106.672    947.6    791.6
     1     1    10     4    15     2     0     2   -22.0   42.099  106.372    984.7    792.6
     1     1    10     4    15     1     0     1   -23.0   42.124  106.091    985.3    797.8
     1     1    10     4    15     0     0     0   -24.0   42.172  105.823    955.8    797.4
     1     1    10     4    14    23     0     1   -25.0   42.251  105.558    926.9    793.2
     1     1    10     4    14    22     0     2   -26.0   42.361  105.290    931.6    782.7
     1     1    10     4    14    21     0     3   -27.0   42.511  105.020    988.8    763.8
     1     1    10     4    14    20     0     2   -28.0   42.686  104.749   1086.9    745.2
     1     1    10     4    14    19     0     1   -29.0   42.870  104.480   1195.3    729.0
     1     1    10     4    14    18     0     0   -30.0   43.067  104.225   1299.6    717.1
     1     1    10     4    14    17     0     1   -31.0   43.278  103.983   1397.7    712.8
     1     1    10     4    14    16     0     2   -32.0   43.503  103.739   1503.0    704.5
     1     1    10     4    14    15     0     3   -33.0   43.756  103.486   1615.8    690.3
     1     1    10     4    14    14     0     2   -34.0   44.021  103.225   1697.5    674.1
     1     1    10     4    14    13     0     1   -35.0   44.266  102.944   1749.7    676.1
     1     1    10     4    14    12     0     0   -36.0   44.483  102.637   1804.0    679.3
     1     1    10     4    14    11     0     1   -37.0   44.667  102.326   1859.9    670.0
     1     1    10     4    14    10     0     2   -38.0   44.808  102.046   1906.8    656.6
     1     1    10     4    14     9     0     3   -39.0   44.906  101.806   1952.5    647.8
     1     1    10     4    14     8     0     2   -40.0   44.964  101.608   2001.9    642.2
     1     1    10     4    14     7     0     1   -41.0   44.989  101.446   2057.5    636.6
     1     1    10     4    14     6     0     0   -42.0   44.988  101.315   2113.4    632.1
     1     1    10     4    14     5     0     1   -43.0   45.005  101.174   2154.0    627.6
     1     1    10     4    14     4     0     2   -44.0   45.080  100.992   2167.7    624.4
     1     1    10     4    14     3     0     3   -45.0   45.206  100.759   2154.0    620.9
     1     1    10     4    14     2     0     2   -46.0   45.354  100.493   2139.3    621.3
     1     1    10     4    14     1     0     1   -47.0   45.500  100.211   2144.2    622.2
     1     1    10     4    14     0     0     0   -48.0   45.638   99.915   2166.4    622.9
     1     1    10     4    13    23     0     1   -49.0   45.764   99.600   2195.9    618.5
     1     1    10     4    13    22     0     2   -50.0   45.880   99.270   2235.3    615.3
     1     1    10     4    13    21     0     3   -51.0   45.994   98.932   2289.4    613.5
     1     1    10     4    13    20     0     2   -52.0   46.105   98.580   2332.9    605.4
     1     1    10     4    13    19     0     1   -53.0   46.214   98.212   2356.0    598.7
     1     1    10     4    13    18     0     0   -54.0   46.331   97.829   2357.5    588.7
     1     1    10     4    13    17     0     1   -55.0   46.450   97.444   2337.3    581.2
     1     1    10     4    13    16     0     2   -56.0   46.568   97.065   2303.7    581.2
     1     1    10     4    13    15     0     3   -57.0   46.675   96.678   2267.8    587.0
     1     1    10     4    13    14     0     2   -58.0   46.755   96.280   2235.0    592.7
     1     1    10     4    13    13     0     1   -59.0   46.801   95.893   2204.1    600.3
     1     1    10     4    13    12     0     0   -60.0   46.810   95.546   2164.6    612.2
     1     1    10     4    13    11     0     1   -61.0   46.788   95.261   2117.8    625.6
     1     1    10     4    13    10     0     2   -62.0   46.747   95.033   2085.7    635.6
     1     1    10     4    13     9     0     3   -63.0   46.696   94.835   2073.2    636.6
     1     1    10     4    13     8     0     2   -64.0   46.653   94.625   2073.1    632.1
     1     1    10     4    13     7     0     1   -65.0   46.624   94.388   2073.9    627.7
     1     1    10     4    13     6     0     0   -66.0   46.605   94.126   2077.8    622.3
     1     1    10     4    13     5     0     1   -67.0   46.604   93.838   2094.2    616.9
     1     1    10     4    13     4     0     2   -68.0   46.636   93.522   2127.3    611.1
     1     1    10     4    13     3     0     3   -69.0   46.707   93.181   2173.3    604.1
     1     1    10     4    13     2     0     2   -70.0   46.813   92.792   2187.1    591.5
     1     1    10     4    13     1     0     1   -71.0   46.951   92.336   2095.9    574.9
     1     1    10     4    13     0     0     0   -72.0   47.124   91.828   1961.1    576.8
     1     1    10     4    12    23     0     1   -73.0   47.280   91.289   1912.2    582.2
     1     1    10     4    12    22     0     2   -74.0   47.411   90.678   1953.8    581.2
     1     1    10     4    12    21     0     3   -75.0   47.508   90.018   1981.4    591.8
     1     1    10     4    12    20     0     2   -76.0   47.515   89.442   1974.8    621.6
     1     1    10     4    12    19     0     1   -77.0   47.416   89.078   1943.6    656.0
     1     1    10     4    12    18     0     0   -78.0   47.246   88.921   1895.6    691.6
     1     1    10     4    12    17     0     1   -79.0   47.041   88.921   1822.2    724.8
     1     1    10     4    12    16     0     2   -80.0   46.829   88.970   1681.3    741.1
     1     1    10     4    12    15     0     3   -81.0   46.614   89.002   1497.4    758.6
     1     1    10     4    12    14     0     2   -82.0   46.385   89.056   1328.7    777.1
     1     1    10     4    12    13     0     1   -83.0   46.143   89.167   1229.4    784.6
     1     1    10     4    12    12     0     0   -84.0   45.892   89.363   1221.4    784.1
     1     1    10     4    12    11     0     1   -85.0   45.670   89.621   1291.9    769.8
     1     1    10     4    12    10     0     2   -86.0   45.495   89.869   1399.5    752.5
     1     1    10     4    12     9     0     3   -87.0   45.362   90.081   1532.0    735.4
     1     1    10     4    12     8     0     2   -88.0   45.268   90.243   1684.9    718.9
     1     1    10     4    12     7     0     1   -89.0   45.208   90.345   1857.7    702.3
     1     1    10     4    12     6     0     0   -90.0   45.185   90.392   2055.6    684.3
     1     1    10     4    12     5     0     1   -91.0   45.210   90.377   2268.9    664.6
     1     1    10     4    12     4     0     2   -92.0   45.298   90.299   2485.8    646.9
     1     1    10     4    12     3     0     3   -93.0   45.451   90.158   2711.6    629.7
     1     1    10     4    12     2     0     2   -94.0   45.665   89.948   2940.0    612.3
     1     1    10     4    12     1     0     1   -95.0   45.925   89.670   3134.6    599.8
     1     1    10     4    12     0     0     0   -96.0   46.222   89.339   3277.8    590.9
