     5     1
    GDAS    10     3     1     0     0
    GDAS    10     3     8     0     0
    GDAS    10     3    15     0     0
    GDAS    10     3    22     0     0
    GDAS    10     3    29     0     0
     1 BACKWARD OMEGA   
    10     3    17     6   39.977  116.381  5400.0
     1 PRESSURE
     1     1    10     3    17     6     0     0     0.0   39.977  116.381   5158.3    501.8
     1     1    10     3    17     5     0     1    -1.0   40.457  115.311   5102.7    446.0
     1     1    10     3    17     4     0     2    -2.0   40.965  114.222   5071.4    432.8
     1     1    10     3    17     3     0     3    -3.0   41.477  113.163   5035.1    426.9
     1     1    10     3    17     2     0     2    -4.0   42.022  112.136   5087.5    429.2
     1     1    10     3    17     1     0     1    -5.0   42.578  111.168   5187.0    439.4
     1     1    10     3    17     0     0     0    -6.0   43.160  110.257   5218.1    441.3
     1     1    10     3    16    23     0     1    -7.0   43.774  109.378   5232.8    450.2
     1     1    10     3    16    22     0     2    -8.0   44.378  108.517   5197.8    448.4
     1     1    10     3    16    21     0     3    -9.0   44.953  107.665   5178.9    443.8
     1     1    10     3    16    20     0     2   -10.0   45.511  106.830   5161.2    433.7
     1     1    10     3    16    19     0     1   -11.0   46.052  106.014   5165.6    424.0
     1     1    10     3    16    18     0     0   -12.0   46.565  105.236   5204.9    421.8
     1     1    10     3    16    17     0     1   -13.0   47.056  104.497   5191.0    417.6
     1     1    10     3    16    16     0     2   -14.0   47.534  103.787   5186.3    423.3
     1     1    10     3    16    15     0     3   -15.0   47.987  103.106   5198.3    423.5
     1     1    10     3    16    14     0     2   -16.0   48.423  102.444   5224.2    415.3
     1     1    10     3    16    13     0     1   -17.0   48.851  101.797   5212.8    417.6
     1     1    10     3    16    12     0     0   -18.0   49.257  101.166   5155.4    416.9
     1     1    10     3    16    11     0     1   -19.0   49.639  100.549   5084.7    412.8
     1     1    10     3    16    10     0     2   -20.0   50.001   99.941   5060.8    405.2
     1     1    10     3    16     9     0     3   -21.0   50.322   99.345   5077.9    400.5
     1     1    10     3    16     8     0     2   -22.0   50.610   98.774   5070.8    394.5
     1     1    10     3    16     7     0     1   -23.0   50.885   98.244   5066.0    395.9
     1     1    10     3    16     6     0     0   -24.0   51.157   97.771   5068.5    406.3
     1     1    10     3    16     5     0     1   -25.0   51.440   97.333   5073.5    419.0
     1     1    10     3    16     4     0     2   -26.0   51.755   96.909   5077.9    425.8
     1     1    10     3    16     3     0     3   -27.0   52.109   96.513   5086.5    424.3
     1     1    10     3    16     2     0     2   -28.0   52.462   96.115   5150.6    425.0
     1     1    10     3    16     1     0     1   -29.0   52.775   95.687   5218.7    428.5
     1     1    10     3    16     0     0     0   -30.0   53.061   95.247   5253.1    433.2
     1     1    10     3    15    23     0     1   -31.0   53.322   94.800   5258.5    437.3
     1     1    10     3    15    22     0     2   -32.0   53.557   94.335   5275.8    446.2
     1     1    10     3    15    21     0     3   -33.0   53.789   93.844   5318.8    460.1
     1     1    10     3    15    20     0     2   -34.0   54.011   93.338   5340.7    470.7
     1     1    10     3    15    19     0     1   -35.0   54.195   92.817   5280.3    476.1
     1     1    10     3    15    18     0     0   -36.0   54.355   92.258   5168.8    484.0
     1     1    10     3    15    17     0     1   -37.0   54.466   91.662   5048.4    495.1
     1     1    10     3    15    16     0     2   -38.0   54.509   91.050   4971.1    499.7
     1     1    10     3    15    15     0     3   -39.0   54.520   90.432   4876.4    494.2
     1     1    10     3    15    14     0     2   -40.0   54.507   89.819   4743.7    494.0
     1     1    10     3    15    13     0     1   -41.0   54.467   89.204   4593.9    496.3
     1     1    10     3    15    12     0     0   -42.0   54.414   88.544   4467.4    511.9
     1     1    10     3    15    11     0     1   -43.0   54.320   87.826   4319.6    540.6
     1     1    10     3    15    10     0     2   -44.0   54.141   87.070   4144.8    568.9
     1     1    10     3    15     9     0     3   -45.0   53.899   86.197   3921.6    578.2
     1     1    10     3    15     8     0     2   -46.0   53.607   85.317   3717.7    600.5
     1     1    10     3    15     7     0     1   -47.0   53.230   84.526   3519.5    621.4
     1     1    10     3    15     6     0     0   -48.0   52.768   83.772   3271.8    645.3
     1     1    10     3    15     5     0     1   -49.0   52.280   83.034   2983.4    669.0
     1     1    10     3    15     4     0     2   -50.0   51.799   82.385   2697.0    693.9
     1     1    10     3    15     3     0     3   -51.0   51.342   81.793   2508.7    705.7
     1     1    10     3    15     2     0     2   -52.0   50.908   81.218   2375.6    716.8
     1     1    10     3    15     1     0     1   -53.0   50.513   80.605   2197.4    731.9
     1     1    10     3    15     0     0     0   -54.0   50.215   79.846   1997.2    757.7
     1     1    10     3    14    23     0     1   -55.0   49.934   79.089   1738.8    772.1
     1     1    10     3    14    22     0     2   -56.0   49.567   78.320   1510.1    780.4
     1     1    10     3    14    21     0     3   -57.0   49.174   77.384   1474.9    756.8
     1     1    10     3    14    20     0     2   -58.0   48.709   76.453   1522.7    745.0
     1     1    10     3    14    19     0     1   -59.0   48.303   75.577   1483.1    760.4
     1     1    10     3    14    18     0     0   -60.0   47.944   74.724   1386.4    773.2
     1     1    10     3    14    17     0     1   -61.0   47.590   73.894   1234.2    799.0
     1     1    10     3    14    16     0     2   -62.0   47.263   73.036   1108.3    811.1
     1     1    10     3    14    15     0     3   -63.0   46.996   72.163    998.9    828.6
     1     1    10     3    14    14     0     2   -64.0   46.743   71.340    876.8    851.5
     1     1    10     3    14    13     0     1   -65.0   46.477   70.596    786.1    868.7
     1     1    10     3    14    12     0     0   -66.0   46.190   69.915    656.1    889.3
     1     1    10     3    14    11     0     1   -67.0   45.903   69.333    522.5    916.1
     1     1    10     3    14    10     0     2   -68.0   45.594   68.883    396.8    931.7
     1     1    10     3    14     9     0     3   -69.0   45.258   68.582    251.6    953.4
     1     1    10     3    14     8     0     2   -70.0   44.964   68.395    141.0    974.3
     1     1    10     3    14     7     0     1   -71.0   44.720   68.297     85.7    971.5
     1     1    10     3    14     6     0     0   -72.0   44.466   68.272     85.3    956.4
     1     1    10     3    14     5     0     1   -73.0   44.170   68.253    144.6    935.7
     1     1    10     3    14     4     0     2   -74.0   43.790   68.170    280.2    920.9
     1     1    10     3    14     3     0     3   -75.0   43.326   68.024    372.2    925.4
     1     1    10     3    14     2     0     2   -76.0   42.852   67.931    372.9    943.9
     1     1    10     3    14     1     0     1   -77.0   42.380   67.906    359.5    944.6
     1     1    10     3    14     0     0     0   -78.0   41.864   67.922    368.9    938.0
     1     1    10     3    13    23     0     1   -79.0   41.375   68.021    329.5    936.5
     1     1    10     3    13    22     0     2   -80.0   41.013   68.255    278.0    952.8
     1     1    10     3    13    21     0     3   -81.0   40.738   68.549    368.0    938.6
     1     1    10     3    13    20     0     2   -82.0   40.479   68.753    585.4    894.4
     1     1    10     3    13    19     0     1   -83.0   40.254   68.813    796.9    855.0
     1     1    10     3    13    18     0     0   -84.0   40.064   68.741   1000.3    828.6
     1     1    10     3    13    17     0     1   -85.0   39.899   68.525   1165.7    787.6
     1     1    10     3    13    16     0     2   -86.0   39.756   68.208   1271.1    754.5
     1     1    10     3    13    15     0     3   -87.0   39.631   67.841   1346.9    731.2
     1     1    10     3    13    14     0     2   -88.0   39.506   67.475   1406.5    722.0
     1     1    10     3    13    13     0     1   -89.0   39.372   67.140   1474.6    721.3
     1     1    10     3    13    12     0     0   -90.0   39.229   66.836   1563.2    726.4
     1     1    10     3    13    11     0     1   -91.0   39.087   66.556   1637.6    741.2
     1     1    10     3    13    10     0     2   -92.0   38.943   66.305   1657.5    767.0
     1     1    10     3    13     9     0     3   -93.0   38.786   66.084   1618.0    791.8
     1     1    10     3    13     8     0     2   -94.0   38.618   65.876   1539.6    805.0
     1     1    10     3    13     7     0     1   -95.0   38.441   65.661   1464.9    812.9
     1     1    10     3    13     6     0     0   -96.0   38.247   65.443   1410.4    822.1
