     5     1
    GDAS    10     3     1     0     0
    GDAS    10     3     8     0     0
    GDAS    10     3    15     0     0
    GDAS    10     3    22     0     0
    GDAS    10     3    29     0     0
     1 BACKWARD OMEGA   
    10     3    28    12   39.977  116.381  3800.0
     1 PRESSURE
     1     1    10     3    28    12     0     0     0.0   39.977  116.381   3563.9    637.3
     1     1    10     3    28    11     0     1    -1.0   40.218  116.141   3567.3    616.4
     1     1    10     3    28    10     0     2    -2.0   40.520  115.873   3612.9    587.4
     1     1    10     3    28     9     0     3    -3.0   40.906  115.554   3787.8    548.3
     1     1    10     3    28     8     0     2    -4.0   41.356  115.163   4006.1    511.5
     1     1    10     3    28     7     0     1    -5.0   41.827  114.729   4100.8    501.9
     1     1    10     3    28     6     0     0    -6.0   42.299  114.284   4132.8    507.5
     1     1    10     3    28     5     0     1    -7.0   42.751  113.838   4178.8    520.6
     1     1    10     3    28     4     0     2    -8.0   43.181  113.374   4221.0    523.2
     1     1    10     3    28     3     0     3    -9.0   43.608  112.889   4246.1    521.2
     1     1    10     3    28     2     0     2   -10.0   44.037  112.384   4271.4    520.1
     1     1    10     3    28     1     0     1   -11.0   44.465  111.857   4293.7    517.4
     1     1    10     3    28     0     0     0   -12.0   44.887  111.303   4311.2    518.1
     1     1    10     3    27    23     0     1   -13.0   45.296  110.734   4308.8    517.1
     1     1    10     3    27    22     0     2   -14.0   45.685  110.163   4325.5    513.5
     1     1    10     3    27    21     0     3   -15.0   46.063  109.584   4361.0    502.9
     1     1    10     3    27    20     0     2   -16.0   46.432  108.998   4389.8    492.0
     1     1    10     3    27    19     0     1   -17.0   46.792  108.414   4426.5    486.9
     1     1    10     3    27    18     0     0   -18.0   47.146  107.828   4458.9    476.9
     1     1    10     3    27    17     0     1   -19.0   47.504  107.244   4463.2    467.4
     1     1    10     3    27    16     0     2   -20.0   47.864  106.667   4483.1    470.8
     1     1    10     3    27    15     0     3   -21.0   48.207  106.099   4587.9    482.2
     1     1    10     3    27    14     0     2   -22.0   48.538  105.523   4733.4    481.5
     1     1    10     3    27    13     0     1   -23.0   48.866  104.934   4841.4    474.2
     1     1    10     3    27    12     0     0   -24.0   49.194  104.332   4828.0    464.7
     1     1    10     3    27    11     0     1   -25.0   49.528  103.684   4765.5    461.4
     1     1    10     3    27    10     0     2   -26.0   49.871  102.962   4716.4    459.1
     1     1    10     3    27     9     0     3   -27.0   50.214  102.165   4701.4    454.0
     1     1    10     3    27     8     0     2   -28.0   50.546  101.292   4732.0    439.7
     1     1    10     3    27     7     0     1   -29.0   50.846  100.354   4763.4    431.1
     1     1    10     3    27     6     0     0   -30.0   51.113   99.380   4708.2    422.6
     1     1    10     3    27     5     0     1   -31.0   51.343   98.383   4705.7    424.3
     1     1    10     3    27     4     0     2   -32.0   51.498   97.402   4811.8    439.3
     1     1    10     3    27     3     0     3   -33.0   51.586   96.465   4909.5    441.7
     1     1    10     3    27     2     0     2   -34.0   51.639   95.535   4995.9    437.7
     1     1    10     3    27     1     0     1   -35.0   51.662   94.600   5090.5    440.4
     1     1    10     3    27     0     0     0   -36.0   51.663   93.671   5128.5    444.7
     1     1    10     3    26    23     0     1   -37.0   51.665   92.716   5054.4    440.4
     1     1    10     3    26    22     0     2   -38.0   51.658   91.684   4922.9    437.5
     1     1    10     3    26    21     0     3   -39.0   51.628   90.551   4838.3    437.0
     1     1    10     3    26    20     0     2   -40.0   51.569   89.312   4810.2    429.7
     1     1    10     3    26    19     0     1   -41.0   51.451   88.046   4940.2    444.8
     1     1    10     3    26    18     0     0   -42.0   51.266   86.772   5050.9    440.7
     1     1    10     3    26    17     0     1   -43.0   51.056   85.478   4964.4    443.4
     1     1    10     3    26    16     0     2   -44.0   50.832   84.216   4708.3    467.4
     1     1    10     3    26    15     0     3   -45.0   50.534   83.006   4722.9    503.2
     1     1    10     3    26    14     0     2   -46.0   50.153   81.890   4731.3    530.6
     1     1    10     3    26    13     0     1   -47.0   49.769   80.835   4635.4    535.1
     1     1    10     3    26    12     0     0   -48.0   49.408   79.789   4604.4    531.4
     1     1    10     3    26    11     0     1   -49.0   49.052   78.746   4472.6    522.6
     1     1    10     3    26    10     0     2   -50.0   48.699   77.709   4272.0    533.6
     1     1    10     3    26     9     0     3   -51.0   48.351   76.696   4193.6    540.2
     1     1    10     3    26     8     0     2   -52.0   48.005   75.720   4196.6    547.6
     1     1    10     3    26     7     0     1   -53.0   47.660   74.750   4160.5    552.7
     1     1    10     3    26     6     0     0   -54.0   47.336   73.816   4100.7    562.1
     1     1    10     3    26     5     0     1   -55.0   47.023   72.912   4009.7    567.8
     1     1    10     3    26     4     0     2   -56.0   46.699   72.025   3942.5    577.9
     1     1    10     3    26     3     0     3   -57.0   46.386   71.175   3892.0    589.6
     1     1    10     3    26     2     0     2   -58.0   46.088   70.383   3843.4    599.7
     1     1    10     3    26     1     0     1   -59.0   45.790   69.654   3808.0    608.5
     1     1    10     3    26     0     0     0   -60.0   45.511   69.000   3777.4    615.9
     1     1    10     3    25    23     0     1   -61.0   45.255   68.413   3749.6    623.0
     1     1    10     3    25    22     0     2   -62.0   45.008   67.889   3738.0    630.3
     1     1    10     3    25    21     0     3   -63.0   44.758   67.430   3716.2    625.3
     1     1    10     3    25    20     0     2   -64.0   44.524   67.018   3697.9    629.6
     1     1    10     3    25    19     0     1   -65.0   44.322   66.628   3665.4    633.5
     1     1    10     3    25    18     0     0   -66.0   44.146   66.249   3626.3    638.1
     1     1    10     3    25    17     0     1   -67.0   43.975   65.880   3596.8    642.2
     1     1    10     3    25    16     0     2   -68.0   43.791   65.510   3580.8    643.0
     1     1    10     3    25    15     0     3   -69.0   43.596   65.146   3570.0    643.4
     1     1    10     3    25    14     0     2   -70.0   43.391   64.803   3560.4    642.6
     1     1    10     3    25    13     0     1   -71.0   43.178   64.493   3554.7    641.1
     1     1    10     3    25    12     0     0   -72.0   42.956   64.218   3559.3    638.8
     1     1    10     3    25    11     0     1   -73.0   42.735   63.990   3576.6    637.8
     1     1    10     3    25    10     0     2   -74.0   42.516   63.821   3603.3    638.3
     1     1    10     3    25     9     0     3   -75.0   42.290   63.705   3637.3    638.4
     1     1    10     3    25     8     0     2   -76.0   42.078   63.636   3675.5    637.1
     1     1    10     3    25     7     0     1   -77.0   41.908   63.608   3708.5    634.3
     1     1    10     3    25     6     0     0   -78.0   41.780   63.618   3736.9    630.8
     1     1    10     3    25     5     0     1   -79.0   41.686   63.653   3770.2    627.1
     1     1    10     3    25     4     0     2   -80.0   41.623   63.705   3812.1    622.2
     1     1    10     3    25     3     0     3   -81.0   41.592   63.775   3859.7    617.0
     1     1    10     3    25     2     0     2   -82.0   41.600   63.845   3924.7    612.1
     1     1    10     3    25     1     0     1   -83.0   41.650   63.887   4025.9    604.5
     1     1    10     3    25     0     0     0   -84.0   41.741   63.893   4172.2    594.3
     1     1    10     3    24    23     0     1   -85.0   41.879   63.853   4361.8    580.9
     1     1    10     3    24    22     0     2   -86.0   42.072   63.755   4578.9    565.8
     1     1    10     3    24    21     0     3   -87.0   42.313   63.585   4795.1    549.1
     1     1    10     3    24    20     0     2   -88.0   42.589   63.339   4988.2    534.5
     1     1    10     3    24    19     0     1   -89.0   42.890   63.028   5164.0    522.6
     1     1    10     3    24    18     0     0   -90.0   43.209   62.655   5358.3    511.7
     1     1    10     3    24    17     0     1   -91.0   43.529   62.215   5559.3    499.9
     1     1    10     3    24    16     0     2   -92.0   43.844   61.708   5737.4    488.6
     1     1    10     3    24    15     0     3   -93.0   44.162   61.133   5874.5    478.5
     1     1    10     3    24    14     0     2   -94.0   44.474   60.504   5985.6    472.5
     1     1    10     3    24    13     0     1   -95.0   44.775   59.832   6090.4    465.6
     1     1    10     3    24    12     0     0   -96.0   45.064   59.095   6177.9    458.5
