     7     1
    GDAS    10     3    22     0     0
    GDAS    10     4     8     0     0
    GDAS    10     4    15     0     0
    GDAS    10     4    22     0     0
    GDAS    10     4    29     0     0
    GDAS    10     4     1     0     0
    GDAS    10     3    29     0     0
     1 BACKWARD OMEGA   
    10     4     3     6   39.977  116.381  2000.0
     1 PRESSURE
     1     1    10     4     3     6     0     0     0.0   39.977  116.381   1764.3    793.3
     1     1    10     4     3     5     0     1    -1.0   39.679  115.957   1656.3    800.8
     1     1    10     4     3     4     0     2    -2.0   39.413  115.540   1584.0    802.0
     1     1    10     4     3     3     0     3    -3.0   39.158  115.122   1555.9    805.5
     1     1    10     4     3     2     0     2    -4.0   38.912  114.722   1540.4    797.1
     1     1    10     4     3     1     0     1    -5.0   38.696  114.304   1560.8    769.0
     1     1    10     4     3     0     0     0    -6.0   38.526  113.832   1623.3    740.4
     1     1    10     4     2    23     0     1    -7.0   38.381  113.319   1664.1    723.1
     1     1    10     4     2    22     0     2    -8.0   38.234  112.789   1632.0    713.3
     1     1    10     4     2    21     0     3    -9.0   38.089  112.260   1535.5    708.3
     1     1    10     4     2    20     0     2   -10.0   37.927  111.776   1433.7    719.6
     1     1    10     4     2    19     0     1   -11.0   37.733  111.359   1380.6    735.0
     1     1    10     4     2    18     0     0   -12.0   37.515  111.006   1345.9    741.5
     1     1    10     4     2    17     0     1   -13.0   37.281  110.717   1305.5    753.1
     1     1    10     4     2    16     0     2   -14.0   37.031  110.497   1271.1    764.2
     1     1    10     4     2    15     0     3   -15.0   36.778  110.334   1268.7    768.4
     1     1    10     4     2    14     0     2   -16.0   36.552  110.193   1288.5    764.6
     1     1    10     4     2    13     0     1   -17.0   36.370  110.053   1315.3    759.4
     1     1    10     4     2    12     0     0   -18.0   36.237  109.910   1343.7    751.6
     1     1    10     4     2    11     0     1   -19.0   36.134  109.771   1350.7    745.8
     1     1    10     4     2    10     0     2   -20.0   36.032  109.648   1319.1    745.9
     1     1    10     4     2     9     0     3   -21.0   35.918  109.554   1250.4    755.5
     1     1    10     4     2     8     0     2   -22.0   35.811  109.481   1174.4    770.3
     1     1    10     4     2     7     0     1   -23.0   35.728  109.412   1112.3    779.0
     1     1    10     4     2     6     0     0   -24.0   35.667  109.340   1059.6    785.1
     1     1    10     4     2     5     0     1   -25.0   35.626  109.261   1011.2    789.4
     1     1    10     4     2     4     0     2   -26.0   35.601  109.175    961.6    792.9
     1     1    10     4     2     3     0     3   -27.0   35.590  109.078    907.6    796.0
     1     1    10     4     2     2     0     2   -28.0   35.597  108.979    842.2    798.7
     1     1    10     4     2     1     0     1   -29.0   35.622  108.886    769.4    804.5
     1     1    10     4     2     0     0     0   -30.0   35.666  108.801    699.7    809.1
     1     1    10     4     1    23     0     1   -31.0   35.720  108.692    643.1    813.4
     1     1    10     4     1    22     0     2   -32.0   35.769  108.530    609.1    814.4
     1     1    10     4     1    21     0     3   -33.0   35.810  108.314    596.5    812.9
     1     1    10     4     1    20     0     2   -34.0   35.832  108.088    598.8    810.7
     1     1    10     4     1    19     0     1   -35.0   35.838  107.891    608.6    807.5
     1     1    10     4     1    18     0     0   -36.0   35.834  107.723    623.5    803.5
     1     1    10     4     1    17     0     1   -37.0   35.835  107.584    632.2    799.1
     1     1    10     4     1    16     0     2   -38.0   35.855  107.475    619.9    798.1
     1     1    10     4     1    15     0     3   -39.0   35.895  107.399    581.0    800.2
     1     1    10     4     1    14     0     2   -40.0   35.955  107.336    517.5    804.9
     1     1    10     4     1    13     0     1   -41.0   36.028  107.268    439.9    811.1
     1     1    10     4     1    12     0     0   -42.0   36.121  107.187    368.6    816.3
     1     1    10     4     1    11     0     1   -43.0   36.234  107.091    327.4    818.2
     1     1    10     4     1    10     0     2   -44.0   36.366  106.971    321.6    813.8
     1     1    10     4     1     9     0     3   -45.0   36.520  106.815    337.9    806.2
     1     1    10     4     1     8     0     2   -46.0   36.694  106.614    355.5    801.2
     1     1    10     4     1     7     0     1   -47.0   36.882  106.375    358.0    802.1
     1     1    10     4     1     6     0     0   -48.0   37.073  106.116    346.1    810.4
     1     1    10     4     1     5     0     1   -49.0   37.227  105.878    337.3    817.3
     1     1    10     4     1     4     0     2   -50.0   37.320  105.687    343.0    816.9
     1     1    10     4     1     3     0     3   -51.0   37.353  105.539    360.3    813.7
     1     1    10     4     1     2     0     2   -52.0   37.347  105.427    383.5    808.7
     1     1    10     4     1     1     0     1   -53.0   37.322  105.346    409.9    803.6
     1     1    10     4     1     0     0     0   -54.0   37.281  105.292    442.0    797.6
     1     1    10     3    31    23     0     1   -55.0   37.254  105.237    474.1    791.4
     1     1    10     3    31    22     0     2   -56.0   37.264  105.160    496.8    787.9
     1     1    10     3    31    21     0     3   -57.0   37.308  105.065    513.4    786.1
     1     1    10     3    31    20     0     2   -58.0   37.378  104.957    526.9    785.8
     1     1    10     3    31    19     0     1   -59.0   37.462  104.844    539.6    786.6
     1     1    10     3    31    18     0     0   -60.0   37.555  104.728    557.5    787.7
     1     1    10     3    31    17     0     1   -61.0   37.667  104.611    584.5    788.4
     1     1    10     3    31    16     0     2   -62.0   37.809  104.492    625.7    789.7
     1     1    10     3    31    15     0     3   -63.0   37.972  104.356    690.0    789.8
     1     1    10     3    31    14     0     2   -64.0   38.142  104.190    742.4    783.2
     1     1    10     3    31    13     0     1   -65.0   38.328  104.012    739.0    785.5
     1     1    10     3    31    12     0     0   -66.0   38.548  103.830    707.4    793.8
     1     1    10     3    31    11     0     1   -67.0   38.819  103.594    708.6    800.6
     1     1    10     3    31    10     0     2   -68.0   39.138  103.228    774.6    793.4
     1     1    10     3    31     9     0     3   -69.0   39.473  102.743    867.4    774.6
     1     1    10     3    31     8     0     2   -70.0   39.773  102.227    970.3    769.3
     1     1    10     3    31     7     0     1   -71.0   40.021  101.714   1096.3    767.4
     1     1    10     3    31     6     0     0   -72.0   40.239  101.191   1224.3    756.4
     1     1    10     3    31     5     0     1   -73.0   40.446  100.673   1316.1    749.2
     1     1    10     3    31     4     0     2   -74.0   40.664  100.182   1377.3    743.9
     1     1    10     3    31     3     0     3   -75.0   40.908   99.704   1434.2    734.6
     1     1    10     3    31     2     0     2   -76.0   41.166   99.201   1506.4    718.0
     1     1    10     3    31     1     0     1   -77.0   41.427   98.673   1577.2    704.2
     1     1    10     3    31     0     0     0   -78.0   41.711   98.181   1624.3    695.2
     1     1    10     3    30    23     0     1   -79.0   42.022   97.686   1646.0    679.4
     1     1    10     3    30    22     0     2   -80.0   42.308   97.142   1670.1    671.0
     1     1    10     3    30    21     0     3   -81.0   42.524   96.594   1725.2    670.8
     1     1    10     3    30    20     0     2   -82.0   42.691   96.101   1770.2    678.8
     1     1    10     3    30    19     0     1   -83.0   42.833   95.682   1684.6    678.1
     1     1    10     3    30    18     0     0   -84.0   42.951   95.330   1437.0    683.5
     1     1    10     3    30    17     0     1   -85.0   43.101   94.980   1224.5    706.8
     1     1    10     3    30    16     0     2   -86.0   43.290   94.572   1183.3    729.5
     1     1    10     3    30    15     0     3   -87.0   43.516   94.090   1239.5    727.0
     1     1    10     3    30    14     0     2   -88.0   43.800   93.584   1297.1    728.1
     1     1    10     3    30    13     0     1   -89.0   44.090   93.098   1232.1    693.8
     1     1    10     3    30    12     0     0   -90.0   44.358   92.603   1110.3    723.0
     1     1    10     3    30    11     0     1   -91.0   44.627   92.149    996.2    754.6
     1     1    10     3    30    10     0     2   -92.0   44.864   91.753    910.8    777.1
     1     1    10     3    30     9     0     3   -93.0   45.034   91.356    814.0    787.9
     1     1    10     3    30     8     0     2   -94.0   45.170   90.945    729.4    801.8
     1     1    10     3    30     7     0     1   -95.0   45.312   90.572    701.7    812.2
     1     1    10     3    30     6     0     0   -96.0   45.463   90.273    711.9    813.3
