     7     1
    GDAS    10     3    22     0     0
    GDAS    10     4     8     0     0
    GDAS    10     4    15     0     0
    GDAS    10     4    22     0     0
    GDAS    10     4    29     0     0
    GDAS    10     4     1     0     0
    GDAS    10     3    29     0     0
     1 BACKWARD OMEGA   
    10     4    28     6   39.977  116.381  1400.0
     1 PRESSURE
     1     1    10     4    28     6     0     0     0.0   39.977  116.381   1162.8    853.4
     1     1    10     4    28     5     0     1    -1.0   40.361  116.031   1479.6    785.4
     1     1    10     4    28     4     0     2    -2.0   40.814  115.774   1754.9    701.7
     1     1    10     4    28     3     0     3    -3.0   41.282  115.592   1930.5    668.1
     1     1    10     4    28     2     0     2    -4.0   41.760  115.462   2077.1    654.3
     1     1    10     4    28     1     0     1    -5.0   42.237  115.380   2249.2    639.6
     1     1    10     4    28     0     0     0    -6.0   42.695  115.331   2405.8    629.8
     1     1    10     4    27    23     0     1    -7.0   43.143  115.319   2495.1    626.8
     1     1    10     4    27    22     0     2    -8.0   43.590  115.344   2539.4    628.3
     1     1    10     4    27    21     0     3    -9.0   44.040  115.400   2584.7    628.2
     1     1    10     4    27    20     0     2   -10.0   44.470  115.488   2630.3    624.7
     1     1    10     4    27    19     0     1   -11.0   44.860  115.609   2680.5    624.6
     1     1    10     4    27    18     0     0   -12.0   45.215  115.761   2749.6    625.7
     1     1    10     4    27    17     0     1   -13.0   45.535  115.942   2820.7    622.6
     1     1    10     4    27    16     0     2   -14.0   45.815  116.152   2865.4    619.4
     1     1    10     4    27    15     0     3   -15.0   46.044  116.404   2890.2    617.6
     1     1    10     4    27    14     0     2   -16.0   46.224  116.691   2923.6    619.7
     1     1    10     4    27    13     0     1   -17.0   46.372  116.992   2970.5    617.8
     1     1    10     4    27    12     0     0   -18.0   46.494  117.300   3010.3    615.8
     1     1    10     4    27    11     0     1   -19.0   46.574  117.590   3053.6    613.9
     1     1    10     4    27    10     0     2   -20.0   46.600  117.839   3120.6    607.1
     1     1    10     4    27     9     0     3   -21.0   46.579  118.045   3209.4    597.6
     1     1    10     4    27     8     0     2   -22.0   46.507  118.232   3309.0    586.1
     1     1    10     4    27     7     0     1   -23.0   46.382  118.424   3399.3    575.4
     1     1    10     4    27     6     0     0   -24.0   46.215  118.607   3459.1    567.0
     1     1    10     4    27     5     0     1   -25.0   46.026  118.772   3445.8    563.4
     1     1    10     4    27     4     0     2   -26.0   45.829  118.903   3348.2    570.7
     1     1    10     4    27     3     0     3   -27.0   45.619  118.996   3189.4    582.2
     1     1    10     4    27     2     0     2   -28.0   45.388  119.061   3024.2    598.7
     1     1    10     4    27     1     0     1   -29.0   45.119  119.097   2900.2    607.9
     1     1    10     4    27     0     0     0   -30.0   44.806  119.095   2821.7    616.9
     1     1    10     4    26    23     0     1   -31.0   44.492  119.068   2749.0    624.9
     1     1    10     4    26    22     0     2   -32.0   44.204  119.040   2656.0    638.4
     1     1    10     4    26    21     0     3   -33.0   43.925  119.027   2568.1    650.8
     1     1    10     4    26    20     0     2   -34.0   43.647  119.028   2483.1    661.4
     1     1    10     4    26    19     0     1   -35.0   43.378  119.024   2391.5    674.1
     1     1    10     4    26    18     0     0   -36.0   43.124  118.995   2305.2    685.7
     1     1    10     4    26    17     0     1   -37.0   42.885  118.952   2238.0    692.6
     1     1    10     4    26    16     0     2   -38.0   42.659  118.931   2206.3    694.2
     1     1    10     4    26    15     0     3   -39.0   42.442  118.934   2221.9    692.6
     1     1    10     4    26    14     0     2   -40.0   42.233  118.916   2227.8    685.7
     1     1    10     4    26    13     0     1   -41.0   42.044  118.818   2152.6    688.5
     1     1    10     4    26    12     0     0   -42.0   41.890  118.647   2016.2    699.3
     1     1    10     4    26    11     0     1   -43.0   41.746  118.467   1825.4    714.0
     1     1    10     4    26    10     0     2   -44.0   41.569  118.311   1581.1    740.5
     1     1    10     4    26     9     0     3   -45.0   41.329  118.123   1317.6    774.6
     1     1    10     4    26     8     0     2   -46.0   41.069  117.898   1129.2    813.7
     1     1    10     4    26     7     0     1   -47.0   40.843  117.719   1025.3    831.4
     1     1    10     4    26     6     0     0   -48.0   40.623  117.616    932.4    851.8
     1     1    10     4    26     5     0     1   -49.0   40.439  117.539    862.5    876.1
     1     1    10     4    26     4     0     2   -50.0   40.337  117.450    839.5    885.7
     1     1    10     4    26     3     0     3   -51.0   40.311  117.359    854.7    886.6
     1     1    10     4    26     2     0     2   -52.0   40.356  117.258    898.9    879.1
     1     1    10     4    26     1     0     1   -53.0   40.468  117.130    962.2    864.7
     1     1    10     4    26     0     0     0   -54.0   40.648  116.965   1044.6    842.2
     1     1    10     4    25    23     0     1   -55.0   40.906  116.747   1149.3    802.0
     1     1    10     4    25    22     0     2   -56.0   41.232  116.456   1316.4    757.8
     1     1    10     4    25    21     0     3   -57.0   41.595  116.093   1616.4    708.0
     1     1    10     4    25    20     0     2   -58.0   41.937  115.641   1961.5    656.1
     1     1    10     4    25    19     0     1   -59.0   42.225  115.105   2217.1    638.8
     1     1    10     4    25    18     0     0   -60.0   42.495  114.497   2378.2    632.5
     1     1    10     4    25    17     0     1   -61.0   42.723  113.868   2480.8    639.8
     1     1    10     4    25    16     0     2   -62.0   42.901  113.251   2622.8    638.2
     1     1    10     4    25    15     0     3   -63.0   43.058  112.628   2829.0    619.7
     1     1    10     4    25    14     0     2   -64.0   43.187  112.008   2982.8    602.8
     1     1    10     4    25    13     0     1   -65.0   43.287  111.419   3039.3    600.5
     1     1    10     4    25    12     0     0   -66.0   43.387  110.855   3036.0    601.5
     1     1    10     4    25    11     0     1   -67.0   43.504  110.326   3024.8    607.8
     1     1    10     4    25    10     0     2   -68.0   43.648  109.828   3055.8    609.4
     1     1    10     4    25     9     0     3   -69.0   43.831  109.339   3125.4    608.0
     1     1    10     4    25     8     0     2   -70.0   44.047  108.852   3219.4    602.1
     1     1    10     4    25     7     0     1   -71.0   44.281  108.344   3327.4    584.7
     1     1    10     4    25     6     0     0   -72.0   44.540  107.762   3488.2    565.9
     1     1    10     4    25     5     0     1   -73.0   44.810  107.083   3643.0    545.8
     1     1    10     4    25     4     0     2   -74.0   45.077  106.366   3712.2    533.1
     1     1    10     4    25     3     0     3   -75.0   45.349  105.651   3751.1    527.5
     1     1    10     4    25     2     0     2   -76.0   45.626  104.934   3776.5    517.9
     1     1    10     4    25     1     0     1   -77.0   45.915  104.220   3757.8    518.4
     1     1    10     4    25     0     0     0   -78.0   46.214  103.492   3702.8    511.0
     1     1    10     4    24    23     0     1   -79.0   46.513  102.802   3641.1    503.7
     1     1    10     4    24    22     0     2   -80.0   46.806  102.151   3583.7    492.6
     1     1    10     4    24    21     0     3   -81.0   47.098  101.556   3525.5    480.2
     1     1    10     4    24    20     0     2   -82.0   47.379  101.059   3485.2    478.0
     1     1    10     4    24    19     0     1   -83.0   47.651  100.658   3445.5    485.1
     1     1    10     4    24    18     0     0   -84.0   47.879  100.321   3390.3    494.6
     1     1    10     4    24    17     0     1   -85.0   48.076  100.028   3379.5    496.0
     1     1    10     4    24    16     0     2   -86.0   48.272   99.763   3405.0    491.3
     1     1    10     4    24    15     0     3   -87.0   48.452   99.503   3434.8    489.7
     1     1    10     4    24    14     0     2   -88.0   48.628   99.237   3449.8    488.3
     1     1    10     4    24    13     0     1   -89.0   48.794   98.947   3427.9    491.8
     1     1    10     4    24    12     0     0   -90.0   48.945   98.642   3379.3    501.8
     1     1    10     4    24    11     0     1   -91.0   49.125   98.368   3334.8    510.3
     1     1    10     4    24    10     0     2   -92.0   49.342   98.142   3344.2    508.0
     1     1    10     4    24     9     0     3   -93.0   49.580   97.933   3411.1    498.9
     1     1    10     4    24     8     0     2   -94.0   49.870   97.742   3495.8    486.6
     1     1    10     4    24     7     0     1   -95.0   50.210   97.567   3575.3    484.9
     1     1    10     4    24     6     0     0   -96.0   50.540   97.392   3632.6    493.7
