     7     1
    GDAS    10     3    22     0     0
    GDAS    10     4     8     0     0
    GDAS    10     4    15     0     0
    GDAS    10     4    22     0     0
    GDAS    10     4    29     0     0
    GDAS    10     4     1     0     0
    GDAS    10     3    29     0     0
     1 BACKWARD OMEGA   
    10     4    24     6   39.977  116.381  9000.0
     1 PRESSURE
     1     1    10     4    24     6     0     0     0.0   39.977  116.381   8757.9    309.0
     1     1    10     4    24     5     0     1    -1.0   40.230  115.089   8451.2    279.6
     1     1    10     4    24     4     0     2    -2.0   40.462  113.723   8389.8    277.7
     1     1    10     4    24     3     0     3    -3.0   40.650  112.328   8291.9    272.9
     1     1    10     4    24     2     0     2    -4.0   40.799  110.905   8284.7    271.6
     1     1    10     4    24     1     0     1    -5.0   40.936  109.502   8308.9    278.9
     1     1    10     4    24     0     0     0    -6.0   41.051  108.152   8375.2    292.8
     1     1    10     4    23    23     0     1    -7.0   41.145  106.777   8274.8    281.0
     1     1    10     4    23    22     0     2    -8.0   41.201  105.396   8314.2    285.2
     1     1    10     4    23    21     0     3    -9.0   41.215  104.054   8352.7    283.2
     1     1    10     4    23    20     0     2   -10.0   41.217  102.713   8379.1    282.3
     1     1    10     4    23    19     0     1   -11.0   41.180  101.427   8379.9    290.4
     1     1    10     4    23    18     0     0   -12.0   41.096  100.175   8335.9    289.1
     1     1    10     4    23    17     0     1   -13.0   41.019   98.894   8173.8    281.6
     1     1    10     4    23    16     0     2   -14.0   40.975   97.646   8035.2    282.5
     1     1    10     4    23    15     0     3   -15.0   40.927   96.450   7897.5    281.4
     1     1    10     4    23    14     0     2   -16.0   40.896   95.335   7893.5    287.3
     1     1    10     4    23    13     0     1   -17.0   40.924   94.292   7928.9    296.7
     1     1    10     4    23    12     0     0   -18.0   41.017   93.349   7923.9    302.4
     1     1    10     4    23    11     0     1   -19.0   41.139   92.462   7968.6    307.7
     1     1    10     4    23    10     0     2   -20.0   41.256   91.609   7997.3    313.4
     1     1    10     4    23     9     0     3   -21.0   41.373   90.819   7987.0    314.1
     1     1    10     4    23     8     0     2   -22.0   41.499   90.100   7953.1    312.1
     1     1    10     4    23     7     0     1   -23.0   41.639   89.474   7963.1    311.7
     1     1    10     4    23     6     0     0   -24.0   41.800   88.979   8010.5    309.2
     1     1    10     4    23     5     0     1   -25.0   41.973   88.573   8078.8    302.4
     1     1    10     4    23     4     0     2   -26.0   42.150   88.158   8147.1    295.1
     1     1    10     4    23     3     0     3   -27.0   42.339   87.736   8122.9    286.5
     1     1    10     4    23     2     0     2   -28.0   42.536   87.322   7932.7    273.3
     1     1    10     4    23     1     0     1   -29.0   42.720   86.890   7657.3    254.6
     1     1    10     4    23     0     0     0   -30.0   42.897   86.451   7519.8    242.9
     1     1    10     4    22    23     0     1   -31.0   43.080   85.995   7528.3    239.8
     1     1    10     4    22    22     0     2   -32.0   43.277   85.531   7703.4    250.0
     1     1    10     4    22    21     0     3   -33.0   43.478   85.119   7779.1    256.7
     1     1    10     4    22    20     0     2   -34.0   43.689   84.798   7789.5    260.0
     1     1    10     4    22    19     0     1   -35.0   43.917   84.597   7788.9    261.6
     1     1    10     4    22    18     0     0   -36.0   44.158   84.469   7924.5    269.0
     1     1    10     4    22    17     0     1   -37.0   44.420   84.307   8187.8    279.3
     1     1    10     4    22    16     0     2   -38.0   44.721   84.151   8573.1    290.8
     1     1    10     4    22    15     0     3   -39.0   45.076   84.160   9006.4    295.9
     1     1    10     4    22    14     0     2   -40.0   45.447   84.176   9061.7    275.7
     1     1    10     4    22    13     0     1   -41.0   45.804   84.092   9007.0    263.5
     1     1    10     4    22    12     0     0   -42.0   46.154   84.005   8943.4    256.7
     1     1    10     4    22    11     0     1   -43.0   46.499   83.912   8958.7    256.7
     1     1    10     4    22    10     0     2   -44.0   46.851   83.828   8970.5    256.2
     1     1    10     4    22     9     0     3   -45.0   47.221   83.806   9081.1    260.5
     1     1    10     4    22     8     0     2   -46.0   47.623   83.791   9304.1    267.6
     1     1    10     4    22     7     0     1   -47.0   48.069   83.774   9547.8    270.6
     1     1    10     4    22     6     0     0   -48.0   48.573   83.725   9580.7    260.4
     1     1    10     4    22     5     0     1   -49.0   49.147   83.547   9573.9    252.8
     1     1    10     4    22     4     0     2   -50.0   49.787   83.235   9645.3    250.3
     1     1    10     4    22     3     0     3   -51.0   50.502   82.807   9756.7    248.9
     1     1    10     4    22     2     0     2   -52.0   51.280   82.181   9942.5    250.8
     1     1    10     4    22     1     0     1   -53.0   52.184   81.324  10102.3    251.6
     1     1    10     4    22     0     0     0   -54.0   53.183   80.242  10159.6    251.4
     1     1    10     4    21    23     0     1   -55.0   54.144   78.816  10141.2    252.8
     1     1    10     4    21    22     0     2   -56.0   55.059   77.168  10057.3    257.1
     1     1    10     4    21    21     0     3   -57.0   56.028   75.359   9950.0    259.8
     1     1    10     4    21    20     0     2   -58.0   57.020   73.226   9986.3    258.7
     1     1    10     4    21    19     0     1   -59.0   58.015   70.810  10056.1    254.7
     1     1    10     4    21    18     0     0   -60.0   58.987   68.092  10097.0    253.6
     1     1    10     4    21    17     0     1   -61.0   59.869   65.023  10097.6    252.7
     1     1    10     4    21    16     0     2   -62.0   60.600   61.671  10144.6    248.2
