     5     1
    GDAS    10     3     1     0     0
    GDAS    10     3     8     0     0
    GDAS    10     3    15     0     0
    GDAS    10     3    22     0     0
    GDAS    10     3    29     0     0
     1 BACKWARD OMEGA   
    10     3    28    18   39.977  116.381  4200.0
     1 PRESSURE
     1     1    10     3    28    18     0     0     0.0   39.977  116.381   3963.5    605.8
     1     1    10     3    28    17     0     1    -1.0   40.042  115.995   3985.8    590.3
     1     1    10     3    28    16     0     2    -2.0   40.147  115.623   3970.4    563.9
     1     1    10     3    28    15     0     3    -3.0   40.302  115.240   3947.2    540.5
     1     1    10     3    28    14     0     2    -4.0   40.496  114.842   3937.7    528.2
     1     1    10     3    28    13     0     1    -5.0   40.719  114.441   3960.9    525.7
     1     1    10     3    28    12     0     0    -6.0   40.965  114.030   4035.3    519.7
     1     1    10     3    28    11     0     1    -7.0   41.236  113.586   4129.1    501.7
     1     1    10     3    28    10     0     2    -8.0   41.517  113.103   4195.8    493.4
     1     1    10     3    28     9     0     3    -9.0   41.791  112.581   4241.4    493.2
     1     1    10     3    28     8     0     2   -10.0   42.059  112.050   4254.2    496.1
     1     1    10     3    28     7     0     1   -11.0   42.318  111.557   4272.0    506.8
     1     1    10     3    28     6     0     0   -12.0   42.559  111.099   4296.6    512.2
     1     1    10     3    28     5     0     1   -13.0   42.800  110.647   4308.7    512.4
     1     1    10     3    28     4     0     2   -14.0   43.062  110.181   4316.6    513.0
     1     1    10     3    28     3     0     3   -15.0   43.344  109.706   4332.3    514.8
     1     1    10     3    28     2     0     2   -16.0   43.631  109.215   4362.0    518.9
     1     1    10     3    28     1     0     1   -17.0   43.916  108.698   4403.6    519.3
     1     1    10     3    28     0     0     0   -18.0   44.209  108.149   4421.2    510.3
     1     1    10     3    27    23     0     1   -19.0   44.502  107.574   4436.4    502.9
     1     1    10     3    27    22     0     2   -20.0   44.781  106.995   4460.5    499.0
     1     1    10     3    27    21     0     3   -21.0   45.052  106.423   4469.3    492.9
     1     1    10     3    27    20     0     2   -22.0   45.320  105.852   4468.2    487.1
     1     1    10     3    27    19     0     1   -23.0   45.583  105.275   4485.5    482.6
     1     1    10     3    27    18     0     0   -24.0   45.838  104.686   4517.5    478.2
     1     1    10     3    27    17     0     1   -25.0   46.093  104.080   4588.0    471.8
     1     1    10     3    27    16     0     2   -26.0   46.354  103.443   4658.9    456.2
     1     1    10     3    27    15     0     3   -27.0   46.618  102.757   4716.8    440.9
     1     1    10     3    27    14     0     2   -28.0   46.878  102.024   4689.0    425.8
     1     1    10     3    27    13     0     1   -29.0   47.129  101.253   4582.4    414.8
     1     1    10     3    27    12     0     0   -30.0   47.360  100.434   4555.6    414.0
     1     1    10     3    27    11     0     1   -31.0   47.565   99.579   4587.2    411.0
     1     1    10     3    27    10     0     2   -32.0   47.744   98.706   4636.7    402.6
     1     1    10     3    27     9     0     3   -33.0   47.897   97.816   4730.6    398.0
     1     1    10     3    27     8     0     2   -34.0   48.026   96.912   4842.9    400.0
     1     1    10     3    27     7     0     1   -35.0   48.147   96.008   4982.2    413.6
     1     1    10     3    27     6     0     0   -36.0   48.250   95.117   5035.9    420.3
     1     1    10     3    27     5     0     1   -37.0   48.319   94.237   5094.4    437.6
     1     1    10     3    27     4     0     2   -38.0   48.373   93.347   5159.5    444.8
     1     1    10     3    27     3     0     3   -39.0   48.401   92.398   5133.1    437.4
     1     1    10     3    27     2     0     2   -40.0   48.399   91.355   4946.2    418.0
     1     1    10     3    27     1     0     1   -41.0   48.367   90.196   4759.9    397.3
     1     1    10     3    27     0     0     0   -42.0   48.261   88.969   4702.6    403.8
     1     1    10     3    26    23     0     1   -43.0   48.069   87.762   4809.5    447.2
     1     1    10     3    26    22     0     2   -44.0   47.826   86.714   4867.8    492.7
     1     1    10     3    26    21     0     3   -45.0   47.573   85.810   4736.4    489.3
     1     1    10     3    26    20     0     2   -46.0   47.322   84.944   4571.3    475.8
     1     1    10     3    26    19     0     1   -47.0   47.077   84.118   4426.6    486.5
     1     1    10     3    26    18     0     0   -48.0   46.847   83.385   4270.5    502.8
     1     1    10     3    26    17     0     1   -49.0   46.621   82.687   4262.9    519.5
     1     1    10     3    26    16     0     2   -50.0   46.390   81.979   4341.5    532.4
     1     1    10     3    26    15     0     3   -51.0   46.164   81.287   4324.8    533.5
     1     1    10     3    26    14     0     2   -52.0   45.967   80.622   4198.8    547.0
     1     1    10     3    26    13     0     1   -53.0   45.806   79.940   3992.1    549.6
     1     1    10     3    26    12     0     0   -54.0   45.652   79.221   3814.3    560.7
     1     1    10     3    26    11     0     1   -55.0   45.460   78.511   3736.2    583.7
     1     1    10     3    26    10     0     2   -56.0   45.221   77.857   3760.0    605.4
     1     1    10     3    26     9     0     3   -57.0   44.971   77.248   3770.1    605.6
     1     1    10     3    26     8     0     2   -58.0   44.723   76.631   3728.7    604.7
     1     1    10     3    26     7     0     1   -59.0   44.470   76.032   3572.9    610.5
     1     1    10     3    26     6     0     0   -60.0   44.217   75.476   3359.2    618.9
     1     1    10     3    26     5     0     1   -61.0   43.969   74.980   3161.6    619.6
     1     1    10     3    26     4     0     2   -62.0   43.741   74.563   3024.4    635.2
     1     1    10     3    26     3     0     3   -63.0   43.553   74.216   2904.5    650.3
     1     1    10     3    26     2     0     2   -64.0   43.398   73.918   2807.7    668.0
     1     1    10     3    26     1     0     1   -65.0   43.238   73.649   2757.2    668.2
     1     1    10     3    26     0     0     0   -66.0   43.061   73.391   2735.9    661.7
     1     1    10     3    25    23     0     1   -67.0   42.875   73.142   2669.7    640.9
     1     1    10     3    25    22     0     2   -68.0   42.691   72.918   2561.8    626.9
     1     1    10     3    25    21     0     3   -69.0   42.507   72.724   2432.8    614.8
     1     1    10     3    25    20     0     2   -70.0   42.313   72.545   2283.5    600.4
     1     1    10     3    25    19     0     1   -71.0   42.092   72.374   2094.5    580.3
     1     1    10     3    25    18     0     0   -72.0   41.849   72.243   1915.1    604.4
     1     1    10     3    25    17     0     1   -73.0   41.635   72.200   1803.9    655.0
     1     1    10     3    25    16     0     2   -74.0   41.476   72.231   1759.7    684.6
     1     1    10     3    25    15     0     3   -75.0   41.363   72.309   1763.9    699.7
     1     1    10     3    25    14     0     2   -76.0   41.283   72.404   1806.7    704.3
     1     1    10     3    25    13     0     1   -77.0   41.225   72.489   1885.2    701.4
     1     1    10     3    25    12     0     0   -78.0   41.186   72.550   1995.1    693.9
     1     1    10     3    25    11     0     1   -79.0   41.151   72.576   2100.8    685.6
     1     1    10     3    25    10     0     2   -80.0   41.114   72.576   2173.2    685.0
     1     1    10     3    25     9     0     3   -81.0   41.075   72.561   2215.2    688.2
     1     1    10     3    25     8     0     2   -82.0   41.032   72.533   2242.7    695.2
     1     1    10     3    25     7     0     1   -83.0   40.976   72.484   2263.8    698.1
     1     1    10     3    25     6     0     0   -84.0   40.904   72.400   2279.8    692.1
     1     1    10     3    25     5     0     1   -85.0   40.828   72.289   2312.3    685.1
     1     1    10     3    25     4     0     2   -86.0   40.762   72.164   2357.3    678.0
     1     1    10     3    25     3     0     3   -87.0   40.708   72.029   2402.1    673.3
     1     1    10     3    25     2     0     2   -88.0   40.668   71.864   2416.4    661.0
     1     1    10     3    25     1     0     1   -89.0   40.641   71.649   2392.9    651.0
     1     1    10     3    25     0     0     0   -90.0   40.625   71.384   2328.9    645.5
     1     1    10     3    24    23     0     1   -91.0   40.596   71.077   2227.5    642.6
     1     1    10     3    24    22     0     2   -92.0   40.532   70.738   2142.2    649.1
     1     1    10     3    24    21     0     3   -93.0   40.431   70.369   2120.5    653.8
     1     1    10     3    24    20     0     2   -94.0   40.293   69.985   2167.8    658.4
     1     1    10     3    24    19     0     1   -95.0   40.122   69.629   2256.8    673.0
     1     1    10     3    24    18     0     0   -96.0   39.913   69.310   2301.8    671.0
