     5     1
    GDAS    10     3     1     0     0
    GDAS    10     3     8     0     0
    GDAS    10     3    15     0     0
    GDAS    10     3    22     0     0
    GDAS    10     3    29     0     0
     1 BACKWARD OMEGA   
    10     3    16     6   39.977  116.381 10000.0
     1 PRESSURE
     1     1    10     3    16     6     0     0     0.0   39.977  116.381   9750.4    255.2
     1     1    10     3    16     5     0     1    -1.0   40.504  114.190   9437.2    227.6
     1     1    10     3    16     4     0     2    -2.0   40.994  112.183   9340.4    219.8
     1     1    10     3    16     3     0     3    -3.0   41.503  110.235   9387.8    223.1
     1     1    10     3    16     2     0     2    -4.0   42.002  108.318   9428.0    224.2
     1     1    10     3    16     1     0     1    -5.0   42.487  106.427   9544.9    230.7
     1     1    10     3    16     0     0     0    -6.0   42.968  104.600   9351.9    222.2
     1     1    10     3    15    23     0     1    -7.0   43.418  102.809   9401.6    224.6
     1     1    10     3    15    22     0     2    -8.0   43.772  100.986   9421.1    233.5
     1     1    10     3    15    21     0     3    -9.0   44.004   99.095   9310.0    233.7
     1     1    10     3    15    20     0     2   -10.0   44.176   97.283   9170.5    239.2
     1     1    10     3    15    19     0     1   -11.0   44.312   95.452   9192.8    249.4
     1     1    10     3    15    18     0     0   -12.0   44.350   93.547   9038.7    242.9
     1     1    10     3    15    17     0     1   -13.0   44.360   91.813   9007.0    239.9
     1     1    10     3    15    16     0     2   -14.0   44.295   90.068   9296.6    250.1
     1     1    10     3    15    15     0     3   -15.0   44.194   88.274   9442.0    233.3
     1     1    10     3    15    14     0     2   -16.0   44.132   86.576   9591.9    245.4
     1     1    10     3    15    13     0     1   -17.0   44.126   84.984   9162.2    222.4
     1     1    10     3    15    12     0     0   -18.0   44.159   83.542   9143.8    214.1
     1     1    10     3    15    11     0     1   -19.0   44.211   82.008   9517.0    227.6
     1     1    10     3    15    10     0     2   -20.0   44.236   80.340   9585.2    240.9
     1     1    10     3    15     9     0     3   -21.0   44.272   78.569   9692.0    241.3
     1     1    10     3    15     8     0     2   -22.0   44.327   76.754   9896.0    249.2
     1     1    10     3    15     7     0     1   -23.0   44.393   74.972   9818.7    244.0
     1     1    10     3    15     6     0     0   -24.0   44.466   73.253   9944.4    246.7
     1     1    10     3    15     5     0     1   -25.0   44.528   71.532  10052.5    248.5
     1     1    10     3    15     4     0     2   -26.0   44.642   69.803  10118.1    248.0
     1     1    10     3    15     3     0     3   -27.0   44.799   68.053  10146.5    247.9
