     5     1
    GDAS    10     3     1     0     0
    GDAS    10     3     8     0     0
    GDAS    10     3    15     0     0
    GDAS    10     3    22     0     0
    GDAS    10     3    29     0     0
     1 BACKWARD OMEGA   
    10     3    17     6   39.977  116.381  6600.0
     1 PRESSURE
     1     1    10     3    17     6     0     0     0.0   39.977  116.381   6358.1    423.1
     1     1    10     3    17     5     0     1    -1.0   40.443  115.266   6191.9    380.3
     1     1    10     3    17     4     0     2    -2.0   40.937  114.196   6156.3    369.6
     1     1    10     3    17     3     0     3    -3.0   41.453  113.171   6107.4    364.7
     1     1    10     3    17     2     0     2    -4.0   42.007  112.161   6195.6    364.8
     1     1    10     3    17     1     0     1    -5.0   42.578  111.177   6350.5    370.5
     1     1    10     3    17     0     0     0    -6.0   43.187  110.234   6385.5    372.4
     1     1    10     3    16    23     0     1    -7.0   43.836  109.315   6396.9    381.1
     1     1    10     3    16    22     0     2    -8.0   44.453  108.424   6328.7    379.6
     1     1    10     3    16    21     0     3    -9.0   45.028  107.576   6306.2    376.3
     1     1    10     3    16    20     0     2   -10.0   45.583  106.740   6275.7    367.0
     1     1    10     3    16    19     0     1   -11.0   46.109  105.908   6280.6    360.0
     1     1    10     3    16    18     0     0   -12.0   46.614  105.108   6322.0    358.0
     1     1    10     3    16    17     0     1   -13.0   47.101  104.349   6292.3    354.2
     1     1    10     3    16    16     0     2   -14.0   47.554  103.618   6280.8    359.6
     1     1    10     3    16    15     0     3   -15.0   47.965  102.887   6287.1    358.0
     1     1    10     3    16    14     0     2   -16.0   48.351  102.158   6324.2    352.3
     1     1    10     3    16    13     0     1   -17.0   48.731  101.450   6303.3    351.1
     1     1    10     3    16    12     0     0   -18.0   49.060  100.774   6256.4    352.0
     1     1    10     3    16    11     0     1   -19.0   49.346  100.120   6182.7    345.9
     1     1    10     3    16    10     0     2   -20.0   49.621   99.471   6170.0    342.8
     1     1    10     3    16     9     0     3   -21.0   49.848   98.841   6188.1    339.1
     1     1    10     3    16     8     0     2   -22.0   50.032   98.232   6171.4    331.9
     1     1    10     3    16     7     0     1   -23.0   50.210   97.646   6183.6    331.0
     1     1    10     3    16     6     0     0   -24.0   50.362   97.128   6201.6    337.0
     1     1    10     3    16     5     0     1   -25.0   50.510   96.670   6225.4    347.4
     1     1    10     3    16     4     0     2   -26.0   50.669   96.238   6249.7    354.7
     1     1    10     3    16     3     0     3   -27.0   50.825   95.843   6270.8    361.3
     1     1    10     3    16     2     0     2   -28.0   50.976   95.469   6294.6    367.1
     1     1    10     3    16     1     0     1   -29.0   51.108   95.100   6321.9    368.2
     1     1    10     3    16     0     0     0   -30.0   51.199   94.738   6349.7    363.7
     1     1    10     3    15    23     0     1   -31.0   51.265   94.399   6377.2    360.0
     1     1    10     3    15    22     0     2   -32.0   51.309   94.112   6405.1    358.7
     1     1    10     3    15    21     0     3   -33.0   51.312   93.890   6432.7    356.4
     1     1    10     3    15    20     0     2   -34.0   51.296   93.708   6439.4    353.3
     1     1    10     3    15    19     0     1   -35.0   51.289   93.536   6413.1    353.8
     1     1    10     3    15    18     0     0   -36.0   51.290   93.382   6366.2    355.6
     1     1    10     3    15    17     0     1   -37.0   51.283   93.227   6318.4    357.8
     1     1    10     3    15    16     0     2   -38.0   51.245   93.056   6285.7    357.3
     1     1    10     3    15    15     0     3   -39.0   51.173   92.866   6257.6    355.0
     1     1    10     3    15    14     0     2   -40.0   51.074   92.625   6193.6    352.9
     1     1    10     3    15    13     0     1   -41.0   50.952   92.306   6096.3    357.1
     1     1    10     3    15    12     0     0   -42.0   50.785   91.896   6026.5    365.2
     1     1    10     3    15    11     0     1   -43.0   50.613   91.351   5942.8    370.9
     1     1    10     3    15    10     0     2   -44.0   50.452   90.657   5766.0    368.2
     1     1    10     3    15     9     0     3   -45.0   50.216   89.827   5581.7    357.2
     1     1    10     3    15     8     0     2   -46.0   49.908   88.880   5440.5    356.4
     1     1    10     3    15     7     0     1   -47.0   49.570   87.779   5401.6    358.5
     1     1    10     3    15     6     0     0   -48.0   49.181   86.565   5618.1    368.4
     1     1    10     3    15     5     0     1   -49.0   48.742   85.241   5924.5    395.7
     1     1    10     3    15     4     0     2   -50.0   48.360   83.912   6077.7    432.2
     1     1    10     3    15     3     0     3   -51.0   48.016   82.455   6236.1    415.1
     1     1    10     3    15     2     0     2   -52.0   47.557   80.767   6168.4    414.7
     1     1    10     3    15     1     0     1   -53.0   47.107   79.126   6143.7    432.0
     1     1    10     3    15     0     0     0   -54.0   46.679   77.269   6037.4    438.9
     1     1    10     3    14    23     0     1   -55.0   46.210   75.334   6049.4    441.7
     1     1    10     3    14    22     0     2   -56.0   45.772   73.447   5911.7    449.9
     1     1    10     3    14    21     0     3   -57.0   45.372   71.589   5920.3    453.5
     1     1    10     3    14    20     0     2   -58.0   45.019   69.736   5977.3    458.1
     1     1    10     3    14    19     0     1   -59.0   44.728   67.914   5992.0    455.4
     1     1    10     3    14    18     0     0   -60.0   44.505   66.148   6044.8    458.9
     1     1    10     3    14    17     0     1   -61.0   44.327   64.435   6080.0    459.3
     1     1    10     3    14    16     0     2   -62.0   44.206   62.760   6197.2    454.0
     1     1    10     3    14    15     0     3   -63.0   44.158   61.079   6344.3    446.7
     1     1    10     3    14    14     0     2   -64.0   44.159   59.344   6454.7    438.9
     1     1    10     3    14    13     0     1   -65.0   44.167   57.578   6425.8    435.4
     1     1    10     3    14    12     0     0   -66.0   44.175   55.764   6385.9    437.0
     1     1    10     3    14    11     0     1   -67.0   44.162   53.891   6390.5    435.6
     1     1    10     3    14    10     0     2   -68.0   44.098   52.048   6481.2    431.6
     1     1    10     3    14     9     0     3   -69.0   44.057   50.173   6728.2    424.6
     1     1    10     3    14     8     0     2   -70.0   44.022   48.297   6804.3    419.1
     1     1    10     3    14     7     0     1   -71.0   43.881   46.427   6759.8    415.6
     1     1    10     3    14     6     0     0   -72.0   43.734   44.459   6811.1    384.7
     1     1    10     3    14     5     0     1   -73.0   43.517   42.319   6629.9    344.2
     1     1    10     3    14     4     0     2   -74.0   43.265   40.254   6994.7    385.4
     1     1    10     3    14     3     0     3   -75.0   43.019   38.323   7171.4    393.1
     1     1    10     3    14     2     0     2   -76.0   42.687   36.475   7101.7    399.6
     1     1    10     3    14     1     0     1   -77.0   42.370   34.706   7076.2    391.5
     1     1    10     3    14     0     0     0   -78.0   42.073   32.880   7201.0    383.3
     1     1    10     3    13    23     0     1   -79.0   41.706   31.092   7200.0    385.8
     1     1    10     3    13    22     0     2   -80.0   41.353   29.377   7196.9    391.1
     1     1    10     3    13    21     0     3   -81.0   40.958   27.761   7214.0    389.8
     1     1    10     3    13    20     0     2   -82.0   40.563   26.223   7155.2    389.3
     1     1    10     3    13    19     0     1   -83.0   40.198   24.791   7097.9    398.7
     1     1    10     3    13    18     0     0   -84.0   39.825   23.456   6975.9    399.9
     1     1    10     3    13    17     0     1   -85.0   39.391   22.152   6612.0    391.4
     1     1    10     3    13    16     0     2   -86.0   38.888   20.929   6355.1    424.0
     1     1    10     3    13    15     0     3   -87.0   38.453   19.923   6037.8    469.0
     1     1    10     3    13    14     0     2   -88.0   38.068   19.040   5636.0    494.9
     1     1    10     3    13    13     0     1   -89.0   37.696   18.268   5158.8    527.4
     1     1    10     3    13    12     0     0   -90.0   37.354   17.577   4641.0    564.3
     1     1    10     3    13    11     0     1   -91.0   37.015   16.924   4060.9    608.6
     1     1    10     3    13    10     0     2   -92.0   36.694   16.300   3519.6    660.3
     1     1    10     3    13     9     0     3   -93.0   36.389   15.694   3100.4    696.8
     1     1    10     3    13     8     0     2   -94.0   36.057   15.089   2749.0    723.3
     1     1    10     3    13     7     0     1   -95.0   35.682   14.593   2402.7    756.2
     1     1    10     3    13     6     0     0   -96.0   35.286   14.281   2068.8    789.5
