     5     1
    GDAS    10     3     1     0     0
    GDAS    10     3     8     0     0
    GDAS    10     3    15     0     0
    GDAS    10     3    22     0     0
    GDAS    10     3    29     0     0
     1 BACKWARD OMEGA   
    10     3    27    18   39.977  116.381  9200.0
     1 PRESSURE
     1     1    10     3    27    18     0     0     0.0   39.977  116.381   8957.5    289.1
     1     1    10     3    27    17     0     1    -1.0   41.154  115.708   8760.1    254.2
     1     1    10     3    27    16     0     2    -2.0   42.384  115.134   8881.0    245.8
     1     1    10     3    27    15     0     3    -3.0   43.688  114.634   9054.6    247.4
     1     1    10     3    27    14     0     2    -4.0   44.988  114.091   9088.0    235.6
     1     1    10     3    27    13     0     1    -5.0   46.261  113.532   9226.6    240.2
     1     1    10     3    27    12     0     0    -6.0   47.565  112.901   9367.6    237.8
     1     1    10     3    27    11     0     1    -7.0   48.827  112.199   9394.3    234.7
     1     1    10     3    27    10     0     2    -8.0   50.013  111.456   9280.2    224.4
     1     1    10     3    27     9     0     3    -9.0   51.172  110.638   9428.9    231.9
     1     1    10     3    27     8     0     2   -10.0   52.297  109.669   9519.8    233.7
     1     1    10     3    27     7     0     1   -11.0   53.318  108.577   9589.9    237.0
     1     1    10     3    27     6     0     0   -12.0   54.270  107.369   9550.5    234.5
     1     1    10     3    27     5     0     1   -13.0   55.114  106.016   9571.5    235.7
     1     1    10     3    27     4     0     2   -14.0   55.851  104.547   9640.7    239.8
     1     1    10     3    27     3     0     3   -15.0   56.544  102.941   9702.3    243.1
     1     1    10     3    27     2     0     2   -16.0   57.142  101.208   9725.6    243.5
     1     1    10     3    27     1     0     1   -17.0   57.617   99.326   9765.2    245.4
     1     1    10     3    27     0     0     0   -18.0   58.024   97.240   9778.3    244.4
     1     1    10     3    26    23     0     1   -19.0   58.296   95.062   9810.0    244.1
     1     1    10     3    26    22     0     2   -20.0   58.410   92.841   9839.2    244.3
     1     1    10     3    26    21     0     3   -21.0   58.389   90.473   9883.0    245.3
     1     1    10     3    26    20     0     2   -22.0   58.160   88.012   9879.4    245.8
     1     1    10     3    26    19     0     1   -23.0   57.711   85.548   9873.1    246.6
     1     1    10     3    26    18     0     0   -24.0   57.099   83.060   9794.2    250.2
     1     1    10     3    26    17     0     1   -25.0   56.305   80.641   9692.4    252.8
     1     1    10     3    26    16     0     2   -26.0   55.353   78.333   9559.4    258.6
     1     1    10     3    26    15     0     3   -27.0   54.274   75.985   9358.0    267.0
     1     1    10     3    26    14     0     2   -28.0   53.108   73.681   9184.3    275.7
     1     1    10     3    26    13     0     1   -29.0   52.011   71.427   9008.0    273.2
     1     1    10     3    26    12     0     0   -30.0   50.904   69.137   8963.6    276.0
     1     1    10     3    26    11     0     1   -31.0   49.858   66.876   8823.9    282.4
     1     1    10     3    26    10     0     2   -32.0   49.011   64.572   8881.5    288.8
     1     1    10     3    26     9     0     3   -33.0   48.315   62.205   8897.0    292.7
     1     1    10     3    26     8     0     2   -34.0   47.789   59.778   8805.7    292.7
     1     1    10     3    26     7     0     1   -35.0   47.498   57.369   8819.2    295.1
     1     1    10     3    26     6     0     0   -36.0   47.439   55.001   8934.9    294.1
     1     1    10     3    26     5     0     1   -37.0   47.647   52.739   9157.3    288.7
     1     1    10     3    26     4     0     2   -38.0   48.124   50.590   9414.4    277.3
     1     1    10     3    26     3     0     3   -39.0   48.871   48.673   9634.4    267.7
     1     1    10     3    26     2     0     2   -40.0   49.808   46.963   9740.3    261.5
     1     1    10     3    26     1     0     1   -41.0   50.863   45.415   9778.6    254.9
     1     1    10     3    26     0     0     0   -42.0   52.077   43.991   9847.6    249.3
     1     1    10     3    25    23     0     1   -43.0   53.388   42.587   9988.1    244.9
     1     1    10     3    25    22     0     2   -44.0   54.736   41.085  10109.7    240.9
