     7     1
    GDAS    10     3    22     0     0
    GDAS    10     4     8     0     0
    GDAS    10     4    15     0     0
    GDAS    10     4    22     0     0
    GDAS    10     4    29     0     0
    GDAS    10     4     1     0     0
    GDAS    10     3    29     0     0
     1 BACKWARD OMEGA   
    10     4     6    12   39.977  116.381  2600.0
     1 PRESSURE
     1     1    10     4     6    12     0     0     0.0   39.977  116.381   2363.4    742.4
     1     1    10     4     6    11     0     1    -1.0   40.126  116.013   2336.7    722.6
     1     1    10     4     6    10     0     2    -2.0   40.306  115.621   2308.6    690.4
     1     1    10     4     6     9     0     3    -3.0   40.522  115.197   2318.7    658.9
     1     1    10     4     6     8     0     2    -4.0   40.754  114.746   2355.6    642.0
     1     1    10     4     6     7     0     1    -5.0   40.969  114.297   2360.2    637.2
     1     1    10     4     6     6     0     0    -6.0   41.156  113.869   2329.4    638.2
     1     1    10     4     6     5     0     1    -7.0   41.362  113.453   2317.5    635.0
     1     1    10     4     6     4     0     2    -8.0   41.619  113.034   2355.4    629.1
     1     1    10     4     6     3     0     3    -9.0   41.908  112.614   2419.9    626.6
     1     1    10     4     6     2     0     2   -10.0   42.208  112.197   2474.4    628.4
     1     1    10     4     6     1     0     1   -11.0   42.499  111.785   2510.1    637.2
     1     1    10     4     6     0     0     0   -12.0   42.782  111.382   2528.4    644.5
     1     1    10     4     5    23     0     1   -13.0   43.039  110.975   2516.2    650.4
     1     1    10     4     5    22     0     2   -14.0   43.274  110.539   2505.4    653.7
     1     1    10     4     5    21     0     3   -15.0   43.501  110.077   2553.7    652.9
     1     1    10     4     5    20     0     2   -16.0   43.735  109.598   2626.6    649.8
     1     1    10     4     5    19     0     1   -17.0   43.975  109.115   2669.0    651.7
     1     1    10     4     5    18     0     0   -18.0   44.211  108.645   2662.6    646.6
     1     1    10     4     5    17     0     1   -19.0   44.465  108.189   2673.0    639.6
     1     1    10     4     5    16     0     2   -20.0   44.738  107.734   2716.7    631.2
     1     1    10     4     5    15     0     3   -21.0   45.031  107.262   2766.9    623.1
     1     1    10     4     5    14     0     2   -22.0   45.333  106.783   2782.7    611.4
     1     1    10     4     5    13     0     1   -23.0   45.646  106.307   2811.7    601.9
     1     1    10     4     5    12     0     0   -24.0   45.995  105.826   2900.5    587.8
     1     1    10     4     5    11     0     1   -25.0   46.352  105.348   3006.7    575.1
     1     1    10     4     5    10     0     2   -26.0   46.678  104.898   3086.9    570.1
     1     1    10     4     5     9     0     3   -27.0   46.992  104.506   3160.9    557.6
     1     1    10     4     5     8     0     2   -28.0   47.304  104.163   3270.6    553.3
     1     1    10     4     5     7     0     1   -29.0   47.616  103.848   3412.2    550.1
     1     1    10     4     5     6     0     0   -30.0   47.934  103.559   3571.4    540.8
     1     1    10     4     5     5     0     1   -31.0   48.265  103.290   3721.2    523.7
     1     1    10     4     5     4     0     2   -32.0   48.594  103.051   3883.0    508.9
     1     1    10     4     5     3     0     3   -33.0   48.901  102.854   4069.4    495.6
     1     1    10     4     5     2     0     2   -34.0   49.207  102.659   4233.7    481.0
     1     1    10     4     5     1     0     1   -35.0   49.525  102.458   4358.0    472.2
     1     1    10     4     5     0     0     0   -36.0   49.837  102.296   4482.7    463.2
     1     1    10     4     4    23     0     1   -37.0   50.127  102.150   4601.7    450.2
     1     1    10     4     4    22     0     2   -38.0   50.397  101.978   4696.0    436.9
     1     1    10     4     4    21     0     3   -39.0   50.653  101.817   4777.4    424.9
     1     1    10     4     4    20     0     2   -40.0   50.889  101.685   4859.3    415.0
     1     1    10     4     4    19     0     1   -41.0   51.091  101.555   4943.7    406.9
     1     1    10     4     4    18     0     0   -42.0   51.256  101.419   5024.8    400.2
     1     1    10     4     4    17     0     1   -43.0   51.386  101.294   5097.3    393.2
     1     1    10     4     4    16     0     2   -44.0   51.485  101.199   5162.8    387.1
     1     1    10     4     4    15     0     3   -45.0   51.548  101.132   5226.3    381.6
     1     1    10     4     4    14     0     2   -46.0   51.598  101.062   5282.4    376.2
     1     1    10     4     4    13     0     1   -47.0   51.656  100.964   5329.4    371.3
     1     1    10     4     4    12     0     0   -48.0   51.725  100.829   5361.4    367.7
     1     1    10     4     4    11     0     1   -49.0   51.802  100.646   5380.0    365.6
     1     1    10     4     4    10     0     2   -50.0   51.886  100.398   5393.2    363.0
     1     1    10     4     4     9     0     3   -51.0   51.980  100.063   5396.5    360.7
     1     1    10     4     4     8     0     2   -52.0   52.096   99.665   5399.3    360.0
     1     1    10     4     4     7     0     1   -53.0   52.236   99.255   5415.6    359.0
     1     1    10     4     4     6     0     0   -54.0   52.390   98.836   5459.6    360.4
     1     1    10     4     4     5     0     1   -55.0   52.550   98.406   5513.7    366.9
     1     1    10     4     4     4     0     2   -56.0   52.713   97.959   5527.6    376.1
     1     1    10     4     4     3     0     3   -57.0   52.893   97.498   5505.9    385.8
     1     1    10     4     4     2     0     2   -58.0   53.092   97.030   5480.6    393.2
     1     1    10     4     4     1     0     1   -59.0   53.304   96.565   5463.4    395.0
     1     1    10     4     4     0     0     0   -60.0   53.526   96.109   5456.5    395.3
     1     1    10     4     3    23     0     1   -61.0   53.744   95.671   5461.9    398.6
     1     1    10     4     3    22     0     2   -62.0   53.948   95.246   5474.0    407.6
     1     1    10     4     3    21     0     3   -63.0   54.140   94.840   5492.5    422.5
     1     1    10     4     3    20     0     2   -64.0   54.332   94.481   5491.3    432.9
     1     1    10     4     3    19     0     1   -65.0   54.533   94.181   5476.6    437.8
     1     1    10     4     3    18     0     0   -66.0   54.742   93.926   5457.2    438.6
     1     1    10     4     3    17     0     1   -67.0   54.944   93.688   5450.1    438.1
     1     1    10     4     3    16     0     2   -68.0   55.125   93.458   5469.5    440.6
     1     1    10     4     3    15     0     3   -69.0   55.283   93.261   5490.4    444.4
     1     1    10     4     3    14     0     2   -70.0   55.425   93.104   5501.4    448.0
     1     1    10     4     3    13     0     1   -71.0   55.557   92.981   5505.4    451.5
     1     1    10     4     3    12     0     0   -72.0   55.681   92.887   5508.1    454.1
     1     1    10     4     3    11     0     1   -73.0   55.793   92.821   5515.3    455.6
     1     1    10     4     3    10     0     2   -74.0   55.885   92.780   5526.2    456.1
     1     1    10     4     3     9     0     3   -75.0   55.957   92.754   5539.2    456.2
     1     1    10     4     3     8     0     2   -76.0   56.016   92.737   5552.7    455.7
     1     1    10     4     3     7     0     1   -77.0   56.069   92.729   5564.5    454.9
     1     1    10     4     3     6     0     0   -78.0   56.118   92.723   5574.7    454.3
     1     1    10     4     3     5     0     1   -79.0   56.154   92.709   5586.4    453.7
     1     1    10     4     3     4     0     2   -80.0   56.172   92.665   5602.4    452.1
     1     1    10     4     3     3     0     3   -81.0   56.177   92.583   5622.1    449.8
     1     1    10     4     3     2     0     2   -82.0   56.172   92.471   5640.2    447.4
     1     1    10     4     3     1     0     1   -83.0   56.160   92.350   5653.7    445.6
     1     1    10     4     3     0     0     0   -84.0   56.141   92.225   5665.4    443.7
     1     1    10     4     2    23     0     1   -85.0   56.125   92.051   5668.3    441.6
     1     1    10     4     2    22     0     2   -86.0   56.123   91.780   5668.5    443.1
     1     1    10     4     2    21     0     3   -87.0   56.137   91.407   5665.4    446.6
     1     1    10     4     2    20     0     2   -88.0   56.167   90.953   5659.3    451.0
     1     1    10     4     2    19     0     1   -89.0   56.214   90.436   5638.1    454.4
     1     1    10     4     2    18     0     0   -90.0   56.273   89.873   5600.9    459.3
     1     1    10     4     2    17     0     1   -91.0   56.358   89.260   5542.3    465.9
     1     1    10     4     2    16     0     2   -92.0   56.476   88.603   5460.6    473.9
     1     1    10     4     2    15     0     3   -93.0   56.611   87.912   5368.3    482.1
     1     1    10     4     2    14     0     2   -94.0   56.773   87.177   5276.9    491.4
     1     1    10     4     2    13     0     1   -95.0   56.976   86.386   5187.9    498.4
     1     1    10     4     2    12     0     0   -96.0   57.213   85.523   5112.6    504.7
