     5     1
    GDAS    10     3     1     0     0
    GDAS    10     3     8     0     0
    GDAS    10     3    15     0     0
    GDAS    10     3    22     0     0
    GDAS    10     3    29     0     0
     1 BACKWARD OMEGA   
    10     3    27     0   39.977  116.381  2600.0
     1 PRESSURE
     1     1    10     3    27     0     0     0     0.0   39.977  116.381   2363.2    738.7
     1     1    10     3    26    23     0     1    -1.0   40.130  116.010   2426.3    709.8
     1     1    10     3    26    22     0     2    -2.0   40.324  115.579   2405.4    668.7
     1     1    10     3    26    21     0     3    -3.0   40.554  115.067   2264.8    647.2
     1     1    10     3    26    20     0     2    -4.0   40.809  114.520   2138.7    662.6
     1     1    10     3    26    19     0     1    -5.0   41.087  113.954   2086.6    661.5
     1     1    10     3    26    18     0     0    -6.0   41.368  113.390   2064.6    652.8
     1     1    10     3    26    17     0     1    -7.0   41.651  112.843   2078.2    652.0
     1     1    10     3    26    16     0     2    -8.0   41.942  112.313   2131.1    652.0
     1     1    10     3    26    15     0     3    -9.0   42.230  111.805   2208.2    654.3
     1     1    10     3    26    14     0     2   -10.0   42.504  111.322   2273.0    658.9
     1     1    10     3    26    13     0     1   -11.0   42.767  110.857   2312.6    662.6
     1     1    10     3    26    12     0     0   -12.0   43.029  110.400   2354.9    661.2
     1     1    10     3    26    11     0     1   -13.0   43.304  109.952   2409.0    658.0
     1     1    10     3    26    10     0     2   -14.0   43.577  109.527   2469.2    658.7
     1     1    10     3    26     9     0     3   -15.0   43.835  109.140   2533.0    659.8
     1     1    10     3    26     8     0     2   -16.0   44.080  108.780   2585.9    655.4
     1     1    10     3    26     7     0     1   -17.0   44.324  108.420   2618.8    643.9
     1     1    10     3    26     6     0     0   -18.0   44.574  108.075   2640.4    637.7
     1     1    10     3    26     5     0     1   -19.0   44.828  107.753   2648.5    634.2
     1     1    10     3    26     4     0     2   -20.0   45.089  107.440   2640.2    632.3
     1     1    10     3    26     3     0     3   -21.0   45.358  107.117   2599.8    627.3
     1     1    10     3    26     2     0     2   -22.0   45.632  106.793   2545.5    625.1
     1     1    10     3    26     1     0     1   -23.0   45.909  106.477   2506.2    621.0
     1     1    10     3    26     0     0     0   -24.0   46.198  106.161   2496.1    620.0
     1     1    10     3    25    23     0     1   -25.0   46.508  105.833   2514.4    618.2
     1     1    10     3    25    22     0     2   -26.0   46.833  105.503   2547.6    615.8
     1     1    10     3    25    21     0     3   -27.0   47.166  105.181   2590.2    615.1
     1     1    10     3    25    20     0     2   -28.0   47.488  104.857   2623.3    616.4
     1     1    10     3    25    19     0     1   -29.0   47.786  104.515   2647.6    621.6
     1     1    10     3    25    18     0     0   -30.0   48.061  104.143   2693.1    626.2
     1     1    10     3    25    17     0     1   -31.0   48.320  103.772   2720.4    613.3
     1     1    10     3    25    16     0     2   -32.0   48.567  103.439   2714.6    606.1
     1     1    10     3    25    15     0     3   -33.0   48.808  103.154   2697.3    604.5
     1     1    10     3    25    14     0     2   -34.0   49.044  102.912   2694.2    605.0
     1     1    10     3    25    13     0     1   -35.0   49.278  102.683   2703.6    602.3
     1     1    10     3    25    12     0     0   -36.0   49.518  102.450   2720.7    600.4
     1     1    10     3    25    11     0     1   -37.0   49.755  102.211   2752.5    596.5
     1     1    10     3    25    10     0     2   -38.0   49.972  101.979   2801.2    591.3
     1     1    10     3    25     9     0     3   -39.0   50.176  101.755   2841.9    578.9
     1     1    10     3    25     8     0     2   -40.0   50.386  101.527   2865.7    570.1
     1     1    10     3    25     7     0     1   -41.0   50.606  101.292   2875.0    563.9
     1     1    10     3    25     6     0     0   -42.0   50.826  101.063   2876.2    559.9
     1     1    10     3    25     5     0     1   -43.0   51.036  100.835   2878.2    557.0
     1     1    10     3    25     4     0     2   -44.0   51.234  100.593   2888.4    551.6
     1     1    10     3    25     3     0     3   -45.0   51.423  100.340   2919.7    545.0
     1     1    10     3    25     2     0     2   -46.0   51.614  100.085   2961.1    536.4
     1     1    10     3    25     1     0     1   -47.0   51.810   99.832   2984.6    527.7
     1     1    10     3    25     0     0     0   -48.0   52.004   99.593   2987.3    522.1
     1     1    10     3    24    23     0     1   -49.0   52.216   99.349   2992.0    524.2
     1     1    10     3    24    22     0     2   -50.0   52.462   99.074   3003.1    526.6
     1     1    10     3    24    21     0     3   -51.0   52.728   98.783   3044.3    533.7
     1     1    10     3    24    20     0     2   -52.0   53.004   98.474   3111.3    541.3
     1     1    10     3    24    19     0     1   -53.0   53.281   98.138   3179.5    550.9
     1     1    10     3    24    18     0     0   -54.0   53.554   97.784   3201.1    555.3
     1     1    10     3    24    17     0     1   -55.0   53.842   97.416   3183.3    549.9
     1     1    10     3    24    16     0     2   -56.0   54.162   97.011   3154.7    550.6
     1     1    10     3    24    15     0     3   -57.0   54.492   96.520   3189.8    583.2
     1     1    10     3    24    14     0     2   -58.0   54.799   95.940   3243.1    607.6
     1     1    10     3    24    13     0     1   -59.0   55.076   95.317   3238.8    618.1
     1     1    10     3    24    12     0     0   -60.0   55.320   94.671   3158.2    630.2
     1     1    10     3    24    11     0     1   -61.0   55.524   93.968   3067.2    641.4
     1     1    10     3    24    10     0     2   -62.0   55.688   93.175   2996.4    656.9
     1     1    10     3    24     9     0     3   -63.0   55.840   92.308   2910.1    664.6
     1     1    10     3    24     8     0     2   -64.0   55.984   91.376   2834.8    677.1
     1     1    10     3    24     7     0     1   -65.0   56.080   90.406   2786.2    689.1
     1     1    10     3    24     6     0     0   -66.0   56.134   89.416   2711.1    700.6
     1     1    10     3    24     5     0     1   -67.0   56.151   88.413   2588.3    716.0
     1     1    10     3    24     4     0     2   -68.0   56.119   87.397   2511.6    723.3
     1     1    10     3    24     3     0     3   -69.0   56.064   86.370   2487.5    721.5
     1     1    10     3    24     2     0     2   -70.0   55.995   85.351   2450.9    729.2
     1     1    10     3    24     1     0     1   -71.0   55.885   84.350   2390.7    738.9
     1     1    10     3    24     0     0     0   -72.0   55.769   83.361   2301.7    748.6
     1     1    10     3    23    23     0     1   -73.0   55.634   82.433   2218.0    757.0
     1     1    10     3    23    22     0     2   -74.0   55.452   81.551   2176.6    759.0
     1     1    10     3    23    21     0     3   -75.0   55.259   80.666   2141.2    762.2
     1     1    10     3    23    20     0     2   -76.0   55.060   79.764   2102.7    766.7
     1     1    10     3    23    19     0     1   -77.0   54.839   78.841   2062.8    773.1
     1     1    10     3    23    18     0     0   -78.0   54.611   77.911   2026.5    777.1
     1     1    10     3    23    17     0     1   -79.0   54.368   76.999   2016.5    779.0
     1     1    10     3    23    16     0     2   -80.0   54.119   76.089   2003.9    778.5
     1     1    10     3    23    15     0     3   -81.0   53.877   75.200   1977.7    783.9
     1     1    10     3    23    14     0     2   -82.0   53.647   74.364   1956.7    785.1
     1     1    10     3    23    13     0     1   -83.0   53.437   73.526   1915.8    788.7
     1     1    10     3    23    12     0     0   -84.0   53.251   72.659   1843.4    794.0
     1     1    10     3    23    11     0     1   -85.0   53.070   71.737   1754.3    796.6
     1     1    10     3    23    10     0     2   -86.0   52.876   70.748   1743.7    786.3
     1     1    10     3    23     9     0     3   -87.0   52.656   69.771   1789.9    776.1
     1     1    10     3    23     8     0     2   -88.0   52.429   68.835   1846.8    772.2
     1     1    10     3    23     7     0     1   -89.0   52.213   67.921   1880.9    768.9
     1     1    10     3    23     6     0     0   -90.0   51.994   67.022   1881.6    771.4
     1     1    10     3    23     5     0     1   -91.0   51.774   66.122   1914.5    774.8
     1     1    10     3    23     4     0     2   -92.0   51.561   65.262   1984.0    771.6
     1     1    10     3    23     3     0     3   -93.0   51.341   64.456   2015.2    771.7
     1     1    10     3    23     2     0     2   -94.0   51.122   63.682   2010.4    770.3
     1     1    10     3    23     1     0     1   -95.0   50.927   62.909   2007.3    767.3
     1     1    10     3    23     0     0     0   -96.0   50.735   62.158   2001.0    769.0
