     7     1
    GDAS    10     3    22     0     0
    GDAS    10     4     8     0     0
    GDAS    10     4    15     0     0
    GDAS    10     4    22     0     0
    GDAS    10     4    29     0     0
    GDAS    10     4     1     0     0
    GDAS    10     3    29     0     0
     1 BACKWARD OMEGA   
    10     4     2     6   39.977  116.381  8600.0
     1 PRESSURE
     1     1    10     4     2     6     0     0     0.0   39.977  116.381   8353.1    313.7
     1     1    10     4     2     5     0     1    -1.0   40.472  114.546   8122.7    277.9
     1     1    10     4     2     4     0     2    -2.0   41.091  112.871   8195.4    260.5
     1     1    10     4     2     3     0     3    -3.0   41.799  111.390   8354.7    262.7
     1     1    10     4     2     2     0     2    -4.0   42.650  110.083   8520.0    263.3
     1     1    10     4     2     1     0     1    -5.0   43.577  108.822   8723.3    262.7
     1     1    10     4     2     0     0     0    -6.0   44.572  107.656   8783.2    254.8
     1     1    10     4     1    23     0     1    -7.0   45.623  106.589   8739.1    248.3
     1     1    10     4     1    22     0     2    -8.0   46.685  105.533   8731.7    244.1
     1     1    10     4     1    21     0     3    -9.0   47.738  104.441   8789.1    248.6
     1     1    10     4     1    20     0     2   -10.0   48.787  103.323   8767.9    243.9
     1     1    10     4     1    19     0     1   -11.0   49.832  102.212   8721.0    243.4
     1     1    10     4     1    18     0     0   -12.0   50.850  101.034   8605.6    233.4
     1     1    10     4     1    17     0     1   -13.0   51.798   99.848   8393.0    231.2
     1     1    10     4     1    16     0     2   -14.0   52.740   98.592   8480.6    234.5
     1     1    10     4     1    15     0     3   -15.0   53.676   97.130   8563.0    240.6
     1     1    10     4     1    14     0     2   -16.0   54.504   95.459   8791.3    258.3
     1     1    10     4     1    13     0     1   -17.0   55.201   93.506   8833.6    270.2
     1     1    10     4     1    12     0     0   -18.0   55.755   91.337   8816.1    283.6
     1     1    10     4     1    11     0     1   -19.0   56.126   88.955   8731.6    296.2
     1     1    10     4     1    10     0     2   -20.0   56.395   86.427   8618.6    302.3
     1     1    10     4     1     9     0     3   -21.0   56.574   83.725   8553.8    310.0
     1     1    10     4     1     8     0     2   -22.0   56.593   80.988   8448.0    314.3
     1     1    10     4     1     7     0     1   -23.0   56.537   78.324   8380.8    318.5
     1     1    10     4     1     6     0     0   -24.0   56.430   75.743   8334.4    322.2
     1     1    10     4     1     5     0     1   -25.0   56.265   73.306   8289.9    326.4
     1     1    10     4     1     4     0     2   -26.0   56.150   71.039   8194.4    331.5
     1     1    10     4     1     3     0     3   -27.0   56.122   68.969   8165.4    333.9
     1     1    10     4     1     2     0     2   -28.0   56.126   66.955   8198.3    331.5
     1     1    10     4     1     1     0     1   -29.0   56.186   64.958   8273.2    329.8
     1     1    10     4     1     0     0     0   -30.0   56.349   63.043   8289.9    327.6
     1     1    10     3    31    23     0     1   -31.0   56.562   61.175   8240.0    326.9
     1     1    10     3    31    22     0     2   -32.0   56.783   59.320   8218.8    322.5
     1     1    10     3    31    21     0     3   -33.0   57.001   57.652   8264.7    325.7
     1     1    10     3    31    20     0     2   -34.0   57.207   56.143   8305.8    326.2
     1     1    10     3    31    19     0     1   -35.0   57.408   54.648   8327.8    327.3
     1     1    10     3    31    18     0     0   -36.0   57.604   53.210   8300.4    327.4
     1     1    10     3    31    17     0     1   -37.0   57.799   51.884   8276.1    330.2
     1     1    10     3    31    16     0     2   -38.0   57.979   50.678   8224.6    332.7
     1     1    10     3    31    15     0     3   -39.0   58.145   49.587   8181.6    335.8
     1     1    10     3    31    14     0     2   -40.0   58.301   48.515   8197.2    336.1
     1     1    10     3    31    13     0     1   -41.0   58.430   47.395   8236.0    333.2
     1     1    10     3    31    12     0     0   -42.0   58.521   46.278   8255.7    332.0
     1     1    10     3    31    11     0     1   -43.0   58.606   45.219   8246.8    332.1
     1     1    10     3    31    10     0     2   -44.0   58.721   44.196   8226.7    333.5
     1     1    10     3    31     9     0     3   -45.0   58.860   43.207   8196.5    333.5
     1     1    10     3    31     8     0     2   -46.0   58.976   42.245   8196.9    333.8
     1     1    10     3    31     7     0     1   -47.0   59.063   41.294   8211.6    332.8
     1     1    10     3    31     6     0     0   -48.0   59.161   40.365   8220.0    331.8
     1     1    10     3    31     5     0     1   -49.0   59.284   39.390   8234.6    330.6
     1     1    10     3    31     4     0     2   -50.0   59.428   38.278   8288.4    328.6
     1     1    10     3    31     3     0     3   -51.0   59.605   37.074   8335.4    325.8
     1     1    10     3    31     2     0     2   -52.0   59.798   35.827   8350.6    323.0
     1     1    10     3    31     1     0     1   -53.0   59.992   34.532   8414.7    319.9
     1     1    10     3    31     0     0     0   -54.0   60.207   33.194   8578.0    317.1
     1     1    10     3    30    23     0     1   -55.0   60.436   31.773   8698.3    311.6
     1     1    10     3    30    22     0     2   -56.0   60.668   30.253   8767.8    307.3
     1     1    10     3    30    21     0     3   -57.0   60.898   28.657   8852.2    301.6
     1     1    10     3    30    20     0     2   -58.0   61.128   27.019   8946.3    294.3
     1     1    10     3    30    19     0     1   -59.0   61.348   25.302   9007.9    289.3
     1     1    10     3    30    18     0     0   -60.0   61.532   23.517   9013.0    287.9
     1     1    10     3    30    17     0     1   -61.0   61.692   21.678   9011.8    290.9
     1     1    10     3    30    16     0     2   -62.0   61.812   19.714   9024.2    292.2
     1     1    10     3    30    15     0     3   -63.0   61.799   17.653   8972.3    292.0
     1     1    10     3    30    14     0     2   -64.0   61.659   15.602   8781.1    288.8
     1     1    10     3    30    13     0     1   -65.0   61.426   13.590   8646.4    284.9
     1     1    10     3    30    12     0     0   -66.0   61.057   11.701   8512.8    291.6
     1     1    10     3    30    11     0     1   -67.0   60.573    9.982   8301.5    299.1
     1     1    10     3    30    10     0     2   -68.0   60.063    8.387   8040.1    288.0
     1     1    10     3    30     9     0     3   -69.0   59.514    6.937   7962.5    291.6
     1     1    10     3    30     8     0     2   -70.0   58.912    5.694   8003.4    329.4
     1     1    10     3    30     7     0     1   -71.0   58.289    4.693   7520.1    362.3
     1     1    10     3    30     6     0     0   -72.0   57.701    3.938   6563.4    419.7
     1     1    10     3    30     5     0     1   -73.0   57.144    3.333   5617.1    479.2
     1     1    10     3    30     4     0     2   -74.0   56.592    2.910   4725.6    546.4
     1     1    10     3    30     3     0     3   -75.0   56.025    2.531   3845.9    610.2
     1     1    10     3    30     2     0     2   -76.0   55.475    2.197   3208.4    683.1
     1     1    10     3    30     1     0     1   -77.0   54.943    1.946   2719.7    700.4
     1     1    10     3    30     0     0     0   -78.0   54.399    1.716   2268.5    756.4
     1     1    10     3    29    23     0     1   -79.0   53.875    1.504   1949.4    784.5
     1     1    10     3    29    22     0     2   -80.0   53.379    1.311   1718.3    807.7
     1     1    10     3    29    21     0     3   -81.0   52.867    1.090   1596.9    820.5
     1     1    10     3    29    20     0     2   -82.0   52.382    0.850   1519.5    818.4
     1     1    10     3    29    19     0     1   -83.0   51.896    0.666   1362.4    831.4
     1     1    10     3    29    18     0     0   -84.0   51.368    0.528   1131.6    861.0
     1     1    10     3    29    17     0     1   -85.0   50.838    0.410    912.2    891.7
     1     1    10     3    29    16     0     2   -86.0   50.334    0.334    780.7    911.2
     1     1    10     3    29    15     0     3   -87.0   49.823    0.360    723.8    912.0
     1     1    10     3    29    14     0     2   -88.0   49.332    0.442    706.4    907.3
     1     1    10     3    29    13     0     1   -89.0   48.878    0.512    709.1    903.5
     1     1    10     3    29    12     0     0   -90.0   48.443    0.611    699.0    904.3
     1     1    10     3    29    11     0     1   -91.0   48.049    0.724    648.3    912.5
     1     1    10     3    29    10     0     2   -92.0   47.700    0.795    591.0    923.8
     1     1    10     3    29     9     0     3   -93.0   47.373    0.838    544.7    929.6
     1     1    10     3    29     8     0     2   -94.0   47.061    0.870    502.2    936.3
     1     1    10     3    29     7     0     1   -95.0   46.745    0.885    487.0    937.5
     1     1    10     3    29     6     0     0   -96.0   46.410    0.881    524.6    927.7
