     7     1
    GDAS    10     3    22     0     0
    GDAS    10     4     8     0     0
    GDAS    10     4    15     0     0
    GDAS    10     4    22     0     0
    GDAS    10     4    29     0     0
    GDAS    10     4     1     0     0
    GDAS    10     3    29     0     0
     1 BACKWARD OMEGA   
    10     4     4    18   39.977  116.381  2000.0
     1 PRESSURE
     1     1    10     4     4    18     0     0     0.0   39.977  116.381   1764.6    793.3
     1     1    10     4     4    17     0     1    -1.0   39.845  116.096   1406.2    826.1
     1     1    10     4     4    16     0     2    -2.0   39.665  115.864   1140.5    851.5
     1     1    10     4     4    15     0     3    -3.0   39.431  115.687   1006.7    868.1
     1     1    10     4     4    14     0     2    -4.0   39.189  115.586    970.5    877.8
     1     1    10     4     4    13     0     1    -5.0   38.970  115.567    954.5    889.3
     1     1    10     4     4    12     0     0    -6.0   38.767  115.607    924.4    894.3
     1     1    10     4     4    11     0     1    -7.0   38.591  115.690    913.5    902.1
     1     1    10     4     4    10     0     2    -8.0   38.468  115.781    960.4    897.0
     1     1    10     4     4     9     0     3    -9.0   38.407  115.858   1056.3    886.3
     1     1    10     4     4     8     0     2   -10.0   38.400  115.905   1177.0    871.3
     1     1    10     4     4     7     0     1   -11.0   38.434  115.912   1290.2    859.4
     1     1    10     4     4     6     0     0   -12.0   38.504  115.885   1394.5    849.0
     1     1    10     4     4     5     0     1   -13.0   38.604  115.842   1490.9    839.7
     1     1    10     4     4     4     0     2   -14.0   38.731  115.788   1571.0    830.2
     1     1    10     4     4     3     0     3   -15.0   38.891  115.721   1621.9    823.4
     1     1    10     4     4     2     0     2   -16.0   39.071  115.634   1650.0    814.9
     1     1    10     4     4     1     0     1   -17.0   39.243  115.490   1675.5    797.5
     1     1    10     4     4     0     0     0   -18.0   39.394  115.257   1720.7    772.6
     1     1    10     4     3    23     0     1   -19.0   39.506  114.942   1771.2    741.2
     1     1    10     4     3    22     0     2   -20.0   39.583  114.580   1808.6    718.5
     1     1    10     4     3    21     0     3   -21.0   39.635  114.176   1838.8    701.8
     1     1    10     4     3    20     0     2   -22.0   39.689  113.727   1857.5    691.4
     1     1    10     4     3    19     0     1   -23.0   39.766  113.261   1817.1    688.1
     1     1    10     4     3    18     0     0   -24.0   39.849  112.823   1677.3    696.1
     1     1    10     4     3    17     0     1   -25.0   39.936  112.399   1493.0    712.2
     1     1    10     4     3    16     0     2   -26.0   40.048  111.926   1319.9    723.1
     1     1    10     4     3    15     0     3   -27.0   40.212  111.448   1171.9    746.5
     1     1    10     4     3    14     0     2   -28.0   40.413  111.012   1046.7    757.2
     1     1    10     4     3    13     0     1   -29.0   40.617  110.586    959.5    755.3
     1     1    10     4     3    12     0     0   -30.0   40.796  110.106    913.4    751.8
     1     1    10     4     3    11     0     1   -31.0   40.936  109.591    864.2    764.8
     1     1    10     4     3    10     0     2   -32.0   41.047  109.084    788.5    789.8
     1     1    10     4     3     9     0     3   -33.0   41.154  108.584    732.9    807.5
     1     1    10     4     3     8     0     2   -34.0   41.264  108.085    729.8    811.2
     1     1    10     4     3     7     0     1   -35.0   41.367  107.567    750.8    797.1
     1     1    10     4     3     6     0     0   -36.0   41.458  107.007    813.4    784.1
     1     1    10     4     3     5     0     1   -37.0   41.533  106.429    854.0    778.9
     1     1    10     4     3     4     0     2   -38.0   41.593  105.858    823.0    794.5
     1     1    10     4     3     3     0     3   -39.0   41.653  105.292    798.3    801.9
     1     1    10     4     3     2     0     2   -40.0   41.726  104.729    799.7    797.9
     1     1    10     4     3     1     0     1   -41.0   41.814  104.163    809.7    792.6
     1     1    10     4     3     0     0     0   -42.0   41.921  103.577    814.4    790.2
     1     1    10     4     2    23     0     1   -43.0   42.045  102.995    817.0    791.3
     1     1    10     4     2    22     0     2   -44.0   42.178  102.444    837.8    794.7
     1     1    10     4     2    21     0     3   -45.0   42.300  101.908    876.2    789.6
     1     1    10     4     2    20     0     2   -46.0   42.408  101.381    915.2    777.1
     1     1    10     4     2    19     0     1   -47.0   42.510  100.884    936.8    768.4
     1     1    10     4     2    18     0     0   -48.0   42.609  100.425    923.7    770.7
     1     1    10     4     2    17     0     1   -49.0   42.706  100.015    861.6    781.3
     1     1    10     4     2    16     0     2   -50.0   42.790   99.631    766.2    786.2
     1     1    10     4     2    15     0     3   -51.0   42.854   99.249    674.7    792.3
     1     1    10     4     2    14     0     2   -52.0   42.915   98.870    600.3    796.8
     1     1    10     4     2    13     0     1   -53.0   42.971   98.475    551.1    800.2
     1     1    10     4     2    12     0     0   -54.0   43.007   98.042    553.2    800.4
     1     1    10     4     2    11     0     1   -55.0   43.017   97.573    582.5    789.7
     1     1    10     4     2    10     0     2   -56.0   43.004   97.103    592.4    784.9
     1     1    10     4     2     9     0     3   -57.0   42.972   96.651    596.8    793.9
     1     1    10     4     2     8     0     2   -58.0   42.927   96.254    596.5    803.4
     1     1    10     4     2     7     0     1   -59.0   42.873   95.912    593.3    802.3
     1     1    10     4     2     6     0     0   -60.0   42.808   95.600    593.8    783.4
     1     1    10     4     2     5     0     1   -61.0   42.739   95.312    607.3    769.5
     1     1    10     4     2     4     0     2   -62.0   42.671   95.049    638.5    760.4
     1     1    10     4     2     3     0     3   -63.0   42.603   94.813    676.5    759.0
     1     1    10     4     2     2     0     2   -64.0   42.546   94.606    700.9    762.2
     1     1    10     4     2     1     0     1   -65.0   42.504   94.427    711.3    767.4
     1     1    10     4     2     0     0     0   -66.0   42.478   94.277    716.7    771.8
     1     1    10     4     1    23     0     1   -67.0   42.465   94.145    712.5    774.7
     1     1    10     4     1    22     0     2   -68.0   42.461   94.023    688.3    779.1
     1     1    10     4     1    21     0     3   -69.0   42.468   93.917    650.7    789.2
     1     1    10     4     1    20     0     2   -70.0   42.465   93.829    590.7    801.0
     1     1    10     4     1    19     0     1   -71.0   42.439   93.772    498.0    817.1
     1     1    10     4     1    18     0     0   -72.0   42.393   93.746    387.9    835.7
     1     1    10     4     1    17     0     1   -73.0   42.353   93.757    304.8    850.6
     1     1    10     4     1    16     0     2   -74.0   42.338   93.795    255.5    853.3
     1     1    10     4     1    15     0     3   -75.0   42.344   93.853    221.5    852.1
     1     1    10     4     1    14     0     2   -76.0   42.369   93.908    179.1    848.8
     1     1    10     4     1    13     0     1   -77.0   42.415   93.942    112.7    849.2
     1     1    10     4     1    12     0     0   -78.0   42.468   93.949     53.2    851.4
     1     1    10     4     1    11     0     1   -79.0   42.512   93.931     20.6    851.9
     1     1    10     4     1    10     0     2   -80.0   42.544   93.897      3.5    852.0
     1     1    10     4     1     9     0     3   -81.0   42.566   93.851      0.0    854.5
     1     1    10     4     1     8     0     2   -82.0   42.576   93.805      0.0    858.2
     1     1    10     4     1     7     0     1   -83.0   42.573   93.772      0.0    862.1
     1     1    10     4     1     6     0     0   -84.0   42.557   93.753      0.0    865.6
     1     1    10     4     1     5     0     1   -85.0   42.533   93.755      0.0    868.4
     1     1    10     4     1     4     0     2   -86.0   42.506   93.783      0.0    869.4
     1     1    10     4     1     3     0     3   -87.0   42.473   93.837      0.0    869.1
     1     1    10     4     1     2     0     2   -88.0   42.441   93.909      0.0    866.8
     1     1    10     4     1     1     0     1   -89.0   42.416   93.988      0.7    863.9
     1     1    10     4     1     0     0     0   -90.0   42.396   94.072      2.3    864.1
     1     1    10     3    31    23     0     1   -91.0   42.381   94.147      3.3    864.3
     1     1    10     3    31    22     0     2   -92.0   42.375   94.200      2.6    864.0
     1     1    10     3    31    21     0     3   -93.0   42.377   94.231      0.1    863.3
     1     1    10     3    31    20     0     2   -94.0   42.382   94.245      0.0    862.3
     1     1    10     3    31    19     0     1   -95.0   42.386   94.248      0.0    861.7
     1     1    10     3    31    18     0     0   -96.0   42.388   94.240      0.0    861.4
