     7     1
    GDAS    10     3    22     0     0
    GDAS    10     4     8     0     0
    GDAS    10     4    15     0     0
    GDAS    10     4    22     0     0
    GDAS    10     4    29     0     0
    GDAS    10     4     1     0     0
    GDAS    10     3    29     0     0
     1 BACKWARD OMEGA   
    10     4    10     6   39.977  116.381  8400.0
     1 PRESSURE
     1     1    10     4    10     6     0     0     0.0   39.977  116.381   8153.2    330.4
     1     1    10     4    10     5     0     1    -1.0   39.856  114.027   7961.8    295.3
     1     1    10     4    10     4     0     2    -2.0   39.811  111.722   7923.6    290.2
     1     1    10     4    10     3     0     3    -3.0   39.849  109.515   7933.0    291.5
     1     1    10     4    10     2     0     2    -4.0   39.997  107.343   7972.2    292.2
     1     1    10     4    10     1     0     1    -5.0   40.203  105.123   8156.5    280.4
     1     1    10     4    10     0     0     0    -6.0   40.503  102.783   8220.5    277.1
     1     1    10     4     9    23     0     1    -7.0   40.896  100.428   8376.7    277.6
     1     1    10     4     9    22     0     2    -8.0   41.240   98.041   8135.3    274.4
     1     1    10     4     9    21     0     3    -9.0   41.545   95.609   7969.6    270.1
     1     1    10     4     9    20     0     2   -10.0   41.849   93.190   8105.5    298.0
     1     1    10     4     9    19     0     1   -11.0   42.172   90.934   7831.9    307.8
     1     1    10     4     9    18     0     0   -12.0   42.606   88.664   7964.8    314.4
     1     1    10     4     9    17     0     1   -13.0   43.091   86.332   7309.8    239.9
     1     1    10     4     9    16     0     2   -14.0   43.684   84.004   7500.2    249.9
     1     1    10     4     9    15     0     3   -15.0   44.354   81.629   7906.5    292.4
     1     1    10     4     9    14     0     2   -16.0   45.035   79.292   7619.6    276.9
     1     1    10     4     9    13     0     1   -17.0   45.664   77.043   8000.4    335.9
     1     1    10     4     9    12     0     0   -18.0   46.224   74.843   7874.1    342.1
     1     1    10     4     9    11     0     1   -19.0   46.809   72.697   7816.7    336.4
     1     1    10     4     9    10     0     2   -20.0   47.369   70.654   7935.4    335.7
     1     1    10     4     9     9     0     3   -21.0   47.861   68.779   8091.8    332.8
     1     1    10     4     9     8     0     2   -22.0   48.304   66.957   8198.0    321.0
     1     1    10     4     9     7     0     1   -23.0   48.649   65.204   8392.2    325.8
     1     1    10     4     9     6     0     0   -24.0   48.900   63.564   8493.3    326.0
     1     1    10     4     9     5     0     1   -25.0   49.072   62.044   8529.1    324.1
     1     1    10     4     9     4     0     2   -26.0   49.151   60.624   8529.5    320.9
     1     1    10     4     9     3     0     3   -27.0   49.158   59.293   8524.4    316.8
     1     1    10     4     9     2     0     2   -28.0   49.101   58.052   8567.7    313.6
     1     1    10     4     9     1     0     1   -29.0   48.982   56.962   8624.1    315.7
     1     1    10     4     9     0     0     0   -30.0   48.817   56.018   8602.1    318.7
     1     1    10     4     8    23     0     1   -31.0   48.629   55.173   8558.4    323.5
     1     1    10     4     8    22     0     2   -32.0   48.436   54.430   8514.6    328.3
     1     1    10     4     8    21     0     3   -33.0   48.238   53.792   8475.7    332.6
     1     1    10     4     8    20     0     2   -34.0   48.034   53.208   8418.9    335.6
     1     1    10     4     8    19     0     1   -35.0   47.816   52.636   8339.7    341.0
     1     1    10     4     8    18     0     0   -36.0   47.579   52.063   8271.0    345.9
     1     1    10     4     8    17     0     1   -37.0   47.314   51.500   8229.9    348.7
     1     1    10     4     8    16     0     2   -38.0   47.008   50.950   8227.6    347.8
     1     1    10     4     8    15     0     3   -39.0   46.640   50.359   8261.0    346.0
     1     1    10     4     8    14     0     2   -40.0   46.189   49.737   8291.4    344.1
     1     1    10     4     8    13     0     1   -41.0   45.651   49.161   8251.3    343.5
     1     1    10     4     8    12     0     0   -42.0   45.016   48.586   8173.7    350.1
     1     1    10     4     8    11     0     1   -43.0   44.294   47.950   8080.5    355.4
     1     1    10     4     8    10     0     2   -44.0   43.512   47.258   7847.2    357.0
     1     1    10     4     8     9     0     3   -45.0   42.617   46.445   7329.2    332.0
     1     1    10     4     8     8     0     2   -46.0   41.597   45.474   7315.3    335.4
     1     1    10     4     8     7     0     1   -47.0   40.550   44.455   6942.7    329.8
     1     1    10     4     8     6     0     0   -48.0   39.427   43.263   6767.4    322.4
     1     1    10     4     8     5     0     1   -49.0   38.290   41.986   6766.7    344.0
     1     1    10     4     8     4     0     2   -50.0   37.260   40.844   6714.9    392.2
     1     1    10     4     8     3     0     3   -51.0   36.346   39.773   6457.6    422.9
     1     1    10     4     8     2     0     2   -52.0   35.527   38.572   6305.4    421.6
     1     1    10     4     8     1     0     1   -53.0   34.818   37.312   5748.3    447.6
     1     1    10     4     8     0     0     0   -54.0   34.270   36.083   5356.8    459.1
     1     1    10     4     7    23     0     1   -55.0   33.852   34.763   5682.2    491.9
     1     1    10     4     7    22     0     2   -56.0   33.549   33.448   5625.0    500.5
     1     1    10     4     7    21     0     3   -57.0   33.390   32.130   5627.1    499.3
     1     1    10     4     7    20     0     2   -58.0   33.387   30.829   5682.9    495.4
     1     1    10     4     7    19     0     1   -59.0   33.532   29.568   5723.2    492.6
     1     1    10     4     7    18     0     0   -60.0   33.845   28.355   5792.8    488.5
     1     1    10     4     7    17     0     1   -61.0   34.277   27.136   5980.4    476.2
     1     1    10     4     7    16     0     2   -62.0   34.841   25.916   6314.5    452.9
     1     1    10     4     7    15     0     3   -63.0   35.637   24.637   6929.1    413.2
     1     1    10     4     7    14     0     2   -64.0   36.519   23.347   7373.4    383.5
     1     1    10     4     7    13     0     1   -65.0   37.440   22.146   7658.3    352.1
     1     1    10     4     7    12     0     0   -66.0   38.416   21.049   7942.2    350.6
     1     1    10     4     7    11     0     1   -67.0   39.365   20.095   8173.2    339.8
     1     1    10     4     7    10     0     2   -68.0   40.349   19.331   8435.0    327.3
     1     1    10     4     7     9     0     3   -69.0   41.422   18.768   8804.1    317.0
     1     1    10     4     7     8     0     2   -70.0   42.493   18.349   8698.0    302.9
     1     1    10     4     7     7     0     1   -71.0   43.619   18.042   8614.3    284.8
     1     1    10     4     7     6     0     0   -72.0   44.775   17.793   8813.4    296.4
     1     1    10     4     7     5     0     1   -73.0   45.884   17.617   8898.6    303.5
     1     1    10     4     7     4     0     2   -74.0   46.927   17.527   8878.9    302.8
     1     1    10     4     7     3     0     3   -75.0   47.895   17.499   8892.9    305.3
     1     1    10     4     7     2     0     2   -76.0   48.816   17.539   8852.2    300.1
     1     1    10     4     7     1     0     1   -77.0   49.718   17.607   8856.6    294.0
     1     1    10     4     7     0     0     0   -78.0   50.582   17.693   8938.7    297.0
     1     1    10     4     6    23     0     1   -79.0   51.412   17.825   9030.9    298.5
     1     1    10     4     6    22     0     2   -80.0   52.251   17.933   9110.3    296.3
     1     1    10     4     6    21     0     3   -81.0   53.100   17.971   9167.0    294.0
     1     1    10     4     6    20     0     2   -82.0   53.948   17.934   9146.5    292.3
     1     1    10     4     6    19     0     1   -83.0   54.791   17.766   9158.4    296.7
     1     1    10     4     6    18     0     0   -84.0   55.611   17.413   9176.3    297.6
     1     1    10     4     6    17     0     1   -85.0   56.410   16.898   9198.8    296.0
     1     1    10     4     6    16     0     2   -86.0   57.204   16.271   9221.2    291.0
     1     1    10     4     6    15     0     3   -87.0   57.964   15.554   9259.7    286.3
     1     1    10     4     6    14     0     2   -88.0   58.674   14.744   9353.8    283.3
     1     1    10     4     6    13     0     1   -89.0   59.329   13.821   9425.6    279.4
     1     1    10     4     6    12     0     0   -90.0   59.884   12.822   9439.9    275.5
     1     1    10     4     6    11     0     1   -91.0   60.334   11.796   9460.4    270.2
     1     1    10     4     6    10     0     2   -92.0   60.687   10.730   9489.0    263.0
     1     1    10     4     6     9     0     3   -93.0   60.919    9.627   9383.7    253.8
     1     1    10     4     6     8     0     2   -94.0   61.044    8.519   9261.2    245.9
     1     1    10     4     6     7     0     1   -95.0   61.090    7.406   9342.3    245.8
     1     1    10     4     6     6     0     0   -96.0   61.037    6.294   9512.7    250.9
