     5     1
    GDAS    10     3     1     0     0
    GDAS    10     3     8     0     0
    GDAS    10     3    15     0     0
    GDAS    10     3    22     0     0
    GDAS    10     3    29     0     0
     1 BACKWARD OMEGA   
    10     3    16     0   39.977  116.381  4800.0
     1 PRESSURE
     1     1    10     3    16     0     0     0     0.0   39.977  116.381   4555.2    543.6
     1     1    10     3    15    23     0     1    -1.0   40.656  114.877   4451.2    474.6
     1     1    10     3    15    22     0     2    -2.0   41.487  113.308   4435.8    463.7
     1     1    10     3    15    21     0     3    -3.0   42.342  111.775   4502.3    473.3
     1     1    10     3    15    20     0     2    -4.0   43.165  110.353   4593.7    480.2
     1     1    10     3    15    19     0     1    -5.0   43.987  109.021   4707.7    486.5
     1     1    10     3    15    18     0     0    -6.0   44.839  107.707   4701.4    472.0
     1     1    10     3    15    17     0     1    -7.0   45.700  106.395   4672.5    455.9
     1     1    10     3    15    16     0     2    -8.0   46.590  105.174   4638.1    454.8
     1     1    10     3    15    15     0     3    -9.0   47.516  104.053   4700.2    453.5
     1     1    10     3    15    14     0     2   -10.0   48.465  102.980   4798.9    440.9
     1     1    10     3    15    13     0     1   -11.0   49.448  101.964   4843.7    438.7
     1     1    10     3    15    12     0     0   -12.0   50.466  101.006   4836.9    423.1
     1     1    10     3    15    11     0     1   -13.0   51.515   99.990   4869.1    403.8
     1     1    10     3    15    10     0     2   -14.0   52.535   98.915   4906.6    397.6
     1     1    10     3    15     9     0     3   -15.0   53.458   97.867   5052.5    421.1
     1     1    10     3    15     8     0     2   -16.0   54.276   96.891   5099.7    422.3
     1     1    10     3    15     7     0     1   -17.0   54.974   96.083   5366.6    456.7
     1     1    10     3    15     6     0     0   -18.0   55.584   95.394   5553.8    456.6
     1     1    10     3    15     5     0     1   -19.0   56.154   94.788   5749.4    451.4
     1     1    10     3    15     4     0     2   -20.0   56.712   94.265   5899.9    443.5
     1     1    10     3    15     3     0     3   -21.0   57.266   93.788   6042.5    437.1
     1     1    10     3    15     2     0     2   -22.0   57.810   93.328   6178.1    433.7
     1     1    10     3    15     1     0     1   -23.0   58.342   92.846   6288.8    424.4
     1     1    10     3    15     0     0     0   -24.0   58.848   92.321   6392.7    416.5
     1     1    10     3    14    23     0     1   -25.0   59.322   91.744   6465.7    411.3
     1     1    10     3    14    22     0     2   -26.0   59.763   91.108   6505.0    409.9
     1     1    10     3    14    21     0     3   -27.0   60.156   90.406   6522.7    413.8
     1     1    10     3    14    20     0     2   -28.0   60.487   89.657   6541.8    418.0
     1     1    10     3    14    19     0     1   -29.0   60.761   88.857   6592.2    413.3
     1     1    10     3    14    18     0     0   -30.0   60.967   87.967   6635.4    408.7
     1     1    10     3    14    17     0     1   -31.0   61.098   86.981   6623.5    409.3
     1     1    10     3    14    16     0     2   -32.0   61.182   85.955   6601.7    412.0
     1     1    10     3    14    15     0     3   -33.0   61.208   84.918   6615.7    410.8
     1     1    10     3    14    14     0     2   -34.0   61.162   83.876   6585.9    413.6
     1     1    10     3    14    13     0     1   -35.0   61.063   82.793   6489.4    420.5
     1     1    10     3    14    12     0     0   -36.0   60.932   81.670   6431.3    426.1
     1     1    10     3    14    11     0     1   -37.0   60.748   80.531   6400.1    427.4
     1     1    10     3    14    10     0     2   -38.0   60.506   79.375   6381.6    429.6
     1     1    10     3    14     9     0     3   -39.0   60.232   78.163   6331.8    432.6
     1     1    10     3    14     8     0     2   -40.0   59.911   76.916   6225.8    437.4
     1     1    10     3    14     7     0     1   -41.0   59.546   75.736   6130.5    443.6
     1     1    10     3    14     6     0     0   -42.0   59.159   74.561   6050.8    448.5
     1     1    10     3    14     5     0     1   -43.0   58.737   73.393   5953.9    454.4
     1     1    10     3    14     4     0     2   -44.0   58.313   72.302   5842.1    461.6
     1     1    10     3    14     3     0     3   -45.0   57.876   71.236   5752.5    468.1
     1     1    10     3    14     2     0     2   -46.0   57.415   70.185   5638.4    476.2
     1     1    10     3    14     1     0     1   -47.0   56.942   69.093   5499.7    485.3
     1     1    10     3    14     0     0     0   -48.0   56.470   68.004   5320.0    495.7
     1     1    10     3    13    23     0     1   -49.0   55.957   66.961   5102.7    508.9
     1     1    10     3    13    22     0     2   -50.0   55.419   65.980   4882.2    526.0
     1     1    10     3    13    21     0     3   -51.0   54.863   65.037   4651.6    544.1
     1     1    10     3    13    20     0     2   -52.0   54.295   64.146   4431.2    559.0
     1     1    10     3    13    19     0     1   -53.0   53.738   63.317   4233.9    573.9
     1     1    10     3    13    18     0     0   -54.0   53.218   62.553   4046.1    586.0
     1     1    10     3    13    17     0     1   -55.0   52.722   61.881   3810.1    604.9
     1     1    10     3    13    16     0     2   -56.0   52.284   61.213   3662.7    615.8
     1     1    10     3    13    15     0     3   -57.0   51.910   60.451   3638.8    616.8
     1     1    10     3    13    14     0     2   -58.0   51.567   59.596   3671.2    608.9
     1     1    10     3    13    13     0     1   -59.0   51.240   58.719   3645.3    613.5
     1     1    10     3    13    12     0     0   -60.0   50.966   57.688   3606.7    613.8
     1     1    10     3    13    11     0     1   -61.0   50.685   56.615   3536.9    624.9
     1     1    10     3    13    10     0     2   -62.0   50.346   55.554   3499.9    633.5
     1     1    10     3    13     9     0     3   -63.0   49.982   54.365   3579.9    630.8
     1     1    10     3    13     8     0     2   -64.0   49.625   53.174   3633.0    632.7
     1     1    10     3    13     7     0     1   -65.0   49.251   51.997   3638.7    637.4
     1     1    10     3    13     6     0     0   -66.0   48.851   50.777   3710.9    632.9
     1     1    10     3    13     5     0     1   -67.0   48.448   49.577   3841.5    621.0
     1     1    10     3    13     4     0     2   -68.0   48.033   48.371   3975.8    609.4
     1     1    10     3    13     3     0     3   -69.0   47.650   47.146   4058.6    603.9
     1     1    10     3    13     2     0     2   -70.0   47.278   45.897   4094.0    600.2
     1     1    10     3    13     1     0     1   -71.0   46.868   44.635   4078.4    597.9
     1     1    10     3    13     0     0     0   -72.0   46.471   43.435   4099.9    595.2
     1     1    10     3    12    23     0     1   -73.0   46.076   42.260   4184.1    588.2
     1     1    10     3    12    22     0     2   -74.0   45.665   41.131   4186.9    582.8
     1     1    10     3    12    21     0     3   -75.0   45.266   40.085   4180.1    590.4
     1     1    10     3    12    20     0     2   -76.0   44.863   39.080   4121.9    593.2
     1     1    10     3    12    19     0     1   -77.0   44.454   38.098   4097.2    598.6
     1     1    10     3    12    18     0     0   -78.0   44.075   37.122   4073.4    607.3
     1     1    10     3    12    17     0     1   -79.0   43.716   36.169   4017.5    607.3
     1     1    10     3    12    16     0     2   -80.0   43.346   35.224   3966.7    613.8
     1     1    10     3    12    15     0     3   -81.0   42.952   34.221   3884.0    617.6
     1     1    10     3    12    14     0     2   -82.0   42.556   33.201   3783.3    619.3
     1     1    10     3    12    13     0     1   -83.0   42.154   32.232   3735.6    631.2
     1     1    10     3    12    12     0     0   -84.0   41.742   31.293   3703.6    624.9
     1     1    10     3    12    11     0     1   -85.0   41.337   30.363   3678.1    628.0
     1     1    10     3    12    10     0     2   -86.0   40.941   29.429   3671.4    630.5
     1     1    10     3    12     9     0     3   -87.0   40.583   28.494   3715.0    620.2
     1     1    10     3    12     8     0     2   -88.0   40.271   27.565   3727.3    619.8
     1     1    10     3    12     7     0     1   -89.0   39.968   26.616   3734.6    617.8
     1     1    10     3    12     6     0     0   -90.0   39.698   25.680   3890.0    618.9
     1     1    10     3    12     5     0     1   -91.0   39.502   24.731   3971.7    613.1
     1     1    10     3    12     4     0     2   -92.0   39.347   23.702   3858.9    617.3
     1     1    10     3    12     3     0     3   -93.0   39.153   22.515   3824.3    592.4
     1     1    10     3    12     2     0     2   -94.0   38.880   21.125   4248.4    555.5
     1     1    10     3    12     1     0     1   -95.0   38.649   19.800   4381.0    583.1
     1     1    10     3    12     0     0     0   -96.0   38.450   18.528   4401.7    580.5
