     7     1
    GDAS    10     3    22     0     0
    GDAS    10     4     8     0     0
    GDAS    10     4    15     0     0
    GDAS    10     4    22     0     0
    GDAS    10     4    29     0     0
    GDAS    10     4     1     0     0
    GDAS    10     3    29     0     0
     1 BACKWARD OMEGA   
    10     4     2    12   39.977  116.381  8600.0
     1 PRESSURE
     1     1    10     4     2    12     0     0     0.0   39.977  116.381   8353.9    317.8
     1     1    10     4     2    11     0     1    -1.0   40.884  114.925   8127.1    277.0
     1     1    10     4     2    10     0     2    -2.0   41.799  113.496   8274.3    265.3
     1     1    10     4     2     9     0     3    -3.0   42.788  112.058   8568.5    266.1
     1     1    10     4     2     8     0     2    -4.0   43.754  110.648   8716.3    263.8
     1     1    10     4     2     7     0     1    -5.0   44.660  109.312   8753.7    264.0
     1     1    10     4     2     6     0     0    -6.0   45.585  107.974   8760.1    253.9
     1     1    10     4     2     5     0     1    -7.0   46.506  106.636   8743.5    244.9
     1     1    10     4     2     4     0     2    -8.0   47.413  105.286   8782.1    248.4
     1     1    10     4     2     3     0     3    -9.0   48.307  103.887   8863.4    249.0
     1     1    10     4     2     2     0     2   -10.0   49.146  102.440   8762.4    244.5
     1     1    10     4     2     1     0     1   -11.0   49.916  100.941   8698.3    238.0
     1     1    10     4     2     0     0     0   -12.0   50.603   99.428   8550.5    232.7
     1     1    10     4     1    23     0     1   -13.0   51.218   97.899   8492.0    237.8
     1     1    10     4     1    22     0     2   -14.0   51.811   96.217   8636.4    244.6
     1     1    10     4     1    21     0     3   -15.0   52.355   94.444   8743.0    253.5
     1     1    10     4     1    20     0     2   -16.0   52.790   92.464   8879.9    263.4
     1     1    10     4     1    19     0     1   -17.0   53.077   90.424   8950.9    268.9
     1     1    10     4     1    18     0     0   -18.0   53.282   88.473   8744.1    278.1
     1     1    10     4     1    17     0     1   -19.0   53.424   86.422   8834.2    288.5
     1     1    10     4     1    16     0     2   -20.0   53.517   84.450   8772.2    297.4
     1     1    10     4     1    15     0     3   -21.0   53.584   82.533   8728.0    301.8
     1     1    10     4     1    14     0     2   -22.0   53.641   80.612   8707.4    304.8
     1     1    10     4     1    13     0     1   -23.0   53.700   78.722   8713.0    307.6
     1     1    10     4     1    12     0     0   -24.0   53.705   76.862   8695.8    308.9
     1     1    10     4     1    11     0     1   -25.0   53.646   75.055   8657.3    312.2
     1     1    10     4     1    10     0     2   -26.0   53.598   73.388   8593.6    315.2
     1     1    10     4     1     9     0     3   -27.0   53.567   71.898   8536.8    317.4
     1     1    10     4     1     8     0     2   -28.0   53.533   70.552   8443.3    318.1
     1     1    10     4     1     7     0     1   -29.0   53.518   69.316   8331.5    322.4
     1     1    10     4     1     6     0     0   -30.0   53.529   68.193   8227.0    329.0
     1     1    10     4     1     5     0     1   -31.0   53.548   67.159   8133.4    336.2
     1     1    10     4     1     4     0     2   -32.0   53.580   66.178   8026.6    342.4
     1     1    10     4     1     3     0     3   -33.0   53.635   65.226   7947.8    348.4
     1     1    10     4     1     2     0     2   -34.0   53.708   64.280   7915.0    350.8
     1     1    10     4     1     1     0     1   -35.0   53.803   63.346   7906.8    350.9
     1     1    10     4     1     0     0     0   -36.0   53.932   62.429   7915.3    350.0
     1     1    10     3    31    23     0     1   -37.0   54.066   61.554   7900.1    348.8
     1     1    10     3    31    22     0     2   -38.0   54.181   60.739   7870.8    347.1
     1     1    10     3    31    21     0     3   -39.0   54.283   59.953   7869.3    342.9
     1     1    10     3    31    20     0     2   -40.0   54.374   59.165   7855.4    335.9
     1     1    10     3    31    19     0     1   -41.0   54.458   58.384   7836.6    335.3
     1     1    10     3    31    18     0     0   -42.0   54.537   57.636   7821.4    342.1
     1     1    10     3    31    17     0     1   -43.0   54.605   56.918   7825.1    352.0
     1     1    10     3    31    16     0     2   -44.0   54.660   56.212   7818.2    358.5
     1     1    10     3    31    15     0     3   -45.0   54.708   55.515   7781.5    360.7
     1     1    10     3    31    14     0     2   -46.0   54.747   54.815   7734.1    362.5
     1     1    10     3    31    13     0     1   -47.0   54.781   54.098   7711.9    362.4
     1     1    10     3    31    12     0     0   -48.0   54.809   53.356   7733.9    361.1
     1     1    10     3    31    11     0     1   -49.0   54.816   52.598   7764.5    359.8
     1     1    10     3    31    10     0     2   -50.0   54.788   51.835   7798.3    359.3
     1     1    10     3    31     9     0     3   -51.0   54.726   51.052   7847.6    358.0
     1     1    10     3    31     8     0     2   -52.0   54.640   50.279   7897.2    355.6
     1     1    10     3    31     7     0     1   -53.0   54.536   49.547   7936.6    354.2
     1     1    10     3    31     6     0     0   -54.0   54.410   48.842   7954.0    352.7
     1     1    10     3    31     5     0     1   -55.0   54.271   48.191   7921.6    351.2
     1     1    10     3    31     4     0     2   -56.0   54.128   47.633   7861.5    353.5
     1     1    10     3    31     3     0     3   -57.0   53.982   47.185   7786.2    356.6
     1     1    10     3    31     2     0     2   -58.0   53.826   46.788   7729.9    360.6
     1     1    10     3    31     1     0     1   -59.0   53.657   46.383   7720.7    361.7
     1     1    10     3    31     0     0     0   -60.0   53.478   45.979   7758.7    360.1
     1     1    10     3    30    23     0     1   -61.0   53.291   45.583   7822.0    355.8
     1     1    10     3    30    22     0     2   -62.0   53.103   45.196   7887.1    352.6
     1     1    10     3    30    21     0     3   -63.0   52.918   44.801   7940.5    349.7
     1     1    10     3    30    20     0     2   -64.0   52.722   44.389   7985.6    347.8
     1     1    10     3    30    19     0     1   -65.0   52.491   43.960   8036.9    345.3
     1     1    10     3    30    18     0     0   -66.0   52.222   43.520   8098.0    343.4
     1     1    10     3    30    17     0     1   -67.0   51.915   43.099   8150.5    341.8
     1     1    10     3    30    16     0     2   -68.0   51.566   42.714   8186.2    341.3
     1     1    10     3    30    15     0     3   -69.0   51.161   42.360   8252.3    340.0
     1     1    10     3    30    14     0     2   -70.0   50.704   42.069   8343.3    334.3
     1     1    10     3    30    13     0     1   -71.0   50.208   41.879   8408.9    330.1
     1     1    10     3    30    12     0     0   -72.0   49.670   41.784   8440.9    327.7
     1     1    10     3    30    11     0     1   -73.0   49.100   41.785   8418.9    327.3
     1     1    10     3    30    10     0     2   -74.0   48.528   41.875   8381.1    332.4
     1     1    10     3    30     9     0     3   -75.0   47.941   42.004   8395.4    335.4
     1     1    10     3    30     8     0     2   -76.0   47.337   42.133   8365.4    330.7
     1     1    10     3    30     7     0     1   -77.0   46.747   42.258   8263.3    339.5
     1     1    10     3    30     6     0     0   -78.0   46.152   42.397   8173.6    344.4
     1     1    10     3    30     5     0     1   -79.0   45.555   42.511   8046.0    345.4
     1     1    10     3    30     4     0     2   -80.0   44.950   42.539   7904.6    344.1
     1     1    10     3    30     3     0     3   -81.0   44.329   42.471   7679.0    337.4
     1     1    10     3    30     2     0     2   -82.0   43.691   42.371   7329.2    327.4
     1     1    10     3    30     1     0     1   -83.0   43.022   42.277   6947.8    308.6
     1     1    10     3    30     0     0     0   -84.0   42.334   42.160   7272.2    354.2
     1     1    10     3    29    23     0     1   -85.0   41.666   41.999   7320.3    347.1
     1     1    10     3    29    22     0     2   -86.0   41.015   41.781   6910.4    321.2
     1     1    10     3    29    21     0     3   -87.0   40.369   41.492   6748.9    331.6
     1     1    10     3    29    20     0     2   -88.0   39.689   41.081   6844.5    318.9
     1     1    10     3    29    19     0     1   -89.0   38.964   40.555   7057.4    315.6
     1     1    10     3    29    18     0     0   -90.0   38.305   39.999   7142.3    345.5
     1     1    10     3    29    17     0     1   -91.0   37.699   39.384   7137.2    360.4
     1     1    10     3    29    16     0     2   -92.0   37.102   38.665   7088.1    372.2
     1     1    10     3    29    15     0     3   -93.0   36.552   37.896   6979.1    390.6
     1     1    10     3    29    14     0     2   -94.0   36.032   37.075   6863.2    399.4
     1     1    10     3    29    13     0     1   -95.0   35.535   36.193   6773.5    412.6
     1     1    10     3    29    12     0     0   -96.0   35.090   35.247   6862.6    422.0
