     5     1
    GDAS    10     3     1     0     0
    GDAS    10     3     8     0     0
    GDAS    10     3    15     0     0
    GDAS    10     3    22     0     0
    GDAS    10     3    29     0     0
     1 BACKWARD OMEGA   
    10     3    27    18   39.977  116.381  7800.0
     1 PRESSURE
     1     1    10     3    27    18     0     0     0.0   39.977  116.381   7558.7    357.5
     1     1    10     3    27    17     0     1    -1.0   41.073  115.846   7454.4    313.0
     1     1    10     3    27    16     0     2    -2.0   42.236  115.404   7574.7    299.4
     1     1    10     3    27    15     0     3    -3.0   43.422  115.019   7761.6    299.1
     1     1    10     3    27    14     0     2    -4.0   44.641  114.603   7919.6    285.9
     1     1    10     3    27    13     0     1    -5.0   45.847  114.190   7975.5    288.4
     1     1    10     3    27    12     0     0    -6.0   47.081  113.763   8132.3    289.8
     1     1    10     3    27    11     0     1    -7.0   48.328  113.285   8235.7    286.5
     1     1    10     3    27    10     0     2    -8.0   49.543  112.706   8260.1    277.9
     1     1    10     3    27     9     0     3    -9.0   50.724  112.022   8260.9    275.3
     1     1    10     3    27     8     0     2   -10.0   51.906  111.210   8329.6    277.5
     1     1    10     3    27     7     0     1   -11.0   53.000  110.245   8264.4    268.3
     1     1    10     3    27     6     0     0   -12.0   53.978  109.170   8495.7    284.2
     1     1    10     3    27     5     0     1   -13.0   54.873  108.009   8392.4    278.7
     1     1    10     3    27     4     0     2   -14.0   55.648  106.732   8469.8    282.8
     1     1    10     3    27     3     0     3   -15.0   56.317  105.385   8434.2    288.1
     1     1    10     3    27     2     0     2   -16.0   56.945  103.906   8471.9    295.8
     1     1    10     3    27     1     0     1   -17.0   57.480  102.289   8456.2    296.8
     1     1    10     3    27     0     0     0   -18.0   57.920  100.572   8491.4    298.2
     1     1    10     3    26    23     0     1   -19.0   58.307   98.720   8501.7    298.9
     1     1    10     3    26    22     0     2   -20.0   58.585   96.806   8497.1    296.7
     1     1    10     3    26    21     0     3   -21.0   58.752   94.860   8501.1    295.1
     1     1    10     3    26    20     0     2   -22.0   58.834   92.824   8550.3    294.9
     1     1    10     3    26    19     0     1   -23.0   58.778   90.746   8633.8    298.0
     1     1    10     3    26    18     0     0   -24.0   58.607   88.653   8636.6    298.2
     1     1    10     3    26    17     0     1   -25.0   58.338   86.518   8637.8    298.2
     1     1    10     3    26    16     0     2   -26.0   57.900   84.480   8621.1    300.5
     1     1    10     3    26    15     0     3   -27.0   57.384   82.467   8611.5    300.5
     1     1    10     3    26    14     0     2   -28.0   56.767   80.316   8600.8    298.7
     1     1    10     3    26    13     0     1   -29.0   56.049   78.178   8526.5    302.9
     1     1    10     3    26    12     0     0   -30.0   55.257   76.036   8439.4    307.3
     1     1    10     3    26    11     0     1   -31.0   54.313   73.830   8343.8    311.1
     1     1    10     3    26    10     0     2   -32.0   53.316   71.525   8196.3    314.9
     1     1    10     3    26     9     0     3   -33.0   52.265   69.174   7842.3    325.7
     1     1    10     3    26     8     0     2   -34.0   51.255   66.828   7688.5    336.3
     1     1    10     3    26     7     0     1   -35.0   50.357   64.446   7682.2    344.1
     1     1    10     3    26     6     0     0   -36.0   49.556   62.071   7575.1    350.6
     1     1    10     3    26     5     0     1   -37.0   48.955   59.766   7459.5    354.7
     1     1    10     3    26     4     0     2   -38.0   48.604   57.502   7430.6    356.0
     1     1    10     3    26     3     0     3   -39.0   48.410   55.193   7538.1    357.7
     1     1    10     3    26     2     0     2   -40.0   48.438   52.937   7696.4    356.1
     1     1    10     3    26     1     0     1   -41.0   48.753   50.811   7785.1    352.6
     1     1    10     3    26     0     0     0   -42.0   49.262   48.909   7871.0    348.1
     1     1    10     3    25    23     0     1   -43.0   49.976   47.221   7961.7    341.6
     1     1    10     3    25    22     0     2   -44.0   50.910   45.635   8075.0    330.4
     1     1    10     3    25    21     0     3   -45.0   52.067   44.227   8225.4    317.9
     1     1    10     3    25    20     0     2   -46.0   53.389   42.927   8406.6    310.3
     1     1    10     3    25    19     0     1   -47.0   54.746   41.686   8541.4    304.6
     1     1    10     3    25    18     0     0   -48.0   56.117   40.454   8650.4    300.1
     1     1    10     3    25    17     0     1   -49.0   57.544   39.145   8764.5    293.7
     1     1    10     3    25    16     0     2   -50.0   58.935   37.712   8853.5    289.7
     1     1    10     3    25    15     0     3   -51.0   60.261   36.168   8900.0    285.7
     1     1    10     3    25    14     0     2   -52.0   61.600   34.497   8994.9    284.8
     1     1    10     3    25    13     0     1   -53.0   62.874   32.642   9028.8    277.3
     1     1    10     3    25    12     0     0   -54.0   64.068   30.656   9092.7    272.8
     1     1    10     3    25    11     0     1   -55.0   65.195   28.512   9107.3    271.3
     1     1    10     3    25    10     0     2   -56.0   66.170   26.162   9135.3    272.2
     1     1    10     3    25     9     0     3   -57.0   66.983   23.626   9173.6    270.0
     1     1    10     3    25     8     0     2   -58.0   67.683   20.942   9090.6    263.5
     1     1    10     3    25     7     0     1   -59.0   68.264   18.236   8940.9    253.1
     1     1    10     3    25     6     0     0   -60.0   68.731   15.448   9174.8    273.0
     1     1    10     3    25     5     0     1   -61.0   69.083   12.615   9186.7    276.8
     1     1    10     3    25     4     0     2   -62.0   69.347    9.775   9181.9    277.1
     1     1    10     3    25     3     0     3   -63.0   69.513    7.022   9186.7    277.0
     1     1    10     3    25     2     0     2   -64.0   69.600    4.403   9203.6    276.5
     1     1    10     3    25     1     0     1   -65.0   69.611    1.986   9219.5    276.0
     1     1    10     3    25     0     0     0   -66.0   69.566   -0.173   9237.7    275.7
     1     1    10     3    24    23     0     1   -67.0   69.502   -2.099   9253.1    274.9
     1     1    10     3    24    22     0     2   -68.0   69.424   -3.839   9283.0    273.7
     1     1    10     3    24    21     0     3   -69.0   69.323   -5.375   9320.6    272.1
     1     1    10     3    24    20     0     2   -70.0   69.200   -6.694   9351.8    270.7
     1     1    10     3    24    19     0     1   -71.0   69.056   -7.798   9379.8    269.6
     1     1    10     3    24    18     0     0   -72.0   68.889   -8.696   9405.6    268.4
     1     1    10     3    24    17     0     1   -73.0   68.712   -9.472   9423.8    267.6
     1     1    10     3    24    16     0     2   -74.0   68.541  -10.156   9437.4    267.0
     1     1    10     3    24    15     0     3   -75.0   68.381  -10.737   9449.6    266.5
     1     1    10     3    24    14     0     2   -76.0   68.219  -11.216   9458.4    266.0
     1     1    10     3    24    13     0     1   -77.0   68.035  -11.588   9459.3    265.9
     1     1    10     3    24    12     0     0   -78.0   67.825  -11.869   9450.0    266.2
     1     1    10     3    24    11     0     1   -79.0   67.604  -12.039   9438.7    267.0
     1     1    10     3    24    10     0     2   -80.0   67.384  -12.064   9434.4    267.2
     1     1    10     3    24     9     0     3   -81.0   67.160  -11.934   9436.2    267.1
     1     1    10     3    24     8     0     2   -82.0   66.938  -11.705   9437.2    266.8
     1     1    10     3    24     7     0     1   -83.0   66.729  -11.456   9430.8    266.9
     1     1    10     3    24     6     0     0   -84.0   66.535  -11.191   9419.6    267.4
     1     1    10     3    24     5     0     1   -85.0   66.341  -10.936   9407.4    268.0
     1     1    10     3    24     4     0     2   -86.0   66.128  -10.699   9396.0    268.4
     1     1    10     3    24     3     0     3   -87.0   65.892  -10.455   9383.5    268.8
     1     1    10     3    24     2     0     2   -88.0   65.628  -10.251   9365.2    269.5
     1     1    10     3    24     1     0     1   -89.0   65.337  -10.084   9342.1    270.8
     1     1    10     3    24     0     0     0   -90.0   65.009   -9.878   9318.5    272.1
     1     1    10     3    23    23     0     1   -91.0   64.645   -9.679   9295.9    273.4
     1     1    10     3    23    22     0     2   -92.0   64.245   -9.517   9264.9    274.6
     1     1    10     3    23    21     0     3   -93.0   63.785   -9.332   9209.8    276.9
     1     1    10     3    23    20     0     2   -94.0   63.268   -9.211   9135.2    280.8
     1     1    10     3    23    19     0     1   -95.0   62.701   -9.202   9049.0    284.5
     1     1    10     3    23    18     0     0   -96.0   62.052   -9.301   8942.2    289.0
