     7     1
    GDAS    10     3    22     0     0
    GDAS    10     4     8     0     0
    GDAS    10     4    15     0     0
    GDAS    10     4    22     0     0
    GDAS    10     4    29     0     0
    GDAS    10     4     1     0     0
    GDAS    10     3    29     0     0
     1 BACKWARD OMEGA   
    10     4     1    18   39.977  116.381  6800.0
     1 PRESSURE
     1     1    10     4     1    18     0     0     0.0   39.977  116.381   6552.7    408.2
     1     1    10     4     1    17     0     1    -1.0   40.522  114.367   6562.7    347.7
     1     1    10     4     1    16     0     2    -2.0   41.182  112.330   6611.2    333.3
     1     1    10     4     1    15     0     3    -3.0   41.954  110.400   6914.8    329.1
     1     1    10     4     1    14     0     2    -4.0   42.789  108.600   7172.4    324.7
     1     1    10     4     1    13     0     1    -5.0   43.707  106.962   7219.6    320.1
     1     1    10     4     1    12     0     0    -6.0   44.682  105.455   7346.3    309.5
     1     1    10     4     1    11     0     1    -7.0   45.745  104.137   7512.1    297.9
     1     1    10     4     1    10     0     2    -8.0   46.850  102.956   7509.3    282.6
     1     1    10     4     1     9     0     3    -9.0   48.019  101.837   7609.9    282.8
     1     1    10     4     1     8     0     2   -10.0   49.244  100.805   7689.6    278.1
     1     1    10     4     1     7     0     1   -11.0   50.459   99.823   7679.9    266.0
     1     1    10     4     1     6     0     0   -12.0   51.662   98.870   7545.1    263.0
     1     1    10     4     1     5     0     1   -13.0   52.888   97.891   7755.2    272.9
     1     1    10     4     1     4     0     2   -14.0   54.093   96.812   7740.4    272.9
     1     1    10     4     1     3     0     3   -15.0   55.285   95.581   8060.6    308.4
     1     1    10     4     1     2     0     2   -16.0   56.369   94.138   8084.1    318.4
     1     1    10     4     1     1     0     1   -17.0   57.283   92.494   8054.1    325.7
     1     1    10     4     1     0     0     0   -18.0   58.094   90.688   7984.1    333.1
     1     1    10     3    31    23     0     1   -19.0   58.694   88.687   7895.4    338.4
     1     1    10     3    31    22     0     2   -20.0   59.115   86.488   7808.6    344.2
     1     1    10     3    31    21     0     3   -21.0   59.423   84.261   7684.3    350.8
     1     1    10     3    31    20     0     2   -22.0   59.664   82.056   7556.1    360.9
     1     1    10     3    31    19     0     1   -23.0   59.870   79.804   7497.3    365.5
     1     1    10     3    31    18     0     0   -24.0   59.986   77.517   7442.3    368.5
     1     1    10     3    31    17     0     1   -25.0   60.057   75.162   7393.5    370.9
     1     1    10     3    31    16     0     2   -26.0   60.083   72.669   7302.8    376.6
     1     1    10     3    31    15     0     3   -27.0   59.982   70.202   7202.3    384.9
     1     1    10     3    31    14     0     2   -28.0   59.861   67.773   7161.1    388.0
     1     1    10     3    31    13     0     1   -29.0   59.711   65.297   7061.9    394.8
     1     1    10     3    31    12     0     0   -30.0   59.466   62.848   7082.6    391.9
     1     1    10     3    31    11     0     1   -31.0   59.319   60.402   7059.5    390.0
     1     1    10     3    31    10     0     2   -32.0   59.228   58.154   6846.5    392.0
     1     1    10     3    31     9     0     3   -33.0   59.097   56.016   7066.1    392.4
     1     1    10     3    31     8     0     2   -34.0   58.956   54.015   7102.9    385.5
     1     1    10     3    31     7     0     1   -35.0   58.837   52.112   7121.9    388.3
     1     1    10     3    31     6     0     0   -36.0   58.757   50.297   7131.4    388.3
     1     1    10     3    31     5     0     1   -37.0   58.690   48.541   7150.9    388.1
     1     1    10     3    31     4     0     2   -38.0   58.607   46.840   7108.4    390.7
     1     1    10     3    31     3     0     3   -39.0   58.535   45.198   6981.1    399.3
     1     1    10     3    31     2     0     2   -40.0   58.506   43.643   6839.9    408.2
     1     1    10     3    31     1     0     1   -41.0   58.481   42.188   6760.3    412.4
     1     1    10     3    31     0     0     0   -42.0   58.435   40.796   6773.5    412.7
     1     1    10     3    30    23     0     1   -43.0   58.398   39.441   6809.7    409.6
     1     1    10     3    30    22     0     2   -44.0   58.373   38.113   6857.6    407.7
     1     1    10     3    30    21     0     3   -45.0   58.329   36.803   6918.6    402.8
     1     1    10     3    30    20     0     2   -46.0   58.279   35.526   7004.7    397.1
     1     1    10     3    30    19     0     1   -47.0   58.229   34.272   7087.3    390.2
     1     1    10     3    30    18     0     0   -48.0   58.157   33.017   7156.6    387.4
     1     1    10     3    30    17     0     1   -49.0   58.052   31.781   7238.2    390.0
     1     1    10     3    30    16     0     2   -50.0   57.938   30.583   7307.8    384.9
     1     1    10     3    30    15     0     3   -51.0   57.840   29.394   7392.9    377.4
     1     1    10     3    30    14     0     2   -52.0   57.756   28.188   7470.1    372.7
     1     1    10     3    30    13     0     1   -53.0   57.681   26.974   7477.4    370.4
     1     1    10     3    30    12     0     0   -54.0   57.597   25.763   7449.5    371.2
     1     1    10     3    30    11     0     1   -55.0   57.514   24.589   7412.6    376.1
     1     1    10     3    30    10     0     2   -56.0   57.467   23.460   7388.0    379.0
     1     1    10     3    30     9     0     3   -57.0   57.455   22.332   7371.4    377.8
     1     1    10     3    30     8     0     2   -58.0   57.452   21.175   7354.9    379.8
     1     1    10     3    30     7     0     1   -59.0   57.447   19.972   7346.9    380.5
     1     1    10     3    30     6     0     0   -60.0   57.437   18.707   7388.7    377.4
     1     1    10     3    30     5     0     1   -61.0   57.399   17.414   7445.2    373.5
     1     1    10     3    30     4     0     2   -62.0   57.335   16.115   7479.7    365.5
     1     1    10     3    30     3     0     3   -63.0   57.257   14.781   7478.6    360.0
     1     1    10     3    30     2     0     2   -64.0   57.167   13.463   7506.5    361.1
     1     1    10     3    30     1     0     1   -65.0   57.061   12.196   7586.5    363.0
     1     1    10     3    30     0     0     0   -66.0   56.917   10.933   7700.7    358.2
     1     1    10     3    29    23     0     1   -67.0   56.754    9.652   7746.1    353.8
     1     1    10     3    29    22     0     2   -68.0   56.603    8.385   7709.0    356.7
     1     1    10     3    29    21     0     3   -69.0   56.458    7.107   7655.8    360.6
     1     1    10     3    29    20     0     2   -70.0   56.310    5.819   7648.9    360.9
     1     1    10     3    29    19     0     1   -71.0   56.160    4.521   7712.4    357.2
     1     1    10     3    29    18     0     0   -72.0   55.965    3.168   7845.1    350.4
     1     1    10     3    29    17     0     1   -73.0   55.702    1.777   7957.6    342.8
     1     1    10     3    29    16     0     2   -74.0   55.408    0.401   7998.3    341.5
     1     1    10     3    29    15     0     3   -75.0   55.079   -0.944   7911.4    344.1
     1     1    10     3    29    14     0     2   -76.0   54.685   -2.227   7644.9    351.0
     1     1    10     3    29    13     0     1   -77.0   54.248   -3.393   7548.0    361.0
     1     1    10     3    29    12     0     0   -78.0   53.756   -4.365   7297.2    378.9
     1     1    10     3    29    11     0     1   -79.0   53.247   -5.190   7055.6    392.2
     1     1    10     3    29    10     0     2   -80.0   52.754   -5.878   6780.2    404.7
     1     1    10     3    29     9     0     3   -81.0   52.292   -6.466   6509.2    422.9
     1     1    10     3    29     8     0     2   -82.0   51.848   -6.971   6282.2    442.8
     1     1    10     3    29     7     0     1   -83.0   51.406   -7.445   6137.2    450.3
     1     1    10     3    29     6     0     0   -84.0   50.939   -7.951   6059.3    456.9
     1     1    10     3    29     5     0     1   -85.0   50.442   -8.425   6003.2    459.1
     1     1    10     3    29     4     0     2   -86.0   49.936   -8.819   5888.9    463.2
     1     1    10     3    29     3     0     3   -87.0   49.396   -9.208   5772.3    478.0
     1     1    10     3    29     2     0     2   -88.0   48.819   -9.610   5732.0    480.4
     1     1    10     3    29     1     0     1   -89.0   48.242  -10.027   5607.4    480.3
     1     1    10     3    29     0     0     0   -90.0   47.674  -10.489   5390.6    504.5
     1     1    10     3    28    23     0     1   -91.0   47.115  -10.960   5240.7    517.9
     1     1    10     3    28    22     0     2   -92.0   46.579  -11.429   5106.1    522.6
     1     1    10     3    28    21     0     3   -93.0   46.029  -11.918   4923.6    537.5
     1     1    10     3    28    20     0     2   -94.0   45.481  -12.441   4762.5    554.4
     1     1    10     3    28    19     0     1   -95.0   44.964  -13.012   4634.1    561.0
     1     1    10     3    28    18     0     0   -96.0   44.415  -13.604   4527.3    572.8
