     7     1
    GDAS    10     3    22     0     0
    GDAS    10     4     8     0     0
    GDAS    10     4    15     0     0
    GDAS    10     4    22     0     0
    GDAS    10     4    29     0     0
    GDAS    10     4     1     0     0
    GDAS    10     3    29     0     0
     1 BACKWARD OMEGA   
    10     4    29    12   39.977  116.381  4800.0
     1 PRESSURE
     1     1    10     4    29    12     0     0     0.0   39.977  116.381   4562.7    552.7
     1     1    10     4    29    11     0     1    -1.0   40.526  116.133   4600.6    508.8
     1     1    10     4    29    10     0     2    -2.0   41.076  115.849   4536.0    482.4
     1     1    10     4    29     9     0     3    -3.0   41.643  115.598   4619.0    476.3
     1     1    10     4    29     8     0     2    -4.0   42.226  115.399   4864.9    453.7
     1     1    10     4    29     7     0     1    -5.0   42.818  115.246   5100.3    439.8
     1     1    10     4    29     6     0     0    -6.0   43.417  115.165   5245.2    437.6
     1     1    10     4    29     5     0     1    -7.0   44.033  115.167   5357.7    432.8
     1     1    10     4    29     4     0     2    -8.0   44.655  115.232   5368.7    425.7
     1     1    10     4    29     3     0     3    -9.0   45.270  115.343   5302.3    436.3
     1     1    10     4    29     2     0     2   -10.0   45.884  115.505   5300.1    449.2
     1     1    10     4    29     1     0     1   -11.0   46.505  115.706   5389.5    448.9
     1     1    10     4    29     0     0     0   -12.0   47.126  115.929   5482.0    450.8
     1     1    10     4    28    23     0     1   -13.0   47.721  116.168   5534.8    450.4
     1     1    10     4    28    22     0     2   -14.0   48.272  116.434   5551.5    449.8
     1     1    10     4    28    21     0     3   -15.0   48.789  116.746   5536.7    450.1
     1     1    10     4    28    20     0     2   -16.0   49.279  117.102   5524.3    450.7
     1     1    10     4    28    19     0     1   -17.0   49.741  117.493   5516.4    448.2
     1     1    10     4    28    18     0     0   -18.0   50.165  117.917   5482.6    447.1
     1     1    10     4    28    17     0     1   -19.0   50.549  118.326   5456.2    450.3
     1     1    10     4    28    16     0     2   -20.0   50.901  118.673   5471.2    449.4
     1     1    10     4    28    15     0     3   -21.0   51.227  118.953   5515.2    447.5
     1     1    10     4    28    14     0     2   -22.0   51.516  119.197   5556.4    443.3
     1     1    10     4    28    13     0     1   -23.0   51.744  119.439   5584.5    441.2
     1     1    10     4    28    12     0     0   -24.0   51.912  119.681   5593.8    441.2
     1     1    10     4    28    11     0     1   -25.0   52.010  119.966   5605.6    443.0
     1     1    10     4    28    10     0     2   -26.0   52.033  120.349   5640.7    441.6
     1     1    10     4    28     9     0     3   -27.0   51.997  120.850   5713.8    437.7
     1     1    10     4    28     8     0     2   -28.0   51.901  121.457   5800.4    425.7
     1     1    10     4    28     7     0     1   -29.0   51.739  122.157   5849.3    412.6
     1     1    10     4    28     6     0     0   -30.0   51.557  122.920   5734.1    416.1
     1     1    10     4    28     5     0     1   -31.0   51.351  123.662   5520.6    445.4
     1     1    10     4    28     4     0     2   -32.0   51.099  124.401   5371.1    465.4
     1     1    10     4    28     3     0     3   -33.0   50.844  125.173   5280.8    479.2
     1     1    10     4    28     2     0     2   -34.0   50.566  125.921   5255.2    482.4
     1     1    10     4    28     1     0     1   -35.0   50.215  126.663   5312.5    480.8
     1     1    10     4    28     0     0     0   -36.0   49.832  127.456   5394.1    483.8
     1     1    10     4    27    23     0     1   -37.0   49.367  128.244   5469.5    478.3
     1     1    10     4    27    22     0     2   -38.0   48.765  129.004   5408.2    473.7
     1     1    10     4    27    21     0     3   -39.0   48.091  129.761   5109.6    492.6
     1     1    10     4    27    20     0     2   -40.0   47.339  130.530   4890.1    523.9
     1     1    10     4    27    19     0     1   -41.0   46.505  131.271   4741.8    534.8
     1     1    10     4    27    18     0     0   -42.0   45.626  132.016   4723.4    536.5
     1     1    10     4    27    17     0     1   -43.0   44.725  132.754   4619.6    544.7
     1     1    10     4    27    16     0     2   -44.0   43.790  133.416   4381.6    550.3
     1     1    10     4    27    15     0     3   -45.0   42.906  133.960   4364.9    564.1
     1     1    10     4    27    14     0     2   -46.0   42.149  134.293   4129.6    597.4
     1     1    10     4    27    13     0     1   -47.0   41.430  134.463   3944.9    616.2
     1     1    10     4    27    12     0     0   -48.0   40.732  134.464   3917.8    622.1
     1     1    10     4    27    11     0     1   -49.0   40.060  134.283   3869.5    616.1
     1     1    10     4    27    10     0     2   -50.0   39.341  133.980   3723.0    632.8
     1     1    10     4    27     9     0     3   -51.0   38.558  133.628   3517.2    647.2
     1     1    10     4    27     8     0     2   -52.0   37.834  133.256   3194.0    681.3
     1     1    10     4    27     7     0     1   -53.0   37.158  132.795   2946.8    700.2
     1     1    10     4    27     6     0     0   -54.0   36.541  132.265   2739.5    721.6
     1     1    10     4    27     5     0     1   -55.0   35.974  131.740   2582.3    733.9
     1     1    10     4    27     4     0     2   -56.0   35.484  131.209   2502.6    750.2
     1     1    10     4    27     3     0     3   -57.0   35.101  130.592   2533.6    746.5
     1     1    10     4    27     2     0     2   -58.0   34.776  129.919   2582.3    734.1
     1     1    10     4    27     1     0     1   -59.0   34.470  129.185   2595.7    732.9
     1     1    10     4    27     0     0     0   -60.0   34.161  128.304   2632.3    732.7
     1     1    10     4    26    23     0     1   -61.0   33.902  127.228   2805.9    716.0
     1     1    10     4    26    22     0     2   -62.0   33.726  126.097   3002.7    698.0
     1     1    10     4    26    21     0     3   -63.0   33.575  124.897   3160.4    682.8
     1     1    10     4    26    20     0     2   -64.0   33.440  123.642   3302.2    672.7
     1     1    10     4    26    19     0     1   -65.0   33.343  122.348   3447.7    659.9
     1     1    10     4    26    18     0     0   -66.0   33.334  121.015   3599.6    648.6
     1     1    10     4    26    17     0     1   -67.0   33.413  119.654   3717.8    634.6
     1     1    10     4    26    16     0     2   -68.0   33.510  118.278   3703.7    638.2
     1     1    10     4    26    15     0     3   -69.0   33.709  116.982   3708.8    638.1
     1     1    10     4    26    14     0     2   -70.0   34.064  115.682   3763.7    632.5
     1     1    10     4    26    13     0     1   -71.0   34.577  114.425   3810.6    624.1
     1     1    10     4    26    12     0     0   -72.0   35.340  113.225   3618.3    619.8
     1     1    10     4    26    11     0     1   -73.0   36.229  111.877   3878.3    545.5
     1     1    10     4    26    10     0     2   -74.0   37.219  110.493   4114.4    518.2
     1     1    10     4    26     9     0     3   -75.0   38.256  109.182   4210.6    507.2
     1     1    10     4    26     8     0     2   -76.0   39.369  108.009   4386.8    480.5
     1     1    10     4    26     7     0     1   -77.0   40.577  107.045   4392.1    492.8
     1     1    10     4    26     6     0     0   -78.0   41.878  106.240   4737.8    470.1
     1     1    10     4    26     5     0     1   -79.0   43.211  105.646   4577.3    469.4
     1     1    10     4    26     4     0     2   -80.0   44.674  105.188   4753.3    456.4
     1     1    10     4    26     3     0     3   -81.0   46.148  104.878   4631.0    457.1
     1     1    10     4    26     2     0     2   -82.0   47.641  104.770   4646.8    467.7
     1     1    10     4    26     1     0     1   -83.0   49.118  104.679   4761.9    470.2
     1     1    10     4    26     0     0     0   -84.0   50.519  104.577   4635.0    467.2
     1     1    10     4    25    23     0     1   -85.0   51.809  104.597   4747.1    498.4
     1     1    10     4    25    22     0     2   -86.0   52.973  104.616   4704.6    505.2
     1     1    10     4    25    21     0     3   -87.0   54.029  104.578   4557.2    505.7
     1     1    10     4    25    20     0     2   -88.0   54.975  104.486   4533.9    515.5
     1     1    10     4    25    19     0     1   -89.0   55.826  104.373   4518.9    521.9
     1     1    10     4    25    18     0     0   -90.0   56.608  104.258   4535.9    529.8
     1     1    10     4    25    17     0     1   -91.0   57.345  104.144   4558.2    531.3
     1     1    10     4    25    16     0     2   -92.0   58.071  104.047   4558.7    525.9
     1     1    10     4    25    15     0     3   -93.0   58.799  103.977   4547.7    532.0
     1     1    10     4    25    14     0     2   -94.0   59.507  103.878   4507.6    541.5
     1     1    10     4    25    13     0     1   -95.0   60.181  103.733   4498.1    543.6
     1     1    10     4    25    12     0     0   -96.0   60.845  103.556   4537.0    539.0
