     7     1
    GDAS    10     3    22     0     0
    GDAS    10     4     8     0     0
    GDAS    10     4    15     0     0
    GDAS    10     4    22     0     0
    GDAS    10     4    29     0     0
    GDAS    10     4     1     0     0
    GDAS    10     3    29     0     0
     1 BACKWARD OMEGA   
    10     4     2    12   39.977  116.381  6600.0
     1 PRESSURE
     1     1    10     4     2    12     0     0     0.0   39.977  116.381   6355.9    427.4
     1     1    10     4     2    11     0     1    -1.0   40.831  115.171   6311.8    369.7
     1     1    10     4     2    10     0     2    -2.0   41.770  113.968   6558.6    345.9
     1     1    10     4     2     9     0     3    -3.0   42.755  112.735   6865.3    344.4
     1     1    10     4     2     8     0     2    -4.0   43.695  111.471   6997.5    342.4
     1     1    10     4     2     7     0     1    -5.0   44.592  110.254   7050.6    345.5
     1     1    10     4     2     6     0     0    -6.0   45.503  109.050   7090.0    330.3
     1     1    10     4     2     5     0     1    -7.0   46.426  107.837   7110.8    320.3
     1     1    10     4     2     4     0     2    -8.0   47.373  106.636   7113.7    313.9
     1     1    10     4     2     3     0     3    -9.0   48.336  105.412   7299.5    320.5
     1     1    10     4     2     2     0     2   -10.0   49.271  104.114   7345.3    311.2
     1     1    10     4     2     1     0     1   -11.0   50.174  102.716   7264.0    303.8
     1     1    10     4     2     0     0     0   -12.0   51.036  101.199   7157.5    294.2
     1     1    10     4     1    23     0     1   -13.0   51.855   99.559   7042.0    285.0
     1     1    10     4     1    22     0     2   -14.0   52.617   97.698   7253.6    297.2
     1     1    10     4     1    21     0     3   -15.0   53.196   95.678   7271.8    316.3
     1     1    10     4     1    20     0     2   -16.0   53.618   93.588   7317.1    340.8
     1     1    10     4     1    19     0     1   -17.0   53.875   91.504   7296.4    355.3
     1     1    10     4     1    18     0     0   -18.0   54.014   89.414   6880.4    353.2
     1     1    10     4     1    17     0     1   -19.0   54.127   87.292   7059.5    374.3
     1     1    10     4     1    16     0     2   -20.0   54.215   85.275   6896.9    390.1
     1     1    10     4     1    15     0     3   -21.0   54.294   83.357   6805.0    401.1
     1     1    10     4     1    14     0     2   -22.0   54.334   81.428   6740.8    407.1
     1     1    10     4     1    13     0     1   -23.0   54.405   79.500   6715.5    410.8
     1     1    10     4     1    12     0     0   -24.0   54.482   77.564   6698.3    414.5
     1     1    10     4     1    11     0     1   -25.0   54.507   75.665   6682.1    415.7
     1     1    10     4     1    10     0     2   -26.0   54.557   73.912   6660.5    417.2
     1     1    10     4     1     9     0     3   -27.0   54.642   72.273   6619.8    421.0
     1     1    10     4     1     8     0     2   -28.0   54.731   70.703   6555.8    424.0
     1     1    10     4     1     7     0     1   -29.0   54.862   69.199   6498.1    428.1
     1     1    10     4     1     6     0     0   -30.0   55.048   67.755   6475.5    429.3
     1     1    10     4     1     5     0     1   -31.0   55.254   66.317   6542.3    425.7
     1     1    10     4     1     4     0     2   -32.0   55.459   64.816   6657.1    419.3
     1     1    10     4     1     3     0     3   -33.0   55.689   63.222   6776.0    410.2
     1     1    10     4     1     2     0     2   -34.0   55.953   61.627   6841.8    404.0
     1     1    10     4     1     1     0     1   -35.0   56.231   60.103   6825.6    394.2
     1     1    10     4     1     0     0     0   -36.0   56.513   58.609   6831.4    398.6
     1     1    10     3    31    23     0     1   -37.0   56.776   57.172   6795.5    407.2
     1     1    10     3    31    22     0     2   -38.0   56.995   55.871   6779.3    410.2
     1     1    10     3    31    21     0     3   -39.0   57.169   54.715   6777.9    413.4
     1     1    10     3    31    20     0     2   -40.0   57.343   53.647   6751.6    413.6
     1     1    10     3    31    19     0     1   -41.0   57.536   52.619   6707.5    416.0
     1     1    10     3    31    18     0     0   -42.0   57.734   51.637   6646.1    420.9
     1     1    10     3    31    17     0     1   -43.0   57.929   50.713   6582.8    424.9
     1     1    10     3    31    16     0     2   -44.0   58.124   49.843   6561.2    426.3
     1     1    10     3    31    15     0     3   -45.0   58.326   49.000   6581.2    425.8
     1     1    10     3    31    14     0     2   -46.0   58.543   48.122   6630.2    422.9
     1     1    10     3    31    13     0     1   -47.0   58.775   47.176   6665.7    418.8
     1     1    10     3    31    12     0     0   -48.0   59.027   46.228   6655.6    418.8
     1     1    10     3    31    11     0     1   -49.0   59.335   45.230   6684.6    417.4
     1     1    10     3    31    10     0     2   -50.0   59.747   44.086   6806.1    408.9
     1     1    10     3    31     9     0     3   -51.0   60.252   42.770   6946.3    400.8
     1     1    10     3    31     8     0     2   -52.0   60.748   41.288   7065.6    392.0
     1     1    10     3    31     7     0     1   -53.0   61.255   39.726   7197.8    383.9
     1     1    10     3    31     6     0     0   -54.0   61.788   38.082   7376.7    373.5
     1     1    10     3    31     5     0     1   -55.0   62.307   36.332   7623.7    360.7
     1     1    10     3    31     4     0     2   -56.0   62.822   34.468   7836.5    348.1
     1     1    10     3    31     3     0     3   -57.0   63.315   32.508   8039.9    333.6
     1     1    10     3    31     2     0     2   -58.0   63.766   30.526   8193.6    323.6
     1     1    10     3    31     1     0     1   -59.0   64.159   28.454   8280.6    319.5
     1     1    10     3    31     0     0     0   -60.0   64.398   26.300   8327.0    319.8
     1     1    10     3    30    23     0     1   -61.0   64.508   24.153   8320.9    324.1
     1     1    10     3    30    22     0     2   -62.0   64.520   21.981   8288.7    326.4
     1     1    10     3    30    21     0     3   -63.0   64.419   19.753   8160.8    321.3
     1     1    10     3    30    20     0     2   -64.0   64.183   17.482   8049.9    319.3
     1     1    10     3    30    19     0     1   -65.0   63.812   15.287   7946.0    322.4
     1     1    10     3    30    18     0     0   -66.0   63.322   13.208   7696.0    317.9
     1     1    10     3    30    17     0     1   -67.0   62.743   11.294   7457.2    329.2
     1     1    10     3    30    16     0     2   -68.0   62.100    9.598   7047.8    333.6
     1     1    10     3    30    15     0     3   -69.0   61.407    8.125   6636.7    345.7
     1     1    10     3    30    14     0     2   -70.0   60.694    6.874   6312.4    379.3
     1     1    10     3    30    13     0     1   -71.0   60.005    5.916   6007.8    425.1
     1     1    10     3    30    12     0     0   -72.0   59.361    5.226   5539.2    477.0
     1     1    10     3    30    11     0     1   -73.0   58.742    4.684   4857.5    537.4
     1     1    10     3    30    10     0     2   -74.0   58.138    4.205   4202.0    581.4
     1     1    10     3    30     9     0     3   -75.0   57.562    3.844   3608.2    632.6
     1     1    10     3    30     8     0     2   -76.0   56.995    3.622   3106.3    677.5
     1     1    10     3    30     7     0     1   -77.0   56.439    3.488   2669.4    710.9
     1     1    10     3    30     6     0     0   -78.0   55.908    3.387   2254.7    750.7
     1     1    10     3    30     5     0     1   -79.0   55.395    3.301   1940.3    787.5
     1     1    10     3    30     4     0     2   -80.0   54.903    3.223   1781.3    802.2
     1     1    10     3    30     3     0     3   -81.0   54.436    3.150   1657.4    803.4
     1     1    10     3    30     2     0     2   -82.0   53.982    3.044   1512.6    825.2
     1     1    10     3    30     1     0     1   -83.0   53.507    2.907   1391.9    837.6
     1     1    10     3    30     0     0     0   -84.0   53.043    2.719   1256.9    849.0
     1     1    10     3    29    23     0     1   -85.0   52.583    2.502   1145.0    868.1
     1     1    10     3    29    22     0     2   -86.0   52.122    2.314   1077.4    870.9
     1     1    10     3    29    21     0     3   -87.0   51.666    2.197    973.1    878.0
     1     1    10     3    29    20     0     2   -88.0   51.201    2.126    857.7    897.4
     1     1    10     3    29    19     0     1   -89.0   50.718    2.103    799.8    903.8
     1     1    10     3    29    18     0     0   -90.0   50.190    2.185    735.0    898.2
     1     1    10     3    29    17     0     1   -91.0   49.704    2.341    655.1    913.4
     1     1    10     3    29    16     0     2   -92.0   49.306    2.492    600.7    918.1
     1     1    10     3    29    15     0     3   -93.0   48.979    2.726    561.6    921.2
     1     1    10     3    29    14     0     2   -94.0   48.715    2.978    557.6    923.9
     1     1    10     3    29    13     0     1   -95.0   48.490    3.147    575.6    922.0
     1     1    10     3    29    12     0     0   -96.0   48.306    3.265    595.6    920.6
