     7     1
    GDAS    10     3    22     0     0
    GDAS    10     4     8     0     0
    GDAS    10     4    15     0     0
    GDAS    10     4    22     0     0
    GDAS    10     4    29     0     0
    GDAS    10     4     1     0     0
    GDAS    10     3    29     0     0
     1 BACKWARD OMEGA   
    10     4     5     0   39.977  116.381  9200.0
     1 PRESSURE
     1     1    10     4     5     0     0     0     0.0   39.977  116.381   8952.5    290.0
     1     1    10     4     4    23     0     1    -1.0   40.473  114.258   8586.3    261.2
     1     1    10     4     4    22     0     2    -2.0   40.995  112.135   8476.2    252.8
     1     1    10     4     4    21     0     3    -3.0   41.588  110.069   8564.9    254.4
     1     1    10     4     4    20     0     2    -4.0   42.242  107.990   8553.2    261.9
     1     1    10     4     4    19     0     1    -5.0   42.919  105.811   8552.3    259.5
     1     1    10     4     4    18     0     0    -6.0   43.571  103.583   8493.6    256.3
     1     1    10     4     4    17     0     1    -7.0   44.210  101.367   8620.2    261.7
     1     1    10     4     4    16     0     2    -8.0   44.783   99.234   8517.4    241.3
     1     1    10     4     4    15     0     3    -9.0   45.261   97.389   8567.8    233.5
     1     1    10     4     4    14     0     2   -10.0   45.725   95.605   8617.1    240.9
     1     1    10     4     4    13     0     1   -11.0   46.197   93.903   8515.7    230.1
     1     1    10     4     4    12     0     0   -12.0   46.648   92.346   8535.6    231.0
     1     1    10     4     4    11     0     1   -13.0   47.086   90.908   8307.1    220.3
     1     1    10     4     4    10     0     2   -14.0   47.458   89.497   8654.7    236.0
     1     1    10     4     4     9     0     3   -15.0   47.774   88.172   8847.5    242.4
     1     1    10     4     4     8     0     2   -16.0   48.060   86.894   9115.2    255.6
     1     1    10     4     4     7     0     1   -17.0   48.318   85.717   9131.9    259.5
     1     1    10     4     4     6     0     0   -18.0   48.554   84.645   9144.6    260.0
     1     1    10     4     4     5     0     1   -19.0   48.790   83.598   9205.5    263.0
     1     1    10     4     4     4     0     2   -20.0   49.021   82.498   9205.0    259.2
     1     1    10     4     4     3     0     3   -21.0   49.236   81.397   9282.2    263.9
     1     1    10     4     4     2     0     2   -22.0   49.424   80.327   9305.8    267.2
     1     1    10     4     4     1     0     1   -23.0   49.591   79.283   9264.2    269.1
     1     1    10     4     4     0     0     0   -24.0   49.747   78.252   9209.7    270.0
     1     1    10     4     3    23     0     1   -25.0   49.882   77.230   9116.1    268.8
     1     1    10     4     3    22     0     2   -26.0   50.005   76.224   9068.3    269.4
     1     1    10     4     3    21     0     3   -27.0   50.135   75.254   9067.5    271.0
     1     1    10     4     3    20     0     2   -28.0   50.279   74.325   9102.5    272.6
     1     1    10     4     3    19     0     1   -29.0   50.436   73.431   9127.9    272.8
     1     1    10     4     3    18     0     0   -30.0   50.604   72.564   9172.8    272.5
     1     1    10     4     3    17     0     1   -31.0   50.789   71.683   9226.3    274.2
     1     1    10     4     3    16     0     2   -32.0   50.992   70.739   9245.5    275.8
     1     1    10     4     3    15     0     3   -33.0   51.203   69.749   9231.5    276.8
     1     1    10     4     3    14     0     2   -34.0   51.401   68.799   9239.6    277.2
     1     1    10     4     3    13     0     1   -35.0   51.565   67.922   9262.9    276.2
     1     1    10     4     3    12     0     0   -36.0   51.691   67.100   9301.2    275.6
     1     1    10     4     3    11     0     1   -37.0   51.801   66.336   9349.1    274.9
     1     1    10     4     3    10     0     2   -38.0   51.912   65.636   9400.3    274.2
     1     1    10     4     3     9     0     3   -39.0   52.022   64.993   9448.5    272.9
     1     1    10     4     3     8     0     2   -40.0   52.124   64.396   9490.1    271.6
     1     1    10     4     3     7     0     1   -41.0   52.211   63.842   9515.7    270.7
     1     1    10     4     3     6     0     0   -42.0   52.280   63.334   9527.6    269.2
     1     1    10     4     3     5     0     1   -43.0   52.321   62.892   9540.0    267.9
     1     1    10     4     3     4     0     2   -44.0   52.328   62.519   9552.2    267.1
     1     1    10     4     3     3     0     3   -45.0   52.301   62.200   9559.0    266.5
     1     1    10     4     3     2     0     2   -46.0   52.254   61.909   9563.8    266.0
     1     1    10     4     3     1     0     1   -47.0   52.202   61.643   9569.5    264.9
     1     1    10     4     3     0     0     0   -48.0   52.148   61.409   9580.2    263.7
     1     1    10     4     2    23     0     1   -49.0   52.090   61.204   9582.5    262.4
     1     1    10     4     2    22     0     2   -50.0   52.032   61.029   9564.3    262.6
     1     1    10     4     2    21     0     3   -51.0   51.981   60.893   9528.9    263.8
     1     1    10     4     2    20     0     2   -52.0   51.925   60.772   9493.3    265.8
     1     1    10     4     2    19     0     1   -53.0   51.844   60.640   9473.6    266.4
     1     1    10     4     2    18     0     0   -54.0   51.731   60.495   9466.9    266.5
     1     1    10     4     2    17     0     1   -55.0   51.588   60.343   9458.7    266.3
     1     1    10     4     2    16     0     2   -56.0   51.419   60.181   9435.7    267.3
     1     1    10     4     2    15     0     3   -57.0   51.213   59.988   9393.8    269.1
     1     1    10     4     2    14     0     2   -58.0   50.962   59.737   9334.5    272.4
     1     1    10     4     2    13     0     1   -59.0   50.666   59.428   9246.0    276.5
     1     1    10     4     2    12     0     0   -60.0   50.324   59.059   9110.5    281.4
     1     1    10     4     2    11     0     1   -61.0   49.951   58.588   8918.7    288.4
     1     1    10     4     2    10     0     2   -62.0   49.627   57.994   8726.7    298.2
     1     1    10     4     2     9     0     3   -63.0   49.448   57.280   8600.0    307.9
     1     1    10     4     2     8     0     2   -64.0   49.468   56.516   8566.8    310.9
     1     1    10     4     2     7     0     1   -65.0   49.702   55.813   8658.1    308.3
     1     1    10     4     2     6     0     0   -66.0   50.125   55.211   8859.9    301.6
     1     1    10     4     2     5     0     1   -67.0   50.691   54.837   9128.4    288.4
     1     1    10     4     2     4     0     2   -68.0   51.331   54.664   9393.9    276.1
     1     1    10     4     2     3     0     3   -69.0   52.022   54.653   9643.4    265.9
     1     1    10     4     2     2     0     2   -70.0   52.712   54.773   9826.0    254.1
     1     1    10     4     2     1     0     1   -71.0   53.367   54.926   9950.8    249.4
     1     1    10     4     2     0     0     0   -72.0   54.012   55.125  10069.8    246.0
