     7     1
    GDAS    10     3    22     0     0
    GDAS    10     4     8     0     0
    GDAS    10     4    15     0     0
    GDAS    10     4    22     0     0
    GDAS    10     4    29     0     0
    GDAS    10     4     1     0     0
    GDAS    10     3    29     0     0
     1 BACKWARD OMEGA   
    10     4     6    12   39.977  116.381  8200.0
     1 PRESSURE
     1     1    10     4     6    12     0     0     0.0   39.977  116.381   7956.8    340.1
     1     1    10     4     6    11     0     1    -1.0   40.482  115.055   7898.5    292.1
     1     1    10     4     6    10     0     2    -2.0   40.902  113.635   7958.5    283.2
     1     1    10     4     6     9     0     3    -3.0   41.297  112.262   8015.8    276.5
     1     1    10     4     6     8     0     2    -4.0   41.680  110.959   8191.5    274.6
     1     1    10     4     6     7     0     1    -5.0   42.044  109.715   8292.2    272.3
     1     1    10     4     6     6     0     0    -6.0   42.412  108.538   8447.5    269.8
     1     1    10     4     6     5     0     1    -7.0   42.791  107.379   8624.9    269.0
     1     1    10     4     6     4     0     2    -8.0   43.158  106.203   8587.2    263.3
     1     1    10     4     6     3     0     3    -9.0   43.498  105.027   8521.1    255.8
     1     1    10     4     6     2     0     2   -10.0   43.811  103.883   8559.8    257.0
     1     1    10     4     6     1     0     1   -11.0   44.104  102.773   8549.7    254.9
     1     1    10     4     6     0     0     0   -12.0   44.418  101.718   8536.9    261.1
     1     1    10     4     5    23     0     1   -13.0   44.751  100.662   8469.9    256.8
     1     1    10     4     5    22     0     2   -14.0   45.068   99.533   8443.1    242.6
     1     1    10     4     5    21     0     3   -15.0   45.333   98.381   8415.4    236.6
     1     1    10     4     5    20     0     2   -16.0   45.574   97.264   8440.4    241.9
     1     1    10     4     5    19     0     1   -17.0   45.799   96.159   8414.6    244.1
     1     1    10     4     5    18     0     0   -18.0   45.991   95.044   8488.9    254.1
     1     1    10     4     5    17     0     1   -19.0   46.173   93.935   8283.1    238.8
     1     1    10     4     5    16     0     2   -20.0   46.357   92.872   8324.3    243.3
     1     1    10     4     5    15     0     3   -21.0   46.545   91.865   8245.2    245.3
     1     1    10     4     5    14     0     2   -22.0   46.760   90.880   8177.7    239.7
     1     1    10     4     5    13     0     1   -23.0   47.005   89.857   8489.1    253.6
     1     1    10     4     5    12     0     0   -24.0   47.241   88.793   8692.4    264.8
     1     1    10     4     5    11     0     1   -25.0   47.468   87.744   8728.4    269.7
     1     1    10     4     5    10     0     2   -26.0   47.695   86.705   8736.8    276.0
     1     1    10     4     5     9     0     3   -27.0   47.906   85.669   8805.5    286.7
     1     1    10     4     5     8     0     2   -28.0   48.133   84.644   8838.3    289.4
     1     1    10     4     5     7     0     1   -29.0   48.381   83.643   8825.1    286.9
     1     1    10     4     5     6     0     0   -30.0   48.626   82.684   8742.9    283.7
     1     1    10     4     5     5     0     1   -31.0   48.881   81.738   8712.2    284.0
     1     1    10     4     5     4     0     2   -32.0   49.143   80.786   8756.4    287.9
     1     1    10     4     5     3     0     3   -33.0   49.409   79.885   8794.9    290.1
     1     1    10     4     5     2     0     2   -34.0   49.680   79.037   8821.4    289.4
     1     1    10     4     5     1     0     1   -35.0   49.959   78.204   8881.1    288.5
     1     1    10     4     5     0     0     0   -36.0   50.259   77.387   8915.2    284.9
     1     1    10     4     4    23     0     1   -37.0   50.570   76.599   8961.6    285.1
     1     1    10     4     4    22     0     2   -38.0   50.874   75.832   9009.4    285.7
     1     1    10     4     4    21     0     3   -39.0   51.180   75.085   9046.6    284.6
     1     1    10     4     4    20     0     2   -40.0   51.486   74.326   9088.9    283.7
     1     1    10     4     4    19     0     1   -41.0   51.776   73.550   9132.0    282.7
     1     1    10     4     4    18     0     0   -42.0   52.048   72.783   9159.1    282.9
     1     1    10     4     4    17     0     1   -43.0   52.303   72.005   9151.3    282.7
     1     1    10     4     4    16     0     2   -44.0   52.547   71.235   9141.4    282.1
     1     1    10     4     4    15     0     3   -45.0   52.785   70.525   9143.8    280.8
     1     1    10     4     4    14     0     2   -46.0   53.010   69.892   9140.1    279.1
     1     1    10     4     4    13     0     1   -47.0   53.227   69.301   9169.1    280.3
     1     1    10     4     4    12     0     0   -48.0   53.447   68.753   9203.0    281.1
     1     1    10     4     4    11     0     1   -49.0   53.658   68.262   9233.7    281.7
     1     1    10     4     4    10     0     2   -50.0   53.846   67.819   9259.7    282.3
     1     1    10     4     4     9     0     3   -51.0   54.019   67.431   9283.9    282.3
     1     1    10     4     4     8     0     2   -52.0   54.189   67.062   9303.3    281.5
     1     1    10     4     4     7     0     1   -53.0   54.365   66.689   9321.4    280.5
     1     1    10     4     4     6     0     0   -54.0   54.551   66.341   9342.8    279.3
     1     1    10     4     4     5     0     1   -55.0   54.744   66.026   9360.8    278.1
     1     1    10     4     4     4     0     2   -56.0   54.946   65.746   9369.6    278.1
     1     1    10     4     4     3     0     3   -57.0   55.156   65.498   9359.5    279.2
     1     1    10     4     4     2     0     2   -58.0   55.375   65.251   9344.7    280.8
     1     1    10     4     4     1     0     1   -59.0   55.602   65.006   9342.1    281.1
     1     1    10     4     4     0     0     0   -60.0   55.841   64.802   9353.2    280.4
     1     1    10     4     3    23     0     1   -61.0   56.090   64.626   9381.9    278.9
     1     1    10     4     3    22     0     2   -62.0   56.349   64.444   9421.0    277.2
     1     1    10     4     3    21     0     3   -63.0   56.627   64.276   9464.9    275.4
     1     1    10     4     3    20     0     2   -64.0   56.933   64.117   9507.1    273.6
     1     1    10     4     3    19     0     1   -65.0   57.261   63.928   9541.5    272.3
     1     1    10     4     3    18     0     0   -66.0   57.612   63.718   9570.5    271.6
     1     1    10     4     3    17     0     1   -67.0   57.992   63.498   9600.7    271.2
     1     1    10     4     3    16     0     2   -68.0   58.402   63.229   9623.3    269.8
     1     1    10     4     3    15     0     3   -69.0   58.863   62.914   9650.9    268.0
     1     1    10     4     3    14     0     2   -70.0   59.363   62.533   9687.1    266.1
     1     1    10     4     3    13     0     1   -71.0   59.866   62.043   9710.0    265.7
     1     1    10     4     3    12     0     0   -72.0   60.370   61.476   9687.4    265.6
     1     1    10     4     3    11     0     1   -73.0   60.871   60.861   9622.8    267.4
     1     1    10     4     3    10     0     2   -74.0   61.360   60.179   9557.8    265.6
     1     1    10     4     3     9     0     3   -75.0   61.840   59.436   9550.4    260.0
     1     1    10     4     3     8     0     2   -76.0   62.338   58.627   9609.3    257.9
     1     1    10     4     3     7     0     1   -77.0   62.848   57.736   9664.3    260.3
     1     1    10     4     3     6     0     0   -78.0   63.364   56.773   9687.3    263.7
     1     1    10     4     3     5     0     1   -79.0   63.880   55.732   9708.7    262.2
     1     1    10     4     3     4     0     2   -80.0   64.370   54.603   9744.7    261.3
     1     1    10     4     3     3     0     3   -81.0   64.807   53.410   9768.9    261.9
     1     1    10     4     3     2     0     2   -82.0   65.207   52.125   9776.0    261.4
     1     1    10     4     3     1     0     1   -83.0   65.561   50.785   9754.1    260.4
     1     1    10     4     3     0     0     0   -84.0   65.864   49.418   9749.4    261.4
     1     1    10     4     2    23     0     1   -85.0   66.106   48.000   9774.7    262.7
     1     1    10     4     2    22     0     2   -86.0   66.271   46.561   9790.9    263.9
     1     1    10     4     2    21     0     3   -87.0   66.357   45.121   9772.2    264.5
     1     1    10     4     2    20     0     2   -88.0   66.372   43.678   9745.7    266.6
     1     1    10     4     2    19     0     1   -89.0   66.318   42.234   9711.0    267.6
     1     1    10     4     2    18     0     0   -90.0   66.181   40.759   9693.7    268.6
     1     1    10     4     2    17     0     1   -91.0   65.948   39.233   9709.2    268.7
     1     1    10     4     2    16     0     2   -92.0   65.630   37.806   9710.4    268.2
     1     1    10     4     2    15     0     3   -93.0   65.230   36.488   9689.1    269.1
     1     1    10     4     2    14     0     2   -94.0   64.759   35.158   9663.7    270.9
     1     1    10     4     2    13     0     1   -95.0   64.236   33.894   9659.6    268.1
     1     1    10     4     2    12     0     0   -96.0   63.656   32.664   9667.6    264.2
