     7     1
    GDAS    10     3    22     0     0
    GDAS    10     4     8     0     0
    GDAS    10     4    15     0     0
    GDAS    10     4    22     0     0
    GDAS    10     4    29     0     0
    GDAS    10     4     1     0     0
    GDAS    10     3    29     0     0
     1 BACKWARD OMEGA   
    10     4     8    18   39.977  116.381  4800.0
     1 PRESSURE
     1     1    10     4     8    18     0     0     0.0   39.977  116.381   4560.3    554.9
     1     1    10     4     8    17     0     1    -1.0   39.827  115.273   4414.4    523.5
     1     1    10     4     8    16     0     2    -2.0   39.804  114.117   4525.2    494.2
     1     1    10     4     8    15     0     3    -3.0   39.888  112.836   4353.8    486.2
     1     1    10     4     8    14     0     2    -4.0   39.929  111.566   3851.3    533.5
     1     1    10     4     8    13     0     1    -5.0   39.917  110.399   3532.6    563.8
     1     1    10     4     8    12     0     0    -6.0   39.941  109.226   3505.7    557.0
     1     1    10     4     8    11     0     1    -7.0   40.023  107.948   3563.5    545.8
     1     1    10     4     8    10     0     2    -8.0   40.144  106.654   3410.6    571.4
     1     1    10     4     8     9     0     3    -9.0   40.267  105.383   3462.6    560.7
     1     1    10     4     8     8     0     2   -10.0   40.388  104.056   3455.8    551.0
     1     1    10     4     8     7     0     1   -11.0   40.501  102.779   3385.9    563.0
     1     1    10     4     8     6     0     0   -12.0   40.602  101.571   3344.9    576.8
     1     1    10     4     8     5     0     1   -13.0   40.689  100.442   3221.8    585.7
     1     1    10     4     8     4     0     2   -14.0   40.772   99.319   3045.1    588.1
     1     1    10     4     8     3     0     3   -15.0   40.858   98.169   2901.2    589.7
     1     1    10     4     8     2     0     2   -16.0   40.936   97.024   2824.9    567.9
     1     1    10     4     8     1     0     1   -17.0   40.952   95.922   2704.3    582.4
     1     1    10     4     8     0     0     0   -18.0   40.913   94.900   2592.4    606.1
     1     1    10     4     7    23     0     1   -19.0   40.852   93.971   2565.5    628.2
     1     1    10     4     7    22     0     2   -20.0   40.782   93.134   2485.5    639.7
     1     1    10     4     7    21     0     3   -21.0   40.711   92.386   2378.4    660.1
     1     1    10     4     7    20     0     2   -22.0   40.642   91.719   2263.3    681.5
     1     1    10     4     7    19     0     1   -23.0   40.565   91.129   2122.5    702.3
     1     1    10     4     7    18     0     0   -24.0   40.490   90.610   1907.7    717.5
     1     1    10     4     7    17     0     1   -25.0   40.427   90.146   1648.1    741.3
     1     1    10     4     7    16     0     2   -26.0   40.382   89.710   1444.8    765.2
     1     1    10     4     7    15     0     3   -27.0   40.354   89.281   1370.3    772.2
     1     1    10     4     7    14     0     2   -28.0   40.328   88.859   1383.1    764.8
     1     1    10     4     7    13     0     1   -29.0   40.285   88.462   1426.7    761.7
     1     1    10     4     7    12     0     0   -30.0   40.223   88.090   1499.0    756.0
     1     1    10     4     7    11     0     1   -31.0   40.161   87.732   1582.2    749.7
     1     1    10     4     7    10     0     2   -32.0   40.121   87.358   1667.7    744.3
     1     1    10     4     7     9     0     3   -33.0   40.090   86.953   1762.3    738.0
     1     1    10     4     7     8     0     2   -34.0   40.054   86.527   1854.0    729.3
     1     1    10     4     7     7     0     1   -35.0   40.006   86.102   1926.9    723.5
     1     1    10     4     7     6     0     0   -36.0   39.941   85.690   1976.6    716.3
     1     1    10     4     7     5     0     1   -37.0   39.860   85.312   2013.8    709.7
     1     1    10     4     7     4     0     2   -38.0   39.769   84.983   2051.7    703.4
     1     1    10     4     7     3     0     3   -39.0   39.669   84.709   2089.3    698.7
     1     1    10     4     7     2     0     2   -40.0   39.566   84.473   2120.9    695.4
     1     1    10     4     7     1     0     1   -41.0   39.462   84.261   2158.5    692.1
     1     1    10     4     7     0     0     0   -42.0   39.360   84.079   2223.2    686.5
     1     1    10     4     6    23     0     1   -43.0   39.253   83.912   2319.3    676.8
     1     1    10     4     6    22     0     2   -44.0   39.133   83.743   2435.3    665.7
     1     1    10     4     6    21     0     3   -45.0   39.001   83.556   2554.0    654.5
     1     1    10     4     6    20     0     2   -46.0   38.855   83.356   2659.3    644.3
     1     1    10     4     6    19     0     1   -47.0   38.691   83.163   2757.0    636.0
     1     1    10     4     6    18     0     0   -48.0   38.505   82.991   2870.1    626.8
     1     1    10     4     6    17     0     1   -49.0   38.327   82.837   2992.8    614.5
     1     1    10     4     6    16     0     2   -50.0   38.172   82.691   3082.6    605.2
     1     1    10     4     6    15     0     3   -51.0   38.014   82.545   3108.7    601.5
     1     1    10     4     6    14     0     2   -52.0   37.863   82.390   3173.3    603.3
     1     1    10     4     6    13     0     1   -53.0   37.749   82.201   3377.0    584.5
     1     1    10     4     6    12     0     0   -54.0   37.667   82.004   3664.5    561.3
     1     1    10     4     6    11     0     1   -55.0   37.656   81.779   3964.7    536.1
     1     1    10     4     6    10     0     2   -56.0   37.750   81.500   4262.7    516.6
     1     1    10     4     6     9     0     3   -57.0   37.947   81.192   4605.1    496.7
     1     1    10     4     6     8     0     2   -58.0   38.231   80.828   4965.3    471.0
     1     1    10     4     6     7     0     1   -59.0   38.583   80.395   5280.5    452.4
     1     1    10     4     6     6     0     0   -60.0   39.028   79.923   5558.9    436.4
     1     1    10     4     6     5     0     1   -61.0   39.503   79.411   5783.3    423.5
     1     1    10     4     6     4     0     2   -62.0   39.955   78.842   5924.1    412.0
     1     1    10     4     6     3     0     3   -63.0   40.426   78.205   5834.3    367.1
     1     1    10     4     6     2     0     2   -64.0   40.955   77.504   5667.9    306.8
     1     1    10     4     6     1     0     1   -65.0   41.527   76.776   5928.2    306.5
     1     1    10     4     6     0     0     0   -66.0   42.087   76.117   6199.4    313.4
     1     1    10     4     5    23     0     1   -67.0   42.598   75.511   6596.4    327.0
     1     1    10     4     5    22     0     2   -68.0   43.002   74.908   7075.7    351.0
     1     1    10     4     5    21     0     3   -69.0   43.343   74.339   7392.9    351.7
     1     1    10     4     5    20     0     2   -70.0   43.681   73.805   7616.5    345.8
     1     1    10     4     5    19     0     1   -71.0   44.031   73.296   7779.3    345.7
     1     1    10     4     5    18     0     0   -72.0   44.430   72.806   7892.1    344.0
     1     1    10     4     5    17     0     1   -73.0   44.863   72.312   8021.1    340.6
     1     1    10     4     5    16     0     2   -74.0   45.313   71.814   8176.2    334.9
     1     1    10     4     5    15     0     3   -75.0   45.849   71.316   8403.6    321.4
     1     1    10     4     5    14     0     2   -76.0   46.419   70.737   8655.6    303.1
     1     1    10     4     5    13     0     1   -77.0   46.977   70.054   8845.1    294.1
     1     1    10     4     5    12     0     0   -78.0   47.558   69.288   9003.0    290.1
     1     1    10     4     5    11     0     1   -79.0   48.067   68.389   9100.9    283.3
     1     1    10     4     5    10     0     2   -80.0   48.413   67.368   9117.5    278.1
     1     1    10     4     5     9     0     3   -81.0   48.650   66.233   9184.0    280.3
     1     1    10     4     5     8     0     2   -82.0   48.807   64.991   9256.1    284.7
     1     1    10     4     5     7     0     1   -83.0   48.812   63.741   9284.6    286.4
     1     1    10     4     5     6     0     0   -84.0   48.679   62.489   9257.0    288.5
     1     1    10     4     5     5     0     1   -85.0   48.431   61.166   9167.0    288.5
     1     1    10     4     5     4     0     2   -86.0   48.028   59.953   8954.6    296.7
     1     1    10     4     5     3     0     3   -87.0   47.521   58.697   8740.5    305.8
     1     1    10     4     5     2     0     2   -88.0   46.894   57.249   8489.4    323.8
     1     1    10     4     5     1     0     1   -89.0   46.184   55.855   8352.2    330.8
     1     1    10     4     5     0     0     0   -90.0   45.507   54.358   8253.2    338.8
     1     1    10     4     4    23     0     1   -91.0   44.797   52.952   8242.8    339.6
     1     1    10     4     4    22     0     2   -92.0   44.055   51.680   8252.6    335.6
     1     1    10     4     4    21     0     3   -93.0   43.325   50.360   8413.6    334.2
     1     1    10     4     4    20     0     2   -94.0   42.551   49.027   8496.6    330.4
     1     1    10     4     4    19     0     1   -95.0   41.859   47.713   7900.0    300.7
     1     1    10     4     4    18     0     0   -96.0   41.269   46.270   7966.0    318.7
