     7     1
    GDAS    10     3    22     0     0
    GDAS    10     4     8     0     0
    GDAS    10     4    15     0     0
    GDAS    10     4    22     0     0
    GDAS    10     4    29     0     0
    GDAS    10     4     1     0     0
    GDAS    10     3    29     0     0
     1 BACKWARD OMEGA   
    10     4    18    12   39.977  116.381  1000.0
     1 PRESSURE
     1     1    10     4    18    12     0     0     0.0   39.977  116.381    766.1    898.1
     1     1    10     4    18    11     0     1    -1.0   39.776  116.317    688.6    908.9
     1     1    10     4    18    10     0     2    -2.0   39.600  116.303    613.7    922.5
     1     1    10     4    18     9     0     3    -3.0   39.450  116.322    558.4    933.5
     1     1    10     4    18     8     0     2    -4.0   39.326  116.346    531.2    940.7
     1     1    10     4    18     7     0     1    -5.0   39.229  116.359    532.6    943.6
     1     1    10     4    18     6     0     0    -6.0   39.160  116.357    562.5    942.6
     1     1    10     4    18     5     0     1    -7.0   39.106  116.335    615.6    938.0
     1     1    10     4    18     4     0     2    -8.0   39.056  116.277    688.5    931.6
     1     1    10     4    18     3     0     3    -9.0   39.013  116.171    780.9    922.9
     1     1    10     4    18     2     0     2   -10.0   38.993  116.015    867.5    912.1
     1     1    10     4    18     1     0     1   -11.0   39.005  115.826    918.4    901.1
     1     1    10     4    18     0     0     0   -12.0   39.039  115.617    939.5    892.8
     1     1    10     4    17    23     0     1   -13.0   39.063  115.388    964.8    883.2
     1     1    10     4    17    22     0     2   -14.0   39.055  115.145   1004.1    871.5
     1     1    10     4    17    21     0     3   -15.0   39.033  114.894   1041.0    854.9
     1     1    10     4    17    20     0     2   -16.0   39.005  114.626   1076.8    829.9
     1     1    10     4    17    19     0     1   -17.0   38.991  114.327   1133.0    797.9
     1     1    10     4    17    18     0     0   -18.0   39.039  113.984   1227.7    758.6
     1     1    10     4    17    17     0     1   -19.0   39.160  113.570   1319.6    739.3
     1     1    10     4    17    16     0     2   -20.0   39.317  113.101   1349.8    732.7
     1     1    10     4    17    15     0     3   -21.0   39.495  112.593   1341.0    727.9
     1     1    10     4    17    14     0     2   -22.0   39.670  112.023   1273.2    725.1
     1     1    10     4    17    13     0     1   -23.0   39.805  111.433   1167.3    756.4
     1     1    10     4    17    12     0     0   -24.0   39.896  110.889   1027.2    781.5
     1     1    10     4    17    11     0     1   -25.0   39.960  110.380    882.0    789.4
     1     1    10     4    17    10     0     2   -26.0   40.000  109.842    796.4    789.6
     1     1    10     4    17     9     0     3   -27.0   39.998  109.255    743.7    788.8
     1     1    10     4    17     8     0     2   -28.0   39.966  108.635    683.6    793.7
     1     1    10     4    17     7     0     1   -29.0   39.942  108.005    599.2    801.2
     1     1    10     4    17     6     0     0   -30.0   39.923  107.399    493.3    818.5
     1     1    10     4    17     5     0     1   -31.0   39.902  106.850    392.2    837.1
     1     1    10     4    17     4     0     2   -32.0   39.875  106.360    326.3    852.1
     1     1    10     4    17     3     0     3   -33.0   39.839  105.898    302.2    854.3
     1     1    10     4    17     2     0     2   -34.0   39.825  105.436    309.9    841.2
     1     1    10     4    17     1     0     1   -35.0   39.862  104.954    348.8    824.6
     1     1    10     4    17     0     0     0   -36.0   39.944  104.455    389.6    815.0
     1     1    10     4    16    23     0     1   -37.0   40.044  103.958    418.5    810.2
     1     1    10     4    16    22     0     2   -38.0   40.145  103.472    434.0    809.3
     1     1    10     4    16    21     0     3   -39.0   40.266  103.016    406.0    812.2
     1     1    10     4    16    20     0     2   -40.0   40.386  102.587    351.6    830.2
     1     1    10     4    16    19     0     1   -41.0   40.473  102.159    285.0    844.0
     1     1    10     4    16    18     0     0   -42.0   40.530  101.751    212.4    858.4
     1     1    10     4    16    17     0     1   -43.0   40.559  101.406    169.9    868.1
     1     1    10     4    16    16     0     2   -44.0   40.558  101.120    156.5    868.4
     1     1    10     4    16    15     0     3   -45.0   40.515  100.874    155.5    865.5
     1     1    10     4    16    14     0     2   -46.0   40.454  100.654    171.3    860.5
     1     1    10     4    16    13     0     1   -47.0   40.407  100.437    208.8    853.2
     1     1    10     4    16    12     0     0   -48.0   40.376  100.215    271.5    844.5
     1     1    10     4    16    11     0     1   -49.0   40.364   99.981    344.9    832.4
     1     1    10     4    16    10     0     2   -50.0   40.373   99.746    404.8    827.4
     1     1    10     4    16     9     0     3   -51.0   40.394   99.513    448.6    823.5
     1     1    10     4    16     8     0     2   -52.0   40.427   99.290    498.3    821.2
     1     1    10     4    16     7     0     1   -53.0   40.478   99.080    576.2    813.0
     1     1    10     4    16     6     0     0   -54.0   40.550   98.864    671.2    797.9
     1     1    10     4    16     5     0     1   -55.0   40.637   98.628    757.0    782.1
     1     1    10     4    16     4     0     2   -56.0   40.724   98.392    835.0    771.7
     1     1    10     4    16     3     0     3   -57.0   40.798   98.153    930.6    760.1
     1     1    10     4    16     2     0     2   -58.0   40.870   97.883   1023.2    743.9
     1     1    10     4    16     1     0     1   -59.0   40.955   97.594   1071.9    730.7
     1     1    10     4    16     0     0     0   -60.0   41.042   97.315   1069.5    723.1
     1     1    10     4    15    23     0     1   -61.0   41.128   97.014   1076.3    719.0
     1     1    10     4    15    22     0     2   -62.0   41.195   96.634   1137.7    711.5
     1     1    10     4    15    21     0     3   -63.0   41.244   96.210   1202.9    702.0
     1     1    10     4    15    20     0     2   -64.0   41.284   95.785   1217.9    702.5
     1     1    10     4    15    19     0     1   -65.0   41.329   95.395   1174.1    718.6
     1     1    10     4    15    18     0     0   -66.0   41.375   95.035   1103.9    738.1
     1     1    10     4    15    17     0     1   -67.0   41.412   94.708   1042.7    755.9
     1     1    10     4    15    16     0     2   -68.0   41.437   94.418   1004.9    768.3
     1     1    10     4    15    15     0     3   -69.0   41.447   94.166    980.1    777.8
     1     1    10     4    15    14     0     2   -70.0   41.445   93.937    966.7    784.8
     1     1    10     4    15    13     0     1   -71.0   41.433   93.711    965.1    785.1
     1     1    10     4    15    12     0     0   -72.0   41.414   93.480    970.7    784.8
     1     1    10     4    15    11     0     1   -73.0   41.391   93.259    971.4    784.0
     1     1    10     4    15    10     0     2   -74.0   41.367   93.063    952.7    785.8
     1     1    10     4    15     9     0     3   -75.0   41.340   92.888    920.3    790.3
     1     1    10     4    15     8     0     2   -76.0   41.311   92.726    888.0    796.0
     1     1    10     4    15     7     0     1   -77.0   41.286   92.576    863.0    800.4
     1     1    10     4    15     6     0     0   -78.0   41.263   92.437    844.5    804.3
     1     1    10     4    15     5     0     1   -79.0   41.229   92.309    835.0    806.5
     1     1    10     4    15     4     0     2   -80.0   41.171   92.188    841.7    807.0
     1     1    10     4    15     3     0     3   -81.0   41.092   92.071    867.6    805.4
     1     1    10     4    15     2     0     2   -82.0   41.010   91.957    917.1    802.4
     1     1    10     4    15     1     0     1   -83.0   40.944   91.837    980.3    798.2
     1     1    10     4    15     0     0     0   -84.0   40.888   91.708   1042.1    795.5
     1     1    10     4    14    23     0     1   -85.0   40.840   91.567   1082.1    793.4
     1     1    10     4    14    22     0     2   -86.0   40.797   91.414   1080.8    797.0
     1     1    10     4    14    21     0     3   -87.0   40.752   91.261   1041.2    804.1
     1     1    10     4    14    20     0     2   -88.0   40.706   91.111    986.3    814.8
     1     1    10     4    14    19     0     1   -89.0   40.663   90.966    939.8    821.6
     1     1    10     4    14    18     0     0   -90.0   40.629   90.828    909.9    823.1
     1     1    10     4    14    17     0     1   -91.0   40.607   90.698    889.9    821.7
     1     1    10     4    14    16     0     2   -92.0   40.592   90.584    861.9    822.9
     1     1    10     4    14    15     0     3   -93.0   40.581   90.486    822.2    825.5
     1     1    10     4    14    14     0     2   -94.0   40.569   90.394    779.7    829.8
     1     1    10     4    14    13     0     1   -95.0   40.555   90.296    745.7    832.4
     1     1    10     4    14    12     0     0   -96.0   40.539   90.193    720.7    834.2
