     7     1
    GDAS    10     3    22     0     0
    GDAS    10     4     8     0     0
    GDAS    10     4    15     0     0
    GDAS    10     4    22     0     0
    GDAS    10     4    29     0     0
    GDAS    10     4     1     0     0
    GDAS    10     3    29     0     0
     1 BACKWARD OMEGA   
    10     4     6    18   39.977  116.381  9400.0
     1 PRESSURE
     1     1    10     4     6    18     0     0     0.0   39.977  116.381   9154.7    284.2
     1     1    10     4     6    17     0     1    -1.0   40.502  114.763   8914.4    250.3
     1     1    10     4     6    16     0     2    -2.0   40.954  113.154   8863.2    242.1
     1     1    10     4     6    15     0     3    -3.0   41.349  111.592   8976.5    239.2
     1     1    10     4     6    14     0     2    -4.0   41.666  110.073   9096.7    238.8
     1     1    10     4     6    13     0     1    -5.0   41.945  108.644   9128.2    239.2
     1     1    10     4     6    12     0     0    -6.0   42.234  107.242   9266.4    241.3
     1     1    10     4     6    11     0     1    -7.0   42.487  105.865   9326.7    241.8
     1     1    10     4     6    10     0     2    -8.0   42.683  104.500   9274.7    232.4
     1     1    10     4     6     9     0     3    -9.0   42.812  103.149   9311.8    234.9
     1     1    10     4     6     8     0     2   -10.0   42.883  101.881   9219.9    233.5
     1     1    10     4     6     7     0     1   -11.0   42.945  100.692   9223.0    231.8
     1     1    10     4     6     6     0     0   -12.0   42.996   99.591   9324.9    234.6
     1     1    10     4     6     5     0     1   -13.0   43.051   98.574   9328.8    233.3
     1     1    10     4     6     4     0     2   -14.0   43.137   97.600   9324.1    232.5
     1     1    10     4     6     3     0     3   -15.0   43.244   96.633   9397.7    232.7
     1     1    10     4     6     2     0     2   -16.0   43.371   95.675   9454.5    234.3
     1     1    10     4     6     1     0     1   -17.0   43.507   94.724   9448.2    232.7
     1     1    10     4     6     0     0     0   -18.0   43.629   93.791   9408.6    228.7
     1     1    10     4     5    23     0     1   -19.0   43.741   92.881   9376.5    225.7
     1     1    10     4     5    22     0     2   -20.0   43.874   91.985   9386.5    223.1
     1     1    10     4     5    21     0     3   -21.0   44.042   91.119   9492.5    224.9
     1     1    10     4     5    20     0     2   -22.0   44.222   90.275   9673.2    231.3
     1     1    10     4     5    19     0     1   -23.0   44.395   89.446   9661.7    230.4
     1     1    10     4     5    18     0     0   -24.0   44.558   88.655   9669.5    232.9
     1     1    10     4     5    17     0     1   -25.0   44.726   87.923   9745.3    239.7
     1     1    10     4     5    16     0     2   -26.0   44.917   87.229   9852.3    248.0
     1     1    10     4     5    15     0     3   -27.0   45.133   86.548   9866.3    250.7
     1     1    10     4     5    14     0     2   -28.0   45.356   85.842   9874.2    251.8
     1     1    10     4     5    13     0     1   -29.0   45.583   85.110   9828.9    248.3
     1     1    10     4     5    12     0     0   -30.0   45.818   84.365   9639.8    237.0
     1     1    10     4     5    11     0     1   -31.0   46.036   83.597   9524.4    230.6
     1     1    10     4     5    10     0     2   -32.0   46.238   82.811   9605.5    234.8
     1     1    10     4     5     9     0     3   -33.0   46.459   82.030   9712.6    239.2
     1     1    10     4     5     8     0     2   -34.0   46.681   81.248   9777.7    242.1
     1     1    10     4     5     7     0     1   -35.0   46.898   80.464   9865.0    247.8
     1     1    10     4     5     6     0     0   -36.0   47.133   79.681   9875.5    249.5
     1     1    10     4     5     5     0     1   -37.0   47.359   78.904   9823.8    247.0
     1     1    10     4     5     4     0     2   -38.0   47.567   78.135   9788.2    245.0
     1     1    10     4     5     3     0     3   -39.0   47.798   77.386   9768.4    243.5
     1     1    10     4     5     2     0     2   -40.0   48.040   76.651   9739.0    242.2
     1     1    10     4     5     1     0     1   -41.0   48.271   75.924   9704.7    242.7
     1     1    10     4     5     0     0     0   -42.0   48.513   75.202   9636.4    241.0
     1     1    10     4     4    23     0     1   -43.0   48.750   74.483   9623.2    241.6
     1     1    10     4     4    22     0     2   -44.0   48.967   73.781   9651.5    243.0
     1     1    10     4     4    21     0     3   -45.0   49.185   73.096   9727.2    245.3
     1     1    10     4     4    20     0     2   -46.0   49.393   72.408   9799.3    246.2
     1     1    10     4     4    19     0     1   -47.0   49.577   71.712   9857.6    247.1
     1     1    10     4     4    18     0     0   -48.0   49.748   71.006   9911.2    246.8
     1     1    10     4     4    17     0     1   -49.0   49.890   70.265   9979.3    246.3
     1     1    10     4     4    16     0     2   -50.0   49.981   69.479  10031.5    245.5
     1     1    10     4     4    15     0     3   -51.0   50.024   68.664  10063.9    244.2
     1     1    10     4     4    14     0     2   -52.0   50.000   67.885  10081.5    242.5
     1     1    10     4     4    13     0     1   -53.0   49.914   67.193  10076.2    242.3
     1     1    10     4     4    12     0     0   -54.0   49.780   66.591  10086.8    244.2
     1     1    10     4     4    11     0     1   -55.0   49.587   66.097  10106.7    246.3
     1     1    10     4     4    10     0     2   -56.0   49.342   65.716  10108.6    246.8
     1     1    10     4     4     9     0     3   -57.0   49.078   65.417  10106.1    246.7
     1     1    10     4     4     8     0     2   -58.0   48.812   65.188  10105.9    247.0
     1     1    10     4     4     7     0     1   -59.0   48.548   65.015  10103.0    248.4
     1     1    10     4     4     6     0     0   -60.0   48.283   64.873  10087.8    250.1
     1     1    10     4     4     5     0     1   -61.0   48.022   64.742  10076.7    251.9
     1     1    10     4     4     4     0     2   -62.0   47.764   64.622  10081.3    252.0
     1     1    10     4     4     3     0     3   -63.0   47.499   64.520  10103.7    251.4
     1     1    10     4     4     2     0     2   -64.0   47.216   64.424  10128.2    249.9
     1     1    10     4     4     1     0     1   -65.0   46.914   64.325  10138.6    249.6
     1     1    10     4     4     0     0     0   -66.0   46.616   64.235  10134.9    249.7
     1     1    10     4     3    23     0     1   -67.0   46.332   64.177  10120.3    250.2
     1     1    10     4     3    22     0     2   -68.0   46.060   64.165  10092.6    251.1
     1     1    10     4     3    21     0     3   -69.0   45.810   64.174  10057.8    252.9
     1     1    10     4     3    20     0     2   -70.0   45.584   64.196  10023.8    254.9
     1     1    10     4     3    19     0     1   -71.0   45.378   64.245   9991.9    256.4
     1     1    10     4     3    18     0     0   -72.0   45.190   64.330   9957.2    257.9
     1     1    10     4     3    17     0     1   -73.0   45.000   64.470   9919.3    259.6
     1     1    10     4     3    16     0     2   -74.0   44.799   64.677   9893.3    260.9
     1     1    10     4     3    15     0     3   -75.0   44.587   64.940   9904.8    260.8
     1     1    10     4     3    14     0     2   -76.0   44.363   65.254   9923.9    258.3
     1     1    10     4     3    13     0     1   -77.0   44.141   65.615   9902.3    259.2
     1     1    10     4     3    12     0     0   -78.0   43.921   66.001   9841.7    260.9
     1     1    10     4     3    11     0     1   -79.0   43.711   66.370   9744.3    264.3
     1     1    10     4     3    10     0     2   -80.0   43.519   66.727   9607.7    269.6
     1     1    10     4     3     9     0     3   -81.0   43.350   67.101   9410.8    277.1
     1     1    10     4     3     8     0     2   -82.0   43.194   67.488   9127.4    288.0
     1     1    10     4     3     7     0     1   -83.0   43.032   67.855   8782.9    306.8
     1     1    10     4     3     6     0     0   -84.0   42.849   68.183   8419.7    326.0
     1     1    10     4     3     5     0     1   -85.0   42.610   68.446   8092.0    338.8
     1     1    10     4     3     4     0     2   -86.0   42.298   68.667   7754.8    350.3
     1     1    10     4     3     3     0     3   -87.0   41.891   68.952   7302.1    367.8
     1     1    10     4     3     2     0     2   -88.0   41.424   69.110   6807.4    397.8
     1     1    10     4     3     1     0     1   -89.0   40.992   69.095   6272.0    422.4
     1     1    10     4     3     0     0     0   -90.0   40.589   68.942   5543.9    472.8
     1     1    10     4     2    23     0     1   -91.0   40.170   68.653   4928.3    506.0
     1     1    10     4     2    22     0     2   -92.0   39.725   68.313   4259.4    500.8
     1     1    10     4     2    21     0     3   -93.0   39.183   67.943   3530.8    480.7
     1     1    10     4     2    20     0     2   -94.0   38.629   67.515   3240.7    550.6
     1     1    10     4     2    19     0     1   -95.0   38.209   67.084   3092.0    605.9
     1     1    10     4     2    18     0     0   -96.0   37.863   66.656   3075.6    625.7
