     5     1
    GDAS    10     3     1     0     0
    GDAS    10     3     8     0     0
    GDAS    10     3    15     0     0
    GDAS    10     3    22     0     0
    GDAS    10     3    29     0     0
     1 BACKWARD OMEGA   
    10     3    28     0   39.977  116.381  8200.0
     1 PRESSURE
     1     1    10     3    28     0     0     0     0.0   39.977  116.381   7957.2    342.3
     1     1    10     3    27    23     0     1    -1.0   41.214  115.644   7834.0    297.0
     1     1    10     3    27    22     0     2    -2.0   42.523  114.954   7960.4    291.0
     1     1    10     3    27    21     0     3    -3.0   43.871  114.277   8233.5    286.7
     1     1    10     3    27    20     0     2    -4.0   45.212  113.524   8298.8    276.2
     1     1    10     3    27    19     0     1    -5.0   46.517  112.756   8401.0    278.6
     1     1    10     3    27    18     0     0    -6.0   47.813  111.936   8519.9    273.0
     1     1    10     3    27    17     0     1    -7.0   49.054  110.927   8580.3    264.4
     1     1    10     3    27    16     0     2    -8.0   50.206  109.778   8515.3    261.6
     1     1    10     3    27    15     0     3    -9.0   51.251  108.526   8650.5    274.9
     1     1    10     3    27    14     0     2   -10.0   52.136  107.148   8743.1    278.9
     1     1    10     3    27    13     0     1   -11.0   52.899  105.603   8769.3    275.1
     1     1    10     3    27    12     0     0   -12.0   53.521  103.813   8892.1    277.6
     1     1    10     3    27    11     0     1   -13.0   53.914  101.872   8945.9    277.9
     1     1    10     3    27    10     0     2   -14.0   54.147   99.821   8901.3    272.6
     1     1    10     3    27     9     0     3   -15.0   54.160   97.520   8686.7    250.3
     1     1    10     3    27     8     0     2   -16.0   53.912   95.132   8698.2    261.7
     1     1    10     3    27     7     0     1   -17.0   53.510   92.893   8808.8    280.1
     1     1    10     3    27     6     0     0   -18.0   53.000   90.820   8704.3    287.0
     1     1    10     3    27     5     0     1   -19.0   52.320   88.744   8399.5    273.5
     1     1    10     3    27     4     0     2   -20.0   51.540   86.613   8355.4    281.2
     1     1    10     3    27     3     0     3   -21.0   50.727   84.421   8061.8    281.9
     1     1    10     3    27     2     0     2   -22.0   49.892   82.024   8476.9    305.6
     1     1    10     3    27     1     0     1   -23.0   49.045   79.725   8324.4    302.0
     1     1    10     3    27     0     0     0   -24.0   48.212   77.473   8101.8    307.6
     1     1    10     3    26    23     0     1   -25.0   47.428   75.201   8023.7    319.9
     1     1    10     3    26    22     0     2   -26.0   46.643   73.012   7838.1    330.7
     1     1    10     3    26    21     0     3   -27.0   45.904   70.826   7962.7    333.4
     1     1    10     3    26    20     0     2   -28.0   45.280   68.635   8096.8    335.3
     1     1    10     3    26    19     0     1   -29.0   44.779   66.489   8152.0    336.5
     1     1    10     3    26    18     0     0   -30.0   44.391   64.404   8182.4    337.6
     1     1    10     3    26    17     0     1   -31.0   44.093   62.386   8229.5    337.8
     1     1    10     3    26    16     0     2   -32.0   43.909   60.444   8226.9    339.8
     1     1    10     3    26    15     0     3   -33.0   43.872   58.547   8273.3    336.0
     1     1    10     3    26    14     0     2   -34.0   43.917   56.717   8259.1    333.8
     1     1    10     3    26    13     0     1   -35.0   44.007   54.970   8228.7    332.8
     1     1    10     3    26    12     0     0   -36.0   44.128   53.288   8229.1    336.8
     1     1    10     3    26    11     0     1   -37.0   44.266   51.704   8228.8    340.7
     1     1    10     3    26    10     0     2   -38.0   44.416   50.257   8258.4    344.8
     1     1    10     3    26     9     0     3   -39.0   44.548   48.914   8251.1    344.2
     1     1    10     3    26     8     0     2   -40.0   44.658   47.676   8263.5    345.2
     1     1    10     3    26     7     0     1   -41.0   44.777   46.556   8252.1    344.5
     1     1    10     3    26     6     0     0   -42.0   44.914   45.527   8242.4    342.9
     1     1    10     3    26     5     0     1   -43.0   45.085   44.551   8239.3    338.9
     1     1    10     3    26     4     0     2   -44.0   45.288   43.632   8228.8    336.3
     1     1    10     3    26     3     0     3   -45.0   45.510   42.759   8206.0    337.1
     1     1    10     3    26     2     0     2   -46.0   45.759   41.921   8193.3    340.1
     1     1    10     3    26     1     0     1   -47.0   46.054   41.109   8215.4    342.3
     1     1    10     3    26     0     0     0   -48.0   46.379   40.322   8236.2    342.6
     1     1    10     3    25    23     0     1   -49.0   46.737   39.548   8287.0    340.5
     1     1    10     3    25    22     0     2   -50.0   47.174   38.783   8365.3    335.0
     1     1    10     3    25    21     0     3   -51.0   47.705   38.036   8411.6    328.3
     1     1    10     3    25    20     0     2   -52.0   48.295   37.264   8456.9    326.1
     1     1    10     3    25    19     0     1   -53.0   48.920   36.463   8492.7    325.4
     1     1    10     3    25    18     0     0   -54.0   49.610   35.589   8575.1    320.7
     1     1    10     3    25    17     0     1   -55.0   50.349   34.634   8719.5    312.4
     1     1    10     3    25    16     0     2   -56.0   51.121   33.615   8856.2    305.0
     1     1    10     3    25    15     0     3   -57.0   51.929   32.484   8984.9    299.6
     1     1    10     3    25    14     0     2   -58.0   52.734   31.264   9050.6    296.1
     1     1    10     3    25    13     0     1   -59.0   53.511   29.954   9058.0    295.1
     1     1    10     3    25    12     0     0   -60.0   54.241   28.519   9087.1    292.1
     1     1    10     3    25    11     0     1   -61.0   54.921   27.035   9103.7    292.5
     1     1    10     3    25    10     0     2   -62.0   55.533   25.526   9086.6    294.8
     1     1    10     3    25     9     0     3   -63.0   56.053   23.977   9080.6    298.4
     1     1    10     3    25     8     0     2   -64.0   56.481   22.371   9051.7    298.0
     1     1    10     3    25     7     0     1   -65.0   56.816   20.745   9077.6    300.4
     1     1    10     3    25     6     0     0   -66.0   57.071   19.102   9036.5    302.4
     1     1    10     3    25     5     0     1   -67.0   57.237   17.471   8983.3    304.7
     1     1    10     3    25     4     0     2   -68.0   57.291   15.818   8916.0    301.9
     1     1    10     3    25     3     0     3   -69.0   57.229   14.131   8879.4    300.9
     1     1    10     3    25     2     0     2   -70.0   57.067   12.521   8887.3    306.1
     1     1    10     3    25     1     0     1   -71.0   56.813   11.064   8896.8    309.0
     1     1    10     3    25     0     0     0   -72.0   56.481    9.739   8921.7    307.2
     1     1    10     3    24    23     0     1   -73.0   56.083    8.525   8977.3    304.4
     1     1    10     3    24    22     0     2   -74.0   55.636    7.445   9028.1    302.5
     1     1    10     3    24    21     0     3   -75.0   55.157    6.491   8968.9    305.3
     1     1    10     3    24    20     0     2   -76.0   54.655    5.644   8883.3    310.5
     1     1    10     3    24    19     0     1   -77.0   54.122    4.800   8881.4    309.9
     1     1    10     3    24    18     0     0   -78.0   53.572    3.986   8888.8    309.2
     1     1    10     3    24    17     0     1   -79.0   52.981    3.244   8878.3    309.7
     1     1    10     3    24    16     0     2   -80.0   52.333    2.580   8861.9    310.2
     1     1    10     3    24    15     0     3   -81.0   51.641    1.978   8855.3    310.5
     1     1    10     3    24    14     0     2   -82.0   50.935    1.433   8822.2    310.3
     1     1    10     3    24    13     0     1   -83.0   50.249    0.958   8799.8    313.3
     1     1    10     3    24    12     0     0   -84.0   49.569    0.551   8819.2    310.2
     1     1    10     3    24    11     0     1   -85.0   48.876    0.175   8827.5    305.2
     1     1    10     3    24    10     0     2   -86.0   48.188   -0.181   8816.9    306.1
     1     1    10     3    24     9     0     3   -87.0   47.523   -0.494   8760.8    311.0
     1     1    10     3    24     8     0     2   -88.0   46.885   -0.770   8712.5    315.1
     1     1    10     3    24     7     0     1   -89.0   46.269   -1.029   8702.4    318.1
     1     1    10     3    24     6     0     0   -90.0   45.668   -1.272   8688.8    319.2
     1     1    10     3    24     5     0     1   -91.0   45.100   -1.511   8638.1    321.9
     1     1    10     3    24     4     0     2   -92.0   44.591   -1.788   8576.6    327.1
     1     1    10     3    24     3     0     3   -93.0   44.149   -2.140   8535.6    330.5
     1     1    10     3    24     2     0     2   -94.0   43.739   -2.516   8431.8    327.6
     1     1    10     3    24     1     0     1   -95.0   43.320   -2.888   8305.0    323.5
     1     1    10     3    24     0     0     0   -96.0   42.896   -3.291   8148.6    315.1
