     7     1
    GDAS    10     3    22     0     0
    GDAS    10     4     8     0     0
    GDAS    10     4    15     0     0
    GDAS    10     4    22     0     0
    GDAS    10     4    29     0     0
    GDAS    10     4     1     0     0
    GDAS    10     3    29     0     0
     1 BACKWARD OMEGA   
    10     4     5     6   39.977  116.381  2400.0
     1 PRESSURE
     1     1    10     4     5     6     0     0     0.0   39.977  116.381   2162.6    754.6
     1     1    10     4     5     5     0     1    -1.0   40.074  115.949   1713.5    770.1
     1     1    10     4     5     4     0     2    -2.0   40.128  115.582   1345.2    791.5
     1     1    10     4     5     3     0     3    -3.0   40.160  115.214   1133.7    775.2
     1     1    10     4     5     2     0     2    -4.0   40.176  114.819   1017.8    771.4
     1     1    10     4     5     1     0     1    -5.0   40.189  114.390    980.8    775.1
     1     1    10     4     5     0     0     0    -6.0   40.197  113.932    986.5    774.2
     1     1    10     4     4    23     0     1    -7.0   40.206  113.482   1000.1    764.9
     1     1    10     4     4    22     0     2    -8.0   40.212  113.104    978.8    759.6
     1     1    10     4     4    21     0     3    -9.0   40.205  112.826    903.1    763.8
     1     1    10     4     4    20     0     2   -10.0   40.206  112.650    810.5    774.7
     1     1    10     4     4    19     0     1   -11.0   40.243  112.532    746.1    779.3
     1     1    10     4     4    18     0     0   -12.0   40.317  112.465    718.4    779.8
     1     1    10     4     4    17     0     1   -13.0   40.428  112.420    720.8    775.7
     1     1    10     4     4    16     0     2   -14.0   40.573  112.375    754.3    769.5
     1     1    10     4     4    15     0     3   -15.0   40.742  112.317    832.1    759.2
     1     1    10     4     4    14     0     2   -16.0   40.920  112.212    922.2    743.0
     1     1    10     4     4    13     0     1   -17.0   41.104  112.070    989.7    736.7
     1     1    10     4     4    12     0     0   -18.0   41.302  111.903   1023.9    735.8
     1     1    10     4     4    11     0     1   -19.0   41.500  111.678   1007.0    740.6
     1     1    10     4     4    10     0     2   -20.0   41.686  111.395    948.9    753.7
     1     1    10     4     4     9     0     3   -21.0   41.874  111.096    866.7    771.1
     1     1    10     4     4     8     0     2   -22.0   42.061  110.815    767.9    786.9
     1     1    10     4     4     7     0     1   -23.0   42.221  110.555    668.9    798.7
     1     1    10     4     4     6     0     0   -24.0   42.344  110.313    579.7    808.0
     1     1    10     4     4     5     0     1   -25.0   42.427  110.122    501.5    816.1
     1     1    10     4     4     4     0     2   -26.0   42.477  110.005    436.3    823.4
     1     1    10     4     4     3     0     3   -27.0   42.496  109.950    383.8    829.4
     1     1    10     4     4     2     0     2   -28.0   42.489  109.929    349.6    832.9
     1     1    10     4     4     1     0     1   -29.0   42.457  109.917    337.4    833.2
     1     1    10     4     4     0     0     0   -30.0   42.398  109.915    345.4    830.9
     1     1    10     4     3    23     0     1   -31.0   42.332  109.916    364.4    826.7
     1     1    10     4     3    22     0     2   -32.0   42.287  109.917    385.9    823.7
     1     1    10     4     3    21     0     3   -33.0   42.267  109.919    410.5    821.0
     1     1    10     4     3    20     0     2   -34.0   42.284  109.924    432.4    818.3
     1     1    10     4     3    19     0     1   -35.0   42.347  109.933    445.2    818.4
     1     1    10     4     3    18     0     0   -36.0   42.461  109.940    449.7    820.5
     1     1    10     4     3    17     0     1   -37.0   42.646  109.915    455.4    824.8
     1     1    10     4     3    16     0     2   -38.0   42.919  109.816    501.4    828.0
     1     1    10     4     3    15     0     3   -39.0   43.258  109.629    611.9    824.4
     1     1    10     4     3    14     0     2   -40.0   43.613  109.391    736.6    817.9
     1     1    10     4     3    13     0     1   -41.0   43.966  109.114    881.9    819.0
     1     1    10     4     3    12     0     0   -42.0   44.326  108.763   1060.2    788.2
     1     1    10     4     3    11     0     1   -43.0   44.696  108.352   1236.2    759.2
     1     1    10     4     3    10     0     2   -44.0   45.068  107.938   1394.5    740.0
     1     1    10     4     3     9     0     3   -45.0   45.429  107.550   1537.2    716.1
     1     1    10     4     3     8     0     2   -46.0   45.782  107.138   1658.2    691.8
     1     1    10     4     3     7     0     1   -47.0   46.141  106.666   1777.4    675.6
     1     1    10     4     3     6     0     0   -48.0   46.511  106.178   1959.0    660.5
     1     1    10     4     3     5     0     1   -49.0   46.883  105.699   2191.4    639.3
     1     1    10     4     3     4     0     2   -50.0   47.252  105.223   2399.6    622.1
     1     1    10     4     3     3     0     3   -51.0   47.616  104.771   2542.0    617.1
     1     1    10     4     3     2     0     2   -52.0   47.959  104.350   2609.8    618.1
     1     1    10     4     3     1     0     1   -53.0   48.290  103.947   2608.3    619.8
     1     1    10     4     3     0     0     0   -54.0   48.637  103.541   2619.9    610.5
     1     1    10     4     2    23     0     1   -55.0   48.977  103.119   2653.5    598.7
     1     1    10     4     2    22     0     2   -56.0   49.274  102.680   2642.7    595.8
     1     1    10     4     2    21     0     3   -57.0   49.539  102.219   2593.2    599.8
     1     1    10     4     2    20     0     2   -58.0   49.784  101.747   2521.7    601.2
     1     1    10     4     2    19     0     1   -59.0   50.001  101.283   2430.0    600.5
     1     1    10     4     2    18     0     0   -60.0   50.202  100.824   2360.9    600.2
     1     1    10     4     2    17     0     1   -61.0   50.414  100.321   2370.8    592.4
     1     1    10     4     2    16     0     2   -62.0   50.638   99.738   2452.5    578.5
     1     1    10     4     2    15     0     3   -63.0   50.848   99.089   2517.0    556.1
     1     1    10     4     2    14     0     2   -64.0   51.045   98.424   2573.7    557.8
     1     1    10     4     2    13     0     1   -65.0   51.242   97.751   2635.8    567.3
     1     1    10     4     2    12     0     0   -66.0   51.430   97.097   2605.4    588.1
     1     1    10     4     2    11     0     1   -67.0   51.607   96.474   2434.5    607.3
     1     1    10     4     2    10     0     2   -68.0   51.798   95.833   2216.4    624.7
     1     1    10     4     2     9     0     3   -69.0   52.012   95.190   2036.2    644.5
     1     1    10     4     2     8     0     2   -70.0   52.221   94.495   1995.6    675.0
     1     1    10     4     2     7     0     1   -71.0   52.422   93.698   2050.4    680.4
     1     1    10     4     2     6     0     0   -72.0   52.622   92.861   2077.2    690.0
     1     1    10     4     2     5     0     1   -73.0   52.792   92.027   2068.9    702.0
     1     1    10     4     2     4     0     2   -74.0   52.940   91.186   1936.7    730.7
     1     1    10     4     2     3     0     3   -75.0   53.096   90.343   1724.0    754.3
     1     1    10     4     2     2     0     2   -76.0   53.237   89.474   1705.1    738.2
     1     1    10     4     2     1     0     1   -77.0   53.326   88.611   1719.6    741.8
     1     1    10     4     2     0     0     0   -78.0   53.383   87.874   1664.7    769.7
     1     1    10     4     1    23     0     1   -79.0   53.443   87.240   1542.6    794.4
     1     1    10     4     1    22     0     2   -80.0   53.506   86.654   1409.8    815.4
     1     1    10     4     1    21     0     3   -81.0   53.569   86.083   1318.1    827.3
     1     1    10     4     1    20     0     2   -82.0   53.635   85.519   1272.7    833.1
     1     1    10     4     1    19     0     1   -83.0   53.705   84.973   1246.6    839.6
     1     1    10     4     1    18     0     0   -84.0   53.788   84.450   1230.0    846.2
     1     1    10     4     1    17     0     1   -85.0   53.872   83.936   1210.3    850.9
     1     1    10     4     1    16     0     2   -86.0   53.937   83.413   1176.8    854.7
     1     1    10     4     1    15     0     3   -87.0   53.983   82.876   1140.3    859.9
     1     1    10     4     1    14     0     2   -88.0   54.026   82.349   1102.0    865.9
     1     1    10     4     1    13     0     1   -89.0   54.076   81.849   1051.6    872.6
     1     1    10     4     1    12     0     0   -90.0   54.126   81.361    987.3    880.4
     1     1    10     4     1    11     0     1   -91.0   54.174   80.865    930.4    889.5
     1     1    10     4     1    10     0     2   -92.0   54.214   80.356    895.1    893.7
     1     1    10     4     1     9     0     3   -93.0   54.233   79.848    875.5    897.0
     1     1    10     4     1     8     0     2   -94.0   54.249   79.331    859.7    901.2
     1     1    10     4     1     7     0     1   -95.0   54.286   78.798    838.0    906.2
     1     1    10     4     1     6     0     0   -96.0   54.347   78.255    818.7    909.2
