     7     1
    GDAS    10     3    22     0     0
    GDAS    10     4     8     0     0
    GDAS    10     4    15     0     0
    GDAS    10     4    22     0     0
    GDAS    10     4    29     0     0
    GDAS    10     4     1     0     0
    GDAS    10     3    29     0     0
     1 BACKWARD OMEGA   
    10     4    10     6   39.977  116.381 10000.0
     1 PRESSURE
     1     1    10     4    10     6     0     0     0.0   39.977  116.381   9753.0    258.6
     1     1    10     4    10     5     0     1    -1.0   39.874  113.947   9394.4    235.9
     1     1    10     4    10     4     0     2    -2.0   39.883  111.543   9390.6    233.0
     1     1    10     4    10     3     0     3    -3.0   39.965  109.224   9357.1    232.5
     1     1    10     4    10     2     0     2    -4.0   40.129  106.962   9367.9    235.1
     1     1    10     4    10     1     0     1    -5.0   40.332  104.663   9417.9    229.2
     1     1    10     4    10     0     0     0    -6.0   40.624  102.334   9450.5    231.7
     1     1    10     4     9    23     0     1    -7.0   41.022   99.938   9549.4    228.6
     1     1    10     4     9    22     0     2    -8.0   41.382   97.496   9381.0    218.3
     1     1    10     4     9    21     0     3    -9.0   41.723   94.924   9437.0    225.7
     1     1    10     4     9    20     0     2   -10.0   41.937   92.342   9514.7    239.9
     1     1    10     4     9    19     0     1   -11.0   42.126   89.989   9293.4    249.5
     1     1    10     4     9    18     0     0   -12.0   42.458   87.713   9090.5    236.5
     1     1    10     4     9    17     0     1   -13.0   42.840   85.564   8648.0    203.6
     1     1    10     4     9    16     0     2   -14.0   43.387   83.435   8812.3    208.2
     1     1    10     4     9    15     0     3   -15.0   44.031   81.202   9454.9    243.7
     1     1    10     4     9    14     0     2   -16.0   44.709   78.989   9231.5    236.2
     1     1    10     4     9    13     0     1   -17.0   45.464   76.719   9620.5    263.0
     1     1    10     4     9    12     0     0   -18.0   46.215   74.413   9558.9    265.4
     1     1    10     4     9    11     0     1   -19.0   46.945   72.117   9497.1    260.3
     1     1    10     4     9    10     0     2   -20.0   47.570   69.879   9641.8    262.1
     1     1    10     4     9     9     0     3   -21.0   48.128   67.742   9714.9    256.6
     1     1    10     4     9     8     0     2   -22.0   48.575   65.648   9839.2    258.7
     1     1    10     4     9     7     0     1   -23.0   48.827   63.551   9927.9    262.3
     1     1    10     4     9     6     0     0   -24.0   48.901   61.559   9921.3    261.7
     1     1    10     4     9     5     0     1   -25.0   48.801   59.749   9893.2    259.9
     1     1    10     4     9     4     0     2   -26.0   48.563   58.112   9835.4    259.4
     1     1    10     4     9     3     0     3   -27.0   48.193   56.665   9805.8    265.6
     1     1    10     4     9     2     0     2   -28.0   47.717   55.471   9648.2    275.5
     1     1    10     4     9     1     0     1   -29.0   47.202   54.464   9502.5    285.6
     1     1    10     4     9     0     0     0   -30.0   46.652   53.624   9366.2    293.6
     1     1    10     4     8    23     0     1   -31.0   46.052   52.898   9256.4    299.9
     1     1    10     4     8    22     0     2   -32.0   45.411   52.162   9143.4    305.5
     1     1    10     4     8    21     0     3   -33.0   44.727   51.377   9052.8    307.4
     1     1    10     4     8    20     0     2   -34.0   43.970   50.536   9037.2    308.2
     1     1    10     4     8    19     0     1   -35.0   43.157   49.590   9016.3    310.6
     1     1    10     4     8    18     0     0   -36.0   42.313   48.611   8880.8    310.3
     1     1    10     4     8    17     0     1   -37.0   41.361   47.557   8425.0    279.9
     1     1    10     4     8    16     0     2   -38.0   40.349   46.397   8283.6    289.6
     1     1    10     4     8    15     0     3   -39.0   39.351   45.108   8293.8    268.3
     1     1    10     4     8    14     0     2   -40.0   38.379   43.650   7935.0    255.3
     1     1    10     4     8    13     0     1   -41.0   37.410   42.143   8277.6    300.9
     1     1    10     4     8    12     0     0   -42.0   36.493   40.734   8238.5    324.2
     1     1    10     4     8    11     0     1   -43.0   35.760   39.306   8190.9    331.2
     1     1    10     4     8    10     0     2   -44.0   35.164   37.890   8036.1    321.9
     1     1    10     4     8     9     0     3   -45.0   34.729   36.496   8053.3    326.8
     1     1    10     4     8     8     0     2   -46.0   34.491   35.159   8283.5    339.2
     1     1    10     4     8     7     0     1   -47.0   34.446   33.843   8437.4    332.0
     1     1    10     4     8     6     0     0   -48.0   34.600   32.487   8594.4    321.5
     1     1    10     4     8     5     0     1   -49.0   34.925   31.126   8897.3    313.1
     1     1    10     4     8     4     0     2   -50.0   35.437   29.806   9132.9    299.1
     1     1    10     4     8     3     0     3   -51.0   36.142   28.425   9386.4    283.6
     1     1    10     4     8     2     0     2   -52.0   36.899   27.021   9494.9    282.4
     1     1    10     4     8     1     0     1   -53.0   37.652   25.609   9543.3    280.9
     1     1    10     4     8     0     0     0   -54.0   38.415   24.179   9460.5    283.7
     1     1    10     4     7    23     0     1   -55.0   39.165   22.774   9307.3    275.3
     1     1    10     4     7    22     0     2   -56.0   39.913   21.444   9118.5    264.0
     1     1    10     4     7    21     0     3   -57.0   40.690   20.204   9164.6    273.5
     1     1    10     4     7    20     0     2   -58.0   41.490   19.075   9378.7    292.2
     1     1    10     4     7    19     0     1   -59.0   42.306   18.126   9304.7    284.9
     1     1    10     4     7    18     0     0   -60.0   43.140   17.356   9370.1    279.5
     1     1    10     4     7    17     0     1   -61.0   43.960   16.749   9287.0    256.9
     1     1    10     4     7    16     0     2   -62.0   44.760   16.315   9591.8    263.0
     1     1    10     4     7    15     0     3   -63.0   45.554   16.052   9663.6    266.2
     1     1    10     4     7    14     0     2   -64.0   46.333   15.988   9698.3    268.1
     1     1    10     4     7    13     0     1   -65.0   47.085   16.079   9743.9    264.0
     1     1    10     4     7    12     0     0   -66.0   47.814   16.272   9790.2    259.3
     1     1    10     4     7    11     0     1   -67.0   48.555   16.555   9874.0    257.9
     1     1    10     4     7    10     0     2   -68.0   49.327   16.919   9924.3    252.4
     1     1    10     4     7     9     0     3   -69.0   50.113   17.344   9949.3    247.1
     1     1    10     4     7     8     0     2   -70.0   50.913   17.780  10135.7    250.6
