     7     1
    GDAS    10     3    22     0     0
    GDAS    10     4     8     0     0
    GDAS    10     4    15     0     0
    GDAS    10     4    22     0     0
    GDAS    10     4    29     0     0
    GDAS    10     4     1     0     0
    GDAS    10     3    29     0     0
     1 BACKWARD OMEGA   
    10     4    13     6   39.977  116.381  9600.0
     1 PRESSURE
     1     1    10     4    13     6     0     0     0.0   39.977  116.381   9344.7    273.7
     1     1    10     4    13     5     0     1    -1.0   41.097  113.507   9023.7    237.6
     1     1    10     4    13     4     0     2    -2.0   42.250  110.842   9248.0    239.1
     1     1    10     4    13     3     0     3    -3.0   43.416  108.196   9458.2    239.7
     1     1    10     4    13     2     0     2    -4.0   44.429  105.506   9426.9    228.3
     1     1    10     4    13     1     0     1    -5.0   45.268  102.904   9480.5    223.7
     1     1    10     4    13     0     0     0    -6.0   45.964  100.424   9310.5    215.0
     1     1    10     4    12    23     0     1    -7.0   46.480   97.996   9241.7    210.7
     1     1    10     4    12    22     0     2    -8.0   46.824   95.668   9371.6    212.3
     1     1    10     4    12    21     0     3    -9.0   47.026   93.314   9387.9    215.3
     1     1    10     4    12    20     0     2   -10.0   47.140   91.183   9027.2    198.6
     1     1    10     4    12    19     0     1   -11.0   47.131   89.082   9695.1    229.4
     1     1    10     4    12    18     0     0   -12.0   46.838   86.828   9863.0    233.6
