     7     1
    GDAS    10     3    22     0     0
    GDAS    10     4     8     0     0
    GDAS    10     4    15     0     0
    GDAS    10     4    22     0     0
    GDAS    10     4    29     0     0
    GDAS    10     4     1     0     0
    GDAS    10     3    29     0     0
     1 BACKWARD OMEGA   
    10     4    24     6   39.977  116.381  4400.0
     1 PRESSURE
     1     1    10     4    24     6     0     0     0.0   39.977  116.381   4162.8    588.5
     1     1    10     4    24     5     0     1    -1.0   40.173  115.927   4195.4    559.5
     1     1    10     4    24     4     0     2    -2.0   40.401  115.387   4161.6    526.9
     1     1    10     4    24     3     0     3    -3.0   40.659  114.756   4150.3    510.0
     1     1    10     4    24     2     0     2    -4.0   40.928  114.069   4202.4    505.4
     1     1    10     4    24     1     0     1    -5.0   41.175  113.325   4221.2    488.8
     1     1    10     4    24     0     0     0    -6.0   41.402  112.542   4204.6    491.0
     1     1    10     4    23    23     0     1    -7.0   41.622  111.769   4198.3    495.3
     1     1    10     4    23    22     0     2    -8.0   41.816  111.004   4230.8    502.1
     1     1    10     4    23    21     0     3    -9.0   41.984  110.213   4284.0    497.6
     1     1    10     4    23    20     0     2   -10.0   42.145  109.407   4325.4    493.2
     1     1    10     4    23    19     0     1   -11.0   42.300  108.614   4358.5    494.1
     1     1    10     4    23    18     0     0   -12.0   42.442  107.835   4374.8    502.6
     1     1    10     4    23    17     0     1   -13.0   42.585  107.069   4349.8    507.8
     1     1    10     4    23    16     0     2   -14.0   42.734  106.291   4278.8    510.6
     1     1    10     4    23    15     0     3   -15.0   42.898  105.450   4189.5    500.3
     1     1    10     4    23    14     0     2   -16.0   43.087  104.526   4199.3    492.1
     1     1    10     4    23    13     0     1   -17.0   43.288  103.592   4321.1    489.0
     1     1    10     4    23    12     0     0   -18.0   43.486  102.630   4386.6    485.8
     1     1    10     4    23    11     0     1   -19.0   43.670  101.626   4488.0    489.3
     1     1    10     4    23    10     0     2   -20.0   43.809  100.561   4666.1    479.4
     1     1    10     4    23     9     0     3   -21.0   43.916   99.412   4671.6    472.9
     1     1    10     4    23     8     0     2   -22.0   43.995   98.249   4558.1    487.3
     1     1    10     4    23     7     0     1   -23.0   44.065   97.123   4555.7    488.4
     1     1    10     4    23     6     0     0   -24.0   44.147   96.017   4463.2    497.0
     1     1    10     4    23     5     0     1   -25.0   44.234   94.923   4537.6    523.1
     1     1    10     4    23     4     0     2   -26.0   44.310   93.845   4547.2    488.2
     1     1    10     4    23     3     0     3   -27.0   44.370   92.814   4374.4    474.0
     1     1    10     4    23     2     0     2   -28.0   44.445   91.869   4221.6    495.9
     1     1    10     4    23     1     0     1   -29.0   44.544   90.995   4128.6    514.6
     1     1    10     4    23     0     0     0   -30.0   44.645   90.166   4112.8    532.5
     1     1    10     4    22    23     0     1   -31.0   44.769   89.393   4068.0    541.8
     1     1    10     4    22    22     0     2   -32.0   44.939   88.664   3997.1    563.4
     1     1    10     4    22    21     0     3   -33.0   45.125   87.940   3916.8    582.1
     1     1    10     4    22    20     0     2   -34.0   45.293   87.247   3850.3    598.2
     1     1    10     4    22    19     0     1   -35.0   45.424   86.611   3776.1    609.2
     1     1    10     4    22    18     0     0   -36.0   45.505   86.029   3678.3    621.9
     1     1    10     4    22    17     0     1   -37.0   45.561   85.527   3554.9    628.4
     1     1    10     4    22    16     0     2   -38.0   45.629   85.117   3456.0    629.9
     1     1    10     4    22    15     0     3   -39.0   45.724   84.787   3388.9    622.6
     1     1    10     4    22    14     0     2   -40.0   45.850   84.498   3373.5    606.1
     1     1    10     4    22    13     0     1   -41.0   46.009   84.216   3430.3    579.4
     1     1    10     4    22    12     0     0   -42.0   46.192   83.943   3564.4    556.8
     1     1    10     4    22    11     0     1   -43.0   46.391   83.683   3691.4    547.1
     1     1    10     4    22    10     0     2   -44.0   46.605   83.430   3734.5    545.8
     1     1    10     4    22     9     0     3   -45.0   46.835   83.179   3707.8    547.9
     1     1    10     4    22     8     0     2   -46.0   47.074   82.918   3646.6    558.6
     1     1    10     4    22     7     0     1   -47.0   47.305   82.647   3613.8    581.2
     1     1    10     4    22     6     0     0   -48.0   47.534   82.374   3613.6    590.1
     1     1    10     4    22     5     0     1   -49.0   47.771   82.092   3645.4    587.8
     1     1    10     4    22     4     0     2   -50.0   48.018   81.784   3714.7    581.9
     1     1    10     4    22     3     0     3   -51.0   48.275   81.450   3797.5    577.8
     1     1    10     4    22     2     0     2   -52.0   48.532   81.090   3864.8    578.1
     1     1    10     4    22     1     0     1   -53.0   48.781   80.697   3917.8    580.4
     1     1    10     4    22     0     0     0   -54.0   49.023   80.273   3959.6    582.7
     1     1    10     4    21    23     0     1   -55.0   49.251   79.832   4014.5    584.1
     1     1    10     4    21    22     0     2   -56.0   49.459   79.386   4085.8    579.3
     1     1    10     4    21    21     0     3   -57.0   49.656   78.934   4163.8    574.8
     1     1    10     4    21    20     0     2   -58.0   49.846   78.475   4225.6    571.5
     1     1    10     4    21    19     0     1   -59.0   50.031   78.008   4255.0    572.2
     1     1    10     4    21    18     0     0   -60.0   50.219   77.541   4247.5    570.3
     1     1    10     4    21    17     0     1   -61.0   50.421   77.061   4248.8    571.9
     1     1    10     4    21    16     0     2   -62.0   50.638   76.556   4278.4    573.7
     1     1    10     4    21    15     0     3   -63.0   50.871   76.042   4320.5    573.9
     1     1    10     4    21    14     0     2   -64.0   51.107   75.491   4368.6    571.5
     1     1    10     4    21    13     0     1   -65.0   51.338   74.881   4436.2    566.4
     1     1    10     4    21    12     0     0   -66.0   51.582   74.253   4521.0    560.0
     1     1    10     4    21    11     0     1   -67.0   51.834   73.603   4589.3    554.9
     1     1    10     4    21    10     0     2   -68.0   52.085   72.917   4638.2    554.4
     1     1    10     4    21     9     0     3   -69.0   52.359   72.211   4701.8    550.4
     1     1    10     4    21     8     0     2   -70.0   52.651   71.480   4806.8    540.7
     1     1    10     4    21     7     0     1   -71.0   52.953   70.722   4939.3    526.7
     1     1    10     4    21     6     0     0   -72.0   53.286   69.966   5074.5    516.7
     1     1    10     4    21     5     0     1   -73.0   53.644   69.243   5242.5    509.9
     1     1    10     4    21     4     0     2   -74.0   54.024   68.517   5438.4    502.0
     1     1    10     4    21     3     0     3   -75.0   54.438   67.742   5651.4    487.2
     1     1    10     4    21     2     0     2   -76.0   54.880   66.916   5870.2    472.1
     1     1    10     4    21     1     0     1   -77.0   55.324   66.030   6030.3    460.4
     1     1    10     4    21     0     0     0   -78.0   55.744   65.036   6183.8    451.8
     1     1    10     4    20    23     0     1   -79.0   56.123   63.910   6316.1    441.0
     1     1    10     4    20    22     0     2   -80.0   56.441   62.678   6404.5    434.6
     1     1    10     4    20    21     0     3   -81.0   56.689   61.294   6445.3    427.4
     1     1    10     4    20    20     0     2   -82.0   56.907   59.815   6392.2    423.4
     1     1    10     4    20    19     0     1   -83.0   57.107   58.318   6422.3    426.0
     1     1    10     4    20    18     0     0   -84.0   57.230   56.723   6554.5    421.8
     1     1    10     4    20    17     0     1   -85.0   57.322   55.036   6634.7    419.6
     1     1    10     4    20    16     0     2   -86.0   57.407   53.311   6673.4    415.6
     1     1    10     4    20    15     0     3   -87.0   57.444   51.552   6705.7    415.1
     1     1    10     4    20    14     0     2   -88.0   57.422   49.749   6683.4    417.0
     1     1    10     4    20    13     0     1   -89.0   57.333   47.917   6702.5    416.4
     1     1    10     4    20    12     0     0   -90.0   57.166   46.107   6726.8    415.8
     1     1    10     4    20    11     0     1   -91.0   56.946   44.334   6706.0    415.8
     1     1    10     4    20    10     0     2   -92.0   56.704   42.656   6713.9    416.1
     1     1    10     4    20     9     0     3   -93.0   56.463   41.068   6725.4    415.1
     1     1    10     4    20     8     0     2   -94.0   56.213   39.514   6720.0    413.2
     1     1    10     4    20     7     0     1   -95.0   55.935   37.997   6694.0    412.6
     1     1    10     4    20     6     0     0   -96.0   55.629   36.506   6678.2    412.8
