     7     1
    GDAS    10     3    22     0     0
    GDAS    10     4     8     0     0
    GDAS    10     4    15     0     0
    GDAS    10     4    22     0     0
    GDAS    10     4    29     0     0
    GDAS    10     4     1     0     0
    GDAS    10     3    29     0     0
     1 BACKWARD OMEGA   
    10     4    16    12   39.977  116.381  2400.0
     1 PRESSURE
     1     1    10     4    16    12     0     0     0.0   39.977  116.381   2163.5    758.5
     1     1    10     4    16    11     0     1    -1.0   40.164  116.055   2308.2    713.5
     1     1    10     4    16    10     0     2    -2.0   40.330  115.682   2179.9    686.8
     1     1    10     4    16     9     0     3    -3.0   40.464  115.348   1849.4    702.2
     1     1    10     4    16     8     0     2    -4.0   40.607  115.049   1590.0    722.5
     1     1    10     4    16     7     0     1    -5.0   40.775  114.740   1508.7    721.7
     1     1    10     4    16     6     0     0    -6.0   40.955  114.423   1488.5    715.4
     1     1    10     4    16     5     0     1    -7.0   41.133  114.114   1452.0    715.6
     1     1    10     4    16     4     0     2    -8.0   41.290  113.820   1404.5    717.6
     1     1    10     4    16     3     0     3    -9.0   41.424  113.529   1375.0    716.6
     1     1    10     4    16     2     0     2   -10.0   41.556  113.241   1367.2    714.5
     1     1    10     4    16     1     0     1   -11.0   41.705  112.957   1371.3    713.9
     1     1    10     4    16     0     0     0   -12.0   41.866  112.672   1369.7    715.5
     1     1    10     4    15    23     0     1   -13.0   42.025  112.372   1354.0    720.3
     1     1    10     4    15    22     0     2   -14.0   42.174  112.050   1331.3    727.6
     1     1    10     4    15    21     0     3   -15.0   42.317  111.715   1299.0    738.3
     1     1    10     4    15    20     0     2   -16.0   42.443  111.393   1259.0    749.5
     1     1    10     4    15    19     0     1   -17.0   42.537  111.118   1215.1    758.2
     1     1    10     4    15    18     0     0   -18.0   42.600  110.899   1166.3    764.5
     1     1    10     4    15    17     0     1   -19.0   42.661  110.728   1118.1    769.4
     1     1    10     4    15    16     0     2   -20.0   42.748  110.599   1067.3    773.8
     1     1    10     4    15    15     0     3   -21.0   42.862  110.525    999.3    781.1
     1     1    10     4    15    14     0     2   -22.0   43.006  110.491    924.6    793.0
     1     1    10     4    15    13     0     1   -23.0   43.184  110.444    869.5    802.1
     1     1    10     4    15    12     0     0   -24.0   43.395  110.360    842.0    807.6
     1     1    10     4    15    11     0     1   -25.0   43.616  110.239    830.6    812.0
     1     1    10     4    15    10     0     2   -26.0   43.825  110.090    828.1    817.7
     1     1    10     4    15     9     0     3   -27.0   44.017  109.918    833.3    822.3
     1     1    10     4    15     8     0     2   -28.0   44.194  109.727    842.8    819.5
     1     1    10     4    15     7     0     1   -29.0   44.359  109.525    856.4    815.2
     1     1    10     4    15     6     0     0   -30.0   44.509  109.321    867.5    809.9
     1     1    10     4    15     5     0     1   -31.0   44.659  109.128    869.0    805.0
     1     1    10     4    15     4     0     2   -32.0   44.822  108.962    863.3    801.0
     1     1    10     4    15     3     0     3   -33.0   44.996  108.830    862.1    797.8
     1     1    10     4    15     2     0     2   -34.0   45.175  108.702    870.9    794.1
     1     1    10     4    15     1     0     1   -35.0   45.362  108.548    887.8    789.0
     1     1    10     4    15     0     0     0   -36.0   45.561  108.375    911.6    782.5
     1     1    10     4    14    23     0     1   -37.0   45.771  108.192    940.1    774.5
     1     1    10     4    14    22     0     2   -38.0   45.990  108.010    974.0    765.6
     1     1    10     4    14    21     0     3   -39.0   46.217  107.825   1012.7    757.8
     1     1    10     4    14    20     0     2   -40.0   46.436  107.629   1045.2    750.9
     1     1    10     4    14    19     0     1   -41.0   46.641  107.415   1062.1    745.2
     1     1    10     4    14    18     0     0   -42.0   46.834  107.181   1054.6    741.4
     1     1    10     4    14    17     0     1   -43.0   47.020  106.938   1022.7    741.4
     1     1    10     4    14    16     0     2   -44.0   47.199  106.700    983.5    747.7
     1     1    10     4    14    15     0     3   -45.0   47.356  106.469    942.0    754.2
     1     1    10     4    14    14     0     2   -46.0   47.490  106.242    895.3    763.7
     1     1    10     4    14    13     0     1   -47.0   47.607  106.023    834.6    774.3
     1     1    10     4    14    12     0     0   -48.0   47.713  105.811    752.3    786.1
     1     1    10     4    14    11     0     1   -49.0   47.815  105.586    657.3    799.9
     1     1    10     4    14    10     0     2   -50.0   47.918  105.325    556.8    815.5
     1     1    10     4    14     9     0     3   -51.0   48.016  105.024    461.3    832.0
     1     1    10     4    14     8     0     2   -52.0   48.095  104.723    402.7    843.3
     1     1    10     4    14     7     0     1   -53.0   48.155  104.450    391.2    843.6
     1     1    10     4    14     6     0     0   -54.0   48.202  104.201    405.8    841.0
     1     1    10     4    14     5     0     1   -55.0   48.247  103.975    431.8    835.8
     1     1    10     4    14     4     0     2   -56.0   48.303  103.775    455.7    825.8
     1     1    10     4    14     3     0     3   -57.0   48.375  103.597    472.3    818.6
     1     1    10     4    14     2     0     2   -58.0   48.464  103.410    483.5    812.4
     1     1    10     4    14     1     0     1   -59.0   48.566  103.186    486.5    806.6
     1     1    10     4    14     0     0     0   -60.0   48.679  102.924    472.3    803.9
     1     1    10     4    13    23     0     1   -61.0   48.778  102.645    450.1    807.3
     1     1    10     4    13    22     0     2   -62.0   48.845  102.367    436.1    808.7
     1     1    10     4    13    21     0     3   -63.0   48.883  102.092    433.4    808.4
     1     1    10     4    13    20     0     2   -64.0   48.907  101.816    440.5    805.1
     1     1    10     4    13    19     0     1   -65.0   48.936  101.526    457.6    800.2
     1     1    10     4    13    18     0     0   -66.0   48.974  101.216    485.5    794.3
     1     1    10     4    13    17     0     1   -67.0   49.033  100.886    521.8    785.1
     1     1    10     4    13    16     0     2   -68.0   49.112  100.563    567.4    771.4
     1     1    10     4    13    15     0     3   -69.0   49.204  100.258    632.4    756.9
     1     1    10     4    13    14     0     2   -70.0   49.294   99.957    725.6    740.0
     1     1    10     4    13    13     0     1   -71.0   49.371   99.651    835.4    724.7
     1     1    10     4    13    12     0     0   -72.0   49.451   99.343    947.6    711.3
     1     1    10     4    13    11     0     1   -73.0   49.543   99.032   1064.8    699.0
     1     1    10     4    13    10     0     2   -74.0   49.648   98.703   1181.8    684.2
     1     1    10     4    13     9     0     3   -75.0   49.765   98.339   1293.5    668.1
     1     1    10     4    13     8     0     2   -76.0   49.904   97.938   1394.9    650.4
     1     1    10     4    13     7     0     1   -77.0   50.051   97.518   1490.5    641.7
     1     1    10     4    13     6     0     0   -78.0   50.187   97.091   1584.6    642.0
     1     1    10     4    13     5     0     1   -79.0   50.314   96.667   1676.2    650.3
     1     1    10     4    13     4     0     2   -80.0   50.441   96.254   1759.1    658.9
     1     1    10     4    13     3     0     3   -81.0   50.574   95.859   1846.5    666.8
     1     1    10     4    13     2     0     2   -82.0   50.713   95.470   1923.9    674.5
     1     1    10     4    13     1     0     1   -83.0   50.847   95.079   1963.7    681.9
     1     1    10     4    13     0     0     0   -84.0   50.979   94.677   1958.7    675.6
     1     1    10     4    12    23     0     1   -85.0   51.103   94.250   1949.0    669.9
     1     1    10     4    12    22     0     2   -86.0   51.209   93.790   1951.3    666.2
     1     1    10     4    12    21     0     3   -87.0   51.300   93.290   1954.4    662.8
     1     1    10     4    12    20     0     2   -88.0   51.382   92.758   1963.8    659.2
     1     1    10     4    12    19     0     1   -89.0   51.454   92.202   1985.4    651.2
     1     1    10     4    12    18     0     0   -90.0   51.507   91.628   2033.9    648.0
     1     1    10     4    12    17     0     1   -91.0   51.553   91.080   2118.7    641.7
     1     1    10     4    12    16     0     2   -92.0   51.617   90.585   2200.1    625.0
     1     1    10     4    12    15     0     3   -93.0   51.709   90.144   2268.5    616.2
     1     1    10     4    12    14     0     2   -94.0   51.825   89.724   2331.9    612.8
     1     1    10     4    12    13     0     1   -95.0   51.952   89.296   2360.8    614.8
     1     1    10     4    12    12     0     0   -96.0   52.077   88.876   2343.6    632.2
