     7     1
    GDAS    10     3    22     0     0
    GDAS    10     4     8     0     0
    GDAS    10     4    15     0     0
    GDAS    10     4    22     0     0
    GDAS    10     4    29     0     0
    GDAS    10     4     1     0     0
    GDAS    10     3    29     0     0
     1 BACKWARD OMEGA   
    10     4     2    18   39.977  116.381  3600.0
     1 PRESSURE
     1     1    10     4     2    18     0     0     0.0   39.977  116.381   3361.1    647.3
     1     1    10     4     2    17     0     1    -1.0   40.156  115.631   3359.3    602.4
     1     1    10     4     2    16     0     2    -2.0   40.370  114.879   3299.9    567.8
     1     1    10     4     2    15     0     3    -3.0   40.599  114.176   3267.2    569.6
     1     1    10     4     2    14     0     2    -4.0   40.858  113.495   3211.9    561.6
     1     1    10     4     2    13     0     1    -5.0   41.179  112.820   3186.9    555.1
     1     1    10     4     2    12     0     0    -6.0   41.551  112.169   3268.9    556.6
     1     1    10     4     2    11     0     1    -7.0   41.965  111.513   3421.3    551.9
     1     1    10     4     2    10     0     2    -8.0   42.395  110.815   3570.6    550.4
     1     1    10     4     2     9     0     3    -9.0   42.807  110.097   3635.2    545.1
     1     1    10     4     2     8     0     2   -10.0   43.194  109.393   3633.4    550.5
     1     1    10     4     2     7     0     1   -11.0   43.577  108.699   3645.1    562.7
     1     1    10     4     2     6     0     0   -12.0   43.987  107.993   3722.1    555.2
     1     1    10     4     2     5     0     1   -13.0   44.418  107.265   3822.2    533.0
     1     1    10     4     2     4     0     2   -14.0   44.861  106.534   3898.9    525.3
     1     1    10     4     2     3     0     3   -15.0   45.362  105.799   3956.4    513.6
     1     1    10     4     2     2     0     2   -16.0   45.907  105.043   4009.3    500.4
     1     1    10     4     2     1     0     1   -17.0   46.462  104.275   4035.5    494.0
     1     1    10     4     2     0     0     0   -18.0   47.054  103.507   4045.3    484.2
     1     1    10     4     1    23     0     1   -19.0   47.642  102.713   4082.5    482.4
     1     1    10     4     1    22     0     2   -20.0   48.178  101.881   4064.6    485.9
     1     1    10     4     1    21     0     3   -21.0   48.704  101.036   4137.3    477.8
     1     1    10     4     1    20     0     2   -22.0   49.257  100.176   4264.6    454.9
     1     1    10     4     1    19     0     1   -23.0   49.806   99.332   4162.2    458.1
     1     1    10     4     1    18     0     0   -24.0   50.345   98.500   4109.4    457.6
     1     1    10     4     1    17     0     1   -25.0   50.923   97.608   4434.7    448.2
     1     1    10     4     1    16     0     2   -26.0   51.509   96.689   4661.7    449.9
     1     1    10     4     1    15     0     3   -27.0   52.082   95.819   4504.2    458.7
     1     1    10     4     1    14     0     2   -28.0   52.618   94.952   4502.4    478.7
     1     1    10     4     1    13     0     1   -29.0   53.134   93.994   4631.7    479.2
     1     1    10     4     1    12     0     0   -30.0   53.614   92.977   4715.1    510.5
     1     1    10     4     1    11     0     1   -31.0   54.014   91.890   4671.2    527.2
     1     1    10     4     1    10     0     2   -32.0   54.343   90.748   4485.3    529.4
     1     1    10     4     1     9     0     3   -33.0   54.651   89.608   4318.3    532.5
     1     1    10     4     1     8     0     2   -34.0   54.933   88.426   4303.2    529.6
     1     1    10     4     1     7     0     1   -35.0   55.178   87.205   4332.4    558.1
     1     1    10     4     1     6     0     0   -36.0   55.397   85.965   4288.8    568.2
     1     1    10     4     1     5     0     1   -37.0   55.597   84.706   4237.9    576.7
     1     1    10     4     1     4     0     2   -38.0   55.778   83.407   4218.1    581.3
     1     1    10     4     1     3     0     3   -39.0   55.928   82.033   4168.6    583.6
     1     1    10     4     1     2     0     2   -40.0   56.061   80.617   4114.4    589.7
     1     1    10     4     1     1     0     1   -41.0   56.196   79.206   4077.5    593.9
     1     1    10     4     1     0     0     0   -42.0   56.327   77.795   4054.9    597.0
     1     1    10     3    31    23     0     1   -43.0   56.452   76.368   4048.7    597.6
     1     1    10     3    31    22     0     2   -44.0   56.582   74.926   4052.9    597.7
     1     1    10     3    31    21     0     3   -45.0   56.714   73.475   4073.3    598.4
     1     1    10     3    31    20     0     2   -46.0   56.840   72.013   4088.9    597.8
     1     1    10     3    31    19     0     1   -47.0   56.961   70.542   4100.6    597.3
     1     1    10     3    31    18     0     0   -48.0   57.083   69.071   4080.7    599.8
     1     1    10     3    31    17     0     1   -49.0   57.202   67.624   4051.5    603.7
     1     1    10     3    31    16     0     2   -50.0   57.316   66.187   4052.0    605.0
     1     1    10     3    31    15     0     3   -51.0   57.425   64.757   4028.5    605.0
     1     1    10     3    31    14     0     2   -52.0   57.511   63.346   3981.5    608.2
     1     1    10     3    31    13     0     1   -53.0   57.570   61.951   3962.9    607.3
     1     1    10     3    31    12     0     0   -54.0   57.624   60.587   3923.3    601.5
     1     1    10     3    31    11     0     1   -55.0   57.674   59.290   3797.0    607.0
     1     1    10     3    31    10     0     2   -56.0   57.699   58.049   3762.5    616.3
     1     1    10     3    31     9     0     3   -57.0   57.701   56.866   3813.6    616.4
     1     1    10     3    31     8     0     2   -58.0   57.689   55.733   3846.6    613.5
     1     1    10     3    31     7     0     1   -59.0   57.673   54.637   3844.3    614.6
     1     1    10     3    31     6     0     0   -60.0   57.654   53.572   3830.7    614.5
     1     1    10     3    31     5     0     1   -61.0   57.628   52.536   3815.6    616.4
     1     1    10     3    31     4     0     2   -62.0   57.592   51.524   3784.1    621.1
     1     1    10     3    31     3     0     3   -63.0   57.540   50.520   3730.4    626.4
     1     1    10     3    31     2     0     2   -64.0   57.480   49.532   3681.0    630.4
     1     1    10     3    31     1     0     1   -65.0   57.410   48.574   3654.7    632.5
     1     1    10     3    31     0     0     0   -66.0   57.321   47.661   3646.7    634.7
     1     1    10     3    30    23     0     1   -67.0   57.229   46.770   3653.0    635.1
     1     1    10     3    30    22     0     2   -68.0   57.155   45.863   3673.3    633.9
     1     1    10     3    30    21     0     3   -69.0   57.100   44.928   3711.5    630.5
     1     1    10     3    30    20     0     2   -70.0   57.055   43.963   3758.4    623.8
     1     1    10     3    30    19     0     1   -71.0   57.008   42.980   3807.8    621.6
     1     1    10     3    30    18     0     0   -72.0   56.954   41.987   3847.6    618.2
     1     1    10     3    30    17     0     1   -73.0   56.894   41.001   3888.6    614.5
     1     1    10     3    30    16     0     2   -74.0   56.836   40.041   3905.5    610.1
     1     1    10     3    30    15     0     3   -75.0   56.771   39.081   3896.0    610.4
     1     1    10     3    30    14     0     2   -76.0   56.705   38.087   3893.7    610.1
     1     1    10     3    30    13     0     1   -77.0   56.650   37.046   3947.7    606.5
     1     1    10     3    30    12     0     0   -78.0   56.579   35.952   4037.3    595.5
     1     1    10     3    30    11     0     1   -79.0   56.485   34.829   4133.6    584.8
     1     1    10     3    30    10     0     2   -80.0   56.423   33.681   4230.4    574.2
     1     1    10     3    30     9     0     3   -81.0   56.419   32.489   4356.7    566.1
     1     1    10     3    30     8     0     2   -82.0   56.432   31.265   4502.4    558.9
     1     1    10     3    30     7     0     1   -83.0   56.421   29.999   4608.0    548.8
     1     1    10     3    30     6     0     0   -84.0   56.401   28.668   4672.7    545.3
     1     1    10     3    30     5     0     1   -85.0   56.396   27.330   4737.0    539.8
     1     1    10     3    30     4     0     2   -86.0   56.413   25.999   4803.9    534.5
     1     1    10     3    30     3     0     3   -87.0   56.438   24.639   4903.5    530.9
     1     1    10     3    30     2     0     2   -88.0   56.477   23.284   4982.4    523.8
     1     1    10     3    30     1     0     1   -89.0   56.540   21.932   4998.8    522.5
     1     1    10     3    30     0     0     0   -90.0   56.614   20.556   5082.4    521.4
     1     1    10     3    29    23     0     1   -91.0   56.716   19.141   5156.8    515.0
     1     1    10     3    29    22     0     2   -92.0   56.843   17.641   5257.9    508.0
     1     1    10     3    29    21     0     3   -93.0   56.993   15.989   5440.8    485.8
     1     1    10     3    29    20     0     2   -94.0   57.176   14.211   5508.5    475.9
     1     1    10     3    29    19     0     1   -95.0   57.321   12.394   5658.0    473.6
     1     1    10     3    29    18     0     0   -96.0   57.401   10.498   5878.5    461.4
