     7     1
    GDAS    10     3    22     0     0
    GDAS    10     4     8     0     0
    GDAS    10     4    15     0     0
    GDAS    10     4    22     0     0
    GDAS    10     4    29     0     0
    GDAS    10     4     1     0     0
    GDAS    10     3    29     0     0
     1 BACKWARD OMEGA   
    10     4     7    12   39.977  116.381  5400.0
     1 PRESSURE
     1     1    10     4     7    12     0     0     0.0   39.977  116.381   5160.3    512.4
     1     1    10     4     7    11     0     1    -1.0   40.336  115.543   5282.3    456.7
     1     1    10     4     7    10     0     2    -2.0   40.691  114.636   5213.0    434.4
     1     1    10     4     7     9     0     3    -3.0   41.025  113.682   5022.7    442.8
     1     1    10     4     7     8     0     2    -4.0   41.329  112.646   4987.7    437.1
     1     1    10     4     7     7     0     1    -5.0   41.596  111.569   5077.7    434.6
     1     1    10     4     7     6     0     0    -6.0   41.827  110.450   5040.8    444.0
     1     1    10     4     7     5     0     1    -7.0   42.000  109.334   5006.3    445.6
     1     1    10     4     7     4     0     2    -8.0   42.129  108.262   5054.8    442.7
     1     1    10     4     7     3     0     3    -9.0   42.217  107.222   4994.0    459.1
     1     1    10     4     7     2     0     2   -10.0   42.307  106.222   4953.7    470.1
     1     1    10     4     7     1     0     1   -11.0   42.432  105.273   4837.9    464.7
     1     1    10     4     7     0     0     0   -12.0   42.568  104.294   4827.4    460.5
     1     1    10     4     6    23     0     1   -13.0   42.726  103.254   5037.0    448.1
     1     1    10     4     6    22     0     2   -14.0   42.908  102.207   5209.8    427.9
     1     1    10     4     6    21     0     3   -15.0   43.079  101.175   5232.9    419.0
     1     1    10     4     6    20     0     2   -16.0   43.226  100.161   5405.4    424.4
     1     1    10     4     6    19     0     1   -17.0   43.382   99.178   5522.0    415.3
     1     1    10     4     6    18     0     0   -18.0   43.515   98.226   5476.9    422.2
     1     1    10     4     6    17     0     1   -19.0   43.645   97.269   5527.0    420.8
     1     1    10     4     6    16     0     2   -20.0   43.848   96.318   5585.5    424.7
     1     1    10     4     6    15     0     3   -21.0   44.102   95.319   5660.9    449.3
     1     1    10     4     6    14     0     2   -22.0   44.324   94.253   5824.0    414.4
     1     1    10     4     6    13     0     1   -23.0   44.511   93.161   5848.8    386.3
     1     1    10     4     6    12     0     0   -24.0   44.647   92.069   5848.9    394.8
     1     1    10     4     6    11     0     1   -25.0   44.749   91.013   5926.8    397.8
     1     1    10     4     6    10     0     2   -26.0   44.858   90.010   6082.1    400.1
     1     1    10     4     6     9     0     3   -27.0   44.905   89.059   6175.2    407.2
     1     1    10     4     6     8     0     2   -28.0   44.908   88.196   6214.4    414.1
     1     1    10     4     6     7     0     1   -29.0   44.949   87.408   6279.8    423.3
     1     1    10     4     6     6     0     0   -30.0   44.967   86.672   6321.9    426.2
     1     1    10     4     6     5     0     1   -31.0   44.965   85.949   6311.3    426.3
     1     1    10     4     6     4     0     2   -32.0   45.000   85.192   6319.8    432.1
     1     1    10     4     6     3     0     3   -33.0   45.075   84.386   6281.2    430.5
     1     1    10     4     6     2     0     2   -34.0   45.170   83.564   6261.7    427.2
     1     1    10     4     6     1     0     1   -35.0   45.295   82.755   6283.6    419.5
     1     1    10     4     6     0     0     0   -36.0   45.441   81.912   6328.3    397.8
     1     1    10     4     5    23     0     1   -37.0   45.601   81.058   6226.3    372.6
     1     1    10     4     5    22     0     2   -38.0   45.786   80.230   6286.9    394.8
     1     1    10     4     5    21     0     3   -39.0   45.967   79.431   6374.1    418.6
     1     1    10     4     5    20     0     2   -40.0   46.128   78.659   6352.2    425.7
     1     1    10     4     5    19     0     1   -41.0   46.289   77.918   6336.9    426.9
     1     1    10     4     5    18     0     0   -42.0   46.458   77.205   6381.8    426.7
     1     1    10     4     5    17     0     1   -43.0   46.638   76.514   6433.9    420.3
     1     1    10     4     5    16     0     2   -44.0   46.827   75.855   6436.6    420.7
     1     1    10     4     5    15     0     3   -45.0   47.012   75.233   6402.8    423.4
     1     1    10     4     5    14     0     2   -46.0   47.193   74.624   6367.2    422.3
     1     1    10     4     5    13     0     1   -47.0   47.387   74.009   6367.9    416.9
     1     1    10     4     5    12     0     0   -48.0   47.592   73.380   6364.5    408.7
     1     1    10     4     5    11     0     1   -49.0   47.792   72.737   6382.2    405.1
     1     1    10     4     5    10     0     2   -50.0   47.993   72.069   6446.3    403.8
     1     1    10     4     5     9     0     3   -51.0   48.188   71.325   6560.0    406.1
     1     1    10     4     5     8     0     2   -52.0   48.360   70.515   6663.8    404.4
     1     1    10     4     5     7     0     1   -53.0   48.518   69.699   6715.5    403.6
     1     1    10     4     5     6     0     0   -54.0   48.633   68.863   6732.1    402.1
     1     1    10     4     5     5     0     1   -55.0   48.701   68.020   6712.0    398.0
     1     1    10     4     5     4     0     2   -56.0   48.749   67.213   6725.3    396.6
     1     1    10     4     5     3     0     3   -57.0   48.740   66.473   6767.4    400.1
     1     1    10     4     5     2     0     2   -58.0   48.680   65.779   6767.3    407.6
     1     1    10     4     5     1     0     1   -59.0   48.603   65.079   6760.3    413.9
     1     1    10     4     5     0     0     0   -60.0   48.493   64.376   6756.4    417.0
     1     1    10     4     4    23     0     1   -61.0   48.356   63.722   6753.8    419.4
     1     1    10     4     4    22     0     2   -62.0   48.205   63.124   6736.6    421.2
     1     1    10     4     4    21     0     3   -63.0   48.050   62.535   6674.9    425.2
     1     1    10     4     4    20     0     2   -64.0   47.882   61.951   6615.6    430.4
     1     1    10     4     4    19     0     1   -65.0   47.688   61.395   6569.7    429.3
     1     1    10     4     4    18     0     0   -66.0   47.472   60.836   6488.1    431.5
     1     1    10     4     4    17     0     1   -67.0   47.237   60.235   6400.2    438.3
     1     1    10     4     4    16     0     2   -68.0   46.987   59.569   6364.2    440.0
     1     1    10     4     4    15     0     3   -69.0   46.721   58.850   6289.0    441.0
     1     1    10     4     4    14     0     2   -70.0   46.428   58.133   6178.9    454.6
     1     1    10     4     4    13     0     1   -71.0   46.120   57.390   6158.7    458.5
     1     1    10     4     4    12     0     0   -72.0   45.797   56.570   6168.6    454.8
     1     1    10     4     4    11     0     1   -73.0   45.484   55.782   6073.4    462.9
     1     1    10     4     4    10     0     2   -74.0   45.205   55.038   5927.1    471.9
     1     1    10     4     4     9     0     3   -75.0   44.951   54.323   5771.2    483.7
     1     1    10     4     4     8     0     2   -76.0   44.747   53.647   5612.5    494.4
     1     1    10     4     4     7     0     1   -77.0   44.596   53.017   5454.1    503.8
     1     1    10     4     4     6     0     0   -78.0   44.481   52.431   5290.9    514.9
     1     1    10     4     4     5     0     1   -79.0   44.388   51.874   5143.9    526.3
     1     1    10     4     4     4     0     2   -80.0   44.307   51.320   5025.0    536.0
     1     1    10     4     4     3     0     3   -81.0   44.240   50.764   4908.5    546.0
     1     1    10     4     4     2     0     2   -82.0   44.182   50.227   4792.4    557.9
     1     1    10     4     4     1     0     1   -83.0   44.118   49.722   4665.8    566.0
     1     1    10     4     4     0     0     0   -84.0   44.035   49.225   4488.1    576.2
     1     1    10     4     3    23     0     1   -85.0   43.928   48.752   4292.1    595.4
     1     1    10     4     3    22     0     2   -86.0   43.796   48.336   4152.1    610.1
     1     1    10     4     3    21     0     3   -87.0   43.634   47.961   4081.2    615.8
     1     1    10     4     3    20     0     2   -88.0   43.460   47.596   4033.6    609.0
     1     1    10     4     3    19     0     1   -89.0   43.295   47.231   4008.1    599.2
     1     1    10     4     3    18     0     0   -90.0   43.132   46.839   4038.3    580.8
     1     1    10     4     3    17     0     1   -91.0   42.972   46.361   4099.2    548.5
     1     1    10     4     3    16     0     2   -92.0   42.814   45.791   4151.3    523.7
     1     1    10     4     3    15     0     3   -93.0   42.671   45.174   4254.9    519.0
     1     1    10     4     3    14     0     2   -94.0   42.527   44.539   4355.6    500.6
     1     1    10     4     3    13     0     1   -95.0   42.368   43.895   4459.1    489.2
     1     1    10     4     3    12     0     0   -96.0   42.185   43.275   4568.5    489.4
