     7     1
    GDAS    10     3    22     0     0
    GDAS    10     4     8     0     0
    GDAS    10     4    15     0     0
    GDAS    10     4    22     0     0
    GDAS    10     4    29     0     0
    GDAS    10     4     1     0     0
    GDAS    10     3    29     0     0
     1 BACKWARD OMEGA   
    10     4     4    18   39.977  116.381  5000.0
     1 PRESSURE
     1     1    10     4     4    18     0     0     0.0   39.977  116.381   4761.0    536.4
     1     1    10     4     4    17     0     1    -1.0   40.025  115.510   4453.4    518.1
     1     1    10     4     4    16     0     2    -2.0   40.127  114.564   4104.0    513.7
     1     1    10     4     4    15     0     3    -3.0   40.217  113.602   3873.6    526.8
     1     1    10     4     4    14     0     2    -4.0   40.279  112.685   3646.3    534.5
     1     1    10     4     4    13     0     1    -5.0   40.334  111.815   3444.8    546.0
     1     1    10     4     4    12     0     0    -6.0   40.379  111.022   3360.4    564.7
     1     1    10     4     4    11     0     1    -7.0   40.427  110.254   3364.1    556.6
     1     1    10     4     4    10     0     2    -8.0   40.487  109.482   3400.8    556.8
     1     1    10     4     4     9     0     3    -9.0   40.562  108.743   3393.1    567.4
     1     1    10     4     4     8     0     2   -10.0   40.654  108.003   3349.0    579.9
     1     1    10     4     4     7     0     1   -11.0   40.770  107.226   3257.8    574.4
     1     1    10     4     4     6     0     0   -12.0   40.925  106.377   3192.8    568.9
     1     1    10     4     4     5     0     1   -13.0   41.110  105.472   3219.1    576.9
     1     1    10     4     4     4     0     2   -14.0   41.300  104.602   3234.6    583.2
     1     1    10     4     4     3     0     3   -15.0   41.502  103.736   3216.5    581.4
     1     1    10     4     4     2     0     2   -16.0   41.698  102.854   3203.6    584.4
     1     1    10     4     4     1     0     1   -17.0   41.883  101.980   3203.1    598.9
     1     1    10     4     4     0     0     0   -18.0   42.053  101.140   3195.0    599.9
     1     1    10     4     3    23     0     1   -19.0   42.193  100.353   3151.0    598.9
     1     1    10     4     3    22     0     2   -20.0   42.303   99.630   3048.0    599.4
     1     1    10     4     3    21     0     3   -21.0   42.393   98.950   2826.4    602.2
     1     1    10     4     3    20     0     2   -22.0   42.492   98.311   2602.1    620.3
     1     1    10     4     3    19     0     1   -23.0   42.624   97.672   2480.6    622.1
     1     1    10     4     3    18     0     0   -24.0   42.771   97.023   2444.6    618.6
     1     1    10     4     3    17     0     1   -25.0   42.925   96.389   2548.7    631.1
     1     1    10     4     3    16     0     2   -26.0   43.084   95.782   2680.7    615.5
     1     1    10     4     3    15     0     3   -27.0   43.232   95.183   2648.9    595.3
     1     1    10     4     3    14     0     2   -28.0   43.379   94.582   2560.8    616.0
     1     1    10     4     3    13     0     1   -29.0   43.551   93.942   2585.4    614.6
     1     1    10     4     3    12     0     0   -30.0   43.716   93.281   2681.6    606.1
     1     1    10     4     3    11     0     1   -31.0   43.863   92.632   2736.2    583.2
     1     1    10     4     3    10     0     2   -32.0   44.011   92.000   2765.5    574.9
     1     1    10     4     3     9     0     3   -33.0   44.157   91.382   2823.5    590.7
     1     1    10     4     3     8     0     2   -34.0   44.296   90.801   2879.6    603.1
     1     1    10     4     3     7     0     1   -35.0   44.425   90.273   2957.8    613.5
     1     1    10     4     3     6     0     0   -36.0   44.534   89.790   3034.1    609.4
     1     1    10     4     3     5     0     1   -37.0   44.641   89.320   3061.1    604.4
     1     1    10     4     3     4     0     2   -38.0   44.774   88.861   3041.6    617.5
     1     1    10     4     3     3     0     3   -39.0   44.941   88.435   3045.2    635.9
     1     1    10     4     3     2     0     2   -40.0   45.119   88.031   3079.7    639.6
     1     1    10     4     3     1     0     1   -41.0   45.287   87.632   3112.2    641.4
     1     1    10     4     3     0     0     0   -42.0   45.452   87.232   3123.6    645.9
     1     1    10     4     2    23     0     1   -43.0   45.610   86.835   3117.0    651.5
     1     1    10     4     2    22     0     2   -44.0   45.758   86.448   3110.5    657.5
     1     1    10     4     2    21     0     3   -45.0   45.898   86.079   3130.0    663.8
     1     1    10     4     2    20     0     2   -46.0   46.043   85.722   3157.1    649.9
     1     1    10     4     2    19     0     1   -47.0   46.210   85.350   3163.6    618.1
     1     1    10     4     2    18     0     0   -48.0   46.399   84.938   3144.6    589.4
     1     1    10     4     2    17     0     1   -49.0   46.602   84.484   3118.3    574.6
     1     1    10     4     2    16     0     2   -50.0   46.809   84.026   3115.4    577.4
     1     1    10     4     2    15     0     3   -51.0   47.022   83.591   3108.2    581.2
     1     1    10     4     2    14     0     2   -52.0   47.238   83.180   3121.8    600.8
     1     1    10     4     2    13     0     1   -53.0   47.453   82.773   3160.7    616.0
     1     1    10     4     2    12     0     0   -54.0   47.667   82.341   3221.8    615.0
     1     1    10     4     2    11     0     1   -55.0   47.874   81.863   3291.6    603.7
     1     1    10     4     2    10     0     2   -56.0   48.066   81.353   3366.2    598.3
     1     1    10     4     2     9     0     3   -57.0   48.234   80.844   3417.1    598.6
     1     1    10     4     2     8     0     2   -58.0   48.391   80.357   3449.2    603.9
     1     1    10     4     2     7     0     1   -59.0   48.547   79.887   3481.1    606.3
     1     1    10     4     2     6     0     0   -60.0   48.697   79.416   3515.8    602.1
     1     1    10     4     2     5     0     1   -61.0   48.847   78.936   3542.9    595.6
     1     1    10     4     2     4     0     2   -62.0   49.003   78.448   3543.4    590.1
     1     1    10     4     2     3     0     3   -63.0   49.164   77.956   3534.4    591.8
     1     1    10     4     2     2     0     2   -64.0   49.322   77.462   3531.9    593.3
     1     1    10     4     2     1     0     1   -65.0   49.474   76.949   3548.7    590.0
     1     1    10     4     2     0     0     0   -66.0   49.613   76.404   3580.8    588.2
     1     1    10     4     1    23     0     1   -67.0   49.734   75.842   3601.8    587.3
     1     1    10     4     1    22     0     2   -68.0   49.835   75.288   3598.0    590.3
     1     1    10     4     1    21     0     3   -69.0   49.898   74.757   3570.3    596.4
     1     1    10     4     1    20     0     2   -70.0   49.921   74.259   3539.0    605.0
     1     1    10     4     1    19     0     1   -71.0   49.910   73.793   3515.0    609.9
     1     1    10     4     1    18     0     0   -72.0   49.865   73.360   3497.0    612.4
     1     1    10     4     1    17     0     1   -73.0   49.793   72.962   3475.1    614.8
     1     1    10     4     1    16     0     2   -74.0   49.706   72.600   3437.8    620.3
     1     1    10     4     1    15     0     3   -75.0   49.606   72.279   3377.4    627.5
     1     1    10     4     1    14     0     2   -76.0   49.494   72.004   3293.0    636.4
     1     1    10     4     1    13     0     1   -77.0   49.370   71.782   3189.4    645.5
     1     1    10     4     1    12     0     0   -78.0   49.234   71.614   3083.0    654.6
     1     1    10     4     1    11     0     1   -79.0   49.079   71.508   2985.8    662.4
     1     1    10     4     1    10     0     2   -80.0   48.901   71.469   2903.0    668.4
     1     1    10     4     1     9     0     3   -81.0   48.710   71.490   2828.4    673.0
     1     1    10     4     1     8     0     2   -82.0   48.514   71.569   2753.1    677.5
     1     1    10     4     1     7     0     1   -83.0   48.318   71.705   2675.4    681.4
     1     1    10     4     1     6     0     0   -84.0   48.128   71.891   2600.7    683.9
     1     1    10     4     1     5     0     1   -85.0   47.955   72.119   2538.9    685.4
     1     1    10     4     1     4     0     2   -86.0   47.805   72.387   2501.8    688.4
     1     1    10     4     1     3     0     3   -87.0   47.682   72.692   2495.1    688.7
     1     1    10     4     1     2     0     2   -88.0   47.582   73.020   2522.2    686.0
     1     1    10     4     1     1     0     1   -89.0   47.497   73.359   2575.3    685.8
     1     1    10     4     1     0     0     0   -90.0   47.430   73.707   2638.1    685.5
     1     1    10     3    31    23     0     1   -91.0   47.388   74.053   2711.9    683.5
     1     1    10     3    31    22     0     2   -92.0   47.366   74.378   2786.7    677.6
     1     1    10     3    31    21     0     3   -93.0   47.359   74.676   2856.7    672.8
     1     1    10     3    31    20     0     2   -94.0   47.369   74.953   2913.3    667.9
     1     1    10     3    31    19     0     1   -95.0   47.398   75.221   2958.3    665.7
     1     1    10     3    31    18     0     0   -96.0   47.448   75.479   3005.5    662.2
