     7     1
    GDAS    10     3    22     0     0
    GDAS    10     4     8     0     0
    GDAS    10     4    15     0     0
    GDAS    10     4    22     0     0
    GDAS    10     4    29     0     0
    GDAS    10     4     1     0     0
    GDAS    10     3    29     0     0
     1 BACKWARD OMEGA   
    10     4    27     0   39.977  116.381  7800.0
     1 PRESSURE
     1     1    10     4    27     0     0     0     0.0   39.977  116.381   7558.3    348.5
     1     1    10     4    26    23     0     1    -1.0   40.572  115.361   7379.0    312.2
     1     1    10     4    26    22     0     2    -2.0   41.242  114.332   7353.1    302.2
     1     1    10     4    26    21     0     3    -3.0   41.979  113.358   7394.2    297.6
     1     1    10     4    26    20     0     2    -4.0   42.811  112.472   7553.7    305.4
     1     1    10     4    26    19     0     1    -5.0   43.751  111.638   7623.6    306.3
     1     1    10     4    26    18     0     0    -6.0   44.729  110.880   7654.7    307.5
     1     1    10     4    26    17     0     1    -7.0   45.755  110.247   7577.8    307.3
     1     1    10     4    26    16     0     2    -8.0   46.858  109.722   7441.5    308.8
     1     1    10     4    26    15     0     3    -9.0   47.963  109.205   7316.8    300.2
     1     1    10     4    26    14     0     2   -10.0   49.024  108.773   7292.4    299.6
     1     1    10     4    26    13     0     1   -11.0   50.078  108.460   7482.4    310.9
     1     1    10     4    26    12     0     0   -12.0   51.048  108.162   7621.7    316.7
     1     1    10     4    26    11     0     1   -13.0   51.891  107.868   7652.2    318.9
     1     1    10     4    26    10     0     2   -14.0   52.629  107.591   7662.1    327.6
     1     1    10     4    26     9     0     3   -15.0   53.245  107.299   7560.2    331.8
     1     1    10     4    26     8     0     2   -16.0   53.769  106.997   7404.8    332.1
     1     1    10     4    26     7     0     1   -17.0   54.281  106.681   7331.9    338.9
     1     1    10     4    26     6     0     0   -18.0   54.814  106.277   7255.8    344.6
     1     1    10     4    26     5     0     1   -19.0   55.345  105.778   7180.2    349.3
     1     1    10     4    26     4     0     2   -20.0   55.872  105.213   7169.4    356.2
     1     1    10     4    26     3     0     3   -21.0   56.442  104.519   7189.1    360.9
     1     1    10     4    26     2     0     2   -22.0   57.090  103.594   7197.9    366.3
     1     1    10     4    26     1     0     1   -23.0   57.767  102.464   7200.1    367.6
     1     1    10     4    26     0     0     0   -24.0   58.458  101.108   7201.1    371.5
     1     1    10     4    25    23     0     1   -25.0   59.189   99.444   7231.6    371.5
     1     1    10     4    25    22     0     2   -26.0   59.922   97.444   7174.3    369.6
     1     1    10     4    25    21     0     3   -27.0   60.648   95.040   7238.2    364.4
     1     1    10     4    25    20     0     2   -28.0   61.361   92.258   7308.6    367.5
     1     1    10     4    25    19     0     1   -29.0   61.973   89.275   7269.5    376.7
     1     1    10     4    25    18     0     0   -30.0   62.456   86.011   7236.6    380.9
     1     1    10     4    25    17     0     1   -31.0   62.813   82.474   7203.4    381.5
     1     1    10     4    25    16     0     2   -32.0   63.020   78.699   7226.1    383.4
     1     1    10     4    25    15     0     3   -33.0   63.123   74.788   7287.0    378.1
     1     1    10     4    25    14     0     2   -34.0   63.129   70.814   7368.2    373.4
     1     1    10     4    25    13     0     1   -35.0   62.972   66.865   7457.2    368.2
     1     1    10     4    25    12     0     0   -36.0   62.739   63.039   7523.8    366.3
     1     1    10     4    25    11     0     1   -37.0   62.396   59.475   7440.8    356.4
     1     1    10     4    25    10     0     2   -38.0   61.810   56.178   7701.8    351.3
     1     1    10     4    25     9     0     3   -39.0   61.057   53.197   7865.7    342.1
     1     1    10     4    25     8     0     2   -40.0   60.088   50.631   7949.9    337.6
     1     1    10     4    25     7     0     1   -41.0   59.023   48.533   7931.0    338.6
     1     1    10     4    25     6     0     0   -42.0   57.948   46.672   7858.6    344.6
     1     1    10     4    25     5     0     1   -43.0   56.833   44.965   7727.0    353.4
     1     1    10     4    25     4     0     2   -44.0   55.777   43.241   7630.7    359.0
     1     1    10     4    25     3     0     3   -45.0   54.890   41.326   7591.8    361.1
     1     1    10     4    25     2     0     2   -46.0   54.123   39.285   7529.1    362.9
     1     1    10     4    25     1     0     1   -47.0   53.566   37.146   7461.5    364.2
     1     1    10     4    25     0     0     0   -48.0   53.215   34.876   7418.5    367.6
     1     1    10     4    24    23     0     1   -49.0   52.989   32.532   7372.6    373.0
     1     1    10     4    24    22     0     2   -50.0   52.971   30.193   7274.7    380.1
     1     1    10     4    24    21     0     3   -51.0   53.109   27.919   7242.3    382.0
     1     1    10     4    24    20     0     2   -52.0   53.413   25.761   7250.1    380.1
     1     1    10     4    24    19     0     1   -53.0   53.891   23.641   7296.8    379.5
     1     1    10     4    24    18     0     0   -54.0   54.491   21.505   7401.4    376.8
     1     1    10     4    24    17     0     1   -55.0   55.226   19.446   7525.4    373.4
     1     1    10     4    24    16     0     2   -56.0   56.049   17.385   7634.4    366.8
     1     1    10     4    24    15     0     3   -57.0   56.864   15.305   7706.6    354.6
     1     1    10     4    24    14     0     2   -58.0   57.751   13.213   7898.9    343.0
     1     1    10     4    24    13     0     1   -59.0   58.641   11.090   8092.7    339.6
     1     1    10     4    24    12     0     0   -60.0   59.450    8.980   7950.1    325.2
     1     1    10     4    24    11     0     1   -61.0   60.277    6.754   8032.8    296.0
     1     1    10     4    24    10     0     2   -62.0   61.017    4.448   8469.2    318.8
     1     1    10     4    24     9     0     3   -63.0   61.696    2.035   8614.4    313.0
     1     1    10     4    24     8     0     2   -64.0   62.294   -0.508   8667.7    310.5
     1     1    10     4    24     7     0     1   -65.0   62.777   -3.059   8655.4    310.6
     1     1    10     4    24     6     0     0   -66.0   63.178   -5.658   8652.5    310.5
     1     1    10     4    24     5     0     1   -67.0   63.482   -8.253   8667.1    309.4
     1     1    10     4    24     4     0     2   -68.0   63.703  -10.896   8695.3    307.7
     1     1    10     4    24     3     0     3   -69.0   63.852  -13.631   8722.7    306.7
     1     1    10     4    24     2     0     2   -70.0   63.918  -16.393   8553.0    298.2
     1     1    10     4    24     1     0     1   -71.0   63.919  -19.180   8440.5    296.7
     1     1    10     4    24     0     0     0   -72.0   63.822  -21.960   8505.8    311.0
     1     1    10     4    23    23     0     1   -73.0   63.663  -24.572   8459.2    319.0
     1     1    10     4    23    22     0     2   -74.0   63.479  -27.042   8432.0    319.8
     1     1    10     4    23    21     0     3   -75.0   63.282  -29.331   8369.7    323.2
     1     1    10     4    23    20     0     2   -76.0   63.097  -31.496   8318.4    326.1
     1     1    10     4    23    19     0     1   -77.0   62.937  -33.605   8317.6    326.5
     1     1    10     4    23    18     0     0   -78.0   62.800  -35.616   8381.0    323.1
     1     1    10     4    23    17     0     1   -79.0   62.689  -37.474   8468.9    319.4
     1     1    10     4    23    16     0     2   -80.0   62.619  -39.179   8551.1    315.8
     1     1    10     4    23    15     0     3   -81.0   62.583  -40.757   8657.9    310.9
     1     1    10     4    23    14     0     2   -82.0   62.569  -42.201   8556.4    296.9
     1     1    10     4    23    13     0     1   -83.0   62.575  -43.494   8149.2    257.7
     1     1    10     4    23    12     0     0   -84.0   62.577  -44.615   7987.6    239.3
     1     1    10     4    23    11     0     1   -85.0   62.565  -45.577   8006.8    237.5
     1     1    10     4    23    10     0     2   -86.0   62.547  -46.394   8101.3    239.9
     1     1    10     4    23     9     0     3   -87.0   62.525  -47.088   8219.0    245.0
     1     1    10     4    23     8     0     2   -88.0   62.505  -47.679   8350.4    250.9
     1     1    10     4    23     7     0     1   -89.0   62.490  -48.189   8490.5    256.5
     1     1    10     4    23     6     0     0   -90.0   62.479  -48.628   8636.7    263.0
     1     1    10     4    23     5     0     1   -91.0   62.472  -49.011   8763.8    268.7
     1     1    10     4    23     4     0     2   -92.0   62.463  -49.342   8887.9    275.2
     1     1    10     4    23     3     0     3   -93.0   62.447  -49.614   8989.9    280.5
     1     1    10     4    23     2     0     2   -94.0   62.427  -49.813   9060.1    284.6
     1     1    10     4    23     1     0     1   -95.0   62.409  -49.929   9094.8    287.5
     1     1    10     4    23     0     0     0   -96.0   62.393  -49.966   9096.7    289.1
