     5     1
    GDAS    10     3     1     0     0
    GDAS    10     3     8     0     0
    GDAS    10     3    15     0     0
    GDAS    10     3    22     0     0
    GDAS    10     3    29     0     0
     1 BACKWARD OMEGA   
    10     3    28    18   39.977  116.381  6600.0
     1 PRESSURE
     1     1    10     3    28    18     0     0     0.0   39.977  116.381   6361.2    439.1
     1     1    10     3    28    17     0     1    -1.0   40.350  115.754   6280.9    411.0
     1     1    10     3    28    16     0     2    -2.0   40.783  115.087   6214.2    385.6
     1     1    10     3    28    15     0     3    -3.0   41.270  114.401   6273.6    379.9
     1     1    10     3    28    14     0     2    -4.0   41.776  113.697   6373.4    369.7
     1     1    10     3    28    13     0     1    -5.0   42.284  112.969   6516.4    367.1
     1     1    10     3    28    12     0     0    -6.0   42.789  112.224   6648.3    370.5
     1     1    10     3    28    11     0     1    -7.0   43.263  111.444   6744.6    369.9
     1     1    10     3    28    10     0     2    -8.0   43.696  110.619   6820.2    367.4
     1     1    10     3    28     9     0     3    -9.0   44.109  109.760   6985.5    365.1
     1     1    10     3    28     8     0     2   -10.0   44.491  108.838   7113.1    352.3
     1     1    10     3    28     7     0     1   -11.0   44.809  107.859   7173.7    344.1
     1     1    10     3    28     6     0     0   -12.0   45.084  106.853   7170.8    341.3
     1     1    10     3    28     5     0     1   -13.0   45.307  105.799   7170.8    333.4
     1     1    10     3    28     4     0     2   -14.0   45.462  104.710   7197.9    330.0
     1     1    10     3    28     3     0     3   -15.0   45.568  103.613   7128.5    331.1
     1     1    10     3    28     2     0     2   -16.0   45.615  102.487   7077.6    317.1
     1     1    10     3    28     1     0     1   -17.0   45.607  101.310   7066.1    307.8
     1     1    10     3    28     0     0     0   -18.0   45.549  100.174   7090.7    317.1
     1     1    10     3    27    23     0     1   -19.0   45.460   99.081   7067.0    310.1
     1     1    10     3    27    22     0     2   -20.0   45.348   97.991   6967.2    302.8
     1     1    10     3    27    21     0     3   -21.0   45.184   96.924   7019.5    316.0
     1     1    10     3    27    20     0     2   -22.0   44.991   95.914   7055.1    322.4
     1     1    10     3    27    19     0     1   -23.0   44.799   94.954   7019.9    329.2
     1     1    10     3    27    18     0     0   -24.0   44.591   94.071   6965.1    345.5
     1     1    10     3    27    17     0     1   -25.0   44.387   93.257   6677.4    349.0
     1     1    10     3    27    16     0     2   -26.0   44.197   92.479   6409.8    354.7
     1     1    10     3    27    15     0     3   -27.0   44.035   91.788   6218.9    367.4
     1     1    10     3    27    14     0     2   -28.0   43.906   91.169   6151.3    389.7
     1     1    10     3    27    13     0     1   -29.0   43.781   90.554   6174.6    406.1
     1     1    10     3    27    12     0     0   -30.0   43.641   89.905   6243.5    410.5
     1     1    10     3    27    11     0     1   -31.0   43.500   89.187   6325.2    407.8
     1     1    10     3    27    10     0     2   -32.0   43.352   88.403   6258.6    395.3
     1     1    10     3    27     9     0     3   -33.0   43.157   87.637   5764.4    377.2
     1     1    10     3    27     8     0     2   -34.0   42.900   86.772   5160.9    345.6
     1     1    10     3    27     7     0     1   -35.0   42.652   85.860   5036.2    380.2
     1     1    10     3    27     6     0     0   -36.0   42.427   85.072   4916.7    412.6
     1     1    10     3    27     5     0     1   -37.0   42.237   84.393   4869.9    438.3
     1     1    10     3    27     4     0     2   -38.0   42.079   83.756   4915.3    450.3
     1     1    10     3    27     3     0     3   -39.0   41.939   83.134   4985.2    446.7
     1     1    10     3    27     2     0     2   -40.0   41.810   82.496   5046.8    439.0
     1     1    10     3    27     1     0     1   -41.0   41.677   81.834   5060.2    426.8
     1     1    10     3    27     0     0     0   -42.0   41.508   81.175   4930.6    406.6
     1     1    10     3    26    23     0     1   -43.0   41.337   80.582   4862.1    427.5
     1     1    10     3    26    22     0     2   -44.0   41.213   80.039   4799.8    447.7
     1     1    10     3    26    21     0     3   -45.0   41.138   79.464   4678.6    441.9
     1     1    10     3    26    20     0     2   -46.0   41.058   78.754   4517.2    414.4
     1     1    10     3    26    19     0     1   -47.0   40.909   77.949   4222.0    393.0
     1     1    10     3    26    18     0     0   -48.0   40.761   77.095   4206.5    398.4
     1     1    10     3    26    17     0     1   -49.0   40.603   76.206   4438.1    404.6
     1     1    10     3    26    16     0     2   -50.0   40.398   75.338   4503.5    394.7
     1     1    10     3    26    15     0     3   -51.0   40.115   74.514   4579.0    379.0
     1     1    10     3    26    14     0     2   -52.0   39.778   73.732   4774.0    347.7
     1     1    10     3    26    13     0     1   -53.0   39.356   72.971   4729.4    326.7
     1     1    10     3    26    12     0     0   -54.0   38.895   72.230   4580.9    321.1
     1     1    10     3    26    11     0     1   -55.0   38.431   71.555   4590.3    359.7
     1     1    10     3    26    10     0     2   -56.0   37.927   70.966   4645.2    372.3
     1     1    10     3    26     9     0     3   -57.0   37.416   70.437   4795.4    412.0
     1     1    10     3    26     8     0     2   -58.0   36.933   69.916   5005.3    467.4
     1     1    10     3    26     7     0     1   -59.0   36.462   69.439   5144.7    419.4
     1     1    10     3    26     6     0     0   -60.0   35.967   69.013   5194.9    438.0
     1     1    10     3    26     5     0     1   -61.0   35.487   68.572   4914.6    407.1
     1     1    10     3    26     4     0     2   -62.0   35.064   68.118   4621.2    383.8
     1     1    10     3    26     3     0     3   -63.0   34.665   67.659   4419.1    385.4
     1     1    10     3    26     2     0     2   -64.0   34.309   67.175   4209.2    401.7
     1     1    10     3    26     1     0     1   -65.0   34.023   66.674   4096.2    423.2
     1     1    10     3    26     0     0     0   -66.0   33.796   66.188   4132.6    438.3
     1     1    10     3    25    23     0     1   -67.0   33.581   65.701   4198.0    443.2
     1     1    10     3    25    22     0     2   -68.0   33.365   65.194   4203.2    450.1
     1     1    10     3    25    21     0     3   -69.0   33.168   64.641   4151.5    459.5
     1     1    10     3    25    20     0     2   -70.0   32.985   64.035   4037.3    462.0
     1     1    10     3    25    19     0     1   -71.0   32.829   63.428   4144.4    512.3
     1     1    10     3    25    18     0     0   -72.0   32.699   62.832   4337.3    526.6
     1     1    10     3    25    17     0     1   -73.0   32.561   62.219   4402.4    522.8
     1     1    10     3    25    16     0     2   -74.0   32.398   61.613   4367.0    544.1
     1     1    10     3    25    15     0     3   -75.0   32.225   60.972   4460.1    543.1
     1     1    10     3    25    14     0     2   -76.0   32.024   60.236   4468.2    482.2
     1     1    10     3    25    13     0     1   -77.0   31.801   59.476   4425.7    493.4
     1     1    10     3    25    12     0     0   -78.0   31.563   58.773   4221.2    537.2
     1     1    10     3    25    11     0     1   -79.0   31.317   58.161   4195.7    586.8
     1     1    10     3    25    10     0     2   -80.0   31.048   57.571   4241.6    548.0
     1     1    10     3    25     9     0     3   -81.0   30.792   56.915   4212.8    480.8
     1     1    10     3    25     8     0     2   -82.0   30.624   56.222   4246.4    473.7
     1     1    10     3    25     7     0     1   -83.0   30.531   55.538   4236.8    478.8
     1     1    10     3    25     6     0     0   -84.0   30.484   54.846   4230.4    480.8
     1     1    10     3    25     5     0     1   -85.0   30.469   54.142   4215.3    479.3
     1     1    10     3    25     4     0     2   -86.0   30.483   53.396   4178.3    474.8
     1     1    10     3    25     3     0     3   -87.0   30.551   52.608   4111.5    472.7
     1     1    10     3    25     2     0     2   -88.0   30.643   51.768   4194.9    461.8
     1     1    10     3    25     1     0     1   -89.0   30.712   50.942   4425.8    482.8
     1     1    10     3    25     0     0     0   -90.0   30.768   50.201   4659.4    516.5
     1     1    10     3    24    23     0     1   -91.0   30.797   49.565   4777.1    542.5
     1     1    10     3    24    22     0     2   -92.0   30.776   48.987   4888.3    561.2
     1     1    10     3    24    21     0     3   -93.0   30.722   48.423   4915.2    552.9
     1     1    10     3    24    20     0     2   -94.0   30.649   47.853   4901.6    552.6
     1     1    10     3    24    19     0     1   -95.0   30.566   47.287   4915.6    555.4
     1     1    10     3    24    18     0     0   -96.0   30.470   46.724   4982.0    547.2
