     7     1
    GDAS    10     3    22     0     0
    GDAS    10     4     8     0     0
    GDAS    10     4    15     0     0
    GDAS    10     4    22     0     0
    GDAS    10     4    29     0     0
    GDAS    10     4     1     0     0
    GDAS    10     3    29     0     0
     1 BACKWARD OMEGA   
    10     4    22     6   39.977  116.381  8200.0
     1 PRESSURE
     1     1    10     4    22     6     0     0     0.0   39.977  116.381   7959.8    338.4
     1     1    10     4    22     5     0     1    -1.0   39.840  115.086   7696.1    314.7
     1     1    10     4    22     4     0     2    -2.0   39.741  113.604   7580.3    310.6
     1     1    10     4    22     3     0     3    -3.0   39.737  112.113   7563.4    301.8
     1     1    10     4    22     2     0     2    -4.0   39.810  110.679   7725.9    307.0
     1     1    10     4    22     1     0     1    -5.0   39.931  109.277   7725.1    299.5
     1     1    10     4    22     0     0     0    -6.0   40.095  107.899   7771.8    299.3
     1     1    10     4    21    23     0     1    -7.0   40.315  106.609   7842.9    298.7
     1     1    10     4    21    22     0     2    -8.0   40.590  105.417   7908.6    294.1
     1     1    10     4    21    21     0     3    -9.0   40.929  104.397   7977.6    294.1
     1     1    10     4    21    20     0     2   -10.0   41.337  103.537   8090.4    288.2
     1     1    10     4    21    19     0     1   -11.0   41.797  102.796   8247.7    284.6
     1     1    10     4    21    18     0     0   -12.0   42.310  102.193   8368.3    279.1
     1     1    10     4    21    17     0     1   -13.0   42.865  101.655   8420.0    265.2
     1     1    10     4    21    16     0     2   -14.0   43.433  101.144   8615.3    257.1
     1     1    10     4    21    15     0     3   -15.0   43.997  100.746   8746.4    260.8
     1     1    10     4    21    14     0     2   -16.0   44.553  100.465   8597.3    257.5
     1     1    10     4    21    13     0     1   -17.0   45.106  100.227   8531.2    248.5
     1     1    10     4    21    12     0     0   -18.0   45.647  100.052   8588.0    246.4
     1     1    10     4    21    11     0     1   -19.0   46.170   99.921   8603.3    241.8
     1     1    10     4    21    10     0     2   -20.0   46.670   99.795   8511.1    229.6
     1     1    10     4    21     9     0     3   -21.0   47.136   99.662   8488.3    222.0
     1     1    10     4    21     8     0     2   -22.0   47.587   99.537   8562.1    221.5
     1     1    10     4    21     7     0     1   -23.0   48.044   99.439   8617.0    220.8
     1     1    10     4    21     6     0     0   -24.0   48.508   99.388   8742.6    223.4
     1     1    10     4    21     5     0     1   -25.0   48.977   99.391   8886.2    225.6
     1     1    10     4    21     4     0     2   -26.0   49.441   99.431   8949.7    224.1
     1     1    10     4    21     3     0     3   -27.0   49.906   99.518   8972.8    224.5
     1     1    10     4    21     2     0     2   -28.0   50.369   99.625   8954.3    224.8
     1     1    10     4    21     1     0     1   -29.0   50.826   99.715   8923.0    225.7
     1     1    10     4    21     0     0     0   -30.0   51.275   99.819   8867.6    226.2
     1     1    10     4    20    23     0     1   -31.0   51.701   99.926   8798.3    224.5
     1     1    10     4    20    22     0     2   -32.0   52.104  100.034   8759.4    223.9
     1     1    10     4    20    21     0     3   -33.0   52.497  100.159   8828.4    226.4
     1     1    10     4    20    20     0     2   -34.0   52.892  100.279   8960.5    228.3
     1     1    10     4    20    19     0     1   -35.0   53.303  100.384   9191.0    234.7
     1     1    10     4    20    18     0     0   -36.0   53.722  100.474   9404.5    244.1
     1     1    10     4    20    17     0     1   -37.0   54.125  100.561   9518.7    251.7
     1     1    10     4    20    16     0     2   -38.0   54.489  100.652   9513.2    253.7
     1     1    10     4    20    15     0     3   -39.0   54.795  100.728   9508.7    254.8
     1     1    10     4    20    14     0     2   -40.0   55.056  100.796   9509.8    255.0
     1     1    10     4    20    13     0     1   -41.0   55.295  100.863   9514.9    254.7
     1     1    10     4    20    12     0     0   -42.0   55.512  100.925   9519.6    254.6
     1     1    10     4    20    11     0     1   -43.0   55.694  100.971   9523.8    254.5
     1     1    10     4    20    10     0     2   -44.0   55.833  100.999   9528.0    254.3
     1     1    10     4    20     9     0     3   -45.0   55.925  101.023   9531.7    254.0
     1     1    10     4    20     8     0     2   -46.0   55.988  101.061   9533.4    253.8
     1     1    10     4    20     7     0     1   -47.0   56.036  101.124   9532.6    253.7
     1     1    10     4    20     6     0     0   -48.0   56.068  101.215   9530.4    253.6
     1     1    10     4    20     5     0     1   -49.0   56.083  101.337   9527.6    253.5
     1     1    10     4    20     4     0     2   -50.0   56.079  101.491   9524.7    253.4
     1     1    10     4    20     3     0     3   -51.0   56.053  101.683   9522.1    253.2
     1     1    10     4    20     2     0     2   -52.0   56.012  101.911   9522.6    253.1
     1     1    10     4    20     1     0     1   -53.0   55.968  102.166   9523.3    252.6
     1     1    10     4    20     0     0     0   -54.0   55.923  102.440   9515.6    252.5
     1     1    10     4    19    23     0     1   -55.0   55.877  102.750   9498.4    253.0
     1     1    10     4    19    22     0     2   -56.0   55.830  103.121   9471.5    253.2
     1     1    10     4    19    21     0     3   -57.0   55.794  103.553   9443.0    252.0
     1     1    10     4    19    20     0     2   -58.0   55.776  104.021   9440.2    249.5
     1     1    10     4    19    19     0     1   -59.0   55.773  104.493   9457.7    247.7
     1     1    10     4    19    18     0     0   -60.0   55.783  104.973   9442.9    247.9
     1     1    10     4    19    17     0     1   -61.0   55.796  105.431   9402.3    248.1
     1     1    10     4    19    16     0     2   -62.0   55.804  105.822   9395.7    245.8
     1     1    10     4    19    15     0     3   -63.0   55.802  106.151   9420.1    243.6
     1     1    10     4    19    14     0     2   -64.0   55.792  106.445   9453.5    243.2
     1     1    10     4    19    13     0     1   -65.0   55.782  106.725   9470.3    243.6
     1     1    10     4    19    12     0     0   -66.0   55.770  107.000   9468.3    244.7
     1     1    10     4    19    11     0     1   -67.0   55.753  107.284   9448.8    245.7
     1     1    10     4    19    10     0     2   -68.0   55.732  107.580   9440.1    245.7
     1     1    10     4    19     9     0     3   -69.0   55.715  107.888   9447.1    244.9
     1     1    10     4    19     8     0     2   -70.0   55.712  108.211   9441.7    241.9
     1     1    10     4    19     7     0     1   -71.0   55.727  108.547   9429.3    237.6
     1     1    10     4    19     6     0     0   -72.0   55.762  108.886   9423.2    232.9
     1     1    10     4    19     5     0     1   -73.0   55.824  109.206   9438.3    228.8
     1     1    10     4    19     4     0     2   -74.0   55.910  109.514   9445.9    227.3
     1     1    10     4    19     3     0     3   -75.0   56.010  109.828   9423.4    227.7
     1     1    10     4    19     2     0     2   -76.0   56.127  110.146   9382.9    230.0
     1     1    10     4    19     1     0     1   -77.0   56.265  110.448   9345.5    231.5
     1     1    10     4    19     0     0     0   -78.0   56.424  110.731   9325.2    232.2
     1     1    10     4    18    23     0     1   -79.0   56.592  110.996   9320.3    232.5
     1     1    10     4    18    22     0     2   -80.0   56.749  111.250   9340.2    233.3
     1     1    10     4    18    21     0     3   -81.0   56.888  111.507   9354.3    234.3
     1     1    10     4    18    20     0     2   -82.0   57.019  111.784   9367.9    235.1
     1     1    10     4    18    19     0     1   -83.0   57.160  112.089   9386.5    236.0
     1     1    10     4    18    18     0     0   -84.0   57.318  112.409   9401.0    235.6
     1     1    10     4    18    17     0     1   -85.0   57.501  112.708   9437.6    234.5
     1     1    10     4    18    16     0     2   -86.0   57.718  112.965   9483.8    234.4
     1     1    10     4    18    15     0     3   -87.0   57.974  113.176   9536.5    236.0
     1     1    10     4    18    14     0     2   -88.0   58.256  113.308   9552.1    236.8
     1     1    10     4    18    13     0     1   -89.0   58.546  113.341   9556.4    237.0
     1     1    10     4    18    12     0     0   -90.0   58.853  113.301   9559.5    237.9
     1     1    10     4    18    11     0     1   -91.0   59.171  113.191   9585.6    240.7
     1     1    10     4    18    10     0     2   -92.0   59.488  113.013   9623.2    244.0
     1     1    10     4    18     9     0     3   -93.0   59.804  112.786   9648.0    246.0
     1     1    10     4    18     8     0     2   -94.0   60.121  112.518   9654.2    246.6
     1     1    10     4    18     7     0     1   -95.0   60.440  112.200   9639.2    246.2
     1     1    10     4    18     6     0     0   -96.0   60.761  111.844   9619.2    245.9
