     5     1
    GDAS    10     3     1     0     0
    GDAS    10     3     8     0     0
    GDAS    10     3    15     0     0
    GDAS    10     3    22     0     0
    GDAS    10     3    29     0     0
     1 BACKWARD OMEGA   
    10     3    15     0   39.977  116.381  8000.0
     1 PRESSURE
     1     1    10     3    15     0     0     0     0.0   39.977  116.381   7750.7    346.3
     1     1    10     3    14    23     0     1    -1.0   39.728  113.578   7643.8    304.6
     1     1    10     3    14    22     0     2    -2.0   39.572  110.859   8117.2    286.4
     1     1    10     3    14    21     0     3    -3.0   39.385  108.064   8273.2    270.6
     1     1    10     3    14    20     0     2    -4.0   39.169  105.410   8446.5    263.5
     1     1    10     3    14    19     0     1    -5.0   38.964  102.990   8545.9    263.4
     1     1    10     3    14    18     0     0    -6.0   38.705  100.828   8300.8    236.9
     1     1    10     3    14    17     0     1    -7.0   38.559   98.984   7715.8    205.8
     1     1    10     3    14    16     0     2    -8.0   38.541   97.362   7570.2    196.5
     1     1    10     3    14    15     0     3    -9.0   38.600   95.842   7577.5    203.8
     1     1    10     3    14    14     0     2   -10.0   38.726   94.336   7870.3    216.7
     1     1    10     3    14    13     0     1   -11.0   38.878   92.895   8003.7    219.6
     1     1    10     3    14    12     0     0   -12.0   39.017   91.481   8078.0    221.6
     1     1    10     3    14    11     0     1   -13.0   39.220   90.173   8380.3    234.8
     1     1    10     3    14    10     0     2   -14.0   39.574   89.045   8828.3    257.7
     1     1    10     3    14     9     0     3   -15.0   40.002   88.026   8992.0    267.5
     1     1    10     3    14     8     0     2   -16.0   40.514   87.098   9022.7    266.4
     1     1    10     3    14     7     0     1   -17.0   41.132   86.234   9138.7    262.1
     1     1    10     3    14     6     0     0   -18.0   41.780   85.351   9085.0    244.8
     1     1    10     3    14     5     0     1   -19.0   42.474   84.446   8942.4    220.3
     1     1    10     3    14     4     0     2   -20.0   43.203   83.573   8646.5    212.2
     1     1    10     3    14     3     0     3   -21.0   43.923   82.735   8899.5    224.5
     1     1    10     3    14     2     0     2   -22.0   44.641   81.915   9301.7    240.4
     1     1    10     3    14     1     0     1   -23.0   45.403   81.066   9187.2    222.9
     1     1    10     3    14     0     0     0   -24.0   46.170   80.224   9807.0    246.4
     1     1    10     3    13    23     0     1   -25.0   46.951   79.373   9907.2    247.5
     1     1    10     3    13    22     0     2   -26.0   47.797   78.451   9894.7    238.0
     1     1    10     3    13    21     0     3   -27.0   48.640   77.417   9904.8    230.0
