     7     1
    GDAS    10     3    22     0     0
    GDAS    10     4     8     0     0
    GDAS    10     4    15     0     0
    GDAS    10     4    22     0     0
    GDAS    10     4    29     0     0
    GDAS    10     4     1     0     0
    GDAS    10     3    29     0     0
     1 BACKWARD OMEGA   
    10     4     7    12   39.977  116.381  3400.0
     1 PRESSURE
     1     1    10     4     7    12     0     0     0.0   39.977  116.381   3162.1    668.6
     1     1    10     4     7    11     0     1    -1.0   40.008  115.692   3068.4    641.2
     1     1    10     4     7    10     0     2    -2.0   40.046  114.939   2763.6    605.0
     1     1    10     4     7     9     0     3    -3.0   39.975  114.220   2409.0    653.8
     1     1    10     4     7     8     0     2    -4.0   39.823  113.567   2157.1    676.6
     1     1    10     4     7     7     0     1    -5.0   39.674  112.949   2000.7    680.7
     1     1    10     4     7     6     0     0    -6.0   39.539  112.373   1921.4    680.0
     1     1    10     4     7     5     0     1    -7.0   39.431  111.826   1904.5    678.3
     1     1    10     4     7     4     0     2    -8.0   39.356  111.294   1903.6    692.5
     1     1    10     4     7     3     0     3    -9.0   39.320  110.775   1900.1    702.7
     1     1    10     4     7     2     0     2   -10.0   39.319  110.268   1903.9    696.8
     1     1    10     4     7     1     0     1   -11.0   39.334  109.773   1880.0    692.1
     1     1    10     4     7     0     0     0   -12.0   39.366  109.298   1800.0    694.2
     1     1    10     4     6    23     0     1   -13.0   39.412  108.822   1700.5    703.0
     1     1    10     4     6    22     0     2   -14.0   39.465  108.305   1626.8    709.2
     1     1    10     4     6    21     0     3   -15.0   39.517  107.748   1581.1    715.4
     1     1    10     4     6    20     0     2   -16.0   39.553  107.192   1569.0    724.4
     1     1    10     4     6    19     0     1   -17.0   39.561  106.656   1564.9    723.8
     1     1    10     4     6    18     0     0   -18.0   39.542  106.129   1537.5    724.5
     1     1    10     4     6    17     0     1   -19.0   39.514  105.635   1514.5    725.1
     1     1    10     4     6    16     0     2   -20.0   39.502  105.176   1517.4    720.8
     1     1    10     4     6    15     0     3   -21.0   39.517  104.741   1518.7    717.3
     1     1    10     4     6    14     0     2   -22.0   39.529  104.349   1516.8    718.5
     1     1    10     4     6    13     0     1   -23.0   39.511  103.996   1523.8    716.9
     1     1    10     4     6    12     0     0   -24.0   39.476  103.661   1524.2    716.5
     1     1    10     4     6    11     0     1   -25.0   39.451  103.361   1521.1    717.2
     1     1    10     4     6    10     0     2   -26.0   39.428  103.101   1526.9    716.5
     1     1    10     4     6     9     0     3   -27.0   39.398  102.869   1535.9    713.8
     1     1    10     4     6     8     0     2   -28.0   39.365  102.650   1533.0    711.3
     1     1    10     4     6     7     0     1   -29.0   39.334  102.435   1512.3    710.9
     1     1    10     4     6     6     0     0   -30.0   39.299  102.213   1478.6    710.9
     1     1    10     4     6     5     0     1   -31.0   39.280  101.985   1432.2    711.0
     1     1    10     4     6     4     0     2   -32.0   39.291  101.766   1403.5    715.2
     1     1    10     4     6     3     0     3   -33.0   39.329  101.561   1413.1    714.9
     1     1    10     4     6     2     0     2   -34.0   39.385  101.366   1436.3    711.4
     1     1    10     4     6     1     0     1   -35.0   39.446  101.182   1441.6    711.3
     1     1    10     4     6     0     0     0   -36.0   39.503  101.017   1417.9    714.3
     1     1    10     4     5    23     0     1   -37.0   39.546  100.887   1391.3    718.9
     1     1    10     4     5    22     0     2   -38.0   39.576  100.800   1389.0    718.5
     1     1    10     4     5    21     0     3   -39.0   39.593  100.759   1411.8    716.5
     1     1    10     4     5    20     0     2   -40.0   39.592  100.745   1464.6    711.8
     1     1    10     4     5    19     0     1   -41.0   39.573  100.734   1546.3    703.7
     1     1    10     4     5    18     0     0   -42.0   39.545  100.728   1658.4    692.8
     1     1    10     4     5    17     0     1   -43.0   39.532  100.700   1780.1    679.5
     1     1    10     4     5    16     0     2   -44.0   39.554  100.636   1877.3    670.4
     1     1    10     4     5    15     0     3   -45.0   39.612  100.542   1940.9    665.9
     1     1    10     4     5    14     0     2   -46.0   39.686  100.430   1981.8    665.5
     1     1    10     4     5    13     0     1   -47.0   39.763  100.306   2013.9    664.9
     1     1    10     4     5    12     0     0   -48.0   39.836  100.174   2038.4    665.1
     1     1    10     4     5    11     0     1   -49.0   39.906  100.038   2047.0    666.0
     1     1    10     4     5    10     0     2   -50.0   39.972   99.906   2048.0    671.7
     1     1    10     4     5     9     0     3   -51.0   40.042   99.770   2064.3    675.9
     1     1    10     4     5     8     0     2   -52.0   40.128   99.618   2110.9    675.1
     1     1    10     4     5     7     0     1   -53.0   40.230   99.439   2188.7    669.5
     1     1    10     4     5     6     0     0   -54.0   40.338   99.231   2279.4    660.8
     1     1    10     4     5     5     0     1   -55.0   40.449   98.996   2369.6    650.7
     1     1    10     4     5     4     0     2   -56.0   40.564   98.733   2433.2    636.0
     1     1    10     4     5     3     0     3   -57.0   40.676   98.458   2466.4    628.1
     1     1    10     4     5     2     0     2   -58.0   40.787   98.163   2466.7    623.2
     1     1    10     4     5     1     0     1   -59.0   40.893   97.837   2419.5    621.9
     1     1    10     4     5     0     0     0   -60.0   40.991   97.495   2325.5    621.3
     1     1    10     4     4    23     0     1   -61.0   41.081   97.144   2171.4    623.6
     1     1    10     4     4    22     0     2   -62.0   41.152   96.787   1947.6    638.1
     1     1    10     4     4    21     0     3   -63.0   41.190   96.427   1652.0    662.7
     1     1    10     4     4    20     0     2   -64.0   41.174   96.099   1307.1    695.4
     1     1    10     4     4    19     0     1   -65.0   41.120   95.877   1000.1    732.7
     1     1    10     4     4    18     0     0   -66.0   41.080   95.760    791.6    756.8
     1     1    10     4     4    17     0     1   -67.0   41.093   95.698    700.3    766.9
     1     1    10     4     4    16     0     2   -68.0   41.166   95.627    703.9    763.2
     1     1    10     4     4    15     0     3   -69.0   41.289   95.528    763.5    756.6
     1     1    10     4     4    14     0     2   -70.0   41.438   95.407    847.4    750.7
     1     1    10     4     4    13     0     1   -71.0   41.586   95.276    943.0    747.2
     1     1    10     4     4    12     0     0   -72.0   41.726   95.147   1059.1    744.9
     1     1    10     4     4    11     0     1   -73.0   41.861   94.994   1182.7    741.5
     1     1    10     4     4    10     0     2   -74.0   42.005   94.785   1270.7    742.6
     1     1    10     4     4     9     0     3   -75.0   42.162   94.524   1281.5    737.8
     1     1    10     4     4     8     0     2   -76.0   42.320   94.251   1253.5    737.4
     1     1    10     4     4     7     0     1   -77.0   42.474   93.971   1237.2    730.9
     1     1    10     4     4     6     0     0   -78.0   42.628   93.679   1259.7    738.9
     1     1    10     4     4     5     0     1   -79.0   42.778   93.405   1309.5    753.7
     1     1    10     4     4     4     0     2   -80.0   42.919   93.168   1346.0    774.2
     1     1    10     4     4     3     0     3   -81.0   43.046   92.964   1306.5    794.3
     1     1    10     4     4     2     0     2   -82.0   43.167   92.779   1217.1    796.7
     1     1    10     4     4     1     0     1   -83.0   43.306   92.572   1161.4    787.2
     1     1    10     4     4     0     0     0   -84.0   43.468   92.336   1132.2    772.8
     1     1    10     4     3    23     0     1   -85.0   43.664   92.032   1120.2    753.4
     1     1    10     4     3    22     0     2   -86.0   43.899   91.631   1113.4    737.2
     1     1    10     4     3    21     0     3   -87.0   44.140   91.172   1099.6    744.2
     1     1    10     4     3    20     0     2   -88.0   44.350   90.731   1094.3    764.8
     1     1    10     4     3    19     0     1   -89.0   44.526   90.343   1111.4    774.5
     1     1    10     4     3    18     0     0   -90.0   44.684   90.000   1125.3    779.4
     1     1    10     4     3    17     0     1   -91.0   44.829   89.696   1123.7    781.8
     1     1    10     4     3    16     0     2   -92.0   44.958   89.432   1115.7    791.3
     1     1    10     4     3    15     0     3   -93.0   45.079   89.205   1110.3    800.3
     1     1    10     4     3    14     0     2   -94.0   45.200   89.006   1113.3    804.8
     1     1    10     4     3    13     0     1   -95.0   45.324   88.833   1122.7    805.5
     1     1    10     4     3    12     0     0   -96.0   45.452   88.672   1136.3    805.8
