     7     1
    GDAS    10     3    22     0     0
    GDAS    10     4     8     0     0
    GDAS    10     4    15     0     0
    GDAS    10     4    22     0     0
    GDAS    10     4    29     0     0
    GDAS    10     4     1     0     0
    GDAS    10     3    29     0     0
     1 BACKWARD OMEGA   
    10     4    18     6   39.977  116.381  1400.0
     1 PRESSURE
     1     1    10     4    18     6     0     0     0.0   39.977  116.381   1165.6    856.4
     1     1    10     4    18     5     0     1    -1.0   39.908  116.241   1147.5    856.9
     1     1    10     4    18     4     0     2    -2.0   39.865  116.050   1163.7    851.9
     1     1    10     4    18     3     0     3    -3.0   39.858  115.787   1222.8    828.2
     1     1    10     4    18     2     0     2    -4.0   39.897  115.453   1267.6    791.2
     1     1    10     4    18     1     0     1    -5.0   39.978  115.065   1264.5    754.8
     1     1    10     4    18     0     0     0    -6.0   40.083  114.626   1282.7    750.3
     1     1    10     4    17    23     0     1    -7.0   40.178  114.158   1355.3    744.5
     1     1    10     4    17    22     0     2    -8.0   40.261  113.676   1447.4    728.2
     1     1    10     4    17    21     0     3    -9.0   40.331  113.192   1500.0    712.8
     1     1    10     4    17    20     0     2   -10.0   40.394  112.700   1509.0    707.2
     1     1    10     4    17    19     0     1   -11.0   40.455  112.191   1492.4    704.0
     1     1    10     4    17    18     0     0   -12.0   40.510  111.695   1443.7    709.6
     1     1    10     4    17    17     0     1   -13.0   40.567  111.228   1346.0    720.6
     1     1    10     4    17    16     0     2   -14.0   40.636  110.776   1214.4    732.5
     1     1    10     4    17    15     0     3   -15.0   40.721  110.322   1085.0    742.4
     1     1    10     4    17    14     0     2   -16.0   40.822  109.840    987.8    755.5
     1     1    10     4    17    13     0     1   -17.0   40.935  109.332    938.4    775.0
     1     1    10     4    17    12     0     0   -18.0   41.054  108.831    944.2    790.1
     1     1    10     4    17    11     0     1   -19.0   41.171  108.327    981.3    788.7
     1     1    10     4    17    10     0     2   -20.0   41.298  107.801   1023.4    781.2
     1     1    10     4    17     9     0     3   -21.0   41.445  107.260   1103.4    764.8
     1     1    10     4    17     8     0     2   -22.0   41.578  106.694   1190.1    752.1
     1     1    10     4    17     7     0     1   -23.0   41.680  106.112   1199.1    761.7
     1     1    10     4    17     6     0     0   -24.0   41.779  105.531   1155.7    773.3
     1     1    10     4    17     5     0     1   -25.0   41.885  104.935   1107.3    773.9
     1     1    10     4    17     4     0     2   -26.0   41.989  104.309   1091.9    774.2
     1     1    10     4    17     3     0     3   -27.0   42.113  103.686   1119.6    765.3
     1     1    10     4    17     2     0     2   -28.0   42.260  103.104   1150.0    758.4
     1     1    10     4    17     1     0     1   -29.0   42.419  102.564   1162.1    757.3
     1     1    10     4    17     0     0     0   -30.0   42.619  102.085   1163.1    748.8
     1     1    10     4    16    23     0     1   -31.0   42.856  101.635   1223.5    733.1
     1     1    10     4    16    22     0     2   -32.0   43.088  101.114   1405.7    707.1
     1     1    10     4    16    21     0     3   -33.0   43.300  100.526   1576.9    694.5
     1     1    10     4    16    20     0     2   -34.0   43.499   99.970   1601.6    702.8
     1     1    10     4    16    19     0     1   -35.0   43.684   99.439   1562.2    712.2
     1     1    10     4    16    18     0     0   -36.0   43.870   98.902   1541.2    715.9
     1     1    10     4    16    17     0     1   -37.0   44.048   98.347   1506.9    714.1
     1     1    10     4    16    16     0     2   -38.0   44.222   97.754   1443.9    709.3
     1     1    10     4    16    15     0     3   -39.0   44.398   97.129   1415.7    715.6
     1     1    10     4    16    14     0     2   -40.0   44.601   96.519   1505.8    710.9
     1     1    10     4    16    13     0     1   -41.0   44.835   95.963   1784.0    681.4
     1     1    10     4    16    12     0     0   -42.0   45.063   95.362   2080.1    622.7
     1     1    10     4    16    11     0     1   -43.0   45.254   94.712   2221.9    611.5
     1     1    10     4    16    10     0     2   -44.0   45.461   94.051   2299.5    607.3
     1     1    10     4    16     9     0     3   -45.0   45.667   93.359   2593.7    592.5
     1     1    10     4    16     8     0     2   -46.0   45.846   92.607   3130.1    553.1
     1     1    10     4    16     7     0     1   -47.0   46.039   91.779   3817.0    520.4
     1     1    10     4    16     6     0     0   -48.0   46.132   90.792   4293.9    495.2
     1     1    10     4    16     5     0     1   -49.0   46.227   89.666   4530.7    496.1
     1     1    10     4    16     4     0     2   -50.0   46.367   88.573   4688.9    508.2
     1     1    10     4    16     3     0     3   -51.0   46.441   87.389   4544.4    529.4
     1     1    10     4    16     2     0     2   -52.0   46.432   86.152   4122.8    543.5
     1     1    10     4    16     1     0     1   -53.0   46.396   84.940   3894.2    545.1
     1     1    10     4    16     0     0     0   -54.0   46.228   83.596   4201.6    509.0
     1     1    10     4    15    23     0     1   -55.0   45.985   82.141   4311.1    533.0
     1     1    10     4    15    22     0     2   -56.0   45.773   80.753   3978.2    538.1
     1     1    10     4    15    21     0     3   -57.0   45.461   79.424   3733.4    537.8
     1     1    10     4    15    20     0     2   -58.0   45.133   78.220   3681.9    593.0
     1     1    10     4    15    19     0     1   -59.0   44.866   77.146   3597.2    624.3
     1     1    10     4    15    18     0     0   -60.0   44.585   76.162   3530.4    623.7
     1     1    10     4    15    17     0     1   -61.0   44.292   75.195   3489.4    611.8
     1     1    10     4    15    16     0     2   -62.0   44.006   74.116   3623.4    598.9
     1     1    10     4    15    15     0     3   -63.0   43.727   72.949   3652.7    606.0
     1     1    10     4    15    14     0     2   -64.0   43.470   71.749   3414.2    630.0
     1     1    10     4    15    13     0     1   -65.0   43.223   70.553   3245.6    641.8
     1     1    10     4    15    12     0     0   -66.0   42.906   69.360   3441.5    625.0
     1     1    10     4    15    11     0     1   -67.0   42.579   68.286   3387.1    656.0
     1     1    10     4    15    10     0     2   -68.0   42.275   67.264   3343.5    661.0
     1     1    10     4    15     9     0     3   -69.0   41.990   66.258   3356.6    656.4
     1     1    10     4    15     8     0     2   -70.0   41.728   65.270   3359.9    656.5
     1     1    10     4    15     7     0     1   -71.0   41.499   64.304   3382.1    653.2
     1     1    10     4    15     6     0     0   -72.0   41.304   63.344   3429.9    653.7
     1     1    10     4    15     5     0     1   -73.0   41.147   62.408   3462.1    653.9
     1     1    10     4    15     4     0     2   -74.0   41.021   61.506   3479.2    656.2
     1     1    10     4    15     3     0     3   -75.0   40.930   60.642   3518.9    652.2
     1     1    10     4    15     2     0     2   -76.0   40.872   59.770   3547.0    648.0
     1     1    10     4    15     1     0     1   -77.0   40.840   58.861   3639.5    643.7
     1     1    10     4    15     0     0     0   -78.0   40.827   57.901   3788.6    632.0
     1     1    10     4    14    23     0     1   -79.0   40.802   56.917   3976.5    617.3
     1     1    10     4    14    22     0     2   -80.0   40.737   55.940   4115.7    601.3
     1     1    10     4    14    21     0     3   -81.0   40.641   54.985   4242.8    590.9
     1     1    10     4    14    20     0     2   -82.0   40.536   54.054   4411.3    579.5
     1     1    10     4    14    19     0     1   -83.0   40.430   53.162   4576.3    574.7
     1     1    10     4    14    18     0     0   -84.0   40.336   52.315   4680.9    568.5
     1     1    10     4    14    17     0     1   -85.0   40.264   51.489   4756.0    563.5
     1     1    10     4    14    16     0     2   -86.0   40.215   50.666   4804.0    558.6
     1     1    10     4    14    15     0     3   -87.0   40.191   49.854   4695.2    565.8
     1     1    10     4    14    14     0     2   -88.0   40.179   49.016   4808.0    551.3
     1     1    10     4    14    13     0     1   -89.0   40.164   48.150   4976.7    527.5
     1     1    10     4    14    12     0     0   -90.0   40.179   47.330   4912.0    521.0
     1     1    10     4    14    11     0     1   -91.0   40.239   46.445   4875.4    464.8
     1     1    10     4    14    10     0     2   -92.0   40.263   45.378   5018.5    421.9
     1     1    10     4    14     9     0     3   -93.0   40.278   44.344   5156.8    427.1
     1     1    10     4    14     8     0     2   -94.0   40.306   43.349   5179.6    409.3
     1     1    10     4    14     7     0     1   -95.0   40.345   42.357   5197.8    397.8
     1     1    10     4    14     6     0     0   -96.0   40.434   41.388   5298.8    401.3
