     7     1
    GDAS    10     3    22     0     0
    GDAS    10     4     8     0     0
    GDAS    10     4    15     0     0
    GDAS    10     4    22     0     0
    GDAS    10     4    29     0     0
    GDAS    10     4     1     0     0
    GDAS    10     3    29     0     0
     1 BACKWARD OMEGA   
    10     4     7     0   39.977  116.381  5000.0
     1 PRESSURE
     1     1    10     4     7     0     0     0     0.0   39.977  116.381   4760.5    540.7
     1     1    10     4     6    23     0     1    -1.0   40.365  115.626   4720.2    494.9
     1     1    10     4     6    22     0     2    -2.0   40.793  114.706   4781.9    463.2
     1     1    10     4     6    21     0     3    -3.0   41.250  113.661   4882.2    446.3
     1     1    10     4     6    20     0     2    -4.0   41.688  112.578   4821.2    451.3
     1     1    10     4     6    19     0     1    -5.0   42.084  111.476   4828.5    459.7
     1     1    10     4     6    18     0     0    -6.0   42.442  110.379   4812.9    467.7
     1     1    10     4     6    17     0     1    -7.0   42.774  109.300   4800.5    468.3
     1     1    10     4     6    16     0     2    -8.0   43.070  108.275   4848.0    479.5
     1     1    10     4     6    15     0     3    -9.0   43.334  107.316   4796.1    476.3
     1     1    10     4     6    14     0     2   -10.0   43.585  106.374   4664.2    473.5
     1     1    10     4     6    13     0     1   -11.0   43.829  105.396   4628.0    468.7
     1     1    10     4     6    12     0     0   -12.0   44.074  104.379   4778.3    457.4
     1     1    10     4     6    11     0     1   -13.0   44.302  103.385   4831.4    450.1
     1     1    10     4     6    10     0     2   -14.0   44.518  102.411   4801.5    455.1
     1     1    10     4     6     9     0     3   -15.0   44.735  101.417   4816.1    449.0
     1     1    10     4     6     8     0     2   -16.0   44.940  100.411   4886.5    432.8
     1     1    10     4     6     7     0     1   -17.0   45.119   99.400   4914.4    415.5
     1     1    10     4     6     6     0     0   -18.0   45.290   98.396   4840.9    410.3
     1     1    10     4     6     5     0     1   -19.0   45.469   97.400   4835.5    420.4
     1     1    10     4     6     4     0     2   -20.0   45.653   96.403   4886.5    420.9
     1     1    10     4     6     3     0     3   -21.0   45.850   95.405   4980.9    424.5
     1     1    10     4     6     2     0     2   -22.0   46.042   94.415   5003.4    406.1
     1     1    10     4     6     1     0     1   -23.0   46.262   93.382   5015.8    401.2
     1     1    10     4     6     0     0     0   -24.0   46.509   92.340   5081.2    400.2
     1     1    10     4     5    23     0     1   -25.0   46.738   91.267   5042.7    384.9
     1     1    10     4     5    22     0     2   -26.0   46.968   90.182   5213.0    401.4
     1     1    10     4     5    21     0     3   -27.0   47.231   89.144   5459.7    419.6
     1     1    10     4     5    20     0     2   -28.0   47.487   88.158   5565.7    423.4
     1     1    10     4     5    19     0     1   -29.0   47.721   87.196   5652.9    431.9
     1     1    10     4     5    18     0     0   -30.0   47.953   86.244   5771.3    446.0
     1     1    10     4     5    17     0     1   -31.0   48.186   85.312   5830.5    444.8
     1     1    10     4     5    16     0     2   -32.0   48.412   84.404   5853.6    440.2
     1     1    10     4     5    15     0     3   -33.0   48.624   83.541   5872.4    440.4
     1     1    10     4     5    14     0     2   -34.0   48.818   82.691   5862.3    433.2
     1     1    10     4     5    13     0     1   -35.0   48.998   81.859   5870.0    435.8
     1     1    10     4     5    12     0     0   -36.0   49.176   81.043   5906.3    441.9
     1     1    10     4     5    11     0     1   -37.0   49.350   80.239   5958.6    443.3
     1     1    10     4     5    10     0     2   -38.0   49.529   79.447   6002.2    440.6
     1     1    10     4     5     9     0     3   -39.0   49.723   78.642   6027.4    438.9
     1     1    10     4     5     8     0     2   -40.0   49.928   77.818   6059.8    436.5
     1     1    10     4     5     7     0     1   -41.0   50.141   76.981   6074.9    429.7
     1     1    10     4     5     6     0     0   -42.0   50.364   76.144   6133.4    429.5
     1     1    10     4     5     5     0     1   -43.0   50.585   75.330   6192.5    428.0
     1     1    10     4     5     4     0     2   -44.0   50.803   74.542   6251.4    426.1
     1     1    10     4     5     3     0     3   -45.0   51.032   73.755   6302.9    422.3
     1     1    10     4     5     2     0     2   -46.0   51.265   72.964   6345.3    419.7
     1     1    10     4     5     1     0     1   -47.0   51.485   72.194   6396.6    421.9
     1     1    10     4     5     0     0     0   -48.0   51.685   71.439   6409.5    421.9
     1     1    10     4     4    23     0     1   -49.0   51.860   70.707   6402.8    422.0
     1     1    10     4     4    22     0     2   -50.0   52.022   69.994   6403.0    423.5
     1     1    10     4     4    21     0     3   -51.0   52.179   69.275   6420.7    424.2
     1     1    10     4     4    20     0     2   -52.0   52.325   68.570   6445.2    421.3
     1     1    10     4     4    19     0     1   -53.0   52.452   67.914   6461.9    420.2
     1     1    10     4     4    18     0     0   -54.0   52.563   67.310   6479.3    421.9
     1     1    10     4     4    17     0     1   -55.0   52.656   66.765   6485.0    424.1
     1     1    10     4     4    16     0     2   -56.0   52.734   66.279   6476.9    426.4
     1     1    10     4     4    15     0     3   -57.0   52.797   65.849   6460.0    428.9
     1     1    10     4     4    14     0     2   -58.0   52.852   65.459   6447.3    431.2
     1     1    10     4     4    13     0     1   -59.0   52.905   65.095   6448.1    431.9
     1     1    10     4     4    12     0     0   -60.0   52.958   64.754   6458.9    431.5
     1     1    10     4     4    11     0     1   -61.0   53.013   64.439   6481.2    430.1
     1     1    10     4     4    10     0     2   -62.0   53.074   64.153   6517.8    427.9
     1     1    10     4     4     9     0     3   -63.0   53.141   63.895   6570.6    424.7
     1     1    10     4     4     8     0     2   -64.0   53.213   63.663   6626.5    420.4
     1     1    10     4     4     7     0     1   -65.0   53.283   63.458   6671.9    417.5
     1     1    10     4     4     6     0     0   -66.0   53.352   63.277   6707.2    415.2
     1     1    10     4     4     5     0     1   -67.0   53.419   63.107   6735.2    413.6
     1     1    10     4     4     4     0     2   -68.0   53.480   62.933   6758.6    412.1
     1     1    10     4     4     3     0     3   -69.0   53.534   62.753   6778.2    410.8
     1     1    10     4     4     2     0     2   -70.0   53.584   62.580   6798.4    409.7
     1     1    10     4     4     1     0     1   -71.0   53.633   62.425   6822.5    408.1
     1     1    10     4     4     0     0     0   -72.0   53.682   62.288   6849.8    406.4
     1     1    10     4     3    23     0     1   -73.0   53.736   62.181   6875.5    404.6
     1     1    10     4     3    22     0     2   -74.0   53.802   62.113   6893.9    403.5
     1     1    10     4     3    21     0     3   -75.0   53.882   62.075   6902.9    403.1
     1     1    10     4     3    20     0     2   -76.0   53.977   62.046   6915.1    403.4
     1     1    10     4     3    19     0     1   -77.0   54.083   62.005   6943.3    401.7
     1     1    10     4     3    18     0     0   -78.0   54.198   61.947   6986.6    398.7
     1     1    10     4     3    17     0     1   -79.0   54.327   61.896   7034.9    395.0
     1     1    10     4     3    16     0     2   -80.0   54.480   61.873   7078.8    392.5
     1     1    10     4     3    15     0     3   -81.0   54.658   61.876   7120.3    390.1
     1     1    10     4     3    14     0     2   -82.0   54.855   61.878   7154.0    387.6
     1     1    10     4     3    13     0     1   -83.0   55.063   61.863   7174.6    386.2
     1     1    10     4     3    12     0     0   -84.0   55.281   61.832   7182.4    385.9
     1     1    10     4     3    11     0     1   -85.0   55.503   61.790   7187.1    386.4
     1     1    10     4     3    10     0     2   -86.0   55.722   61.743   7199.5    385.7
     1     1    10     4     3     9     0     3   -87.0   55.939   61.694   7216.8    384.7
     1     1    10     4     3     8     0     2   -88.0   56.167   61.644   7240.9    383.3
     1     1    10     4     3     7     0     1   -89.0   56.427   61.590   7277.2    380.9
     1     1    10     4     3     6     0     0   -90.0   56.722   61.528   7325.5    377.7
     1     1    10     4     3     5     0     1   -91.0   57.053   61.442   7377.4    374.0
     1     1    10     4     3     4     0     2   -92.0   57.415   61.318   7423.3    371.9
     1     1    10     4     3     3     0     3   -93.0   57.805   61.156   7452.4    370.9
     1     1    10     4     3     2     0     2   -94.0   58.218   60.943   7464.8    370.9
     1     1    10     4     3     1     0     1   -95.0   58.649   60.662   7469.3    371.4
     1     1    10     4     3     0     0     0   -96.0   59.099   60.306   7465.3    371.4
