     5     1
    GDAS    10     3     1     0     0
    GDAS    10     3     8     0     0
    GDAS    10     3    15     0     0
    GDAS    10     3    22     0     0
    GDAS    10     3    29     0     0
     1 BACKWARD OMEGA   
    10     3    15     0   39.977  116.381  6200.0
     1 PRESSURE
     1     1    10     3    15     0     0     0     0.0   39.977  116.381   5954.6    448.6
     1     1    10     3    14    23     0     1    -1.0   39.787  114.098   6096.0    386.0
     1     1    10     3    14    22     0     2    -2.0   39.753  111.674   6549.7    351.5
     1     1    10     3    14    21     0     3    -3.0   39.763  109.297   6802.2    340.6
     1     1    10     3    14    20     0     2    -4.0   39.762  106.943   7092.6    329.7
     1     1    10     3    14    19     0     1    -5.0   39.793  104.781   7107.0    323.1
     1     1    10     3    14    18     0     0    -6.0   39.797  102.747   7160.1    321.2
     1     1    10     3    14    17     0     1    -7.0   39.850  100.907   7306.1    317.0
     1     1    10     3    14    16     0     2    -8.0   40.036   99.223   7570.2    312.2
     1     1    10     3    14    15     0     3    -9.0   40.284   97.618   7555.2    289.6
     1     1    10     3    14    14     0     2   -10.0   40.501   96.115   7513.5    284.1
     1     1    10     3    14    13     0     1   -11.0   40.753   94.776   7591.6    297.5
     1     1    10     3    14    12     0     0   -12.0   41.052   93.560   7666.8    304.5
     1     1    10     3    14    11     0     1   -13.0   41.369   92.432   7828.0    306.7
     1     1    10     3    14    10     0     2   -14.0   41.708   91.374   7902.6    303.4
     1     1    10     3    14     9     0     3   -15.0   42.079   90.389   7886.1    305.7
     1     1    10     3    14     8     0     2   -16.0   42.466   89.459   7985.2    314.6
     1     1    10     3    14     7     0     1   -17.0   42.872   88.580   7964.2    316.6
     1     1    10     3    14     6     0     0   -18.0   43.312   87.757   7591.2    293.8
     1     1    10     3    14     5     0     1   -19.0   43.813   86.943   7832.0    305.0
     1     1    10     3    14     4     0     2   -20.0   44.405   86.150   7995.2    306.8
     1     1    10     3    14     3     0     3   -21.0   45.075   85.375   8239.9    321.2
     1     1    10     3    14     2     0     2   -22.0   45.764   84.599   8122.1    304.5
     1     1    10     3    14     1     0     1   -23.0   46.465   83.839   7922.0    289.1
     1     1    10     3    14     0     0     0   -24.0   47.188   83.109   8022.6    294.2
     1     1    10     3    13    23     0     1   -25.0   47.894   82.369   8240.4    303.3
     1     1    10     3    13    22     0     2   -26.0   48.594   81.621   8333.1    296.2
     1     1    10     3    13    21     0     3   -27.0   49.322   80.896   8544.9    297.4
     1     1    10     3    13    20     0     2   -28.0   50.051   80.133   8736.8    295.7
     1     1    10     3    13    19     0     1   -29.0   50.758   79.289   8817.5    296.0
     1     1    10     3    13    18     0     0   -30.0   51.439   78.413   8888.5    295.4
     1     1    10     3    13    17     0     1   -31.0   52.054   77.513   8958.4    293.8
     1     1    10     3    13    16     0     2   -32.0   52.596   76.557   9038.8    290.4
     1     1    10     3    13    15     0     3   -33.0   53.077   75.560   9106.8    287.1
     1     1    10     3    13    14     0     2   -34.0   53.514   74.503   9196.6    283.4
     1     1    10     3    13    13     0     1   -35.0   53.891   73.392   9267.8    278.5
     1     1    10     3    13    12     0     0   -36.0   54.209   72.288   9273.7    279.3
     1     1    10     3    13    11     0     1   -37.0   54.477   71.159   9233.0    279.9
     1     1    10     3    13    10     0     2   -38.0   54.689   69.989   9189.9    280.4
     1     1    10     3    13     9     0     3   -39.0   54.826   68.760   9222.3    279.0
     1     1    10     3    13     8     0     2   -40.0   54.916   67.489   9229.2    277.9
     1     1    10     3    13     7     0     1   -41.0   54.980   66.173   9179.4    279.4
     1     1    10     3    13     6     0     0   -42.0   54.993   64.858   9073.8    285.1
     1     1    10     3    13     5     0     1   -43.0   54.951   63.563   8967.7    288.1
     1     1    10     3    13     4     0     2   -44.0   54.876   62.241   8932.0    288.6
     1     1    10     3    13     3     0     3   -45.0   54.741   60.926   8917.7    286.6
     1     1    10     3    13     2     0     2   -46.0   54.524   59.627   8859.7    279.4
     1     1    10     3    13     1     0     1   -47.0   54.284   58.363   8730.0    279.9
     1     1    10     3    13     0     0     0   -48.0   54.008   57.184   8702.4    288.7
     1     1    10     3    12    23     0     1   -49.0   53.671   56.066   8756.0    296.7
     1     1    10     3    12    22     0     2   -50.0   53.319   54.937   8675.2    298.3
     1     1    10     3    12    21     0     3   -51.0   52.938   53.886   8562.2    308.0
     1     1    10     3    12    20     0     2   -52.0   52.543   52.976   8410.8    317.8
     1     1    10     3    12    19     0     1   -53.0   52.184   52.090   8306.6    324.7
     1     1    10     3    12    18     0     0   -54.0   51.836   51.210   8199.0    329.8
     1     1    10     3    12    17     0     1   -55.0   51.491   50.319   8082.2    338.2
     1     1    10     3    12    16     0     2   -56.0   51.177   49.345   7955.9    345.6
     1     1    10     3    12    15     0     3   -57.0   50.866   48.299   7841.9    351.8
     1     1    10     3    12    14     0     2   -58.0   50.505   47.245   7680.3    361.7
     1     1    10     3    12    13     0     1   -59.0   50.119   46.195   7494.6    372.7
     1     1    10     3    12    12     0     0   -60.0   49.731   45.195   7220.1    385.6
     1     1    10     3    12    11     0     1   -61.0   49.321   44.216   6973.7    399.1
     1     1    10     3    12    10     0     2   -62.0   48.860   43.185   6691.6    414.3
     1     1    10     3    12     9     0     3   -63.0   48.365   42.193   6488.3    431.6
     1     1    10     3    12     8     0     2   -64.0   47.830   41.260   6385.8    435.6
     1     1    10     3    12     7     0     1   -65.0   47.293   40.312   6202.2    449.3
     1     1    10     3    12     6     0     0   -66.0   46.791   39.344   6123.3    455.9
     1     1    10     3    12     5     0     1   -67.0   46.289   38.342   6065.5    461.0
     1     1    10     3    12     4     0     2   -68.0   45.790   37.290   6036.4    464.5
     1     1    10     3    12     3     0     3   -69.0   45.292   36.183   6029.1    465.2
     1     1    10     3    12     2     0     2   -70.0   44.757   35.053   5889.5    464.9
     1     1    10     3    12     1     0     1   -71.0   44.220   33.937   5797.1    478.2
     1     1    10     3    12     0     0     0   -72.0   43.702   32.787   5799.1    480.9
     1     1    10     3    11    23     0     1   -73.0   43.183   31.633   5783.8    482.2
     1     1    10     3    11    22     0     2   -74.0   42.645   30.490   5756.6    485.4
     1     1    10     3    11    21     0     3   -75.0   42.094   29.336   5794.2    485.5
     1     1    10     3    11    20     0     2   -76.0   41.531   28.149   5841.5    473.9
     1     1    10     3    11    19     0     1   -77.0   40.967   26.927   5867.0    472.2
     1     1    10     3    11    18     0     0   -78.0   40.428   25.688   5832.0    475.1
     1     1    10     3    11    17     0     1   -79.0   39.924   24.426   5823.4    479.4
     1     1    10     3    11    16     0     2   -80.0   39.457   23.177   5638.9    481.3
     1     1    10     3    11    15     0     3   -81.0   38.996   21.839   5614.0    454.1
     1     1    10     3    11    14     0     2   -82.0   38.509   20.368   5939.7    467.0
     1     1    10     3    11    13     0     1   -83.0   38.034   18.978   5919.2    478.8
     1     1    10     3    11    12     0     0   -84.0   37.573   17.592   5922.5    475.3
     1     1    10     3    11    11     0     1   -85.0   37.156   16.127   5994.8    468.5
     1     1    10     3    11    10     0     2   -86.0   36.819   14.586   6048.9    463.1
     1     1    10     3    11     9     0     3   -87.0   36.523   12.998   6120.2    462.8
     1     1    10     3    11     8     0     2   -88.0   36.275   11.445   6003.8    469.4
     1     1    10     3    11     7     0     1   -89.0   36.106    9.884   5889.6    458.1
     1     1    10     3    11     6     0     0   -90.0   35.977    8.263   5872.5    433.2
     1     1    10     3    11     5     0     1   -91.0   35.921    6.636   5941.5    420.2
     1     1    10     3    11     4     0     2   -92.0   35.945    5.049   5982.1    412.3
     1     1    10     3    11     3     0     3   -93.0   36.058    3.501   6069.6    418.2
     1     1    10     3    11     2     0     2   -94.0   36.259    2.022   6241.3    421.6
     1     1    10     3    11     1     0     1   -95.0   36.474    0.685   6446.2    434.6
     1     1    10     3    11     0     0     0   -96.0   36.752   -0.552   6566.2    435.1
