     7     1
    GDAS    10     3    22     0     0
    GDAS    10     4     8     0     0
    GDAS    10     4    15     0     0
    GDAS    10     4    22     0     0
    GDAS    10     4    29     0     0
    GDAS    10     4     1     0     0
    GDAS    10     3    29     0     0
     1 BACKWARD OMEGA   
    10     4    27    18   39.977  116.381  2400.0
     1 PRESSURE
     1     1    10     4    27    18     0     0     0.0   39.977  116.381   2164.0    746.9
     1     1    10     4    27    17     0     1    -1.0   40.424  116.345   2212.0    709.6
     1     1    10     4    27    16     0     2    -2.0   40.812  116.347   2238.2    679.2
     1     1    10     4    27    15     0     3    -3.0   41.163  116.375   2254.3    660.9
     1     1    10     4    27    14     0     2    -4.0   41.493  116.397   2295.4    649.6
     1     1    10     4    27    13     0     1    -5.0   41.806  116.407   2361.9    631.4
     1     1    10     4    27    12     0     0    -6.0   42.096  116.426   2415.2    619.4
     1     1    10     4    27    11     0     1    -7.0   42.350  116.428   2466.6    617.4
     1     1    10     4    27    10     0     2    -8.0   42.563  116.378   2519.3    611.6
     1     1    10     4    27     9     0     3    -9.0   42.742  116.297   2541.4    608.4
     1     1    10     4    27     8     0     2   -10.0   42.893  116.197   2522.9    611.4
     1     1    10     4    27     7     0     1   -11.0   43.024  116.072   2480.2    617.5
     1     1    10     4    27     6     0     0   -12.0   43.137  115.917   2441.1    625.0
     1     1    10     4    27     5     0     1   -13.0   43.253  115.739   2432.5    628.9
     1     1    10     4    27     4     0     2   -14.0   43.391  115.558   2452.1    628.8
     1     1    10     4    27     3     0     3   -15.0   43.544  115.374   2490.5    626.8
     1     1    10     4    27     2     0     2   -16.0   43.709  115.184   2538.6    623.0
     1     1    10     4    27     1     0     1   -17.0   43.882  114.985   2589.0    618.6
     1     1    10     4    27     0     0     0   -18.0   44.061  114.773   2630.2    615.5
     1     1    10     4    26    23     0     1   -19.0   44.234  114.558   2641.1    613.1
     1     1    10     4    26    22     0     2   -20.0   44.393  114.342   2627.5    612.8
     1     1    10     4    26    21     0     3   -21.0   44.542  114.112   2603.7    612.7
     1     1    10     4    26    20     0     2   -22.0   44.692  113.870   2586.2    613.1
     1     1    10     4    26    19     0     1   -23.0   44.847  113.638   2574.7    613.5
     1     1    10     4    26    18     0     0   -24.0   44.997  113.423   2553.8    616.0
     1     1    10     4    26    17     0     1   -25.0   45.156  113.212   2530.1    623.8
     1     1    10     4    26    16     0     2   -26.0   45.342  112.997   2508.4    630.3
     1     1    10     4    26    15     0     3   -27.0   45.557  112.771   2499.2    634.6
     1     1    10     4    26    14     0     2   -28.0   45.799  112.527   2514.6    636.4
     1     1    10     4    26    13     0     1   -29.0   46.060  112.262   2540.9    635.3
     1     1    10     4    26    12     0     0   -30.0   46.320  111.979   2544.8    632.2
     1     1    10     4    26    11     0     1   -31.0   46.598  111.698   2520.8    629.4
     1     1    10     4    26    10     0     2   -32.0   46.911  111.432   2480.7    628.3
     1     1    10     4    26     9     0     3   -33.0   47.240  111.176   2435.8    631.8
     1     1    10     4    26     8     0     2   -34.0   47.580  110.947   2382.8    634.2
     1     1    10     4    26     7     0     1   -35.0   47.928  110.764   2293.7    637.6
     1     1    10     4    26     6     0     0   -36.0   48.287  110.624   2158.2    647.1
     1     1    10     4    26     5     0     1   -37.0   48.673  110.503   2032.8    658.6
     1     1    10     4    26     4     0     2   -38.0   49.100  110.391   1961.4    658.6
     1     1    10     4    26     3     0     3   -39.0   49.567  110.279   1916.1    654.7
     1     1    10     4    26     2     0     2   -40.0   50.053  110.127   1862.9    657.4
     1     1    10     4    26     1     0     1   -41.0   50.517  109.930   1798.1    679.6
     1     1    10     4    26     0     0     0   -42.0   50.944  109.735   1721.8    703.0
     1     1    10     4    25    23     0     1   -43.0   51.355  109.563   1649.4    724.5
     1     1    10     4    25    22     0     2   -44.0   51.771  109.413   1595.5    742.2
     1     1    10     4    25    21     0     3   -45.0   52.193  109.278   1566.8    748.2
     1     1    10     4    25    20     0     2   -46.0   52.600  109.162   1562.0    738.9
     1     1    10     4    25    19     0     1   -47.0   52.976  109.065   1567.3    731.2
     1     1    10     4    25    18     0     0   -48.0   53.305  108.995   1576.8    743.3
     1     1    10     4    25    17     0     1   -49.0   53.582  108.966   1564.6    756.0
     1     1    10     4    25    16     0     2   -50.0   53.829  108.994   1518.6    769.8
     1     1    10     4    25    15     0     3   -51.0   54.067  109.083   1415.5    783.0
     1     1    10     4    25    14     0     2   -52.0   54.334  109.189   1300.5    790.2
     1     1    10     4    25    13     0     1   -53.0   54.618  109.311   1261.0    786.1
     1     1    10     4    25    12     0     0   -54.0   54.883  109.481   1324.1    769.4
     1     1    10     4    25    11     0     1   -55.0   55.118  109.691   1437.7    741.4
     1     1    10     4    25    10     0     2   -56.0   55.353  109.920   1530.9    722.6
     1     1    10     4    25     9     0     3   -57.0   55.604  110.170   1599.5    712.6
     1     1    10     4    25     8     0     2   -58.0   55.867  110.438   1676.6    705.5
     1     1    10     4    25     7     0     1   -59.0   56.133  110.725   1757.0    697.5
     1     1    10     4    25     6     0     0   -60.0   56.400  111.010   1807.3    693.5
     1     1    10     4    25     5     0     1   -61.0   56.654  111.279   1817.7    699.3
     1     1    10     4    25     4     0     2   -62.0   56.892  111.541   1782.4    707.9
     1     1    10     4    25     3     0     3   -63.0   57.129  111.799   1713.0    721.6
     1     1    10     4    25     2     0     2   -64.0   57.366  112.045   1616.0    738.1
     1     1    10     4    25     1     0     1   -65.0   57.601  112.268   1503.3    754.5
     1     1    10     4    25     0     0     0   -66.0   57.832  112.454   1392.8    771.4
     1     1    10     4    24    23     0     1   -67.0   58.055  112.605   1292.4    788.3
     1     1    10     4    24    22     0     2   -68.0   58.264  112.746   1210.5    801.7
     1     1    10     4    24    21     0     3   -69.0   58.455  112.881   1153.6    811.1
     1     1    10     4    24    20     0     2   -70.0   58.622  113.005   1129.0    816.3
     1     1    10     4    24    19     0     1   -71.0   58.760  113.115   1138.4    815.2
     1     1    10     4    24    18     0     0   -72.0   58.865  113.197   1175.4    810.0
     1     1    10     4    24    17     0     1   -73.0   58.945  113.220   1219.6    803.3
     1     1    10     4    24    16     0     2   -74.0   59.011  113.162   1250.5    802.5
     1     1    10     4    24    15     0     3   -75.0   59.070  113.031   1261.1    807.6
     1     1    10     4    24    14     0     2   -76.0   59.128  112.864   1260.4    814.8
     1     1    10     4    24    13     0     1   -77.0   59.184  112.690   1267.8    819.1
     1     1    10     4    24    12     0     0   -78.0   59.237  112.512   1287.1    821.5
     1     1    10     4    24    11     0     1   -79.0   59.293  112.333   1305.3    821.2
     1     1    10     4    24    10     0     2   -80.0   59.362  112.161   1306.4    823.6
     1     1    10     4    24     9     0     3   -81.0   59.451  111.990   1289.2    827.4
     1     1    10     4    24     8     0     2   -82.0   59.547  111.808   1262.1    830.7
     1     1    10     4    24     7     0     1   -83.0   59.635  111.607   1237.5    833.1
     1     1    10     4    24     6     0     0   -84.0   59.714  111.390   1217.8    835.0
     1     1    10     4    24     5     0     1   -85.0   59.786  111.158   1203.7    836.2
     1     1    10     4    24     4     0     2   -86.0   59.856  110.917   1196.5    836.7
     1     1    10     4    24     3     0     3   -87.0   59.922  110.671   1196.7    835.7
     1     1    10     4    24     2     0     2   -88.0   59.994  110.417   1201.8    834.3
     1     1    10     4    24     1     0     1   -89.0   60.081  110.148   1209.4    832.4
     1     1    10     4    24     0     0     0   -90.0   60.187  109.862   1218.2    831.1
     1     1    10     4    23    23     0     1   -91.0   60.325  109.556   1227.7    830.5
     1     1    10     4    23    22     0     2   -92.0   60.502  109.221   1242.5    830.3
     1     1    10     4    23    21     0     3   -93.0   60.717  108.849   1265.8    829.3
     1     1    10     4    23    20     0     2   -94.0   60.950  108.464   1290.9    827.4
     1     1    10     4    23    19     0     1   -95.0   61.192  108.096   1314.5    825.9
     1     1    10     4    23    18     0     0   -96.0   61.450  107.741   1340.5    823.3
