     7     1
    GDAS    10     3    22     0     0
    GDAS    10     4     8     0     0
    GDAS    10     4    15     0     0
    GDAS    10     4    22     0     0
    GDAS    10     4    29     0     0
    GDAS    10     4     1     0     0
    GDAS    10     3    29     0     0
     1 BACKWARD OMEGA   
    10     4     8    12   39.977  116.381  5200.0
     1 PRESSURE
     1     1    10     4     8    12     0     0     0.0   39.977  116.381   4960.6    525.7
     1     1    10     4     8    11     0     1    -1.0   40.021  115.357   5419.0    446.1
     1     1    10     4     8    10     0     2    -2.0   40.163  114.173   5368.2    430.6
     1     1    10     4     8     9     0     3    -3.0   40.268  112.973   5125.5    444.6
     1     1    10     4     8     8     0     2    -4.0   40.357  111.734   5085.0    437.9
     1     1    10     4     8     7     0     1    -5.0   40.478  110.477   4845.4    457.4
     1     1    10     4     8     6     0     0    -6.0   40.595  109.224   4713.1    473.9
     1     1    10     4     8     5     0     1    -7.0   40.713  107.951   4649.4    487.3
     1     1    10     4     8     4     0     2    -8.0   40.857  106.608   4420.0    487.5
     1     1    10     4     8     3     0     3    -9.0   41.056  105.136   4430.4    496.4
     1     1    10     4     8     2     0     2   -10.0   41.230  103.689   4445.3    492.9
     1     1    10     4     8     1     0     1   -11.0   41.365  102.265   4356.8    504.3
     1     1    10     4     8     0     0     0   -12.0   41.494  100.917   4139.0    533.0
     1     1    10     4     7    23     0     1   -13.0   41.593   99.606   3877.9    538.4
     1     1    10     4     7    22     0     2   -14.0   41.620   98.295   3529.0    545.0
     1     1    10     4     7    21     0     3   -15.0   41.573   96.994   3242.7    538.2
     1     1    10     4     7    20     0     2   -16.0   41.488   95.755   3130.6    548.2
     1     1    10     4     7    19     0     1   -17.0   41.387   94.653   3041.5    583.0
     1     1    10     4     7    18     0     0   -18.0   41.271   93.682   2889.9    610.2
     1     1    10     4     7    17     0     1   -19.0   41.149   92.790   2747.3    624.2
     1     1    10     4     7    16     0     2   -20.0   41.028   91.967   2675.4    641.7
     1     1    10     4     7    15     0     3   -21.0   40.928   91.200   2591.7    662.2
     1     1    10     4     7    14     0     2   -22.0   40.840   90.498   2385.1    673.2
     1     1    10     4     7    13     0     1   -23.0   40.751   89.830   2180.5    683.5
     1     1    10     4     7    12     0     0   -24.0   40.670   89.210   2038.5    699.1
     1     1    10     4     7    11     0     1   -25.0   40.617   88.634   1992.1    706.6
     1     1    10     4     7    10     0     2   -26.0   40.597   88.054   2052.5    701.7
     1     1    10     4     7     9     0     3   -27.0   40.585   87.448   2180.7    695.3
     1     1    10     4     7     8     0     2   -28.0   40.563   86.833   2313.4    689.4
     1     1    10     4     7     7     0     1   -29.0   40.518   86.232   2416.1    683.0
     1     1    10     4     7     6     0     0   -30.0   40.443   85.660   2468.7    675.3
     1     1    10     4     7     5     0     1   -31.0   40.346   85.150   2493.0    668.9
     1     1    10     4     7     4     0     2   -32.0   40.234   84.724   2545.1    665.2
     1     1    10     4     7     3     0     3   -33.0   40.105   84.382   2652.9    656.7
     1     1    10     4     7     2     0     2   -34.0   39.981   84.087   2767.6    643.2
     1     1    10     4     7     1     0     1   -35.0   39.882   83.809   2836.7    636.4
     1     1    10     4     7     0     0     0   -36.0   39.812   83.549   2868.3    633.6
     1     1    10     4     6    23     0     1   -37.0   39.753   83.293   2875.9    632.9
     1     1    10     4     6    22     0     2   -38.0   39.693   83.028   2869.8    633.2
     1     1    10     4     6    21     0     3   -39.0   39.630   82.755   2871.4    633.9
     1     1    10     4     6    20     0     2   -40.0   39.551   82.490   2890.3    631.2
     1     1    10     4     6    19     0     1   -41.0   39.447   82.249   2902.0    628.7
     1     1    10     4     6    18     0     0   -42.0   39.316   82.031   2883.8    629.1
     1     1    10     4     6    17     0     1   -43.0   39.178   81.825   2878.2    632.7
     1     1    10     4     6    16     0     2   -44.0   39.064   81.616   2923.2    627.5
     1     1    10     4     6    15     0     3   -45.0   38.977   81.397   3002.5    619.8
     1     1    10     4     6    14     0     2   -46.0   38.913   81.168   3118.0    610.3
     1     1    10     4     6    13     0     1   -47.0   38.860   80.940   3278.4    596.7
     1     1    10     4     6    12     0     0   -48.0   38.817   80.723   3476.2    580.4
     1     1    10     4     6    11     0     1   -49.0   38.811   80.500   3703.2    563.0
     1     1    10     4     6    10     0     2   -50.0   38.868   80.273   3974.2    544.2
     1     1    10     4     6     9     0     3   -51.0   38.990   80.069   4316.5    520.9
     1     1    10     4     6     8     0     2   -52.0   39.198   79.847   4672.4    493.9
     1     1    10     4     6     7     0     1   -53.0   39.491   79.556   4953.8    476.6
     1     1    10     4     6     6     0     0   -54.0   39.851   79.225   5157.0    463.7
     1     1    10     4     6     5     0     1   -55.0   40.243   78.849   5270.5    437.9
     1     1    10     4     6     4     0     2   -56.0   40.657   78.356   5290.5    383.7
     1     1    10     4     6     3     0     3   -57.0   41.121   77.760   5295.9    324.9
     1     1    10     4     6     2     0     2   -58.0   41.593   77.127   5613.5    322.0
     1     1    10     4     6     1     0     1   -59.0   42.055   76.488   5943.2    325.3
     1     1    10     4     6     0     0     0   -60.0   42.535   75.913   6282.2    330.9
     1     1    10     4     5    23     0     1   -61.0   42.972   75.396   6723.3    349.4
     1     1    10     4     5    22     0     2   -62.0   43.327   74.842   7059.1    357.2
     1     1    10     4     5    21     0     3   -63.0   43.656   74.294   7311.2    357.3
     1     1    10     4     5    20     0     2   -64.0   43.986   73.795   7484.8    354.0
     1     1    10     4     5    19     0     1   -65.0   44.325   73.314   7629.1    354.5
     1     1    10     4     5    18     0     0   -66.0   44.715   72.829   7744.9    349.9
     1     1    10     4     5    17     0     1   -67.0   45.136   72.334   7872.7    346.9
     1     1    10     4     5    16     0     2   -68.0   45.566   71.838   7998.3    340.9
     1     1    10     4     5    15     0     3   -69.0   46.068   71.346   8203.3    330.0
     1     1    10     4     5    14     0     2   -70.0   46.619   70.786   8433.6    312.4
     1     1    10     4     5    13     0     1   -71.0   47.168   70.126   8617.8    304.6
     1     1    10     4     5    12     0     0   -72.0   47.725   69.379   8771.1    300.4
     1     1    10     4     5    11     0     1   -73.0   48.223   68.495   8870.2    293.1
     1     1    10     4     5    10     0     2   -74.0   48.567   67.487   8889.2    288.0
     1     1    10     4     5     9     0     3   -75.0   48.796   66.382   8942.2    290.2
     1     1    10     4     5     8     0     2   -76.0   48.944   65.183   9001.5    295.3
     1     1    10     4     5     7     0     1   -77.0   48.955   63.963   9035.1    297.7
     1     1    10     4     5     6     0     0   -78.0   48.817   62.778   8983.8    300.8
     1     1    10     4     5     5     0     1   -79.0   48.584   61.530   8908.2    301.8
     1     1    10     4     5     4     0     2   -80.0   48.209   60.347   8697.9    309.8
     1     1    10     4     5     3     0     3   -81.0   47.715   59.174   8461.8    319.2
     1     1    10     4     5     2     0     2   -82.0   47.149   57.897   8165.2    336.1
     1     1    10     4     5     1     0     1   -83.0   46.504   56.658   7937.9    354.4
     1     1    10     4     5     0     0     0   -84.0   45.886   55.313   7853.3    357.7
     1     1    10     4     4    23     0     1   -85.0   45.288   53.932   7763.6    365.8
     1     1    10     4     4    22     0     2   -86.0   44.627   52.717   7748.8    364.7
     1     1    10     4     4    21     0     3   -87.0   43.994   51.435   7843.0    358.7
     1     1    10     4     4    20     0     2   -88.0   43.409   50.172   8034.6    353.7
     1     1    10     4     4    19     0     1   -89.0   42.797   48.916   8136.5    348.3
     1     1    10     4     4    18     0     0   -90.0   42.227   47.609   7734.6    312.5
     1     1    10     4     4    17     0     1   -91.0   41.715   46.201   7613.6    303.9
     1     1    10     4     4    16     0     2   -92.0   41.250   44.858   7479.3    317.7
     1     1    10     4     4    15     0     3   -93.0   40.858   43.400   7030.8    302.1
     1     1    10     4     4    14     0     2   -94.0   40.728   41.906   6872.1    317.7
     1     1    10     4     4    13     0     1   -95.0   40.852   40.511   7111.8    349.4
     1     1    10     4     4    12     0     0   -96.0   41.115   39.297   7365.3    364.5
