     5     1
    GDAS    10     3     1     0     0
    GDAS    10     3     8     0     0
    GDAS    10     3    15     0     0
    GDAS    10     3    22     0     0
    GDAS    10     3    29     0     0
     1 BACKWARD OMEGA   
    10     3    26     0   39.977  116.381  4800.0
     1 PRESSURE
     1     1    10     3    26     0     0     0     0.0   39.977  116.381   4559.1    546.8
     1     1    10     3    25    23     0     1    -1.0   40.471  115.509   4403.0    502.4
     1     1    10     3    25    22     0     2    -2.0   40.975  114.641   4401.5    477.9
     1     1    10     3    25    21     0     3    -3.0   41.487  113.791   4438.8    469.7
     1     1    10     3    25    20     0     2    -4.0   42.015  112.973   4467.2    469.4
     1     1    10     3    25    19     0     1    -5.0   42.553  112.194   4556.4    477.5
     1     1    10     3    25    18     0     0    -6.0   43.084  111.462   4656.4    482.1
     1     1    10     3    25    17     0     1    -7.0   43.608  110.760   4688.5    479.2
     1     1    10     3    25    16     0     2    -8.0   44.117  110.087   4717.8    488.5
     1     1    10     3    25    15     0     3    -9.0   44.611  109.430   4705.3    483.5
     1     1    10     3    25    14     0     2   -10.0   45.093  108.788   4672.1    477.4
     1     1    10     3    25    13     0     1   -11.0   45.566  108.172   4656.6    473.5
     1     1    10     3    25    12     0     0   -12.0   46.029  107.571   4618.5    464.9
     1     1    10     3    25    11     0     1   -13.0   46.471  106.986   4541.1    462.8
     1     1    10     3    25    10     0     2   -14.0   46.888  106.424   4461.3    471.3
     1     1    10     3    25     9     0     3   -15.0   47.282  105.876   4432.4    479.4
     1     1    10     3    25     8     0     2   -16.0   47.670  105.350   4447.9    483.2
     1     1    10     3    25     7     0     1   -17.0   48.058  104.868   4487.1    488.2
     1     1    10     3    25     6     0     0   -18.0   48.433  104.411   4505.9    486.5
     1     1    10     3    25     5     0     1   -19.0   48.807  103.960   4484.8    480.8
     1     1    10     3    25     4     0     2   -20.0   49.195  103.515   4455.4    478.0
     1     1    10     3    25     3     0     3   -21.0   49.593  103.057   4459.7    474.0
     1     1    10     3    25     2     0     2   -22.0   49.993  102.603   4490.6    468.4
     1     1    10     3    25     1     0     1   -23.0   50.392  102.160   4460.9    458.1
     1     1    10     3    25     0     0     0   -24.0   50.782  101.713   4380.8    454.7
     1     1    10     3    24    23     0     1   -25.0   51.164  101.253   4311.2    454.7
     1     1    10     3    24    22     0     2   -26.0   51.553  100.771   4261.8    448.3
     1     1    10     3    24    21     0     3   -27.0   51.947  100.274   4217.1    441.5
     1     1    10     3    24    20     0     2   -28.0   52.346   99.786   4195.2    446.5
     1     1    10     3    24    19     0     1   -29.0   52.754   99.299   4214.6    451.4
     1     1    10     3    24    18     0     0   -30.0   53.165   98.795   4326.6    459.7
     1     1    10     3    24    17     0     1   -31.0   53.573   98.294   4452.7    469.4
     1     1    10     3    24    16     0     2   -32.0   53.991   97.801   4476.4    468.5
     1     1    10     3    24    15     0     3   -33.0   54.424   97.281   4495.1    480.4
     1     1    10     3    24    14     0     2   -34.0   54.860   96.724   4576.8    507.3
     1     1    10     3    24    13     0     1   -35.0   55.272   96.135   4616.6    520.1
     1     1    10     3    24    12     0     0   -36.0   55.643   95.507   4595.8    528.8
     1     1    10     3    24    11     0     1   -37.0   55.962   94.805   4559.7    539.1
     1     1    10     3    24    10     0     2   -38.0   56.232   94.018   4511.6    542.2
     1     1    10     3    24     9     0     3   -39.0   56.482   93.186   4462.4    549.1
     1     1    10     3    24     8     0     2   -40.0   56.706   92.336   4378.9    554.4
     1     1    10     3    24     7     0     1   -41.0   56.888   91.479   4276.7    566.0
     1     1    10     3    24     6     0     0   -42.0   57.041   90.615   4131.9    580.7
     1     1    10     3    24     5     0     1   -43.0   57.166   89.772   3974.0    595.1
     1     1    10     3    24     4     0     2   -44.0   57.246   88.940   3856.5    605.9
     1     1    10     3    24     3     0     3   -45.0   57.301   88.086   3761.6    614.9
     1     1    10     3    24     2     0     2   -46.0   57.344   87.197   3698.2    621.1
     1     1    10     3    24     1     0     1   -47.0   57.356   86.282   3665.6    623.5
     1     1    10     3    24     0     0     0   -48.0   57.342   85.340   3641.7    626.1
     1     1    10     3    23    23     0     1   -49.0   57.313   84.405   3613.4    631.0
     1     1    10     3    23    22     0     2   -50.0   57.246   83.502   3585.8    633.3
     1     1    10     3    23    21     0     3   -51.0   57.134   82.602   3554.1    634.7
     1     1    10     3    23    20     0     2   -52.0   56.994   81.705   3525.8    636.7
     1     1    10     3    23    19     0     1   -53.0   56.837   80.831   3486.3    639.4
     1     1    10     3    23    18     0     0   -54.0   56.671   79.970   3445.4    642.1
     1     1    10     3    23    17     0     1   -55.0   56.497   79.112   3432.6    643.8
     1     1    10     3    23    16     0     2   -56.0   56.322   78.263   3450.6    643.1
     1     1    10     3    23    15     0     3   -57.0   56.160   77.431   3484.6    640.3
     1     1    10     3    23    14     0     2   -58.0   56.003   76.595   3515.0    637.4
     1     1    10     3    23    13     0     1   -59.0   55.839   75.726   3518.9    637.4
     1     1    10     3    23    12     0     0   -60.0   55.689   74.842   3512.3    637.8
     1     1    10     3    23    11     0     1   -61.0   55.536   73.967   3483.8    639.8
     1     1    10     3    23    10     0     2   -62.0   55.370   73.106   3448.6    645.3
     1     1    10     3    23     9     0     3   -63.0   55.232   72.217   3428.4    645.2
     1     1    10     3    23     8     0     2   -64.0   55.090   71.305   3453.7    642.3
     1     1    10     3    23     7     0     1   -65.0   54.906   70.380   3486.6    636.7
     1     1    10     3    23     6     0     0   -66.0   54.720   69.408   3476.1    638.0
     1     1    10     3    23     5     0     1   -67.0   54.541   68.433   3439.3    640.0
     1     1    10     3    23     4     0     2   -68.0   54.377   67.444   3356.5    647.9
     1     1    10     3    23     3     0     3   -69.0   54.205   66.413   3298.8    651.2
     1     1    10     3    23     2     0     2   -70.0   54.026   65.365   3248.3    655.1
     1     1    10     3    23     1     0     1   -71.0   53.866   64.316   3194.0    661.3
     1     1    10     3    23     0     0     0   -72.0   53.709   63.265   3162.2    661.6
     1     1    10     3    22    23     0     1   -73.0   53.552   62.197   3103.9    664.8
     1     1    10     3    22    22     0     2   -74.0   53.400   61.153   3022.8    665.7
     1     1    10     3    22    21     0     3   -75.0   53.272   60.127   2946.8    664.6
     1     1    10     3    22    20     0     2   -76.0   53.162   59.080   2889.5    663.5
     1     1    10     3    22    19     0     1   -77.0   53.056   58.012   2906.3    648.6
     1     1    10     3    22    18     0     0   -78.0   52.951   56.932   2988.7    648.9
     1     1    10     3    22    17     0     1   -79.0   52.842   55.893   2955.4    673.7
     1     1    10     3    22    16     0     2   -80.0   52.738   54.917   2851.8    683.2
     1     1    10     3    22    15     0     3   -81.0   52.652   53.941   2797.8    694.7
     1     1    10     3    22    14     0     2   -82.0   52.584   52.969   2769.5    699.2
     1     1    10     3    22    13     0     1   -83.0   52.531   52.025   2744.0    704.1
     1     1    10     3    22    12     0     0   -84.0   52.490   51.100   2713.5    706.6
     1     1    10     3    22    11     0     1   -85.0   52.455   50.222   2690.6    711.5
     1     1    10     3    22    10     0     2   -86.0   52.432   49.419   2696.0    712.9
     1     1    10     3    22     9     0     3   -87.0   52.428   48.681   2739.5    708.7
     1     1    10     3    22     8     0     2   -88.0   52.447   47.996   2786.7    701.3
     1     1    10     3    22     7     0     1   -89.0   52.483   47.347   2806.1    694.2
     1     1    10     3    22     6     0     0   -90.0   52.541   46.728   2801.5    691.1
     1     1    10     3    22     5     0     1   -91.0   52.623   46.108   2797.3    692.0
     1     1    10     3    22     4     0     2   -92.0   52.721   45.455   2810.4    689.9
     1     1    10     3    22     3     0     3   -93.0   52.837   44.768   2837.7    687.7
     1     1    10     3    22     2     0     2   -94.0   52.969   44.071   2856.5    684.7
     1     1    10     3    22     1     0     1   -95.0   53.107   43.383   2862.5    687.1
     1     1    10     3    22     0     0     0   -96.0   53.247   42.694   2875.8    689.0
