     7     1
    GDAS    10     3    22     0     0
    GDAS    10     4     8     0     0
    GDAS    10     4    15     0     0
    GDAS    10     4    22     0     0
    GDAS    10     4    29     0     0
    GDAS    10     4     1     0     0
    GDAS    10     3    29     0     0
     1 BACKWARD OMEGA   
    10     4    25    18   39.977  116.381  7000.0
     1 PRESSURE
     1     1    10     4    25    18     0     0     0.0   39.977  116.381   6762.3    400.8
     1     1    10     4    25    17     0     1    -1.0   39.423  115.198   6653.0    388.7
     1     1    10     4    25    16     0     2    -2.0   39.004  113.776   6420.2    367.3
     1     1    10     4    25    15     0     3    -3.0   38.771  112.078   6461.8    350.6
     1     1    10     4    25    14     0     2    -4.0   38.772  110.294   6718.9    354.2
     1     1    10     4    25    13     0     1    -5.0   38.910  108.546   6866.5    336.2
     1     1    10     4    25    12     0     0    -6.0   39.212  106.920   7098.2    331.3
     1     1    10     4    25    11     0     1    -7.0   39.605  105.422   7316.9    317.0
     1     1    10     4    25    10     0     2    -8.0   40.050  104.042   7418.2    306.9
     1     1    10     4    25     9     0     3    -9.0   40.659  102.839   7611.4    304.7
     1     1    10     4    25     8     0     2   -10.0   41.400  101.823   7822.0    306.3
     1     1    10     4    25     7     0     1   -11.0   42.241  100.995   7887.8    301.0
     1     1    10     4    25     6     0     0   -12.0   43.182  100.378   7867.2    287.4
     1     1    10     4    25     5     0     1   -13.0   44.242   99.988   7974.4    282.6
     1     1    10     4    25     4     0     2   -14.0   45.306   99.701   7881.1    268.4
     1     1    10     4    25     3     0     3   -15.0   46.396   99.568   7867.6    260.1
     1     1    10     4    25     2     0     2   -16.0   47.408   99.526   7614.9    253.8
     1     1    10     4    25     1     0     1   -17.0   48.620   99.602   7707.9    263.5
     1     1    10     4    25     0     0     0   -18.0   50.071   99.745   7784.5    265.6
     1     1    10     4    24    23     0     1   -19.0   51.653   99.946   7468.4    273.8
     1     1    10     4    24    22     0     2   -20.0   53.359  100.078   7638.7    291.4
     1     1    10     4    24    21     0     3   -21.0   55.191  100.118   7852.8    325.0
     1     1    10     4    24    20     0     2   -22.0   57.065  100.256   7833.5    328.5
     1     1    10     4    24    19     0     1   -23.0   58.891  100.393   7911.9    330.5
     1     1    10     4    24    18     0     0   -24.0   60.637  100.499   7996.9    323.9
     1     1    10     4    24    17     0     1   -25.0   62.348  100.536   8132.0    315.1
     1     1    10     4    24    16     0     2   -26.0   63.991  100.476   8291.8    306.2
     1     1    10     4    24    15     0     3   -27.0   65.620  100.393   8394.5    297.4
     1     1    10     4    24    14     0     2   -28.0   67.147  100.231   8500.7    291.8
     1     1    10     4    24    13     0     1   -29.0   68.538   99.910   8614.5    284.6
     1     1    10     4    24    12     0     0   -30.0   69.873   99.403   8719.5    281.1
     1     1    10     4    24    11     0     1   -31.0   71.123   98.736   9006.7    291.2
     1     1    10     4    24    10     0     2   -32.0   72.266   97.845   9019.4    288.9
     1     1    10     4    24     9     0     3   -33.0   73.349   96.648   9004.2    286.8
     1     1    10     4    24     8     0     2   -34.0   74.374   94.986   8982.3    280.9
     1     1    10     4    24     7     0     1   -35.0   75.322   92.747   9047.8    280.5
     1     1    10     4    24     6     0     0   -36.0   76.191   89.812   9135.1    284.7
     1     1    10     4    24     5     0     1   -37.0   76.935   86.086   9140.7    284.2
     1     1    10     4    24     4     0     2   -38.0   77.533   81.649   9122.2    284.9
     1     1    10     4    24     3     0     3   -39.0   77.993   76.567   9067.8    287.1
     1     1    10     4    24     2     0     2   -40.0   78.287   70.949   9006.1    289.0
     1     1    10     4    24     1     0     1   -41.0   78.378   65.088   8983.4    290.3
     1     1    10     4    24     0     0     0   -42.0   78.279   59.053   8958.6    290.4
     1     1    10     4    23    23     0     1   -43.0   77.986   53.102   8957.9    290.7
     1     1    10     4    23    22     0     2   -44.0   77.506   47.728   8962.0    290.2
     1     1    10     4    23    21     0     3   -45.0   76.847   42.975   8983.5    289.0
     1     1    10     4    23    20     0     2   -46.0   76.018   38.977   9024.2    286.9
     1     1    10     4    23    19     0     1   -47.0   75.076   35.853   9062.1    285.1
     1     1    10     4    23    18     0     0   -48.0   74.067   33.501   9079.4    284.4
     1     1    10     4    23    17     0     1   -49.0   73.002   31.805   9070.3    284.8
     1     1    10     4    23    16     0     2   -50.0   71.898   30.660   9052.8    285.4
     1     1    10     4    23    15     0     3   -51.0   70.770   29.984   9029.8    285.2
     1     1    10     4    23    14     0     2   -52.0   69.652   29.711   8927.6    283.8
     1     1    10     4    23    13     0     1   -53.0   68.576   29.741   8848.9    286.3
     1     1    10     4    23    12     0     0   -54.0   67.508   29.966   8757.6    287.5
     1     1    10     4    23    11     0     1   -55.0   66.427   30.334   8687.8    291.0
     1     1    10     4    23    10     0     2   -56.0   65.341   30.868   8668.6    296.0
     1     1    10     4    23     9     0     3   -57.0   64.239   31.570   8628.2    297.0
     1     1    10     4    23     8     0     2   -58.0   63.143   32.325   8546.1    299.9
     1     1    10     4    23     7     0     1   -59.0   62.035   33.131   8450.6    307.3
     1     1    10     4    23     6     0     0   -60.0   60.868   34.056   8372.6    313.6
     1     1    10     4    23     5     0     1   -61.0   59.675   34.860   8253.1    314.9
     1     1    10     4    23     4     0     2   -62.0   58.490   35.502   8154.5    323.2
     1     1    10     4    23     3     0     3   -63.0   57.281   36.158   8056.6    328.2
     1     1    10     4    23     2     0     2   -64.0   56.074   36.777   7918.3    333.4
     1     1    10     4    23     1     0     1   -65.0   54.877   37.269   7741.0    344.2
     1     1    10     4    23     0     0     0   -66.0   53.607   37.623   7595.7    351.3
     1     1    10     4    22    23     0     1   -67.0   52.305   37.693   7574.4    353.2
     1     1    10     4    22    22     0     2   -68.0   51.096   37.439   7585.7    354.8
     1     1    10     4    22    21     0     3   -69.0   49.989   37.012   7582.0    358.8
     1     1    10     4    22    20     0     2   -70.0   49.064   36.419   7547.9    363.2
     1     1    10     4    22    19     0     1   -71.0   48.357   35.649   7559.4    364.5
     1     1    10     4    22    18     0     0   -72.0   47.812   34.731   7623.9    361.4
     1     1    10     4    22    17     0     1   -73.0   47.424   33.744   7630.7    363.1
     1     1    10     4    22    16     0     2   -74.0   47.177   32.669   7591.8    366.0
     1     1    10     4    22    15     0     3   -75.0   47.063   31.489   7484.3    373.4
     1     1    10     4    22    14     0     2   -76.0   47.153   30.084   7490.5    370.3
     1     1    10     4    22    13     0     1   -77.0   47.397   28.488   7479.1    365.7
     1     1    10     4    22    12     0     0   -78.0   47.820   26.699   7458.5    360.9
     1     1    10     4    22    11     0     1   -79.0   48.427   24.671   7415.8    340.0
     1     1    10     4    22    10     0     2   -80.0   49.137   22.526   7501.8    341.4
     1     1    10     4    22     9     0     3   -81.0   49.967   20.387   7615.3    347.4
     1     1    10     4    22     8     0     2   -82.0   50.884   18.232   7816.8    339.5
     1     1    10     4    22     7     0     1   -83.0   51.781   16.155   7966.2    335.9
     1     1    10     4    22     6     0     0   -84.0   52.700   14.134   8164.2    329.8
     1     1    10     4    22     5     0     1   -85.0   53.638   12.045   8341.7    321.5
     1     1    10     4    22     4     0     2   -86.0   54.549    9.966   8461.5    316.4
     1     1    10     4    22     3     0     3   -87.0   55.456    7.947   8590.2    311.2
     1     1    10     4    22     2     0     2   -88.0   56.310    5.892   8695.6    306.5
     1     1    10     4    22     1     0     1   -89.0   57.130    3.776   8763.2    303.4
     1     1    10     4    22     0     0     0   -90.0   57.908    1.560   8801.7    301.9
     1     1    10     4    21    23     0     1   -91.0   58.616   -0.756   8816.4    301.7
     1     1    10     4    21    22     0     2   -92.0   59.293   -3.142   8787.3    303.2
     1     1    10     4    21    21     0     3   -93.0   59.900   -5.604   8723.6    306.7
     1     1    10     4    21    20     0     2   -94.0   60.455   -8.097   8723.1    306.8
     1     1    10     4    21    19     0     1   -95.0   60.996  -10.534   8705.5    308.3
     1     1    10     4    21    18     0     0   -96.0   61.531  -12.908   8708.7    308.7
