     7     1
    GDAS    10     3    22     0     0
    GDAS    10     4     8     0     0
    GDAS    10     4    15     0     0
    GDAS    10     4    22     0     0
    GDAS    10     4    29     0     0
    GDAS    10     4     1     0     0
    GDAS    10     3    29     0     0
     1 BACKWARD OMEGA   
    10     4    29    12   39.977  116.381  9400.0
     1 PRESSURE
     1     1    10     4    29    12     0     0     0.0   39.977  116.381   9161.0    284.7
     1     1    10     4    29    11     0     1    -1.0   40.767  116.001   8990.1    260.1
     1     1    10     4    29    10     0     2    -2.0   41.588  115.611   8945.4    246.2
     1     1    10     4    29     9     0     3    -3.0   42.407  115.302   8941.8    247.5
     1     1    10     4    29     8     0     2    -4.0   43.196  115.120   9022.7    248.8
     1     1    10     4    29     7     0     1    -5.0   43.955  115.084   9076.5    247.8
     1     1    10     4    29     6     0     0    -6.0   44.702  115.181   9112.8    244.4
     1     1    10     4    29     5     0     1    -7.0   45.444  115.349   9198.9    243.9
     1     1    10     4    29     4     0     2    -8.0   46.178  115.573   9258.6    246.9
     1     1    10     4    29     3     0     3    -9.0   46.892  115.851   9323.7    253.3
     1     1    10     4    29     2     0     2   -10.0   47.574  116.176   9366.9    254.5
     1     1    10     4    29     1     0     1   -11.0   48.228  116.552   9400.3    254.4
     1     1    10     4    29     0     0     0   -12.0   48.852  116.956   9422.5    252.9
     1     1    10     4    28    23     0     1   -13.0   49.442  117.388   9439.0    250.3
     1     1    10     4    28    22     0     2   -14.0   49.981  117.861   9453.5    248.2
     1     1    10     4    28    21     0     3   -15.0   50.457  118.360   9485.1    245.4
     1     1    10     4    28    20     0     2   -16.0   50.885  118.876   9536.3    244.3
     1     1    10     4    28    19     0     1   -17.0   51.275  119.399   9568.0    242.6
     1     1    10     4    28    18     0     0   -18.0   51.618  119.918   9596.1    242.1
     1     1    10     4    28    17     0     1   -19.0   51.895  120.422   9615.7    241.7
     1     1    10     4    28    16     0     2   -20.0   52.108  120.915   9639.4    242.0
     1     1    10     4    28    15     0     3   -21.0   52.290  121.394   9632.6    240.9
     1     1    10     4    28    14     0     2   -22.0   52.438  121.844   9633.1    239.9
     1     1    10     4    28    13     0     1   -23.0   52.538  122.275   9644.8    240.2
     1     1    10     4    28    12     0     0   -24.0   52.592  122.687   9650.3    241.2
     1     1    10     4    28    11     0     1   -25.0   52.590  123.083   9647.8    242.3
     1     1    10     4    28    10     0     2   -26.0   52.509  123.481   9654.1    243.0
     1     1    10     4    28     9     0     3   -27.0   52.330  123.917   9657.6    242.8
     1     1    10     4    28     8     0     2   -28.0   52.043  124.434   9667.9    243.2
     1     1    10     4    28     7     0     1   -29.0   51.660  125.060   9747.2    245.3
     1     1    10     4    28     6     0     0   -30.0   51.201  125.821   9834.6    244.3
     1     1    10     4    28     5     0     1   -31.0   50.675  126.743   9839.2    245.9
     1     1    10     4    28     4     0     2   -32.0   50.065  127.774   9874.1    252.3
     1     1    10     4    28     3     0     3   -33.0   49.335  128.881   9811.0    249.6
     1     1    10     4    28     2     0     2   -34.0   48.555  130.026   9761.6    251.5
     1     1    10     4    28     1     0     1   -35.0   47.718  131.198   9678.9    258.8
     1     1    10     4    28     0     0     0   -36.0   46.792  132.296   9572.4    268.0
     1     1    10     4    27    23     0     1   -37.0   45.769  133.286   9499.6    270.4
     1     1    10     4    27    22     0     2   -38.0   44.701  134.143   9290.7    266.6
     1     1    10     4    27    21     0     3   -39.0   43.546  134.730   9320.0    271.5
     1     1    10     4    27    20     0     2   -40.0   42.399  135.285   9280.1    286.2
     1     1    10     4    27    19     0     1   -41.0   41.376  135.476   8974.3    301.2
     1     1    10     4    27    18     0     0   -42.0   40.369  135.298   8542.5    322.6
     1     1    10     4    27    17     0     1   -43.0   39.371  134.762   8112.4    346.7
     1     1    10     4    27    16     0     2   -44.0   38.351  133.928   7887.3    356.4
     1     1    10     4    27    15     0     3   -45.0   37.413  132.865   7727.0    366.0
     1     1    10     4    27    14     0     2   -46.0   36.541  131.639   7684.9    367.4
     1     1    10     4    27    13     0     1   -47.0   35.765  130.211   7617.5    370.5
     1     1    10     4    27    12     0     0   -48.0   35.177  128.629   7441.7    378.4
     1     1    10     4    27    11     0     1   -49.0   34.784  126.835   7487.5    373.1
     1     1    10     4    27    10     0     2   -50.0   34.496  124.866   7693.8    366.6
     1     1    10     4    27     9     0     3   -51.0   34.334  122.888   7806.4    360.7
     1     1    10     4    27     8     0     2   -52.0   34.344  120.912   7939.5    355.4
     1     1    10     4    27     7     0     1   -53.0   34.462  118.981   8165.1    340.5
     1     1    10     4    27     6     0     0   -54.0   34.731  117.107   8147.0    340.7
     1     1    10     4    27     5     0     1   -55.0   35.175  115.291   8063.9    348.2
     1     1    10     4    27     4     0     2   -56.0   35.802  113.573   7847.3    326.6
     1     1    10     4    27     3     0     3   -57.0   36.641  111.968   7673.3    318.8
     1     1    10     4    27     2     0     2   -58.0   37.690  110.379   7855.7    304.8
     1     1    10     4    27     1     0     1   -59.0   38.923  108.945   7642.3    303.7
     1     1    10     4    27     0     0     0   -60.0   40.397  107.553   7711.7    303.2
     1     1    10     4    26    23     0     1   -61.0   42.016  106.186   7885.8    307.8
     1     1    10     4    26    22     0     2   -62.0   43.651  104.989   7591.7    300.0
     1     1    10     4    26    21     0     3   -63.0   45.401  103.963   7548.2    308.7
     1     1    10     4    26    20     0     2   -64.0   47.206  102.967   7602.0    290.5
     1     1    10     4    26    19     0     1   -65.0   49.059  102.160   7642.6    300.4
     1     1    10     4    26    18     0     0   -66.0   50.874  101.491   7378.2    297.5
     1     1    10     4    26    17     0     1   -67.0   52.755  100.713   7607.1    290.8
     1     1    10     4    26    16     0     2   -68.0   54.635   99.892   8078.7    318.1
     1     1    10     4    26    15     0     3   -69.0   56.405   98.814   8144.6    327.3
     1     1    10     4    26    14     0     2   -70.0   58.087   97.450   8124.0    328.2
     1     1    10     4    26    13     0     1   -71.0   59.701   95.697   8195.0    319.4
     1     1    10     4    26    12     0     0   -72.0   61.155   93.294   8294.2    321.2
     1     1    10     4    26    11     0     1   -73.0   62.453   90.553   8255.0    323.8
     1     1    10     4    26    10     0     2   -74.0   63.495   87.292   8437.4    323.9
     1     1    10     4    26     9     0     3   -75.0   64.253   83.535   8419.0    322.8
     1     1    10     4    26     8     0     2   -76.0   64.727   79.437   8433.6    323.0
     1     1    10     4    26     7     0     1   -77.0   64.910   75.237   8449.2    321.6
     1     1    10     4    26     6     0     0   -78.0   64.796   71.048   8406.8    322.9
     1     1    10     4    26     5     0     1   -79.0   64.398   67.065   8300.8    328.1
     1     1    10     4    26     4     0     2   -80.0   63.689   63.369   8300.6    325.8
     1     1    10     4    26     3     0     3   -81.0   62.724   60.051   8307.4    319.0
     1     1    10     4    26     2     0     2   -82.0   61.553   57.161   8310.2    321.1
     1     1    10     4    26     1     0     1   -83.0   60.235   54.701   8402.2    318.1
     1     1    10     4    26     0     0     0   -84.0   58.818   52.750   8428.0    314.3
     1     1    10     4    25    23     0     1   -85.0   57.350   51.160   8474.4    316.6
     1     1    10     4    25    22     0     2   -86.0   55.918   49.933   8436.0    319.7
     1     1    10     4    25    21     0     3   -87.0   54.607   48.986   8379.8    325.0
     1     1    10     4    25    20     0     2   -88.0   53.472   48.111   8268.0    330.0
     1     1    10     4    25    19     0     1   -89.0   52.489   47.292   8209.7    335.0
     1     1    10     4    25    18     0     0   -90.0   51.665   46.503   8188.0    339.9
     1     1    10     4    25    17     0     1   -91.0   51.017   45.659   8201.4    338.1
     1     1    10     4    25    16     0     2   -92.0   50.505   44.733   8271.7    334.4
     1     1    10     4    25    15     0     3   -93.0   50.067   43.754   8347.6    331.9
     1     1    10     4    25    14     0     2   -94.0   49.699   42.715   8391.3    330.8
     1     1    10     4    25    13     0     1   -95.0   49.393   41.583   8404.8    329.5
     1     1    10     4    25    12     0     0   -96.0   49.125   40.364   8387.6    330.9
