     5     1
    GDAS    10     3     1     0     0
    GDAS    10     3     8     0     0
    GDAS    10     3    15     0     0
    GDAS    10     3    22     0     0
    GDAS    10     3    29     0     0
     1 BACKWARD OMEGA   
    10     3    17    18   39.977  116.381  3000.0
     1 PRESSURE
     1     1    10     3    17    18     0     0     0.0   39.977  116.381   2761.0    697.5
     1     1    10     3    17    17     0     1    -1.0   40.292  115.727   2797.9    645.8
     1     1    10     3    17    16     0     2    -2.0   40.674  115.113   2805.5    601.2
     1     1    10     3    17    15     0     3    -3.0   41.095  114.538   2797.7    594.4
     1     1    10     3    17    14     0     2    -4.0   41.531  113.960   2784.4    594.7
     1     1    10     3    17    13     0     1    -5.0   41.979  113.344   2809.5    590.8
     1     1    10     3    17    12     0     0    -6.0   42.410  112.726   2869.6    597.8
     1     1    10     3    17    11     0     1    -7.0   42.789  112.142   2911.5    605.9
     1     1    10     3    17    10     0     2    -8.0   43.109  111.577   2928.4    611.1
     1     1    10     3    17     9     0     3    -9.0   43.383  111.016   2921.1    612.0
     1     1    10     3    17     8     0     2   -10.0   43.634  110.471   2920.1    615.9
     1     1    10     3    17     7     0     1   -11.0   43.876  109.966   2933.4    622.4
     1     1    10     3    17     6     0     0   -12.0   44.108  109.495   2944.0    624.2
     1     1    10     3    17     5     0     1   -13.0   44.353  109.042   2945.8    618.8
     1     1    10     3    17     4     0     2   -14.0   44.627  108.603   2939.2    611.3
     1     1    10     3    17     3     0     3   -15.0   44.927  108.182   2935.3    607.7
     1     1    10     3    17     2     0     2   -16.0   45.244  107.760   2930.3    603.1
     1     1    10     3    17     1     0     1   -17.0   45.570  107.314   2927.3    594.6
     1     1    10     3    17     0     0     0   -18.0   45.904  106.842   2921.5    584.3
     1     1    10     3    16    23     0     1   -19.0   46.246  106.358   2914.1    581.0
     1     1    10     3    16    22     0     2   -20.0   46.589  105.868   2902.1    582.6
     1     1    10     3    16    21     0     3   -21.0   46.916  105.374   2878.0    585.1
     1     1    10     3    16    20     0     2   -22.0   47.214  104.890   2857.0    590.8
     1     1    10     3    16    19     0     1   -23.0   47.487  104.408   2849.9    593.0
     1     1    10     3    16    18     0     0   -24.0   47.738  103.912   2859.1    596.8
     1     1    10     3    16    17     0     1   -25.0   47.974  103.417   2876.3    592.1
     1     1    10     3    16    16     0     2   -26.0   48.207  102.939   2914.0    578.5
     1     1    10     3    16    15     0     3   -27.0   48.437  102.491   2963.4    572.3
     1     1    10     3    16    14     0     2   -28.0   48.671  102.072   2979.8    571.1
     1     1    10     3    16    13     0     1   -29.0   48.925  101.664   2965.4    572.9
     1     1    10     3    16    12     0     0   -30.0   49.193  101.260   2943.8    571.5
     1     1    10     3    16    11     0     1   -31.0   49.470  100.851   2937.9    564.9
     1     1    10     3    16    10     0     2   -32.0   49.763  100.439   2961.6    553.0
     1     1    10     3    16     9     0     3   -33.0   50.078  100.041   3011.1    541.1
     1     1    10     3    16     8     0     2   -34.0   50.403   99.650   3052.8    533.4
     1     1    10     3    16     7     0     1   -35.0   50.731   99.259   3049.4    527.5
     1     1    10     3    16     6     0     0   -36.0   51.076   98.876   3034.8    521.9
     1     1    10     3    16     5     0     1   -37.0   51.429   98.478   3043.2    525.8
     1     1    10     3    16     4     0     2   -38.0   51.776   98.054   3054.6    535.4
     1     1    10     3    16     3     0     3   -39.0   52.112   97.625   3052.2    548.4
     1     1    10     3    16     2     0     2   -40.0   52.402   97.215   3034.9    561.9
     1     1    10     3    16     1     0     1   -41.0   52.637   96.833   3014.3    570.8
     1     1    10     3    16     0     0     0   -42.0   52.844   96.480   3001.9    578.6
     1     1    10     3    15    23     0     1   -43.0   53.038   96.123   2979.6    586.2
     1     1    10     3    15    22     0     2   -44.0   53.216   95.727   2927.0    591.3
     1     1    10     3    15    21     0     3   -45.0   53.370   95.287   2887.0    599.6
     1     1    10     3    15    20     0     2   -46.0   53.488   94.822   2851.6    611.2
     1     1    10     3    15    19     0     1   -47.0   53.568   94.336   2799.0    627.0
     1     1    10     3    15    18     0     0   -48.0   53.622   93.809   2722.2    647.8
     1     1    10     3    15    17     0     1   -49.0   53.657   93.269   2637.3    670.5
     1     1    10     3    15    16     0     2   -50.0   53.659   92.768   2551.8    684.2
     1     1    10     3    15    15     0     3   -51.0   53.617   92.292   2436.2    694.5
     1     1    10     3    15    14     0     2   -52.0   53.561   91.809   2297.7    709.8
     1     1    10     3    15    13     0     1   -53.0   53.502   91.332   2158.7    721.6
     1     1    10     3    15    12     0     0   -54.0   53.418   90.883   2037.8    731.1
     1     1    10     3    15    11     0     1   -55.0   53.304   90.423   1946.2    729.0
     1     1    10     3    15    10     0     2   -56.0   53.153   89.937   1901.9    726.6
     1     1    10     3    15     9     0     3   -57.0   52.940   89.466   1858.1    720.7
     1     1    10     3    15     8     0     2   -58.0   52.691   88.931   1721.9    713.4
     1     1    10     3    15     7     0     1   -59.0   52.421   88.334   1584.2    738.9
     1     1    10     3    15     6     0     0   -60.0   52.108   87.740   1511.0    761.1
     1     1    10     3    15     5     0     1   -61.0   51.769   87.137   1414.5    760.1
     1     1    10     3    15     4     0     2   -62.0   51.417   86.556   1285.0    747.6
     1     1    10     3    15     3     0     3   -63.0   51.023   86.054   1250.4    727.5
     1     1    10     3    15     2     0     2   -64.0   50.584   85.544   1255.7    708.1
     1     1    10     3    15     1     0     1   -65.0   50.129   85.045   1180.6    715.7
     1     1    10     3    15     0     0     0   -66.0   49.705   84.735   1104.3    748.5
     1     1    10     3    14    23     0     1   -67.0   49.319   84.603   1099.3    765.9
     1     1    10     3    14    22     0     2   -68.0   48.960   84.596   1160.7    768.6
     1     1    10     3    14    21     0     3   -69.0   48.626   84.695   1225.8    778.5
     1     1    10     3    14    20     0     2   -70.0   48.320   84.936   1213.7    802.0
     1     1    10     3    14    19     0     1   -71.0   48.017   85.375   1085.5    842.8
     1     1    10     3    14    18     0     0   -72.0   47.675   85.942   1000.0    823.6
     1     1    10     3    14    17     0     1   -73.0   47.326   86.204   1023.8    775.5
     1     1    10     3    14    16     0     2   -74.0   47.021   86.170   1071.0    737.9
     1     1    10     3    14    15     0     3   -75.0   46.774   86.012   1157.1    746.5
     1     1    10     3    14    14     0     2   -76.0   46.576   85.909   1263.3    763.7
     1     1    10     3    14    13     0     1   -77.0   46.417   85.835   1394.0    770.6
     1     1    10     3    14    12     0     0   -78.0   46.282   85.745   1523.0    772.9
     1     1    10     3    14    11     0     1   -79.0   46.150   85.623   1615.1    775.2
     1     1    10     3    14    10     0     2   -80.0   45.995   85.495   1643.1    787.2
     1     1    10     3    14     9     0     3   -81.0   45.819   85.385   1614.9    791.4
     1     1    10     3    14     8     0     2   -82.0   45.642   85.293   1591.2    797.1
     1     1    10     3    14     7     0     1   -83.0   45.473   85.204   1587.8    800.5
     1     1    10     3    14     6     0     0   -84.0   45.314   85.110   1599.9    802.9
     1     1    10     3    14     5     0     1   -85.0   45.161   85.017   1617.4    805.4
     1     1    10     3    14     4     0     2   -86.0   45.009   84.935   1634.3    808.7
     1     1    10     3    14     3     0     3   -87.0   44.878   84.843   1642.6    786.6
     1     1    10     3    14     2     0     2   -88.0   44.788   84.709   1645.7    766.1
     1     1    10     3    14     1     0     1   -89.0   44.735   84.546   1616.8    754.7
     1     1    10     3    14     0     0     0   -90.0   44.704   84.378   1549.6    751.4
     1     1    10     3    13    23     0     1   -91.0   44.672   84.224   1462.5    751.7
     1     1    10     3    13    22     0     2   -92.0   44.634   84.080   1375.1    748.3
     1     1    10     3    13    21     0     3   -93.0   44.593   83.950   1290.0    746.0
     1     1    10     3    13    20     0     2   -94.0   44.549   83.834   1197.4    747.9
     1     1    10     3    13    19     0     1   -95.0   44.502   83.740   1093.7    751.7
     1     1    10     3    13    18     0     0   -96.0   44.450   83.663   1001.3    753.1
