     5     1
    GDAS    10     3     1     0     0
    GDAS    10     3     8     0     0
    GDAS    10     3    15     0     0
    GDAS    10     3    22     0     0
    GDAS    10     3    29     0     0
     1 BACKWARD OMEGA   
    10     3    17     0   39.977  116.381  8800.0
     1 PRESSURE
     1     1    10     3    17     0     0     0     0.0   39.977  116.381   8560.2    306.0
     1     1    10     3    16    23     0     1    -1.0   40.029  115.404   8247.2    291.2
     1     1    10     3    16    22     0     2    -2.0   40.175  114.405   8155.8    279.5
     1     1    10     3    16    21     0     3    -3.0   40.384  113.401   8136.7    276.1
     1     1    10     3    16    20     0     2    -4.0   40.609  112.408   8115.9    270.0
     1     1    10     3    16    19     0     1    -5.0   40.892  111.487   8132.8    266.2
     1     1    10     3    16    18     0     0    -6.0   41.212  110.632   8214.5    263.7
     1     1    10     3    16    17     0     1    -7.0   41.544  109.751   8290.8    267.0
     1     1    10     3    16    16     0     2    -8.0   41.890  108.885   8288.7    267.9
     1     1    10     3    16    15     0     3    -9.0   42.251  108.097   8299.5    272.2
     1     1    10     3    16    14     0     2   -10.0   42.606  107.339   8360.6    276.3
     1     1    10     3    16    13     0     1   -11.0   42.943  106.644   8341.8    275.4
     1     1    10     3    16    12     0     0   -12.0   43.300  106.001   8271.6    271.3
     1     1    10     3    16    11     0     1   -13.0   43.669  105.344   8224.1    269.0
     1     1    10     3    16    10     0     2   -14.0   44.026  104.679   8247.6    268.3
     1     1    10     3    16     9     0     3   -15.0   44.360  104.054   8295.3    268.7
     1     1    10     3    16     8     0     2   -16.0   44.680  103.444   8329.3    267.0
     1     1    10     3    16     7     0     1   -17.0   45.003  102.849   8342.3    267.4
     1     1    10     3    16     6     0     0   -18.0   45.335  102.252   8195.0    257.5
     1     1    10     3    16     5     0     1   -19.0   45.664  101.585   8098.6    251.5
     1     1    10     3    16     4     0     2   -20.0   45.986  100.831   8054.8    250.1
     1     1    10     3    16     3     0     3   -21.0   46.318  100.037   8026.3    253.4
     1     1    10     3    16     2     0     2   -22.0   46.647   99.228   7928.4    250.0
     1     1    10     3    16     1     0     1   -23.0   46.962   98.375   7809.4    243.8
     1     1    10     3    16     0     0     0   -24.0   47.257   97.490   7859.0    244.5
     1     1    10     3    15    23     0     1   -25.0   47.526   96.669   7938.1    249.4
     1     1    10     3    15    22     0     2   -26.0   47.801   95.880   8057.9    253.1
     1     1    10     3    15    21     0     3   -27.0   48.093   95.083   8165.8    255.3
     1     1    10     3    15    20     0     2   -28.0   48.398   94.296   8313.2    261.9
     1     1    10     3    15    19     0     1   -29.0   48.722   93.516   8387.8    268.5
     1     1    10     3    15    18     0     0   -30.0   49.055   92.699   8342.3    271.8
     1     1    10     3    15    17     0     1   -31.0   49.336   91.822   8198.1    262.0
     1     1    10     3    15    16     0     2   -32.0   49.578   90.904   8055.4    250.7
     1     1    10     3    15    15     0     3   -33.0   49.807   89.970   7989.6    242.9
     1     1    10     3    15    14     0     2   -34.0   49.972   89.036   7920.0    240.3
     1     1    10     3    15    13     0     1   -35.0   50.086   88.100   7894.1    245.8
     1     1    10     3    15    12     0     0   -36.0   50.194   87.131   7938.3    249.9
     1     1    10     3    15    11     0     1   -37.0   50.263   86.154   8077.2    257.9
     1     1    10     3    15    10     0     2   -38.0   50.277   85.226   8131.9    266.5
     1     1    10     3    15     9     0     3   -39.0   50.297   84.324   8152.3    277.7
     1     1    10     3    15     8     0     2   -40.0   50.328   83.402   8241.1    290.3
     1     1    10     3    15     7     0     1   -41.0   50.324   82.509   8332.7    302.6
     1     1    10     3    15     6     0     0   -42.0   50.300   81.694   8363.1    310.5
     1     1    10     3    15     5     0     1   -43.0   50.246   80.862   8353.3    311.8
     1     1    10     3    15     4     0     2   -44.0   50.093   79.987   8352.8    314.0
     1     1    10     3    15     3     0     3   -45.0   49.902   79.086   8333.0    309.9
     1     1    10     3    15     2     0     2   -46.0   49.696   78.172   8239.4    307.2
     1     1    10     3    15     1     0     1   -47.0   49.424   77.260   8031.9    307.1
     1     1    10     3    15     0     0     0   -48.0   49.136   76.296   7880.0    306.5
     1     1    10     3    14    23     0     1   -49.0   48.853   75.283   7807.5    310.1
     1     1    10     3    14    22     0     2   -50.0   48.541   74.202   7806.8    317.0
     1     1    10     3    14    21     0     3   -51.0   48.228   73.076   7794.5    317.7
     1     1    10     3    14    20     0     2   -52.0   47.924   71.931   7834.2    322.1
     1     1    10     3    14    19     0     1   -53.0   47.631   70.755   7923.3    327.2
     1     1    10     3    14    18     0     0   -54.0   47.345   69.558   7940.0    331.9
     1     1    10     3    14    17     0     1   -55.0   47.087   68.353   7921.0    336.1
     1     1    10     3    14    16     0     2   -56.0   46.839   67.114   7892.8    338.3
     1     1    10     3    14    15     0     3   -57.0   46.606   65.710   7942.8    342.7
     1     1    10     3    14    14     0     2   -58.0   46.434   64.235   8004.7    342.6
     1     1    10     3    14    13     0     1   -59.0   46.293   62.712   8055.7    342.1
     1     1    10     3    14    12     0     0   -60.0   46.214   61.090   8106.3    339.8
     1     1    10     3    14    11     0     1   -61.0   46.134   59.543   8165.1    335.9
     1     1    10     3    14    10     0     2   -62.0   46.030   57.994   8178.3    331.7
     1     1    10     3    14     9     0     3   -63.0   45.930   56.489   8238.0    331.9
     1     1    10     3    14     8     0     2   -64.0   45.810   54.952   8321.9    330.0
     1     1    10     3    14     7     0     1   -65.0   45.700   53.377   8380.1    329.3
     1     1    10     3    14     6     0     0   -66.0   45.586   51.777   8436.4    327.0
     1     1    10     3    14     5     0     1   -67.0   45.451   50.109   8468.6    325.5
     1     1    10     3    14     4     0     2   -68.0   45.303   48.442   8482.2    323.6
     1     1    10     3    14     3     0     3   -69.0   45.127   46.652   8455.8    324.2
     1     1    10     3    14     2     0     2   -70.0   44.909   44.772   8420.4    319.8
     1     1    10     3    14     1     0     1   -71.0   44.643   42.964   8281.9    310.0
     1     1    10     3    14     0     0     0   -72.0   44.338   41.131   8090.6    298.6
     1     1    10     3    13    23     0     1   -73.0   44.000   39.334   8153.5    316.6
     1     1    10     3    13    22     0     2   -74.0   43.685   37.600   8294.4    332.0
     1     1    10     3    13    21     0     3   -75.0   43.370   35.871   8220.6    334.5
     1     1    10     3    13    20     0     2   -76.0   43.077   34.148   8185.1    337.0
     1     1    10     3    13    19     0     1   -77.0   42.822   32.462   8170.3    336.8
     1     1    10     3    13    18     0     0   -78.0   42.555   30.804   8124.6    340.9
     1     1    10     3    13    17     0     1   -79.0   42.311   29.207   8152.8    341.0
     1     1    10     3    13    16     0     2   -80.0   42.104   27.651   8114.5    333.4
     1     1    10     3    13    15     0     3   -81.0   41.899   26.076   8246.0    328.8
     1     1    10     3    13    14     0     2   -82.0   41.710   24.588   8173.1    311.7
     1     1    10     3    13    13     0     1   -83.0   41.511   23.170   8242.7    302.6
     1     1    10     3    13    12     0     0   -84.0   41.341   21.844   8357.9    298.8
     1     1    10     3    13    11     0     1   -85.0   41.224   20.640   8335.4    290.3
     1     1    10     3    13    10     0     2   -86.0   41.139   19.547   8659.9    304.6
     1     1    10     3    13     9     0     3   -87.0   41.125   18.575   8872.8    307.4
     1     1    10     3    13     8     0     2   -88.0   41.141   17.673   8921.6    301.0
     1     1    10     3    13     7     0     1   -89.0   41.166   16.826   8928.1    296.7
     1     1    10     3    13     6     0     0   -90.0   41.222   16.025   8863.2    292.0
     1     1    10     3    13     5     0     1   -91.0   41.279   15.302   8825.2    291.9
     1     1    10     3    13     4     0     2   -92.0   41.327   14.678   8824.4    292.3
     1     1    10     3    13     3     0     3   -93.0   41.398   14.135   8826.3    290.0
     1     1    10     3    13     2     0     2   -94.0   41.504   13.645   8833.7    287.4
     1     1    10     3    13     1     0     1   -95.0   41.654   13.202   8854.9    285.7
     1     1    10     3    13     0     0     0   -96.0   41.854   12.820   8897.5    284.3
