     7     1
    GDAS    10     3    22     0     0
    GDAS    10     4     8     0     0
    GDAS    10     4    15     0     0
    GDAS    10     4    22     0     0
    GDAS    10     4    29     0     0
    GDAS    10     4     1     0     0
    GDAS    10     3    29     0     0
     1 BACKWARD OMEGA   
    10     4     3    18   39.977  116.381  9000.0
     1 PRESSURE
     1     1    10     4     3    18     0     0     0.0   39.977  116.381   8758.8    302.1
     1     1    10     4     3    17     0     1    -1.0   40.083  115.130   8318.7    282.6
     1     1    10     4     3    16     0     2    -2.0   40.266  113.780   8366.5    274.5
     1     1    10     4     3    15     0     3    -3.0   40.530  112.349   8411.8    261.8
     1     1    10     4     3    14     0     2    -4.0   40.779  110.877   8459.4    257.5
     1     1    10     4     3    13     0     1    -5.0   41.014  109.446   8540.7    263.8
     1     1    10     4     3    12     0     0    -6.0   41.298  108.014   8669.8    267.7
     1     1    10     4     3    11     0     1    -7.0   41.570  106.612   8553.7    268.1
     1     1    10     4     3    10     0     2    -8.0   41.828  105.265   8583.7    272.5
     1     1    10     4     3     9     0     3    -9.0   42.087  103.926   8544.0    268.4
     1     1    10     4     3     8     0     2   -10.0   42.314  102.583   8542.6    269.7
     1     1    10     4     3     7     0     1   -11.0   42.540  101.259   8567.4    263.5
     1     1    10     4     3     6     0     0   -12.0   42.815   99.937   8674.7    260.3
     1     1    10     4     3     5     0     1   -13.0   43.090   98.609   8642.4    257.7
     1     1    10     4     3     4     0     2   -14.0   43.321   97.343   8604.6    259.2
     1     1    10     4     3     3     0     3   -15.0   43.563   96.133   8648.0    266.8
     1     1    10     4     3     2     0     2   -16.0   43.835   94.949   8822.4    278.9
     1     1    10     4     3     1     0     1   -17.0   44.133   93.796   8663.9    263.2
     1     1    10     4     3     0     0     0   -18.0   44.465   92.638   8587.8    252.0
     1     1    10     4     2    23     0     1   -19.0   44.799   91.486   8730.1    256.5
     1     1    10     4     2    22     0     2   -20.0   45.141   90.340   8859.7    257.1
     1     1    10     4     2    21     0     3   -21.0   45.524   89.174   9017.5    261.6
     1     1    10     4     2    20     0     2   -22.0   45.914   88.001   9137.3    266.3
     1     1    10     4     2    19     0     1   -23.0   46.280   86.820   9192.1    266.7
     1     1    10     4     2    18     0     0   -24.0   46.652   85.613   8947.8    247.5
     1     1    10     4     2    17     0     1   -25.0   47.001   84.386   8882.6    239.7
     1     1    10     4     2    16     0     2   -26.0   47.275   83.137   9077.1    254.1
     1     1    10     4     2    15     0     3   -27.0   47.503   81.889   9105.2    258.8
     1     1    10     4     2    14     0     2   -28.0   47.692   80.710   9141.1    264.8
     1     1    10     4     2    13     0     1   -29.0   47.838   79.634   9148.4    267.2
     1     1    10     4     2    12     0     0   -30.0   47.965   78.603   9154.8    267.1
     1     1    10     4     2    11     0     1   -31.0   48.086   77.615   9170.7    265.2
     1     1    10     4     2    10     0     2   -32.0   48.202   76.686   9154.5    263.5
     1     1    10     4     2     9     0     3   -33.0   48.319   75.790   9154.5    263.0
     1     1    10     4     2     8     0     2   -34.0   48.419   74.900   9129.8    261.0
     1     1    10     4     2     7     0     1   -35.0   48.501   74.034   9152.3    262.3
     1     1    10     4     2     6     0     0   -36.0   48.577   73.195   9172.2    263.0
     1     1    10     4     2     5     0     1   -37.0   48.634   72.380   9215.0    265.3
     1     1    10     4     2     4     0     2   -38.0   48.658   71.596   9247.6    267.6
     1     1    10     4     2     3     0     3   -39.0   48.644   70.839   9266.7    269.4
     1     1    10     4     2     2     0     2   -40.0   48.597   70.116   9271.4    271.5
     1     1    10     4     2     1     0     1   -41.0   48.529   69.429   9239.9    273.5
     1     1    10     4     2     0     0     0   -42.0   48.447   68.775   9171.4    276.6
     1     1    10     4     1    23     0     1   -43.0   48.357   68.181   9094.2    279.9
     1     1    10     4     1    22     0     2   -44.0   48.261   67.664   9049.9    281.3
     1     1    10     4     1    21     0     3   -45.0   48.152   67.213   9028.6    281.3
     1     1    10     4     1    20     0     2   -46.0   48.040   66.808   9025.6    281.4
     1     1    10     4     1    19     0     1   -47.0   47.934   66.432   9036.4    283.4
     1     1    10     4     1    18     0     0   -48.0   47.831   66.084   9052.9    284.9
     1     1    10     4     1    17     0     1   -49.0   47.722   65.739   9080.8    287.4
     1     1    10     4     1    16     0     2   -50.0   47.602   65.379   9100.6    290.9
     1     1    10     4     1    15     0     3   -51.0   47.468   65.009   9097.8    295.1
     1     1    10     4     1    14     0     2   -52.0   47.316   64.661   9053.3    298.4
     1     1    10     4     1    13     0     1   -53.0   47.145   64.358   9004.2    301.0
     1     1    10     4     1    12     0     0   -54.0   46.951   64.087   8948.4    303.9
     1     1    10     4     1    11     0     1   -55.0   46.756   63.857   8893.9    306.9
     1     1    10     4     1    10     0     2   -56.0   46.579   63.670   8848.5    309.4
     1     1    10     4     1     9     0     3   -57.0   46.417   63.516   8813.1    311.2
     1     1    10     4     1     8     0     2   -58.0   46.263   63.386   8783.4    312.7
     1     1    10     4     1     7     0     1   -59.0   46.111   63.285   8754.5    314.2
     1     1    10     4     1     6     0     0   -60.0   45.962   63.217   8724.2    315.7
     1     1    10     4     1     5     0     1   -61.0   45.824   63.158   8692.6    317.3
     1     1    10     4     1     4     0     2   -62.0   45.702   63.076   8658.7    318.8
     1     1    10     4     1     3     0     3   -63.0   45.596   62.972   8621.0    320.6
     1     1    10     4     1     2     0     2   -64.0   45.498   62.858   8585.4    322.8
     1     1    10     4     1     1     0     1   -65.0   45.399   62.749   8555.3    324.5
     1     1    10     4     1     0     0     0   -66.0   45.296   62.640   8528.6    325.9
     1     1    10     3    31    23     0     1   -67.0   45.185   62.544   8507.0    327.6
     1     1    10     3    31    22     0     2   -68.0   45.062   62.472   8495.5    328.6
     1     1    10     3    31    21     0     3   -69.0   44.929   62.428   8496.8    329.0
     1     1    10     3    31    20     0     2   -70.0   44.793   62.400   8497.3    328.7
     1     1    10     3    31    19     0     1   -71.0   44.659   62.375   8483.2    329.7
     1     1    10     3    31    18     0     0   -72.0   44.527   62.356   8455.7    331.4
     1     1    10     3    31    17     0     1   -73.0   44.415   62.340   8423.5    333.8
     1     1    10     3    31    16     0     2   -74.0   44.340   62.320   8393.1    335.6
     1     1    10     3    31    15     0     3   -75.0   44.298   62.296   8362.1    337.5
     1     1    10     3    31    14     0     2   -76.0   44.268   62.270   8335.3    339.3
     1     1    10     3    31    13     0     1   -77.0   44.232   62.250   8318.3    340.3
     1     1    10     3    31    12     0     0   -78.0   44.191   62.237   8311.6    340.8
     1     1    10     3    31    11     0     1   -79.0   44.149   62.239   8308.6    340.6
     1     1    10     3    31    10     0     2   -80.0   44.110   62.265   8302.9    340.8
     1     1    10     3    31     9     0     3   -81.0   44.072   62.317   8295.9    341.1
     1     1    10     3    31     8     0     2   -82.0   44.039   62.388   8289.5    341.3
     1     1    10     3    31     7     0     1   -83.0   44.014   62.469   8282.9    341.3
     1     1    10     3    31     6     0     0   -84.0   43.995   62.558   8271.6    341.6
     1     1    10     3    31     5     0     1   -85.0   43.974   62.654   8254.0    342.4
     1     1    10     3    31     4     0     2   -86.0   43.944   62.760   8230.0    343.4
     1     1    10     3    31     3     0     3   -87.0   43.906   62.875   8198.6    344.6
     1     1    10     3    31     2     0     2   -88.0   43.858   62.983   8167.3    346.2
     1     1    10     3    31     1     0     1   -89.0   43.804   63.072   8146.6    346.9
     1     1    10     3    31     0     0     0   -90.0   43.740   63.141   8139.4    346.9
     1     1    10     3    30    23     0     1   -91.0   43.675   63.191   8122.7    346.2
     1     1    10     3    30    22     0     2   -92.0   43.626   63.216   8073.5    348.6
     1     1    10     3    30    21     0     3   -93.0   43.595   63.216   7990.3    352.8
     1     1    10     3    30    20     0     2   -94.0   43.588   63.195   7908.6    359.1
     1     1    10     3    30    19     0     1   -95.0   43.610   63.156   7865.0    361.7
     1     1    10     3    30    18     0     0   -96.0   43.658   63.098   7860.3    362.5
