     7     1
    GDAS    10     3    22     0     0
    GDAS    10     4     8     0     0
    GDAS    10     4    15     0     0
    GDAS    10     4    22     0     0
    GDAS    10     4    29     0     0
    GDAS    10     4     1     0     0
    GDAS    10     3    29     0     0
     1 BACKWARD OMEGA   
    10     4    13     0   39.977  116.381  1000.0
     1 PRESSURE
     1     1    10     4    13     0     0     0     0.0   39.977  116.381    762.5    906.9
     1     1    10     4    12    23     0     1    -1.0   40.357  115.975   1020.7    838.4
     1     1    10     4    12    22     0     2    -2.0   40.875  115.511   1397.8    738.8
     1     1    10     4    12    21     0     3    -3.0   41.464  114.982   1781.6    675.0
     1     1    10     4    12    20     0     2    -4.0   42.024  114.405   2008.2    648.1
     1     1    10     4    12    19     0     1    -5.0   42.508  113.839   2128.2    660.6
     1     1    10     4    12    18     0     0    -6.0   42.919  113.307   2196.2    670.5
     1     1    10     4    12    17     0     1    -7.0   43.281  112.807   2217.0    672.1
     1     1    10     4    12    16     0     2    -8.0   43.615  112.338   2224.5    674.2
     1     1    10     4    12    15     0     3    -9.0   43.943  111.919   2255.9    673.5
     1     1    10     4    12    14     0     2   -10.0   44.269  111.532   2303.7    666.5
     1     1    10     4    12    13     0     1   -11.0   44.583  111.161   2351.4    665.3
     1     1    10     4    12    12     0     0   -12.0   44.904  110.851   2417.7    663.5
     1     1    10     4    12    11     0     1   -13.0   45.228  110.582   2482.8    652.1
     1     1    10     4    12    10     0     2   -14.0   45.552  110.317   2546.4    643.0
     1     1    10     4    12     9     0     3   -15.0   45.928  110.078   2639.3    633.1
     1     1    10     4    12     8     0     2   -16.0   46.332  109.840   2755.2    615.4
     1     1    10     4    12     7     0     1   -17.0   46.725  109.576   2864.5    599.2
     1     1    10     4    12     6     0     0   -18.0   47.143  109.312   2980.4    583.3
     1     1    10     4    12     5     0     1   -19.0   47.560  109.032   3073.4    559.8
     1     1    10     4    12     4     0     2   -20.0   47.938  108.727   3092.0    545.5
     1     1    10     4    12     3     0     3   -21.0   48.299  108.401   3078.8    545.7
     1     1    10     4    12     2     0     2   -22.0   48.674  108.034   3091.5    548.0
     1     1    10     4    12     1     0     1   -23.0   49.059  107.627   3155.8    556.5
     1     1    10     4    12     0     0     0   -24.0   49.449  107.208   3233.7    572.7
     1     1    10     4    11    23     0     1   -25.0   49.837  106.805   3292.7    588.8
     1     1    10     4    11    22     0     2   -26.0   50.208  106.424   3306.5    592.6
     1     1    10     4    11    21     0     3   -27.0   50.583  106.045   3271.9    592.7
     1     1    10     4    11    20     0     2   -28.0   50.964  105.641   3215.9    581.1
     1     1    10     4    11    19     0     1   -29.0   51.338  105.179   3240.9    582.2
     1     1    10     4    11    18     0     0   -30.0   51.729  104.624   3369.6    592.7
     1     1    10     4    11    17     0     1   -31.0   52.133  103.982   3525.1    594.9
     1     1    10     4    11    16     0     2   -32.0   52.511  103.316   3588.8    577.7
     1     1    10     4    11    15     0     3   -33.0   52.854  102.614   3628.2    581.8
     1     1    10     4    11    14     0     2   -34.0   53.172  101.876   3636.5    579.9
     1     1    10     4    11    13     0     1   -35.0   53.476  101.165   3567.4    565.5
     1     1    10     4    11    12     0     0   -36.0   53.775  100.473   3498.8    576.6
     1     1    10     4    11    11     0     1   -37.0   54.058   99.755   3437.1    589.6
     1     1    10     4    11    10     0     2   -38.0   54.319   99.046   3340.3    586.2
     1     1    10     4    11     9     0     3   -39.0   54.564   98.378   3244.0    587.7
     1     1    10     4    11     8     0     2   -40.0   54.802   97.735   3162.6    595.8
     1     1    10     4    11     7     0     1   -41.0   55.030   97.101   3099.7    622.4
     1     1    10     4    11     6     0     0   -42.0   55.248   96.482   3013.7    639.1
     1     1    10     4    11     5     0     1   -43.0   55.454   95.892   2930.2    653.1
     1     1    10     4    11     4     0     2   -44.0   55.650   95.330   2857.3    664.2
     1     1    10     4    11     3     0     3   -45.0   55.837   94.788   2794.9    673.9
     1     1    10     4    11     2     0     2   -46.0   56.015   94.258   2736.1    683.7
     1     1    10     4    11     1     0     1   -47.0   56.186   93.743   2682.3    690.6
     1     1    10     4    11     0     0     0   -48.0   56.351   93.254   2648.9    697.5
     1     1    10     4    10    23     0     1   -49.0   56.508   92.795   2626.4    699.7
     1     1    10     4    10    22     0     2   -50.0   56.655   92.373   2601.3    700.7
     1     1    10     4    10    21     0     3   -51.0   56.789   91.992   2576.1    703.8
     1     1    10     4    10    20     0     2   -52.0   56.915   91.643   2559.6    710.4
     1     1    10     4    10    19     0     1   -53.0   57.037   91.307   2548.7    715.4
     1     1    10     4    10    18     0     0   -54.0   57.153   90.984   2543.3    718.3
     1     1    10     4    10    17     0     1   -55.0   57.266   90.678   2528.7    719.2
     1     1    10     4    10    16     0     2   -56.0   57.383   90.398   2495.8    723.7
     1     1    10     4    10    15     0     3   -57.0   57.505   90.145   2448.7    729.8
     1     1    10     4    10    14     0     2   -58.0   57.631   89.908   2409.2    737.0
     1     1    10     4    10    13     0     1   -59.0   57.761   89.674   2397.4    739.2
     1     1    10     4    10    12     0     0   -60.0   57.896   89.448   2413.2    738.4
     1     1    10     4    10    11     0     1   -61.0   58.026   89.217   2438.2    734.6
     1     1    10     4    10    10     0     2   -62.0   58.141   88.965   2454.2    733.0
     1     1    10     4    10     9     0     3   -63.0   58.240   88.701   2461.9    732.4
     1     1    10     4    10     8     0     2   -64.0   58.329   88.451   2465.3    732.3
     1     1    10     4    10     7     0     1   -65.0   58.414   88.236   2467.4    732.0
     1     1    10     4    10     6     0     0   -66.0   58.496   88.055   2467.9    731.9
     1     1    10     4    10     5     0     1   -67.0   58.581   87.900   2469.6    731.9
     1     1    10     4    10     4     0     2   -68.0   58.676   87.763   2474.5    731.4
     1     1    10     4    10     3     0     3   -69.0   58.784   87.640   2481.3    730.9
     1     1    10     4    10     2     0     2   -70.0   58.898   87.528   2489.6    730.7
     1     1    10     4    10     1     0     1   -71.0   59.012   87.424   2500.2    730.3
     1     1    10     4    10     0     0     0   -72.0   59.126   87.330   2512.9    729.2
     1     1    10     4     9    23     0     1   -73.0   59.234   87.254   2526.2    727.5
     1     1    10     4     9    22     0     2   -74.0   59.335   87.202   2538.9    726.1
     1     1    10     4     9    21     0     3   -75.0   59.426   87.172   2552.2    724.5
     1     1    10     4     9    20     0     2   -76.0   59.517   87.159   2566.3    723.1
     1     1    10     4     9    19     0     1   -77.0   59.615   87.155   2580.3    721.6
     1     1    10     4     9    18     0     0   -78.0   59.723   87.160   2592.8    720.2
     1     1    10     4     9    17     0     1   -79.0   59.843   87.168   2604.0    719.2
     1     1    10     4     9    16     0     2   -80.0   59.976   87.175   2614.8    718.1
     1     1    10     4     9    15     0     3   -81.0   60.122   87.186   2626.8    717.2
     1     1    10     4     9    14     0     2   -82.0   60.274   87.208   2640.5    716.1
     1     1    10     4     9    13     0     1   -83.0   60.427   87.240   2655.7    714.8
     1     1    10     4     9    12     0     0   -84.0   60.579   87.280   2671.8    713.3
     1     1    10     4     9    11     0     1   -85.0   60.734   87.343   2683.9    711.8
     1     1    10     4     9    10     0     2   -86.0   60.898   87.438   2686.0    711.5
     1     1    10     4     9     9     0     3   -87.0   61.071   87.563   2677.2    712.1
     1     1    10     4     9     8     0     2   -88.0   61.250   87.720   2666.0    712.9
     1     1    10     4     9     7     0     1   -89.0   61.433   87.907   2661.3    712.0
     1     1    10     4     9     6     0     0   -90.0   61.617   88.123   2663.9    710.9
     1     1    10     4     9     5     0     1   -91.0   61.810   88.355   2670.1    710.1
     1     1    10     4     9     4     0     2   -92.0   62.019   88.590   2672.0    710.0
     1     1    10     4     9     3     0     3   -93.0   62.241   88.828   2663.5    712.6
     1     1    10     4     9     2     0     2   -94.0   62.462   89.082   2646.5    714.6
     1     1    10     4     9     1     0     1   -95.0   62.674   89.358   2632.4    713.2
     1     1    10     4     9     0     0     0   -96.0   62.882   89.649   2628.2    709.7
