     5     1
    GDAS    10     3     1     0     0
    GDAS    10     3     8     0     0
    GDAS    10     3    15     0     0
    GDAS    10     3    22     0     0
    GDAS    10     3    29     0     0
     1 BACKWARD OMEGA   
    10     3    28     0   39.977  116.381  3000.0
     1 PRESSURE
     1     1    10     3    28     0     0     0     0.0   39.977  116.381   2763.8    704.2
     1     1    10     3    27    23     0     1    -1.0   40.281  116.183   2836.8    671.2
     1     1    10     3    27    22     0     2    -2.0   40.643  115.938   2876.5    632.6
     1     1    10     3    27    21     0     3    -3.0   41.078  115.670   2887.6    602.9
     1     1    10     3    27    20     0     2    -4.0   41.561  115.387   2941.7    592.7
     1     1    10     3    27    19     0     1    -5.0   42.080  115.087   3036.8    581.0
     1     1    10     3    27    18     0     0    -6.0   42.611  114.788   3150.2    580.9
     1     1    10     3    27    17     0     1    -7.0   43.128  114.475   3254.5    584.5
     1     1    10     3    27    16     0     2    -8.0   43.626  114.128   3319.1    582.4
     1     1    10     3    27    15     0     3    -9.0   44.115  113.753   3345.7    579.5
     1     1    10     3    27    14     0     2   -10.0   44.605  113.351   3357.1    573.5
     1     1    10     3    27    13     0     1   -11.0   45.098  112.931   3390.0    571.9
     1     1    10     3    27    12     0     0   -12.0   45.589  112.523   3456.0    571.8
     1     1    10     3    27    11     0     1   -13.0   46.073  112.115   3530.0    566.5
     1     1    10     3    27    10     0     2   -14.0   46.557  111.689   3560.4    556.6
     1     1    10     3    27     9     0     3   -15.0   47.065  111.269   3605.4    550.4
     1     1    10     3    27     8     0     2   -16.0   47.589  110.846   3703.0    540.6
     1     1    10     3    27     7     0     1   -17.0   48.113  110.408   3793.8    524.5
     1     1    10     3    27     6     0     0   -18.0   48.652  109.983   3834.0    510.4
     1     1    10     3    27     5     0     1   -19.0   49.202  109.585   3865.1    505.9
     1     1    10     3    27     4     0     2   -20.0   49.747  109.207   3970.6    511.1
     1     1    10     3    27     3     0     3   -21.0   50.287  108.855   4143.7    511.1
     1     1    10     3    27     2     0     2   -22.0   50.820  108.514   4286.8    508.7
     1     1    10     3    27     1     0     1   -23.0   51.336  108.156   4344.0    512.0
     1     1    10     3    27     0     0     0   -24.0   51.842  107.775   4353.4    517.4
     1     1    10     3    26    23     0     1   -25.0   52.338  107.346   4388.8    525.1
     1     1    10     3    26    22     0     2   -26.0   52.818  106.837   4435.3    521.1
     1     1    10     3    26    21     0     3   -27.0   53.280  106.246   4445.1    511.2
     1     1    10     3    26    20     0     2   -28.0   53.719  105.617   4450.9    513.1
     1     1    10     3    26    19     0     1   -29.0   54.142  104.982   4410.7    505.6
     1     1    10     3    26    18     0     0   -30.0   54.536  104.338   4421.3    520.4
     1     1    10     3    26    17     0     1   -31.0   54.904  103.684   4430.1    523.6
     1     1    10     3    26    16     0     2   -32.0   55.256  103.016   4464.3    532.3
     1     1    10     3    26    15     0     3   -33.0   55.595  102.320   4487.0    531.3
     1     1    10     3    26    14     0     2   -34.0   55.917  101.565   4502.7    531.6
     1     1    10     3    26    13     0     1   -35.0   56.220  100.741   4520.2    532.0
     1     1    10     3    26    12     0     0   -36.0   56.492   99.851   4537.6    533.0
     1     1    10     3    26    11     0     1   -37.0   56.716   98.895   4552.1    537.1
     1     1    10     3    26    10     0     2   -38.0   56.886   97.911   4545.5    542.4
     1     1    10     3    26     9     0     3   -39.0   56.999   96.928   4531.4    544.4
     1     1    10     3    26     8     0     2   -40.0   57.071   95.937   4552.0    544.4
     1     1    10     3    26     7     0     1   -41.0   57.114   94.924   4579.6    540.1
     1     1    10     3    26     6     0     0   -42.0   57.124   93.905   4581.4    538.8
     1     1    10     3    26     5     0     1   -43.0   57.108   92.879   4587.8    542.2
     1     1    10     3    26     4     0     2   -44.0   57.079   91.835   4608.9    539.2
     1     1    10     3    26     3     0     3   -45.0   57.041   90.779   4656.4    539.0
     1     1    10     3    26     2     0     2   -46.0   56.987   89.683   4678.9    537.2
     1     1    10     3    26     1     0     1   -47.0   56.913   88.527   4658.6    541.6
     1     1    10     3    26     0     0     0   -48.0   56.825   87.312   4636.0    545.6
     1     1    10     3    25    23     0     1   -49.0   56.710   86.036   4630.7    543.0
     1     1    10     3    25    22     0     2   -50.0   56.553   84.683   4616.6    547.3
     1     1    10     3    25    21     0     3   -51.0   56.372   83.250   4585.0    551.3
     1     1    10     3    25    20     0     2   -52.0   56.156   81.779   4574.0    548.7
     1     1    10     3    25    19     0     1   -53.0   55.895   80.282   4552.0    552.2
     1     1    10     3    25    18     0     0   -54.0   55.625   78.777   4585.4    550.4
     1     1    10     3    25    17     0     1   -55.0   55.350   77.255   4587.8    551.1
     1     1    10     3    25    16     0     2   -56.0   55.069   75.726   4563.7    551.9
     1     1    10     3    25    15     0     3   -57.0   54.803   74.198   4602.2    549.0
     1     1    10     3    25    14     0     2   -58.0   54.511   72.662   4580.9    550.9
     1     1    10     3    25    13     0     1   -59.0   54.178   71.095   4409.8    563.6
     1     1    10     3    25    12     0     0   -60.0   53.888   69.510   4223.6    574.2
     1     1    10     3    25    11     0     1   -61.0   53.568   67.991   4094.3    580.2
     1     1    10     3    25    10     0     2   -62.0   53.118   66.530   4015.6    586.9
     1     1    10     3    25     9     0     3   -63.0   52.631   65.034   3921.1    597.6
     1     1    10     3    25     8     0     2   -64.0   52.157   63.623   3809.5    605.7
     1     1    10     3    25     7     0     1   -65.0   51.685   62.335   3629.8    619.4
     1     1    10     3    25     6     0     0   -66.0   51.204   61.117   3505.4    626.6
     1     1    10     3    25     5     0     1   -67.0   50.748   59.977   3478.3    629.1
     1     1    10     3    25     4     0     2   -68.0   50.352   58.951   3394.4    636.1
     1     1    10     3    25     3     0     3   -69.0   49.973   58.063   3231.3    647.8
     1     1    10     3    25     2     0     2   -70.0   49.614   57.272   3090.7    665.7
     1     1    10     3    25     1     0     1   -71.0   49.311   56.526   2992.1    681.0
     1     1    10     3    25     0     0     0   -72.0   49.045   55.854   2930.5    690.9
     1     1    10     3    24    23     0     1   -73.0   48.792   55.235   2876.1    698.9
     1     1    10     3    24    22     0     2   -74.0   48.570   54.632   2817.1    709.5
     1     1    10     3    24    21     0     3   -75.0   48.404   54.042   2766.3    719.3
     1     1    10     3    24    20     0     2   -76.0   48.274   53.475   2715.9    725.9
     1     1    10     3    24    19     0     1   -77.0   48.152   52.934   2672.3    732.3
     1     1    10     3    24    18     0     0   -78.0   48.040   52.407   2651.5    735.8
     1     1    10     3    24    17     0     1   -79.0   47.947   51.890   2653.2    734.9
     1     1    10     3    24    16     0     2   -80.0   47.875   51.389   2658.4    733.8
     1     1    10     3    24    15     0     3   -81.0   47.826   50.908   2658.8    733.6
     1     1    10     3    24    14     0     2   -82.0   47.803   50.433   2662.4    734.2
     1     1    10     3    24    13     0     1   -83.0   47.805   49.953   2679.4    732.9
     1     1    10     3    24    12     0     0   -84.0   47.835   49.477   2710.1    730.1
     1     1    10     3    24    11     0     1   -85.0   47.884   48.989   2749.8    726.2
     1     1    10     3    24    10     0     2   -86.0   47.946   48.469   2795.2    722.1
     1     1    10     3    24     9     0     3   -87.0   48.026   47.925   2847.1    717.3
     1     1    10     3    24     8     0     2   -88.0   48.126   47.369   2888.5    711.6
     1     1    10     3    24     7     0     1   -89.0   48.244   46.797   2904.4    709.9
     1     1    10     3    24     6     0     0   -90.0   48.386   46.196   2907.0    710.2
     1     1    10     3    24     5     0     1   -91.0   48.551   45.563   2920.7    708.4
     1     1    10     3    24     4     0     2   -92.0   48.733   44.902   2959.0    701.6
     1     1    10     3    24     3     0     3   -93.0   48.946   44.215   3009.7    691.2
     1     1    10     3    24     2     0     2   -94.0   49.182   43.502   3061.4    683.0
     1     1    10     3    24     1     0     1   -95.0   49.415   42.753   3109.2    678.4
     1     1    10     3    24     0     0     0   -96.0   49.654   41.970   3161.0    674.6
