     7     1
    GDAS    10     3    22     0     0
    GDAS    10     4     8     0     0
    GDAS    10     4    15     0     0
    GDAS    10     4    22     0     0
    GDAS    10     4    29     0     0
    GDAS    10     4     1     0     0
    GDAS    10     3    29     0     0
     1 BACKWARD OMEGA   
    10     4    29    12   39.977  116.381  9000.0
     1 PRESSURE
     1     1    10     4    29    12     0     0     0.0   39.977  116.381   8761.4    302.9
     1     1    10     4    29    11     0     1    -1.0   40.726  116.056   8633.6    277.8
     1     1    10     4    29    10     0     2    -2.0   41.500  115.730   8588.5    261.5
     1     1    10     4    29     9     0     3    -3.0   42.280  115.479   8587.5    260.2
     1     1    10     4    29     8     0     2    -4.0   43.048  115.337   8681.8    261.3
     1     1    10     4    29     7     0     1    -5.0   43.805  115.325   8767.9    259.7
     1     1    10     4    29     6     0     0    -6.0   44.553  115.461   8838.7    257.6
     1     1    10     4    29     5     0     1    -7.0   45.299  115.677   8924.2    257.1
     1     1    10     4    29     4     0     2    -8.0   46.039  115.946   8966.0    258.5
     1     1    10     4    29     3     0     3    -9.0   46.761  116.282   9029.6    264.4
     1     1    10     4    29     2     0     2   -10.0   47.465  116.692   9091.6    265.6
     1     1    10     4    29     1     0     1   -11.0   48.137  117.162   9133.6    265.5
     1     1    10     4    29     0     0     0   -12.0   48.778  117.677   9154.9    265.0
     1     1    10     4    28    23     0     1   -13.0   49.374  118.233   9169.6    263.0
     1     1    10     4    28    22     0     2   -14.0   49.894  118.842   9206.7    261.6
     1     1    10     4    28    21     0     3   -15.0   50.328  119.486   9229.0    258.1
     1     1    10     4    28    20     0     2   -16.0   50.702  120.173   9235.4    254.4
     1     1    10     4    28    19     0     1   -17.0   51.029  120.925   9195.3    249.2
     1     1    10     4    28    18     0     0   -18.0   51.284  121.731   9218.0    248.9
     1     1    10     4    28    17     0     1   -19.0   51.473  122.544   9253.2    248.6
     1     1    10     4    28    16     0     2   -20.0   51.641  123.368   9329.3    248.7
     1     1    10     4    28    15     0     3   -21.0   51.764  124.243   9431.9    250.5
     1     1    10     4    28    14     0     2   -22.0   51.753  125.169   9523.3    253.5
     1     1    10     4    28    13     0     1   -23.0   51.604  126.132   9574.5    258.1
     1     1    10     4    28    12     0     0   -24.0   51.360  127.148   9637.3    258.1
     1     1    10     4    28    11     0     1   -25.0   50.983  128.292   9646.0    260.6
     1     1    10     4    28    10     0     2   -26.0   50.487  129.528   9516.6    265.1
     1     1    10     4    28     9     0     3   -27.0   49.915  130.836   9417.4    264.1
     1     1    10     4    28     8     0     2   -28.0   49.211  132.117   9319.8    261.8
     1     1    10     4    28     7     0     1   -29.0   48.327  133.372   9374.9    273.5
     1     1    10     4    28     6     0     0   -30.0   47.315  134.533   9195.2    281.4
     1     1    10     4    28     5     0     1   -31.0   46.172  135.498   8920.0    277.4
     1     1    10     4    28     4     0     2   -32.0   45.032  136.404   8783.4    292.5
     1     1    10     4    28     3     0     3   -33.0   43.906  137.370   8663.6    314.0
     1     1    10     4    28     2     0     2   -34.0   42.746  138.130   8345.2    330.3
     1     1    10     4    28     1     0     1   -35.0   41.691  138.492   7958.8    353.3
     1     1    10     4    28     0     0     0   -36.0   40.623  138.407   7581.9    373.6
     1     1    10     4    27    23     0     1   -37.0   39.562  138.045   7240.2    397.2
     1     1    10     4    27    22     0     2   -38.0   38.639  137.289   7073.7    403.8
     1     1    10     4    27    21     0     3   -39.0   37.823  136.258   6973.3    409.8
     1     1    10     4    27    20     0     2   -40.0   37.084  135.078   6843.8    415.2
     1     1    10     4    27    19     0     1   -41.0   36.412  133.808   6634.0    430.7
     1     1    10     4    27    18     0     0   -42.0   35.825  132.390   6629.3    428.4
     1     1    10     4    27    17     0     1   -43.0   35.359  130.792   6873.5    415.7
     1     1    10     4    27    16     0     2   -44.0   34.969  129.113   6989.5    406.7
     1     1    10     4    27    15     0     3   -45.0   34.709  127.169   7110.5    392.7
     1     1    10     4    27    14     0     2   -46.0   34.590  125.141   7386.0    382.1
     1     1    10     4    27    13     0     1   -47.0   34.556  123.113   7507.7    375.9
     1     1    10     4    27    12     0     0   -48.0   34.626  121.130   7746.8    365.2
     1     1    10     4    27    11     0     1   -49.0   34.888  119.080   8042.1    343.2
     1     1    10     4    27    10     0     2   -50.0   35.290  117.061   7826.9    355.5
     1     1    10     4    27     9     0     3   -51.0   35.876  115.103   8015.4    346.8
     1     1    10     4    27     8     0     2   -52.0   36.632  113.164   7638.7    312.3
     1     1    10     4    27     7     0     1   -53.0   37.599  111.219   7492.8    316.2
     1     1    10     4    27     6     0     0   -54.0   38.790  109.470   7451.1    316.1
     1     1    10     4    27     5     0     1   -55.0   40.209  107.862   7407.3    317.3
     1     1    10     4    27     4     0     2   -56.0   41.856  106.434   7547.9    316.2
     1     1    10     4    27     3     0     3   -57.0   43.588  105.146   7169.3    321.4
     1     1    10     4    27     2     0     2   -58.0   45.439  104.147   7257.1    320.5
     1     1    10     4    27     1     0     1   -59.0   47.467  103.360   7413.3    302.6
     1     1    10     4    27     0     0     0   -60.0   49.468  102.690   7551.8    301.6
     1     1    10     4    26    23     0     1   -61.0   51.367  102.353   7373.4    300.8
     1     1    10     4    26    22     0     2   -62.0   53.207  102.032   8018.3    320.2
     1     1    10     4    26    21     0     3   -63.0   54.977  101.689   8147.2    316.8
     1     1    10     4    26    20     0     2   -64.0   56.814  101.223   8398.2    306.3
     1     1    10     4    26    19     0     1   -65.0   58.513  100.410   8494.2    308.6
     1     1    10     4    26    18     0     0   -66.0   60.170   99.366   8514.4    305.0
     1     1    10     4    26    17     0     1   -67.0   61.755   97.825   8523.0    300.7
     1     1    10     4    26    16     0     2   -68.0   63.127   95.745   8502.7    304.2
     1     1    10     4    26    15     0     3   -69.0   64.335   93.124   8528.5    303.7
     1     1    10     4    26    14     0     2   -70.0   65.348   89.838   8510.2    300.7
     1     1    10     4    26    13     0     1   -71.0   66.079   86.014   8665.1    309.2
     1     1    10     4    26    12     0     0   -72.0   66.505   81.891   8654.7    310.9
     1     1    10     4    26    11     0     1   -73.0   66.655   77.606   8618.7    312.0
     1     1    10     4    26    10     0     2   -74.0   66.542   73.404   8551.3    315.2
     1     1    10     4    26     9     0     3   -75.0   66.140   69.346   8431.5    319.0
     1     1    10     4    26     8     0     2   -76.0   65.448   65.366   8317.2    325.5
     1     1    10     4    26     7     0     1   -77.0   64.537   61.630   8194.5    321.0
     1     1    10     4    26     6     0     0   -78.0   63.438   58.174   8214.4    318.7
     1     1    10     4    26     5     0     1   -79.0   62.193   55.092   8325.3    317.9
     1     1    10     4    26     4     0     2   -80.0   60.774   52.560   8366.4    315.0
     1     1    10     4    26     3     0     3   -81.0   59.213   50.679   8332.8    317.1
     1     1    10     4    26     2     0     2   -82.0   57.617   49.266   8262.4    322.3
     1     1    10     4    26     1     0     1   -83.0   56.046   48.094   8204.1    328.0
     1     1    10     4    26     0     0     0   -84.0   54.564   47.080   8084.7    331.9
     1     1    10     4    25    23     0     1   -85.0   53.234   45.997   8003.3    335.1
     1     1    10     4    25    22     0     2   -86.0   52.130   44.721   7931.3    339.2
     1     1    10     4    25    21     0     3   -87.0   51.265   43.146   7893.7    347.2
     1     1    10     4    25    20     0     2   -88.0   50.652   41.355   7958.5    344.8
     1     1    10     4    25    19     0     1   -89.0   50.368   39.484   8000.1    343.3
     1     1    10     4    25    18     0     0   -90.0   50.382   37.553   8136.2    335.9
     1     1    10     4    25    17     0     1   -91.0   50.696   35.685   8345.5    324.2
     1     1    10     4    25    16     0     2   -92.0   51.264   33.913   8593.8    312.9
     1     1    10     4    25    15     0     3   -93.0   52.090   32.335   8875.5    301.3
     1     1    10     4    25    14     0     2   -94.0   53.076   30.880   9140.9    287.9
     1     1    10     4    25    13     0     1   -95.0   54.141   29.497   9313.2    278.1
     1     1    10     4    25    12     0     0   -96.0   55.278   28.138   9426.9    274.1
