     7     1
    GDAS    10     3    22     0     0
    GDAS    10     4     8     0     0
    GDAS    10     4    15     0     0
    GDAS    10     4    22     0     0
    GDAS    10     4    29     0     0
    GDAS    10     4     1     0     0
    GDAS    10     3    29     0     0
     1 BACKWARD OMEGA   
    10     4     3     0   39.977  116.381  5000.0
     1 PRESSURE
     1     1    10     4     3     0     0     0     0.0   39.977  116.381   4760.4    536.7
     1     1    10     4     2    23     0     1    -1.0   40.099  115.461   4704.0    496.1
     1     1    10     4     2    22     0     2    -2.0   40.220  114.522   4716.1    470.8
     1     1    10     4     2    21     0     3    -3.0   40.354  113.600   4764.3    463.9
     1     1    10     4     2    20     0     2    -4.0   40.517  112.690   4736.2    455.2
     1     1    10     4     2    19     0     1    -5.0   40.684  111.800   4699.2    454.3
     1     1    10     4     2    18     0     0    -6.0   40.843  110.934   4699.3    451.5
     1     1    10     4     2    17     0     1    -7.0   41.014  110.101   4722.6    450.2
     1     1    10     4     2    16     0     2    -8.0   41.195  109.305   4733.3    466.0
     1     1    10     4     2    15     0     3    -9.0   41.388  108.542   4683.3    477.2
     1     1    10     4     2    14     0     2   -10.0   41.595  107.781   4651.8    478.0
     1     1    10     4     2    13     0     1   -11.0   41.811  107.017   4661.4    477.7
     1     1    10     4     2    12     0     0   -12.0   42.028  106.266   4757.6    486.2
     1     1    10     4     2    11     0     1   -13.0   42.235  105.488   4765.6    473.1
     1     1    10     4     2    10     0     2   -14.0   42.436  104.659   4691.8    467.7
     1     1    10     4     2     9     0     3   -15.0   42.682  103.819   4691.5    465.0
     1     1    10     4     2     8     0     2   -16.0   42.962  102.988   4817.3    459.8
     1     1    10     4     2     7     0     1   -17.0   43.247  102.141   4958.7    442.9
     1     1    10     4     2     6     0     0   -18.0   43.579  101.306   5091.2    441.1
     1     1    10     4     2     5     0     1   -19.0   43.941  100.548   5141.7    447.5
     1     1    10     4     2     4     0     2   -20.0   44.255   99.812   5122.5    433.6
     1     1    10     4     2     3     0     3   -21.0   44.498   99.044   5074.9    421.6
     1     1    10     4     2     2     0     2   -22.0   44.715   98.275   4968.3    407.1
     1     1    10     4     2     1     0     1   -23.0   44.937   97.521   4905.3    408.8
     1     1    10     4     2     0     0     0   -24.0   45.152   96.781   4937.0    423.0
     1     1    10     4     1    23     0     1   -25.0   45.360   96.057   4971.6    424.5
     1     1    10     4     1    22     0     2   -26.0   45.560   95.359   5022.8    420.5
     1     1    10     4     1    21     0     3   -27.0   45.749   94.694   5038.8    416.1
     1     1    10     4     1    20     0     2   -28.0   45.942   94.041   4940.0    395.1
     1     1    10     4     1    19     0     1   -29.0   46.139   93.390   4956.9    401.6
     1     1    10     4     1    18     0     0   -30.0   46.334   92.757   4985.5    409.0
     1     1    10     4     1    17     0     1   -31.0   46.531   92.143   5017.2    406.0
     1     1    10     4     1    16     0     2   -32.0   46.745   91.539   5036.0    386.9
     1     1    10     4     1    15     0     3   -33.0   46.973   90.936   4989.4    368.4
     1     1    10     4     1    14     0     2   -34.0   47.213   90.368   5066.8    392.0
     1     1    10     4     1    13     0     1   -35.0   47.460   89.835   5084.9    399.6
     1     1    10     4     1    12     0     0   -36.0   47.707   89.310   5114.9    397.7
     1     1    10     4     1    11     0     1   -37.0   47.951   88.801   5148.4    389.6
     1     1    10     4     1    10     0     2   -38.0   48.190   88.311   5225.0    393.7
     1     1    10     4     1     9     0     3   -39.0   48.418   87.822   5262.0    394.9
     1     1    10     4     1     8     0     2   -40.0   48.648   87.337   5300.4    396.6
     1     1    10     4     1     7     0     1   -41.0   48.898   86.866   5331.6    389.5
     1     1    10     4     1     6     0     0   -42.0   49.162   86.406   5385.8    387.7
     1     1    10     4     1     5     0     1   -43.0   49.443   85.949   5449.5    393.8
     1     1    10     4     1     4     0     2   -44.0   49.751   85.492   5512.9    399.3
     1     1    10     4     1     3     0     3   -45.0   50.085   85.044   5601.5    402.7
     1     1    10     4     1     2     0     2   -46.0   50.435   84.573   5705.2    405.7
     1     1    10     4     1     1     0     1   -47.0   50.800   84.044   5788.8    405.3
     1     1    10     4     1     0     0     0   -48.0   51.178   83.462   5969.9    417.2
     1     1    10     3    31    23     0     1   -49.0   51.549   82.842   6170.6    431.2
     1     1    10     3    31    22     0     2   -50.0   51.916   82.185   6302.3    437.3
     1     1    10     3    31    21     0     3   -51.0   52.300   81.465   6374.0    433.6
     1     1    10     3    31    20     0     2   -52.0   52.682   80.696   6420.7    433.4
     1     1    10     3    31    19     0     1   -53.0   53.041   79.893   6426.3    437.1
     1     1    10     3    31    18     0     0   -54.0   53.387   79.035   6394.3    439.9
     1     1    10     3    31    17     0     1   -55.0   53.721   78.118   6388.2    440.8
     1     1    10     3    31    16     0     2   -56.0   54.040   77.147   6416.0    439.1
     1     1    10     3    31    15     0     3   -57.0   54.330   76.120   6449.9    437.2
     1     1    10     3    31    14     0     2   -58.0   54.584   75.059   6459.7    437.2
     1     1    10     3    31    13     0     1   -59.0   54.811   73.988   6431.9    438.6
     1     1    10     3    31    12     0     0   -60.0   55.010   72.903   6419.3    441.6
     1     1    10     3    31    11     0     1   -61.0   55.181   71.791   6389.7    441.3
     1     1    10     3    31    10     0     2   -62.0   55.332   70.670   6340.4    444.2
     1     1    10     3    31     9     0     3   -63.0   55.462   69.566   6285.8    447.8
     1     1    10     3    31     8     0     2   -64.0   55.565   68.480   6239.7    450.1
     1     1    10     3    31     7     0     1   -65.0   55.649   67.398   6185.5    453.1
     1     1    10     3    31     6     0     0   -66.0   55.714   66.330   6138.1    457.1
     1     1    10     3    31     5     0     1   -67.0   55.748   65.296   6109.3    459.6
     1     1    10     3    31     4     0     2   -68.0   55.753   64.305   6074.4    460.2
     1     1    10     3    31     3     0     3   -69.0   55.749   63.358   6032.2    462.3
     1     1    10     3    31     2     0     2   -70.0   55.740   62.445   5985.9    464.8
     1     1    10     3    31     1     0     1   -71.0   55.715   61.546   5981.4    462.2
     1     1    10     3    31     0     0     0   -72.0   55.674   60.669   5987.5    455.7
     1     1    10     3    30    23     0     1   -73.0   55.613   59.829   5980.1    447.6
     1     1    10     3    30    22     0     2   -74.0   55.526   59.030   5997.5    446.8
     1     1    10     3    30    21     0     3   -75.0   55.420   58.263   6010.4    448.5
     1     1    10     3    30    20     0     2   -76.0   55.315   57.535   6010.0    454.1
     1     1    10     3    30    19     0     1   -77.0   55.216   56.853   5989.3    462.1
     1     1    10     3    30    18     0     0   -78.0   55.120   56.203   5957.8    470.0
     1     1    10     3    30    17     0     1   -79.0   55.025   55.556   5930.7    472.6
     1     1    10     3    30    16     0     2   -80.0   54.925   54.893   5908.1    471.9
     1     1    10     3    30    15     0     3   -81.0   54.810   54.231   5890.8    470.0
     1     1    10     3    30    14     0     2   -82.0   54.668   53.576   5890.3    468.9
     1     1    10     3    30    13     0     1   -83.0   54.494   52.933   5899.3    468.9
     1     1    10     3    30    12     0     0   -84.0   54.294   52.320   5900.6    469.5
     1     1    10     3    30    11     0     1   -85.0   54.074   51.747   5889.5    471.8
     1     1    10     3    30    10     0     2   -86.0   53.846   51.217   5878.1    474.6
     1     1    10     3    30     9     0     3   -87.0   53.614   50.725   5868.2    477.0
     1     1    10     3    30     8     0     2   -88.0   53.380   50.274   5851.6    478.7
     1     1    10     3    30     7     0     1   -89.0   53.148   49.861   5828.9    481.1
     1     1    10     3    30     6     0     0   -90.0   52.921   49.480   5810.3    482.9
     1     1    10     3    30     5     0     1   -91.0   52.693   49.109   5791.7    483.9
     1     1    10     3    30     4     0     2   -92.0   52.455   48.736   5760.4    485.9
     1     1    10     3    30     3     0     3   -93.0   52.221   48.356   5721.4    489.1
     1     1    10     3    30     2     0     2   -94.0   51.980   47.975   5699.8    492.8
     1     1    10     3    30     1     0     1   -95.0   51.717   47.605   5706.3    491.3
     1     1    10     3    30     0     0     0   -96.0   51.436   47.238   5744.9    488.4
