     7     1
    GDAS    10     3    22     0     0
    GDAS    10     4     8     0     0
    GDAS    10     4    15     0     0
    GDAS    10     4    22     0     0
    GDAS    10     4    29     0     0
    GDAS    10     4     1     0     0
    GDAS    10     3    29     0     0
     1 BACKWARD OMEGA   
    10     4     8    18   39.977  116.381  4400.0
     1 PRESSURE
     1     1    10     4     8    18     0     0     0.0   39.977  116.381   4161.0    585.1
     1     1    10     4     8    17     0     1    -1.0   39.750  115.389   3897.1    572.3
     1     1    10     4     8    16     0     2    -2.0   39.626  114.328   3930.4    543.0
     1     1    10     4     8    15     0     3    -3.0   39.609  113.169   4037.8    512.2
     1     1    10     4     8    14     0     2    -4.0   39.584  112.008   3778.2    525.0
     1     1    10     4     8    13     0     1    -5.0   39.521  110.961   3537.5    564.8
     1     1    10     4     8    12     0     0    -6.0   39.427  110.051   3286.5    581.6
     1     1    10     4     8    11     0     1    -7.0   39.357  109.184   3354.8    567.4
     1     1    10     4     8    10     0     2    -8.0   39.342  108.298   3434.2    554.0
     1     1    10     4     8     9     0     3    -9.0   39.362  107.390   3371.0    569.1
     1     1    10     4     8     8     0     2   -10.0   39.408  106.453   3402.6    564.5
     1     1    10     4     8     7     0     1   -11.0   39.479  105.470   3430.6    559.1
     1     1    10     4     8     6     0     0   -12.0   39.585  104.465   3349.4    561.2
     1     1    10     4     8     5     0     1   -13.0   39.718  103.452   3241.3    569.7
     1     1    10     4     8     4     0     2   -14.0   39.850  102.405   3306.3    567.3
     1     1    10     4     8     3     0     3   -15.0   39.982  101.323   3428.2    561.4
     1     1    10     4     8     2     0     2   -16.0   40.136  100.233   3351.9    565.2
     1     1    10     4     8     1     0     1   -17.0   40.278   99.194   3154.5    588.2
     1     1    10     4     8     0     0     0   -18.0   40.369   98.126   3053.2    579.9
     1     1    10     4     7    23     0     1   -19.0   40.367   96.970   3042.5    543.0
     1     1    10     4     7    22     0     2   -20.0   40.283   95.875   3079.3    548.0
     1     1    10     4     7    21     0     3   -21.0   40.143   94.926   3163.4    567.8
     1     1    10     4     7    20     0     2   -22.0   39.980   94.098   3179.5    594.6
     1     1    10     4     7    19     0     1   -23.0   39.830   93.340   3116.3    581.7
     1     1    10     4     7    18     0     0   -24.0   39.694   92.649   3067.0    568.9
     1     1    10     4     7    17     0     1   -25.0   39.603   91.982   2847.2    571.2
     1     1    10     4     7    16     0     2   -26.0   39.536   91.305   2435.7    593.6
     1     1    10     4     7    15     0     3   -27.0   39.456   90.621   2015.9    625.4
     1     1    10     4     7    14     0     2   -28.0   39.351   89.965   1729.8    655.7
     1     1    10     4     7    13     0     1   -29.0   39.213   89.362   1695.6    671.0
     1     1    10     4     7    12     0     0   -30.0   39.032   88.802   1923.8    664.6
     1     1    10     4     7    11     0     1   -31.0   38.871   88.247   2159.0    637.8
     1     1    10     4     7    10     0     2   -32.0   38.753   87.725   2189.9    634.1
     1     1    10     4     7     9     0     3   -33.0   38.655   87.237   2104.8    637.5
     1     1    10     4     7     8     0     2   -34.0   38.558   86.811   2015.1    647.5
     1     1    10     4     7     7     0     1   -35.0   38.443   86.438   2002.9    655.4
     1     1    10     4     7     6     0     0   -36.0   38.293   86.072   2109.4    661.2
     1     1    10     4     7     5     0     1   -37.0   38.108   85.699   2241.7    648.3
     1     1    10     4     7     4     0     2   -38.0   37.924   85.345   2253.3    635.0
     1     1    10     4     7     3     0     3   -39.0   37.755   85.003   2132.3    622.2
     1     1    10     4     7     2     0     2   -40.0   37.609   84.695   2035.1    620.3
     1     1    10     4     7     1     0     1   -41.0   37.477   84.431   2063.5    609.3
     1     1    10     4     7     0     0     0   -42.0   37.354   84.188   2218.6    595.6
     1     1    10     4     6    23     0     1   -43.0   37.253   83.934   2463.1    580.3
     1     1    10     4     6    22     0     2   -44.0   37.191   83.657   2725.0    569.8
     1     1    10     4     6    21     0     3   -45.0   37.171   83.350   2997.5    566.3
     1     1    10     4     6    20     0     2   -46.0   37.180   83.002   3322.6    565.2
     1     1    10     4     6    19     0     1   -47.0   37.216   82.618   3649.4    545.2
     1     1    10     4     6    18     0     0   -48.0   37.270   82.220   3976.0    530.5
     1     1    10     4     6    17     0     1   -49.0   37.336   81.796   4271.2    510.3
     1     1    10     4     6    16     0     2   -50.0   37.416   81.341   4483.9    495.5
     1     1    10     4     6    15     0     3   -51.0   37.516   80.870   4630.2    485.9
     1     1    10     4     6    14     0     2   -52.0   37.620   80.400   4763.4    478.2
     1     1    10     4     6    13     0     1   -53.0   37.720   79.925   4908.7    466.9
     1     1    10     4     6    12     0     0   -54.0   37.810   79.429   5036.9    456.9
     1     1    10     4     6    11     0     1   -55.0   37.892   78.914   5168.2    449.3
     1     1    10     4     6    10     0     2   -56.0   37.970   78.420   5276.2    443.6
     1     1    10     4     6     9     0     3   -57.0   38.021   77.966   5317.1    444.0
     1     1    10     4     6     8     0     2   -58.0   38.063   77.533   5303.0    439.2
     1     1    10     4     6     7     0     1   -59.0   38.140   77.088   5319.2    431.4
     1     1    10     4     6     6     0     0   -60.0   38.248   76.591   5276.5    404.2
     1     1    10     4     6     5     0     1   -61.0   38.415   76.003   5324.1    372.5
     1     1    10     4     6     4     0     2   -62.0   38.635   75.332   5355.6    334.0
     1     1    10     4     6     3     0     3   -63.0   38.865   74.593   5285.1    302.0
     1     1    10     4     6     2     0     2   -64.0   39.112   73.823   5253.6    286.4
     1     1    10     4     6     1     0     1   -65.0   39.366   73.037   5497.5    292.6
     1     1    10     4     6     0     0     0   -66.0   39.557   72.257   5747.1    310.3
     1     1    10     4     5    23     0     1   -67.0   39.710   71.532   5975.9    336.4
     1     1    10     4     5    22     0     2   -68.0   39.859   70.887   6219.9    356.2
     1     1    10     4     5    21     0     3   -69.0   39.980   70.311   6451.6    362.8
     1     1    10     4     5    20     0     2   -70.0   40.099   69.759   6663.2    368.9
     1     1    10     4     5    19     0     1   -71.0   40.226   69.195   6927.1    379.4
     1     1    10     4     5    18     0     0   -72.0   40.330   68.651   7127.0    378.0
     1     1    10     4     5    17     0     1   -73.0   40.412   68.111   7226.9    376.1
     1     1    10     4     5    16     0     2   -74.0   40.486   67.548   7301.7    376.2
     1     1    10     4     5    15     0     3   -75.0   40.538   66.985   7414.7    371.2
     1     1    10     4     5    14     0     2   -76.0   40.581   66.398   7542.3    363.4
     1     1    10     4     5    13     0     1   -77.0   40.636   65.748   7661.6    359.3
     1     1    10     4     5    12     0     0   -78.0   40.699   65.085   7769.3    363.0
     1     1    10     4     5    11     0     1   -79.0   40.758   64.406   7785.7    360.4
     1     1    10     4     5    10     0     2   -80.0   40.801   63.680   7801.3    359.5
     1     1    10     4     5     9     0     3   -81.0   40.824   62.917   7865.1    361.9
     1     1    10     4     5     8     0     2   -82.0   40.817   62.115   7889.7    359.9
     1     1    10     4     5     7     0     1   -83.0   40.792   61.287   7887.5    362.4
     1     1    10     4     5     6     0     0   -84.0   40.749   60.441   7877.1    362.3
     1     1    10     4     5     5     0     1   -85.0   40.653   59.561   7894.2    361.0
     1     1    10     4     5     4     0     2   -86.0   40.502   58.605   7931.1    360.3
     1     1    10     4     5     3     0     3   -87.0   40.312   57.555   7946.0    360.5
     1     1    10     4     5     2     0     2   -88.0   40.102   56.442   7868.1    362.3
     1     1    10     4     5     1     0     1   -89.0   39.880   55.304   7701.3    368.6
     1     1    10     4     5     0     0     0   -90.0   39.616   54.141   7605.7    375.2
     1     1    10     4     4    23     0     1   -91.0   39.348   52.972   7611.4    382.1
     1     1    10     4     4    22     0     2   -92.0   39.105   51.787   7622.5    384.5
     1     1    10     4     4    21     0     3   -93.0   38.835   50.595   7514.8    388.1
     1     1    10     4     4    20     0     2   -94.0   38.575   49.401   7318.3    391.4
     1     1    10     4     4    19     0     1   -95.0   38.372   48.114   6937.4    341.0
     1     1    10     4     4    18     0     0   -96.0   38.221   46.772   6792.5    335.6
