     5     1
    GDAS    10     3     1     0     0
    GDAS    10     3     8     0     0
    GDAS    10     3    15     0     0
    GDAS    10     3    22     0     0
    GDAS    10     3    29     0     0
     1 BACKWARD OMEGA   
    10     3    24    12   39.977  116.381  3400.0
     1 PRESSURE
     1     1    10     3    24    12     0     0     0.0   39.977  116.381   3164.4    663.0
     1     1    10     3    24    11     0     1    -1.0   40.083  116.202   2825.0    671.8
     1     1    10     3    24    10     0     2    -2.0   40.202  116.062   2302.2    708.9
     1     1    10     3    24     9     0     3    -3.0   40.299  115.974   1707.9    761.5
     1     1    10     3    24     8     0     2    -4.0   40.371  115.933   1189.9    816.7
     1     1    10     3    24     7     0     1    -5.0   40.449  115.897    840.1    846.0
     1     1    10     3    24     6     0     0    -6.0   40.538  115.837    631.9    854.9
     1     1    10     3    24     5     0     1    -7.0   40.638  115.755    525.0    852.7
     1     1    10     3    24     4     0     2    -8.0   40.748  115.669    484.5    843.9
     1     1    10     3    24     3     0     3    -9.0   40.865  115.581    481.7    832.6
     1     1    10     3    24     2     0     2   -10.0   41.002  115.483    530.5    820.6
     1     1    10     3    24     1     0     1   -11.0   41.172  115.351    633.1    803.4
     1     1    10     3    24     0     0     0   -12.0   41.350  115.173    750.9    785.9
     1     1    10     3    23    23     0     1   -13.0   41.530  114.957    854.6    770.6
     1     1    10     3    23    22     0     2   -14.0   41.731  114.715    942.4    760.6
     1     1    10     3    23    21     0     3   -15.0   41.970  114.416   1038.0    748.9
     1     1    10     3    23    20     0     2   -16.0   42.212  114.070   1150.3    744.0
     1     1    10     3    23    19     0     1   -17.0   42.413  113.710   1257.4    741.8
     1     1    10     3    23    18     0     0   -18.0   42.586  113.334   1355.3    740.4
     1     1    10     3    23    17     0     1   -19.0   42.749  112.943   1432.6    736.7
     1     1    10     3    23    16     0     2   -20.0   42.916  112.559   1466.7    738.8
     1     1    10     3    23    15     0     3   -21.0   43.093  112.189   1475.0    743.2
     1     1    10     3    23    14     0     2   -22.0   43.271  111.823   1529.1    742.6
     1     1    10     3    23    13     0     1   -23.0   43.441  111.424   1651.9    727.9
     1     1    10     3    23    12     0     0   -24.0   43.605  110.992   1778.8    711.6
     1     1    10     3    23    11     0     1   -25.0   43.777  110.548   1884.9    706.1
     1     1    10     3    23    10     0     2   -26.0   43.967  110.105   2001.7    705.3
     1     1    10     3    23     9     0     3   -27.0   44.168  109.661   2110.2    692.6
     1     1    10     3    23     8     0     2   -28.0   44.367  109.213   2175.9    682.5
     1     1    10     3    23     7     0     1   -29.0   44.565  108.741   2234.4    673.5
     1     1    10     3    23     6     0     0   -30.0   44.766  108.217   2330.2    660.2
     1     1    10     3    23     5     0     1   -31.0   44.986  107.612   2461.6    645.6
     1     1    10     3    23     4     0     2   -32.0   45.210  106.905   2578.2    623.6
     1     1    10     3    23     3     0     3   -33.0   45.399  106.121   2654.8    605.8
     1     1    10     3    23     2     0     2   -34.0   45.550  105.293   2719.2    598.1
     1     1    10     3    23     1     0     1   -35.0   45.684  104.448   2774.8    591.7
     1     1    10     3    23     0     0     0   -36.0   45.798  103.566   2811.5    579.5
     1     1    10     3    22    23     0     1   -37.0   45.871  102.639   2728.9    561.9
     1     1    10     3    22    22     0     2   -38.0   45.924  101.676   2572.0    552.6
     1     1    10     3    22    21     0     3   -39.0   45.982  100.751   2507.8    566.1
     1     1    10     3    22    20     0     2   -40.0   46.067   99.969   2506.6    585.5
     1     1    10     3    22    19     0     1   -41.0   46.183   99.276   2485.2    580.1
     1     1    10     3    22    18     0     0   -42.0   46.335   98.574   2492.7    573.4
     1     1    10     3    22    17     0     1   -43.0   46.543   97.784   2533.7    556.1
     1     1    10     3    22    16     0     2   -44.0   46.804   96.894   2622.4    547.6
     1     1    10     3    22    15     0     3   -45.0   47.070   96.049   2666.1    549.5
     1     1    10     3    22    14     0     2   -46.0   47.312   95.289   2633.6    570.4
     1     1    10     3    22    13     0     1   -47.0   47.516   94.572   2586.7    590.4
     1     1    10     3    22    12     0     0   -48.0   47.667   93.852   2624.3    603.6
     1     1    10     3    22    11     0     1   -49.0   47.799   93.142   2633.4    595.7
     1     1    10     3    22    10     0     2   -50.0   47.915   92.513   2617.0    605.4
     1     1    10     3    22     9     0     3   -51.0   48.065   91.864   2714.1    589.4
     1     1    10     3    22     8     0     2   -52.0   48.318   90.898   2882.9    522.6
     1     1    10     3    22     7     0     1   -53.0   48.660   89.474   2911.1    503.3
     1     1    10     3    22     6     0     0   -54.0   49.040   87.810   2956.1    483.3
     1     1    10     3    22     5     0     1   -55.0   49.322   86.193   2925.2    538.2
     1     1    10     3    22     4     0     2   -56.0   49.414   84.860   2833.3    585.8
     1     1    10     3    22     3     0     3   -57.0   49.405   83.786   2637.8    650.3
     1     1    10     3    22     2     0     2   -58.0   49.363   82.835   2436.2    679.0
     1     1    10     3    22     1     0     1   -59.0   49.327   81.935   2257.9    710.9
     1     1    10     3    22     0     0     0   -60.0   49.329   81.087   2069.9    734.3
     1     1    10     3    21    23     0     1   -61.0   49.367   80.265   1941.2    752.3
     1     1    10     3    21    22     0     2   -62.0   49.413   79.442   1882.5    754.0
     1     1    10     3    21    21     0     3   -63.0   49.464   78.601   1853.2    750.0
     1     1    10     3    21    20     0     2   -64.0   49.529   77.725   1828.9    745.0
     1     1    10     3    21    19     0     1   -65.0   49.599   76.817   1808.8    736.1
     1     1    10     3    21    18     0     0   -66.0   49.670   75.902   1759.4    739.1
     1     1    10     3    21    17     0     1   -67.0   49.746   74.983   1663.6    752.0
     1     1    10     3    21    16     0     2   -68.0   49.840   74.078   1576.5    774.2
     1     1    10     3    21    15     0     3   -69.0   49.949   73.200   1530.9    784.9
     1     1    10     3    21    14     0     2   -70.0   50.049   72.341   1476.7    797.8
     1     1    10     3    21    13     0     1   -71.0   50.133   71.499   1401.8    811.5
     1     1    10     3    21    12     0     0   -72.0   50.215   70.674   1349.1    820.2
     1     1    10     3    21    11     0     1   -73.0   50.284   69.904   1297.0    829.2
     1     1    10     3    21    10     0     2   -74.0   50.316   69.164   1232.8    836.1
     1     1    10     3    21     9     0     3   -75.0   50.341   68.433   1176.2    843.3
     1     1    10     3    21     8     0     2   -76.0   50.352   67.695   1131.0    846.3
     1     1    10     3    21     7     0     1   -77.0   50.338   66.953   1065.3    852.6
     1     1    10     3    21     6     0     0   -78.0   50.312   66.232    980.7    872.0
     1     1    10     3    21     5     0     1   -79.0   50.262   65.527    879.0    890.4
     1     1    10     3    21     4     0     2   -80.0   50.176   64.809    769.6    910.4
     1     1    10     3    21     3     0     3   -81.0   50.074   64.072    686.4    924.0
     1     1    10     3    21     2     0     2   -82.0   49.952   63.338    628.4    928.4
     1     1    10     3    21     1     0     1   -83.0   49.798   62.611    588.6    931.6
     1     1    10     3    21     0     0     0   -84.0   49.629   61.868    564.1    932.5
     1     1    10     3    20    23     0     1   -85.0   49.448   61.117    534.4    931.2
     1     1    10     3    20    22     0     2   -86.0   49.247   60.368    505.6    936.7
     1     1    10     3    20    21     0     3   -87.0   49.014   59.601    506.8    931.0
     1     1    10     3    20    20     0     2   -88.0   48.759   58.805    535.8    919.6
     1     1    10     3    20    19     0     1   -89.0   48.469   58.021    513.0    924.9
     1     1    10     3    20    18     0     0   -90.0   48.140   57.271    458.4    942.9
     1     1    10     3    20    17     0     1   -91.0   47.803   56.570    403.7    957.2
     1     1    10     3    20    16     0     2   -92.0   47.484   55.921    341.6    970.3
     1     1    10     3    20    15     0     3   -93.0   47.175   55.304    279.9    983.7
     1     1    10     3    20    14     0     2   -94.0   46.889   54.740    222.4    996.7
     1     1    10     3    20    13     0     1   -95.0   46.642   54.251    184.7   1007.6
     1     1    10     3    20    12     0     0   -96.0   46.418   53.805    169.3   1010.6
