     7     1
    GDAS    10     3    22     0     0
    GDAS    10     4     8     0     0
    GDAS    10     4    15     0     0
    GDAS    10     4    22     0     0
    GDAS    10     4    29     0     0
    GDAS    10     4     1     0     0
    GDAS    10     3    29     0     0
     1 BACKWARD OMEGA   
    10     4     7     0   39.977  116.381  4400.0
     1 PRESSURE
     1     1    10     4     7     0     0     0     0.0   39.977  116.381   4161.6    586.6
     1     1    10     4     6    23     0     1    -1.0   40.325  115.797   4105.4    548.7
     1     1    10     4     6    22     0     2    -2.0   40.706  115.069   4127.0    516.3
     1     1    10     4     6    21     0     3    -3.0   41.118  114.202   4312.6    489.5
     1     1    10     4     6    20     0     2    -4.0   41.514  113.285   4332.2    480.8
     1     1    10     4     6    19     0     1    -5.0   41.891  112.339   4310.6    486.4
     1     1    10     4     6    18     0     0    -6.0   42.253  111.377   4304.0    500.4
     1     1    10     4     6    17     0     1    -7.0   42.592  110.397   4306.0    503.9
     1     1    10     4     6    16     0     2    -8.0   42.902  109.429   4277.1    505.7
     1     1    10     4     6    15     0     3    -9.0   43.172  108.493   4239.1    518.9
     1     1    10     4     6    14     0     2   -10.0   43.378  107.593   4141.5    525.2
     1     1    10     4     6    13     0     1   -11.0   43.551  106.706   3986.1    524.1
     1     1    10     4     6    12     0     0   -12.0   43.711  105.810   3896.4    520.9
     1     1    10     4     6    11     0     1   -13.0   43.869  104.911   3905.6    514.8
     1     1    10     4     6    10     0     2   -14.0   44.005  104.061   3901.6    516.0
     1     1    10     4     6     9     0     3   -15.0   44.127  103.255   3809.8    515.2
     1     1    10     4     6     8     0     2   -16.0   44.262  102.460   3769.4    528.0
     1     1    10     4     6     7     0     1   -17.0   44.395  101.652   3844.4    526.1
     1     1    10     4     6     6     0     0   -18.0   44.512  100.827   3965.3    514.7
     1     1    10     4     6     5     0     1   -19.0   44.633   99.965   4039.5    494.2
     1     1    10     4     6     4     0     2   -20.0   44.774   99.080   4014.4    475.9
     1     1    10     4     6     3     0     3   -21.0   44.932   98.199   3879.0    458.6
     1     1    10     4     6     2     0     2   -22.0   45.098   97.330   3878.6    479.7
     1     1    10     4     6     1     0     1   -23.0   45.275   96.471   3976.3    486.1
     1     1    10     4     6     0     0     0   -24.0   45.475   95.618   4111.4    478.3
     1     1    10     4     5    23     0     1   -25.0   45.675   94.766   4264.8    467.7
     1     1    10     4     5    22     0     2   -26.0   45.869   93.880   4243.5    440.0
     1     1    10     4     5    21     0     3   -27.0   46.079   92.969   4259.6    446.6
     1     1    10     4     5    20     0     2   -28.0   46.283   92.063   4310.6    462.3
     1     1    10     4     5    19     0     1   -29.0   46.478   91.158   4323.2    452.8
     1     1    10     4     5    18     0     0   -30.0   46.671   90.284   4420.9    460.5
     1     1    10     4     5    17     0     1   -31.0   46.855   89.489   4546.5    484.6
     1     1    10     4     5    16     0     2   -32.0   47.039   88.768   4667.6    503.7
     1     1    10     4     5    15     0     3   -33.0   47.225   88.101   4710.0    501.9
     1     1    10     4     5    14     0     2   -34.0   47.411   87.432   4731.4    496.4
     1     1    10     4     5    13     0     1   -35.0   47.590   86.718   4788.5    494.3
     1     1    10     4     5    12     0     0   -36.0   47.751   85.990   4865.4    494.9
     1     1    10     4     5    11     0     1   -37.0   47.881   85.274   4959.9    505.7
     1     1    10     4     5    10     0     2   -38.0   47.978   84.574   5006.5    511.6
     1     1    10     4     5     9     0     3   -39.0   48.060   83.912   4961.3    511.4
     1     1    10     4     5     8     0     2   -40.0   48.132   83.293   4921.8    520.1
     1     1    10     4     5     7     0     1   -41.0   48.201   82.696   4895.0    511.4
     1     1    10     4     5     6     0     0   -42.0   48.284   82.115   4866.5    495.9
     1     1    10     4     5     5     0     1   -43.0   48.380   81.538   4883.4    494.0
     1     1    10     4     5     4     0     2   -44.0   48.482   80.967   4908.1    495.0
     1     1    10     4     5     3     0     3   -45.0   48.592   80.419   4931.9    498.0
     1     1    10     4     5     2     0     2   -46.0   48.703   79.884   4950.4    499.3
     1     1    10     4     5     1     0     1   -47.0   48.817   79.346   4950.2    496.4
     1     1    10     4     5     0     0     0   -48.0   48.936   78.800   4939.3    493.3
     1     1    10     4     4    23     0     1   -49.0   49.060   78.261   4930.9    491.0
     1     1    10     4     4    22     0     2   -50.0   49.187   77.751   4937.7    490.1
     1     1    10     4     4    21     0     3   -51.0   49.309   77.261   4952.7    487.9
     1     1    10     4     4    20     0     2   -52.0   49.429   76.787   4979.3    485.4
     1     1    10     4     4    19     0     1   -53.0   49.552   76.337   5018.9    483.9
     1     1    10     4     4    18     0     0   -54.0   49.678   75.919   5066.3    482.6
     1     1    10     4     4    17     0     1   -55.0   49.814   75.512   5115.9    481.8
     1     1    10     4     4    16     0     2   -56.0   49.969   75.097   5152.1    482.3
     1     1    10     4     4    15     0     3   -57.0   50.141   74.674   5176.9    485.8
     1     1    10     4     4    14     0     2   -58.0   50.314   74.246   5192.7    489.5
     1     1    10     4     4    13     0     1   -59.0   50.474   73.806   5205.3    490.5
     1     1    10     4     4    12     0     0   -60.0   50.622   73.348   5211.8    489.3
     1     1    10     4     4    11     0     1   -61.0   50.752   72.906   5218.9    488.6
     1     1    10     4     4    10     0     2   -62.0   50.857   72.522   5247.6    490.2
     1     1    10     4     4     9     0     3   -63.0   50.932   72.196   5293.4    489.9
     1     1    10     4     4     8     0     2   -64.0   50.996   71.912   5346.4    487.7
     1     1    10     4     4     7     0     1   -65.0   51.065   71.658   5392.5    485.5
     1     1    10     4     4     6     0     0   -66.0   51.140   71.442   5431.5    483.8
     1     1    10     4     4     5     0     1   -67.0   51.226   71.243   5474.7    482.1
     1     1    10     4     4     4     0     2   -68.0   51.332   71.038   5532.0    478.4
     1     1    10     4     4     3     0     3   -69.0   51.465   70.825   5600.8    473.6
     1     1    10     4     4     2     0     2   -70.0   51.620   70.599   5661.6    468.3
     1     1    10     4     4     1     0     1   -71.0   51.787   70.356   5697.1    466.1
     1     1    10     4     4     0     0     0   -72.0   51.964   70.096   5709.1    465.8
     1     1    10     4     3    23     0     1   -73.0   52.144   69.821   5715.7    466.6
     1     1    10     4     3    22     0     2   -74.0   52.315   69.537   5732.9    465.3
     1     1    10     4     3    21     0     3   -75.0   52.477   69.245   5757.1    463.3
     1     1    10     4     3    20     0     2   -76.0   52.636   68.954   5778.4    461.2
     1     1    10     4     3    19     0     1   -77.0   52.798   68.671   5790.9    460.3
     1     1    10     4     3    18     0     0   -78.0   52.961   68.394   5798.8    460.1
     1     1    10     4     3    17     0     1   -79.0   53.130   68.122   5819.4    461.6
     1     1    10     4     3    16     0     2   -80.0   53.310   67.857   5854.9    462.4
     1     1    10     4     3    15     0     3   -81.0   53.502   67.605   5893.8    462.6
     1     1    10     4     3    14     0     2   -82.0   53.699   67.360   5938.2    462.7
     1     1    10     4     3    13     0     1   -83.0   53.895   67.111   5996.8    460.6
     1     1    10     4     3    12     0     0   -84.0   54.093   66.853   6062.0    456.6
     1     1    10     4     3    11     0     1   -85.0   54.299   66.601   6111.8    452.0
     1     1    10     4     3    10     0     2   -86.0   54.514   66.364   6133.0    450.7
     1     1    10     4     3     9     0     3   -87.0   54.732   66.136   6131.8    450.9
     1     1    10     4     3     8     0     2   -88.0   54.956   65.911   6127.0    452.4
     1     1    10     4     3     7     0     1   -89.0   55.193   65.686   6132.3    452.7
     1     1    10     4     3     6     0     0   -90.0   55.439   65.457   6143.2    452.3
     1     1    10     4     3     5     0     1   -91.0   55.696   65.217   6160.0    451.6
     1     1    10     4     3     4     0     2   -92.0   55.965   64.967   6188.2    449.9
     1     1    10     4     3     3     0     3   -93.0   56.249   64.716   6234.2    446.9
     1     1    10     4     3     2     0     2   -94.0   56.547   64.456   6283.7    443.0
     1     1    10     4     3     1     0     1   -95.0   56.856   64.187   6322.1    440.8
     1     1    10     4     3     0     0     0   -96.0   57.172   63.916   6341.7    439.2
