     7     1
    GDAS    10     3    22     0     0
    GDAS    10     4     8     0     0
    GDAS    10     4    15     0     0
    GDAS    10     4    22     0     0
    GDAS    10     4    29     0     0
    GDAS    10     4     1     0     0
    GDAS    10     3    29     0     0
     1 BACKWARD OMEGA   
    10     4    23    18   39.977  116.381  8400.0
     1 PRESSURE
     1     1    10     4    23    18     0     0     0.0   39.977  116.381   8156.3    335.0
     1     1    10     4    23    17     0     1    -1.0   40.703  115.106   8104.4    287.8
     1     1    10     4    23    16     0     2    -2.0   41.397  113.752   8202.4    277.1
     1     1    10     4    23    15     0     3    -3.0   42.025  112.401   8203.3    278.9
     1     1    10     4    23    14     0     2    -4.0   42.623  111.030   8387.3    283.8
     1     1    10     4    23    13     0     1    -5.0   43.189  109.602   8573.5    275.2
     1     1    10     4    23    12     0     0    -6.0   43.696  108.117   8740.0    273.0
     1     1    10     4    23    11     0     1    -7.0   44.125  106.546   8725.5    260.7
     1     1    10     4    23    10     0     2    -8.0   44.447  104.987   8696.0    260.7
     1     1    10     4    23     9     0     3    -9.0   44.706  103.433   8652.8    262.6
     1     1    10     4    23     8     0     2   -10.0   44.926  101.854   8538.2    255.2
     1     1    10     4    23     7     0     1   -11.0   45.121  100.280   8454.3    254.6
     1     1    10     4    23     6     0     0   -12.0   45.296   98.719   8330.3    247.7
     1     1    10     4    23     5     0     1   -13.0   45.470   97.201   8321.1    252.3
     1     1    10     4    23     4     0     2   -14.0   45.650   95.730   8293.7    259.0
     1     1    10     4    23     3     0     3   -15.0   45.832   94.263   8177.7    254.4
     1     1    10     4    23     2     0     2   -16.0   46.054   92.820   8162.5    256.3
     1     1    10     4    23     1     0     1   -17.0   46.336   91.431   8211.0    264.8
     1     1    10     4    23     0     0     0   -18.0   46.698   90.117   8263.3    269.1
     1     1    10     4    22    23     0     1   -19.0   47.168   88.816   8492.8    284.7
     1     1    10     4    22    22     0     2   -20.0   47.726   87.561   8503.8    280.3
     1     1    10     4    22    21     0     3   -21.0   48.346   86.298   8538.9    284.0
     1     1    10     4    22    20     0     2   -22.0   49.002   85.008   8448.9    271.3
     1     1    10     4    22    19     0     1   -23.0   49.744   83.756   8699.0    282.5
     1     1    10     4    22    18     0     0   -24.0   50.559   82.529   8911.0    289.2
     1     1    10     4    22    17     0     1   -25.0   51.505   81.279   9125.5    292.1
     1     1    10     4    22    16     0     2   -26.0   52.599   80.012   9225.1    293.5
     1     1    10     4    22    15     0     3   -27.0   53.743   78.628   9270.9    292.5
     1     1    10     4    22    14     0     2   -28.0   54.919   77.141   9347.0    290.1
     1     1    10     4    22    13     0     1   -29.0   56.123   75.559   9411.0    285.8
     1     1    10     4    22    12     0     0   -30.0   57.303   73.800   9511.5    282.1
     1     1    10     4    22    11     0     1   -31.0   58.493   71.881   9632.2    275.7
     1     1    10     4    22    10     0     2   -32.0   59.611   69.814   9773.3    270.4
     1     1    10     4    22     9     0     3   -33.0   60.636   67.542   9867.4    265.7
     1     1    10     4    22     8     0     2   -34.0   61.579   64.925   9890.3    261.8
     1     1    10     4    22     7     0     1   -35.0   62.296   61.943   9905.4    261.7
     1     1    10     4    22     6     0     0   -36.0   62.804   58.706   9777.5    254.1
     1     1    10     4    22     5     0     1   -37.0   63.083   55.273   9792.2    261.3
     1     1    10     4    22     4     0     2   -38.0   63.045   51.870   9703.2    265.4
     1     1    10     4    22     3     0     3   -39.0   62.695   48.553   9620.2    268.3
     1     1    10     4    22     2     0     2   -40.0   62.036   45.667   9579.4    271.8
     1     1    10     4    22     1     0     1   -41.0   61.134   43.256   9465.0    275.9
     1     1    10     4    22     0     0     0   -42.0   60.070   41.152   9251.5    282.2
     1     1    10     4    21    23     0     1   -43.0   58.889   39.525   9073.5    291.0
     1     1    10     4    21    22     0     2   -44.0   57.610   38.333   8892.3    300.6
     1     1    10     4    21    21     0     3   -45.0   56.258   37.428   8635.9    310.5
     1     1    10     4    21    20     0     2   -46.0   54.948   36.779   8417.6    321.6
     1     1    10     4    21    19     0     1   -47.0   53.686   36.311   8281.1    326.2
     1     1    10     4    21    18     0     0   -48.0   52.431   36.010   8175.9    331.5
     1     1    10     4    21    17     0     1   -49.0   51.257   35.792   8052.3    339.0
     1     1    10     4    21    16     0     2   -50.0   50.150   35.641   7927.8    347.4
     1     1    10     4    21    15     0     3   -51.0   49.069   35.642   7743.8    359.2
     1     1    10     4    21    14     0     2   -52.0   48.060   35.726   7535.3    372.6
     1     1    10     4    21    13     0     1   -53.0   47.117   35.850   7373.8    382.4
     1     1    10     4    21    12     0     0   -54.0   46.217   36.086   7147.6    398.6
     1     1    10     4    21    11     0     1   -55.0   45.399   36.355   6837.4    417.8
     1     1    10     4    21    10     0     2   -56.0   44.700   36.614   6474.8    438.9
     1     1    10     4    21     9     0     3   -57.0   44.144   36.939   5995.5    466.8
     1     1    10     4    21     8     0     2   -58.0   43.726   37.231   5450.5    511.7
     1     1    10     4    21     7     0     1   -59.0   43.359   37.418   5054.2    541.9
     1     1    10     4    21     6     0     0   -60.0   42.987   37.602   4842.5    556.2
     1     1    10     4    21     5     0     1   -61.0   42.594   37.795   4678.3    557.8
     1     1    10     4    21     4     0     2   -62.0   42.235   37.884   4497.1    573.3
     1     1    10     4    21     3     0     3   -63.0   41.913   37.834   4357.4    583.4
     1     1    10     4    21     2     0     2   -64.0   41.599   37.694   4140.1    584.7
     1     1    10     4    21     1     0     1   -65.0   41.296   37.486   3838.9    610.0
     1     1    10     4    21     0     0     0   -66.0   40.975   37.172   3672.8    618.0
     1     1    10     4    20    23     0     1   -67.0   40.595   36.819   3541.1    583.5
     1     1    10     4    20    22     0     2   -68.0   40.160   36.487   3433.7    570.8
     1     1    10     4    20    21     0     3   -69.0   39.696   36.146   3406.1    563.7
     1     1    10     4    20    20     0     2   -70.0   39.238   35.778   3341.5    562.1
     1     1    10     4    20    19     0     1   -71.0   38.804   35.386   3232.8    574.9
     1     1    10     4    20    18     0     0   -72.0   38.395   34.964   3100.8    579.3
     1     1    10     4    20    17     0     1   -73.0   38.042   34.511   3014.0    597.3
     1     1    10     4    20    16     0     2   -74.0   37.734   34.023   2986.7    605.6
     1     1    10     4    20    15     0     3   -75.0   37.418   33.475   2958.4    602.2
     1     1    10     4    20    14     0     2   -76.0   37.054   32.828   3045.6    603.1
     1     1    10     4    20    13     0     1   -77.0   36.654   32.136   3239.0    606.8
     1     1    10     4    20    12     0     0   -78.0   36.277   31.486   3412.4    651.4
     1     1    10     4    20    11     0     1   -79.0   35.946   30.861   3486.4    664.8
     1     1    10     4    20    10     0     2   -80.0   35.681   30.231   3510.2    663.4
     1     1    10     4    20     9     0     3   -81.0   35.468   29.546   3579.5    655.7
     1     1    10     4    20     8     0     2   -82.0   35.263   28.821   3622.9    651.8
     1     1    10     4    20     7     0     1   -83.0   35.044   28.089   3653.5    651.8
     1     1    10     4    20     6     0     0   -84.0   34.839   27.350   3771.3    646.1
     1     1    10     4    20     5     0     1   -85.0   34.654   26.600   3909.7    628.1
     1     1    10     4    20     4     0     2   -86.0   34.474   25.838   3960.1    621.6
     1     1    10     4    20     3     0     3   -87.0   34.310   25.018   4013.5    618.3
     1     1    10     4    20     2     0     2   -88.0   34.157   24.104   4144.6    610.4
     1     1    10     4    20     1     0     1   -89.0   34.007   23.103   4273.2    601.0
     1     1    10     4    20     0     0     0   -90.0   33.840   22.062   4264.9    599.2
     1     1    10     4    19    23     0     1   -91.0   33.633   21.053   4197.3    608.5
     1     1    10     4    19    22     0     2   -92.0   33.416   20.106   4144.8    614.1
     1     1    10     4    19    21     0     3   -93.0   33.186   19.220   4109.5    616.5
     1     1    10     4    19    20     0     2   -94.0   32.937   18.377   4032.8    623.3
     1     1    10     4    19    19     0     1   -95.0   32.705   17.549   3975.5    628.0
     1     1    10     4    19    18     0     0   -96.0   32.484   16.744   3919.3    631.9
