     7     1
    GDAS    10     3    22     0     0
    GDAS    10     4     8     0     0
    GDAS    10     4    15     0     0
    GDAS    10     4    22     0     0
    GDAS    10     4    29     0     0
    GDAS    10     4     1     0     0
    GDAS    10     3    29     0     0
     1 BACKWARD OMEGA   
    10     4     6     0   39.977  116.381  4800.0
     1 PRESSURE
     1     1    10     4     6     0     0     0     0.0   39.977  116.381   4559.1    550.0
     1     1    10     4     5    23     0     1    -1.0   40.406  115.444   4484.2    500.2
     1     1    10     4     5    22     0     2    -2.0   40.867  114.280   4597.7    468.0
     1     1    10     4     5    21     0     3    -3.0   41.356  113.117   4680.9    450.7
     1     1    10     4     5    20     0     2    -4.0   41.884  112.018   4840.4    446.2
     1     1    10     4     5    19     0     1    -5.0   42.475  111.008   5061.2    450.3
     1     1    10     4     5    18     0     0    -6.0   43.122  110.119   5258.5    441.0
     1     1    10     4     5    17     0     1    -7.0   43.792  109.277   5469.3    438.7
     1     1    10     4     5    16     0     2    -8.0   44.460  108.454   5616.6    422.8
     1     1    10     4     5    15     0     3    -9.0   45.140  107.684   5706.2    412.3
     1     1    10     4     5    14     0     2   -10.0   45.818  106.954   5799.7    392.1
     1     1    10     4     5    13     0     1   -11.0   46.501  106.270   5905.9    380.7
     1     1    10     4     5    12     0     0   -12.0   47.190  105.658   6025.5    377.5
     1     1    10     4     5    11     0     1   -13.0   47.847  105.123   6152.4    377.6
     1     1    10     4     5    10     0     2   -14.0   48.459  104.656   6255.0    377.6
     1     1    10     4     5     9     0     3   -15.0   49.075  104.233   6326.0    368.8
     1     1    10     4     5     8     0     2   -16.0   49.692  103.839   6390.1    357.3
     1     1    10     4     5     7     0     1   -17.0   50.292  103.473   6472.0    345.7
     1     1    10     4     5     6     0     0   -18.0   50.905  103.112   6555.5    326.7
     1     1    10     4     5     5     0     1   -19.0   51.502  102.715   6783.4    324.6
     1     1    10     4     5     4     0     2   -20.0   52.053  102.282   6903.8    321.8
     1     1    10     4     5     3     0     3   -21.0   52.599  101.822   7062.4    330.1
     1     1    10     4     5     2     0     2   -22.0   53.122  101.344   7124.5    334.7
     1     1    10     4     5     1     0     1   -23.0   53.595  100.835   7156.9    338.9
     1     1    10     4     5     0     0     0   -24.0   54.062  100.267   7239.0    347.7
     1     1    10     4     4    23     0     1   -25.0   54.518   99.648   7218.9    346.4
     1     1    10     4     4    22     0     2   -26.0   54.933   98.992   7208.4    347.8
     1     1    10     4     4    21     0     3   -27.0   55.342   98.280   7193.6    349.4
     1     1    10     4     4    20     0     2   -28.0   55.731   97.512   7231.7    355.9
     1     1    10     4     4    19     0     1   -29.0   56.048   96.712   7269.2    359.6
     1     1    10     4     4    18     0     0   -30.0   56.380   95.851   7276.3    360.6
     1     1    10     4     4    17     0     1   -31.0   56.739   94.903   7255.8    362.0
     1     1    10     4     4    16     0     2   -32.0   57.088   93.881   7228.5    363.7
     1     1    10     4     4    15     0     3   -33.0   57.460   92.767   7232.8    366.7
     1     1    10     4     4    14     0     2   -34.0   57.850   91.521   7216.2    368.9
     1     1    10     4     4    13     0     1   -35.0   58.253   90.096   7189.2    371.9
     1     1    10     4     4    12     0     0   -36.0   58.705   88.464   7145.5    374.3
     1     1    10     4     4    11     0     1   -37.0   59.233   86.623   7094.6    378.0
     1     1    10     4     4    10     0     2   -38.0   59.787   84.621   7040.2    379.8
     1     1    10     4     4     9     0     3   -39.0   60.418   82.329   7012.7    382.8
     1     1    10     4     4     8     0     2   -40.0   61.116   79.904   6992.8    384.6
     1     1    10     4     4     7     0     1   -41.0   61.908   77.492   7018.0    382.8
     1     1    10     4     4     6     0     0   -42.0   62.826   75.108   7063.6    379.0
     1     1    10     4     4     5     0     1   -43.0   63.840   72.784   7132.9    376.0
     1     1    10     4     4     4     0     2   -44.0   64.965   70.569   7203.9    374.1
     1     1    10     4     4     3     0     3   -45.0   66.172   68.456   7247.0    372.5
     1     1    10     4     4     2     0     2   -46.0   67.430   66.436   7224.6    360.0
     1     1    10     4     4     1     0     1   -47.0   68.746   64.480   7348.6    363.5
     1     1    10     4     4     0     0     0   -48.0   70.086   62.556   7477.3    362.7
     1     1    10     4     3    23     0     1   -49.0   71.421   60.596   7557.5    359.0
     1     1    10     4     3    22     0     2   -50.0   72.713   58.534   7645.4    355.0
     1     1    10     4     3    21     0     3   -51.0   73.918   56.243   7626.3    340.6
     1     1    10     4     3    20     0     2   -52.0   75.019   53.695   7803.3    348.8
     1     1    10     4     3    19     0     1   -53.0   76.013   50.917   7880.2    344.0
     1     1    10     4     3    18     0     0   -54.0   76.885   47.922   7957.5    340.1
     1     1    10     4     3    17     0     1   -55.0   77.634   44.794   8001.2    338.3
     1     1    10     4     3    16     0     2   -56.0   78.278   41.653   8010.8    338.1
     1     1    10     4     3    15     0     3   -57.0   78.857   38.544   8009.3    338.3
     1     1    10     4     3    14     0     2   -58.0   79.391   35.451   7997.2    338.8
     1     1    10     4     3    13     0     1   -59.0   79.889   32.433   7983.5    338.3
     1     1    10     4     3    12     0     0   -60.0   80.373   29.318   7984.3    338.8
     1     1    10     4     3    11     0     1   -61.0   80.826   26.033   7974.4    337.2
     1     1    10     4     3    10     0     2   -62.0   81.243   22.509   8006.2    337.5
     1     1    10     4     3     9     0     3   -63.0   81.616   18.623   8033.3    335.8
     1     1    10     4     3     8     0     2   -64.0   81.914   14.381   8056.4    334.2
     1     1    10     4     3     7     0     1   -65.0   82.122    9.690   8065.5    333.5
     1     1    10     4     3     6     0     0   -66.0   82.233    4.678   8057.6    333.6
     1     1    10     4     3     5     0     1   -67.0   82.240   -0.249   8049.8    334.3
     1     1    10     4     3     4     0     2   -68.0   82.133   -4.702   8031.1    334.6
     1     1    10     4     3     3     0     3   -69.0   81.934   -8.438   8006.8    335.7
     1     1    10     4     3     2     0     2   -70.0   81.692  -11.653   7996.3    336.2
     1     1    10     4     3     1     0     1   -71.0   81.417  -14.584   7978.1    336.5
     1     1    10     4     3     0     0     0   -72.0   81.115  -17.132   7905.8    331.4
     1     1    10     4     2    23     0     1   -73.0   80.808  -19.157   7860.7    321.5
     1     1    10     4     2    22     0     2   -74.0   80.478  -20.892   7859.1    316.8
     1     1    10     4     2    21     0     3   -75.0   80.131  -22.312   7855.9    316.7
     1     1    10     4     2    20     0     2   -76.0   79.798  -23.315   7829.0    313.7
     1     1    10     4     2    19     0     1   -77.0   79.479  -24.094   7766.5    304.1
     1     1    10     4     2    18     0     0   -78.0   79.178  -24.679   7710.5    294.3
     1     1    10     4     2    17     0     1   -79.0   78.902  -25.086   7682.6    288.3
     1     1    10     4     2    16     0     2   -80.0   78.648  -25.383   7700.6    287.9
     1     1    10     4     2    15     0     3   -81.0   78.411  -25.599   7704.2    287.7
     1     1    10     4     2    14     0     2   -82.0   78.195  -25.706   7699.0    287.5
     1     1    10     4     2    13     0     1   -83.0   78.001  -25.657   7691.4    288.8
     1     1    10     4     2    12     0     0   -84.0   77.826  -25.464   7671.9    289.4
     1     1    10     4     2    11     0     1   -85.0   77.674  -25.207   7681.4    290.2
     1     1    10     4     2    10     0     2   -86.0   77.562  -24.900   7718.9    291.7
     1     1    10     4     2     9     0     3   -87.0   77.500  -24.494   7780.2    296.3
     1     1    10     4     2     8     0     2   -88.0   77.482  -24.030   7838.8    302.8
     1     1    10     4     2     7     0     1   -89.0   77.497  -23.579   7876.0    309.8
     1     1    10     4     2     6     0     0   -90.0   77.552  -23.131   7901.2    316.7
     1     1    10     4     2     5     0     1   -91.0   77.645  -22.644   7906.5    322.3
     1     1    10     4     2     4     0     2   -92.0   77.768  -22.091   7918.8    327.1
     1     1    10     4     2     3     0     3   -93.0   77.924  -21.478   7932.1    330.9
     1     1    10     4     2     2     0     2   -94.0   78.109  -20.896   7942.2    333.1
     1     1    10     4     2     1     0     1   -95.0   78.323  -20.453   7929.9    333.3
     1     1    10     4     2     0     0     0   -96.0   78.572  -20.167   7916.9    334.5
