     7     1
    GDAS    10     3    22     0     0
    GDAS    10     4     8     0     0
    GDAS    10     4    15     0     0
    GDAS    10     4    22     0     0
    GDAS    10     4    29     0     0
    GDAS    10     4     1     0     0
    GDAS    10     3    29     0     0
     1 BACKWARD OMEGA   
    10     4     3    12   39.977  116.381  2400.0
     1 PRESSURE
     1     1    10     4     3    12     0     0     0.0   39.977  116.381   2163.0    754.2
     1     1    10     4     3    11     0     1    -1.0   39.682  115.730   1985.1    761.4
     1     1    10     4     3    10     0     2    -2.0   39.410  115.066   1919.4    744.0
     1     1    10     4     3     9     0     3    -3.0   39.123  114.402   1725.1    724.0
     1     1    10     4     3     8     0     2    -4.0   38.835  113.874   1333.4    746.0
     1     1    10     4     3     7     0     1    -5.0   38.581  113.451   1041.9    793.2
     1     1    10     4     3     6     0     0    -6.0   38.318  113.023    928.3    792.4
     1     1    10     4     3     5     0     1    -7.0   38.050  112.587    892.5    783.8
     1     1    10     4     3     4     0     2    -8.0   37.794  112.186    880.9    774.9
     1     1    10     4     3     3     0     3    -9.0   37.545  111.837    899.8    779.1
     1     1    10     4     3     2     0     2   -10.0   37.300  111.529    938.0    780.0
     1     1    10     4     3     1     0     1   -11.0   37.058  111.251    959.1    780.2
     1     1    10     4     3     0     0     0   -12.0   36.815  110.999    949.9    784.8
     1     1    10     4     2    23     0     1   -13.0   36.561  110.767    922.8    797.1
     1     1    10     4     2    22     0     2   -14.0   36.295  110.545    914.4    802.4
     1     1    10     4     2    21     0     3   -15.0   36.028  110.321    961.8    795.9
     1     1    10     4     2    20     0     2   -16.0   35.773  110.113   1055.1    794.8
     1     1    10     4     2    19     0     1   -17.0   35.526  109.934   1128.2    800.6
     1     1    10     4     2    18     0     0   -18.0   35.278  109.773   1139.3    809.1
     1     1    10     4     2    17     0     1   -19.0   35.038  109.654   1061.4    824.9
     1     1    10     4     2    16     0     2   -20.0   34.810  109.602    929.7    831.8
     1     1    10     4     2    15     0     3   -21.0   34.575  109.580    830.4    830.8
     1     1    10     4     2    14     0     2   -22.0   34.334  109.549    805.8    820.3
     1     1    10     4     2    13     0     1   -23.0   34.095  109.490    839.5    802.1
     1     1    10     4     2    12     0     0   -24.0   33.872  109.431    876.2    795.5
     1     1    10     4     2    11     0     1   -25.0   33.682  109.402    886.4    803.3
     1     1    10     4     2    10     0     2   -26.0   33.525  109.405    887.6    810.8
     1     1    10     4     2     9     0     3   -27.0   33.395  109.436    903.9    815.2
     1     1    10     4     2     8     0     2   -28.0   33.281  109.474    942.3    815.8
     1     1    10     4     2     7     0     1   -29.0   33.178  109.496   1003.8    814.4
     1     1    10     4     2     6     0     0   -30.0   33.083  109.501   1090.6    810.3
     1     1    10     4     2     5     0     1   -31.0   32.993  109.493   1189.7    802.5
     1     1    10     4     2     4     0     2   -32.0   32.905  109.484   1263.6    788.8
     1     1    10     4     2     3     0     3   -33.0   32.820  109.483   1301.6    781.4
     1     1    10     4     2     2     0     2   -34.0   32.749  109.502   1329.2    776.5
     1     1    10     4     2     1     0     1   -35.0   32.702  109.547   1364.7    770.8
     1     1    10     4     2     0     0     0   -36.0   32.680  109.614   1408.1    766.4
     1     1    10     4     1    23     0     1   -37.0   32.688  109.691   1447.2    762.8
     1     1    10     4     1    22     0     2   -38.0   32.722  109.762   1471.9    762.9
     1     1    10     4     1    21     0     3   -39.0   32.784  109.824   1486.5    764.9
     1     1    10     4     1    20     0     2   -40.0   32.870  109.865   1491.1    768.2
     1     1    10     4     1    19     0     1   -41.0   32.972  109.876   1482.1    773.1
     1     1    10     4     1    18     0     0   -42.0   33.084  109.855   1454.0    773.5
     1     1    10     4     1    17     0     1   -43.0   33.198  109.807   1429.6    772.8
     1     1    10     4     1    16     0     2   -44.0   33.313  109.742   1425.8    768.0
     1     1    10     4     1    15     0     3   -45.0   33.436  109.659   1436.1    762.0
     1     1    10     4     1    14     0     2   -46.0   33.570  109.560   1461.1    754.6
     1     1    10     4     1    13     0     1   -47.0   33.716  109.444   1503.4    745.2
     1     1    10     4     1    12     0     0   -48.0   33.868  109.298   1548.7    735.0
     1     1    10     4     1    11     0     1   -49.0   34.008  109.136   1598.7    729.2
     1     1    10     4     1    10     0     2   -50.0   34.132  108.984   1663.0    725.4
     1     1    10     4     1     9     0     3   -51.0   34.249  108.851   1716.6    717.1
     1     1    10     4     1     8     0     2   -52.0   34.371  108.726   1752.7    712.7
     1     1    10     4     1     7     0     1   -53.0   34.512  108.595   1784.9    710.3
     1     1    10     4     1     6     0     0   -54.0   34.685  108.448   1843.5    705.6
     1     1    10     4     1     5     0     1   -55.0   34.890  108.279   1955.4    695.9
     1     1    10     4     1     4     0     2   -56.0   35.102  108.059   2103.7    677.5
     1     1    10     4     1     3     0     3   -57.0   35.293  107.745   2227.9    656.9
     1     1    10     4     1     2     0     2   -58.0   35.462  107.361   2295.9    643.8
     1     1    10     4     1     1     0     1   -59.0   35.613  106.937   2329.0    634.4
     1     1    10     4     1     0     0     0   -60.0   35.743  106.430   2354.3    615.7
     1     1    10     3    31    23     0     1   -61.0   35.858  105.853   2374.8    595.1
     1     1    10     3    31    22     0     2   -62.0   35.965  105.285   2351.7    592.0
     1     1    10     3    31    21     0     3   -63.0   36.076  104.756   2278.1    599.5
     1     1    10     3    31    20     0     2   -64.0   36.177  104.271   2246.1    606.4
     1     1    10     3    31    19     0     1   -65.0   36.266  103.812   2299.5    595.1
     1     1    10     3    31    18     0     0   -66.0   36.377  103.344   2406.0    569.7
     1     1    10     3    31    17     0     1   -67.0   36.551  102.799   2512.3    530.2
     1     1    10     3    31    16     0     2   -68.0   36.789  102.119   2715.1    499.5
     1     1    10     3    31    15     0     3   -69.0   37.044  101.313   3044.0    454.5
     1     1    10     3    31    14     0     2   -70.0   37.254  100.539   3027.9    446.9
     1     1    10     3    31    13     0     1   -71.0   37.453   99.833   2916.2    442.8
     1     1    10     3    31    12     0     0   -72.0   37.659   99.097   2826.9    430.8
     1     1    10     3    31    11     0     1   -73.0   37.844   98.327   2743.4    421.3
     1     1    10     3    31    10     0     2   -74.0   37.996   97.552   2681.3    410.8
     1     1    10     3    31     9     0     3   -75.0   38.165   96.781   2762.4    407.0
     1     1    10     3    31     8     0     2   -76.0   38.403   95.999   2976.2    403.5
     1     1    10     3    31     7     0     1   -77.0   38.706   95.234   3327.7    413.9
     1     1    10     3    31     6     0     0   -78.0   39.024   94.500   3605.1    412.3
     1     1    10     3    31     5     0     1   -79.0   39.329   93.795   3948.3    440.5
     1     1    10     3    31     4     0     2   -80.0   39.642   93.148   4215.1    470.4
     1     1    10     3    31     3     0     3   -81.0   39.988   92.573   4406.7    510.8
     1     1    10     3    31     2     0     2   -82.0   40.372   92.020   4473.2    511.3
     1     1    10     3    31     1     0     1   -83.0   40.773   91.448   4614.4    506.2
     1     1    10     3    31     0     0     0   -84.0   41.202   90.866   4776.6    493.7
     1     1    10     3    30    23     0     1   -85.0   41.678   90.259   4861.4    473.9
     1     1    10     3    30    22     0     2   -86.0   42.187   89.643   4927.9    480.3
     1     1    10     3    30    21     0     3   -87.0   42.717   89.033   5120.7    505.3
     1     1    10     3    30    20     0     2   -88.0   43.313   88.388   5040.5    459.7
     1     1    10     3    30    19     0     1   -89.0   43.986   87.742   5140.2    462.9
     1     1    10     3    30    18     0     0   -90.0   44.727   87.129   5564.2    464.3
     1     1    10     3    30    17     0     1   -91.0   45.505   86.554   5743.4    455.7
     1     1    10     3    30    16     0     2   -92.0   46.355   85.996   5672.1    441.8
     1     1    10     3    30    15     0     3   -93.0   47.343   85.343   5702.9    404.5
     1     1    10     3    30    14     0     2   -94.0   48.320   84.711   5980.8    432.1
     1     1    10     3    30    13     0     1   -95.0   49.339   84.080   6132.4    406.3
     1     1    10     3    30    12     0     0   -96.0   50.432   83.445   6400.4    385.2
