     7     1
    GDAS    10     3    22     0     0
    GDAS    10     4     8     0     0
    GDAS    10     4    15     0     0
    GDAS    10     4    22     0     0
    GDAS    10     4    29     0     0
    GDAS    10     4     1     0     0
    GDAS    10     3    29     0     0
     1 BACKWARD OMEGA   
    10     4    27     6   39.977  116.381  1400.0
     1 PRESSURE
     1     1    10     4    27     6     0     0     0.0   39.977  116.381   1163.2    848.3
     1     1    10     4    27     5     0     1    -1.0   40.157  116.013   1270.2    812.8
     1     1    10     4    27     4     0     2    -2.0   40.370  115.630   1380.7    757.7
     1     1    10     4    27     3     0     3    -3.0   40.638  115.233   1496.5    716.9
     1     1    10     4    27     2     0     2    -4.0   40.957  114.817   1608.7    689.2
     1     1    10     4    27     1     0     1    -5.0   41.299  114.377   1660.2    680.3
     1     1    10     4    27     0     0     0    -6.0   41.644  113.919   1644.3    679.2
     1     1    10     4    26    23     0     1    -7.0   41.977  113.448   1604.3    683.1
     1     1    10     4    26    22     0     2    -8.0   42.291  112.986   1548.9    698.5
     1     1    10     4    26    21     0     3    -9.0   42.590  112.552   1473.6    718.8
     1     1    10     4    26    20     0     2   -10.0   42.877  112.155   1429.3    736.6
     1     1    10     4    26    19     0     1   -11.0   43.153  111.800   1423.1    740.9
     1     1    10     4    26    18     0     0   -12.0   43.431  111.484   1433.9    739.7
     1     1    10     4    26    17     0     1   -13.0   43.724  111.193   1430.5    737.7
     1     1    10     4    26    16     0     2   -14.0   44.033  110.922   1416.1    742.9
     1     1    10     4    26    15     0     3   -15.0   44.357  110.675   1416.7    747.7
     1     1    10     4    26    14     0     2   -16.0   44.694  110.430   1420.5    748.8
     1     1    10     4    26    13     0     1   -17.0   45.038  110.167   1420.8    747.6
     1     1    10     4    26    12     0     0   -18.0   45.395  109.894   1433.9    742.6
     1     1    10     4    26    11     0     1   -19.0   45.772  109.620   1464.9    730.9
     1     1    10     4    26    10     0     2   -20.0   46.169  109.351   1496.1    719.4
     1     1    10     4    26     9     0     3   -21.0   46.580  109.089   1508.8    711.1
     1     1    10     4    26     8     0     2   -22.0   46.995  108.838   1499.3    707.6
     1     1    10     4    26     7     0     1   -23.0   47.439  108.583   1503.3    697.0
     1     1    10     4    26     6     0     0   -24.0   47.958  108.347   1595.7    673.2
     1     1    10     4    26     5     0     1   -25.0   48.535  108.153   1710.0    655.5
     1     1    10     4    26     4     0     2   -26.0   49.087  107.930   1717.6    664.7
     1     1    10     4    26     3     0     3   -27.0   49.564  107.670   1650.7    702.6
     1     1    10     4    26     2     0     2   -28.0   49.985  107.385   1558.8    738.4
     1     1    10     4    26     1     0     1   -29.0   50.391  107.089   1454.4    766.6
     1     1    10     4    26     0     0     0   -30.0   50.825  106.789   1374.7    782.8
     1     1    10     4    25    23     0     1   -31.0   51.298  106.496   1349.7    784.9
     1     1    10     4    25    22     0     2   -32.0   51.762  106.215   1346.8    788.3
     1     1    10     4    25    21     0     3   -33.0   52.175  105.930   1327.8    794.2
     1     1    10     4    25    20     0     2   -34.0   52.547  105.668   1289.2    792.9
     1     1    10     4    25    19     0     1   -35.0   52.903  105.452   1262.2    792.9
     1     1    10     4    25    18     0     0   -36.0   53.236  105.262   1252.6    791.7
     1     1    10     4    25    17     0     1   -37.0   53.545  105.102   1262.0    786.9
     1     1    10     4    25    16     0     2   -38.0   53.846  104.973   1297.6    775.0
     1     1    10     4    25    15     0     3   -39.0   54.142  104.863   1350.4    771.8
     1     1    10     4    25    14     0     2   -40.0   54.424  104.756   1396.7    774.8
     1     1    10     4    25    13     0     1   -41.0   54.685  104.644   1431.7    778.4
     1     1    10     4    25    12     0     0   -42.0   54.928  104.520   1470.0    778.6
     1     1    10     4    25    11     0     1   -43.0   55.158  104.391   1499.2    775.4
     1     1    10     4    25    10     0     2   -44.0   55.379  104.268   1505.4    776.6
     1     1    10     4    25     9     0     3   -45.0   55.588  104.142   1489.0    780.8
     1     1    10     4    25     8     0     2   -46.0   55.785  104.020   1477.3    787.5
     1     1    10     4    25     7     0     1   -47.0   55.970  103.919   1500.7    789.0
     1     1    10     4    25     6     0     0   -48.0   56.147  103.849   1554.3    786.4
     1     1    10     4    25     5     0     1   -49.0   56.331  103.823   1616.7    781.4
     1     1    10     4    25     4     0     2   -50.0   56.533  103.847   1672.1    778.6
     1     1    10     4    25     3     0     3   -51.0   56.753  103.916   1716.9    777.5
     1     1    10     4    25     2     0     2   -52.0   56.989  103.995   1743.8    779.0
     1     1    10     4    25     1     0     1   -53.0   57.233  104.053   1750.7    775.8
     1     1    10     4    25     0     0     0   -54.0   57.484  104.086   1755.1    772.4
     1     1    10     4    24    23     0     1   -55.0   57.721  104.097   1763.5    768.6
     1     1    10     4    24    22     0     2   -56.0   57.923  104.090   1776.2    764.4
     1     1    10     4    24    21     0     3   -57.0   58.093  104.066   1788.7    762.6
     1     1    10     4    24    20     0     2   -58.0   58.242  104.041   1800.8    763.8
     1     1    10     4    24    19     0     1   -59.0   58.382  104.033   1816.0    764.5
     1     1    10     4    24    18     0     0   -60.0   58.512  104.042   1838.7    764.2
     1     1    10     4    24    17     0     1   -61.0   58.642  104.060   1864.3    762.1
     1     1    10     4    24    16     0     2   -62.0   58.784  104.075   1884.5    761.1
     1     1    10     4    24    15     0     3   -63.0   58.937  104.085   1896.2    761.2
     1     1    10     4    24    14     0     2   -64.0   59.099  104.076   1903.4    762.4
     1     1    10     4    24    13     0     1   -65.0   59.268  104.034   1911.0    762.8
     1     1    10     4    24    12     0     0   -66.0   59.442  103.957   1915.7    763.3
     1     1    10     4    24    11     0     1   -67.0   59.626  103.852   1918.0    764.2
     1     1    10     4    24    10     0     2   -68.0   59.828  103.721   1922.3    764.9
     1     1    10     4    24     9     0     3   -69.0   60.046  103.558   1932.8    764.6
     1     1    10     4    24     8     0     2   -70.0   60.263  103.399   1946.8    761.7
     1     1    10     4    24     7     0     1   -71.0   60.466  103.278   1959.0    759.1
     1     1    10     4    24     6     0     0   -72.0   60.656  103.183   1964.7    757.2
     1     1    10     4    24     5     0     1   -73.0   60.854  103.118   1968.6    755.9
     1     1    10     4    24     4     0     2   -74.0   61.076  103.091   1980.8    753.5
     1     1    10     4    24     3     0     3   -75.0   61.324  103.094   2006.6    750.4
     1     1    10     4    24     2     0     2   -76.0   61.595  103.089   2034.0    746.0
     1     1    10     4    24     1     0     1   -77.0   61.890  103.048   2053.1    744.3
     1     1    10     4    24     0     0     0   -78.0   62.213  102.973   2070.0    742.8
     1     1    10     4    23    23     0     1   -79.0   62.543  102.864   2092.4    740.2
     1     1    10     4    23    22     0     2   -80.0   62.863  102.716   2124.0    735.6
     1     1    10     4    23    21     0     3   -81.0   63.173  102.518   2162.2    730.3
     1     1    10     4    23    20     0     2   -82.0   63.470  102.300   2203.0    725.8
     1     1    10     4    23    19     0     1   -83.0   63.754  102.088   2244.0    721.2
     1     1    10     4    23    18     0     0   -84.0   64.023  101.872   2280.4    717.8
     1     1    10     4    23    17     0     1   -85.0   64.291  101.684   2303.2    715.9
     1     1    10     4    23    16     0     2   -86.0   64.572  101.561   2313.2    715.7
     1     1    10     4    23    15     0     3   -87.0   64.863  101.492   2318.5    715.3
     1     1    10     4    23    14     0     2   -88.0   65.169  101.461   2315.1    713.0
     1     1    10     4    23    13     0     1   -89.0   65.499  101.457   2305.2    710.5
     1     1    10     4    23    12     0     0   -90.0   65.855  101.461   2300.9    706.9
     1     1    10     4    23    11     0     1   -91.0   66.238  101.467   2310.8    705.0
     1     1    10     4    23    10     0     2   -92.0   66.653  101.476   2342.2    704.5
     1     1    10     4    23     9     0     3   -93.0   67.093  101.479   2397.1    702.2
     1     1    10     4    23     8     0     2   -94.0   67.526  101.467   2455.5    702.4
     1     1    10     4    23     7     0     1   -95.0   67.935  101.443   2492.4    705.2
     1     1    10     4    23     6     0     0   -96.0   68.330  101.423   2516.1    703.8
