     5     1
    GDAS    10     3     1     0     0
    GDAS    10     3     8     0     0
    GDAS    10     3    15     0     0
    GDAS    10     3    22     0     0
    GDAS    10     3    29     0     0
     1 BACKWARD OMEGA   
    10     3    16    18   39.977  116.381  8400.0
     1 PRESSURE
     1     1    10     3    16    18     0     0     0.0   39.977  116.381   8156.0    325.9
     1     1    10     3    16    17     0     1    -1.0   40.179  114.772   7854.5    292.7
     1     1    10     3    16    16     0     2    -2.0   40.421  113.233   7789.5    290.7
     1     1    10     3    16    15     0     3    -3.0   40.695  111.771   7746.4    286.1
     1     1    10     3    16    14     0     2    -4.0   40.957  110.400   7785.2    281.4
     1     1    10     3    16    13     0     1    -5.0   41.213  109.083   7954.4    290.2
     1     1    10     3    16    12     0     0    -6.0   41.446  107.764   8066.0    287.5
     1     1    10     3    16    11     0     1    -7.0   41.655  106.547   8026.8    290.4
     1     1    10     3    16    10     0     2    -8.0   41.888  105.454   8083.4    294.4
     1     1    10     3    16     9     0     3    -9.0   42.138  104.387   8119.2    284.3
     1     1    10     3    16     8     0     2   -10.0   42.389  103.325   8128.1    282.8
     1     1    10     3    16     7     0     1   -11.0   42.690  102.280   8156.8    278.0
     1     1    10     3    16     6     0     0   -12.0   43.028  101.259   8131.0    267.3
     1     1    10     3    16     5     0     1   -13.0   43.354  100.210   8245.3    273.3
     1     1    10     3    16     4     0     2   -14.0   43.672   99.092   8266.7    273.9
     1     1    10     3    16     3     0     3   -15.0   44.030   97.930   8302.3    273.4
     1     1    10     3    16     2     0     2   -16.0   44.421   96.708   8309.2    267.9
     1     1    10     3    16     1     0     1   -17.0   44.794   95.480   8210.6    266.1
     1     1    10     3    16     0     0     0   -18.0   45.127   94.302   8137.5    265.6
     1     1    10     3    15    23     0     1   -19.0   45.459   93.168   8167.5    261.7
     1     1    10     3    15    22     0     2   -20.0   45.813   92.073   8311.1    266.0
     1     1    10     3    15    21     0     3   -21.0   46.207   91.056   8306.6    262.7
     1     1    10     3    15    20     0     2   -22.0   46.626   90.085   8293.3    263.5
     1     1    10     3    15    19     0     1   -23.0   47.087   89.017   8547.0    275.1
     1     1    10     3    15    18     0     0   -24.0   47.530   87.860   8552.6    271.0
     1     1    10     3    15    17     0     1   -25.0   47.926   86.701   8642.0    281.7
     1     1    10     3    15    16     0     2   -26.0   48.305   85.547   8668.3    281.4
     1     1    10     3    15    15     0     3   -27.0   48.683   84.338   8759.0    276.0
     1     1    10     3    15    14     0     2   -28.0   49.056   83.066   8727.0    276.0
     1     1    10     3    15    13     0     1   -29.0   49.339   81.780   8816.4    283.3
     1     1    10     3    15    12     0     0   -30.0   49.596   80.441   8915.8    284.5
     1     1    10     3    15    11     0     1   -31.0   49.873   79.031   9025.8    280.4
     1     1    10     3    15    10     0     2   -32.0   50.020   77.623   9073.6    272.9
     1     1    10     3    15     9     0     3   -33.0   50.085   76.199   9038.3    268.1
     1     1    10     3    15     8     0     2   -34.0   50.188   74.739   9013.9    270.9
     1     1    10     3    15     7     0     1   -35.0   50.231   73.352   8999.9    273.6
     1     1    10     3    15     6     0     0   -36.0   50.315   71.961   9032.4    277.2
     1     1    10     3    15     5     0     1   -37.0   50.457   70.447   9117.2    275.1
     1     1    10     3    15     4     0     2   -38.0   50.554   68.845   9175.0    272.8
     1     1    10     3    15     3     0     3   -39.0   50.623   67.088   9118.1    276.0
     1     1    10     3    15     2     0     2   -40.0   50.646   65.275   9106.1    282.9
     1     1    10     3    15     1     0     1   -41.0   50.623   63.226   9200.1    276.1
     1     1    10     3    15     0     0     0   -42.0   50.465   60.942   9173.2    273.7
     1     1    10     3    14    23     0     1   -43.0   50.190   58.653   9064.0    277.0
     1     1    10     3    14    22     0     2   -44.0   49.814   56.180   9016.5    282.3
     1     1    10     3    14    21     0     3   -45.0   49.316   53.554   8872.0    296.4
     1     1    10     3    14    20     0     2   -46.0   48.661   50.808   8589.2    312.1
     1     1    10     3    14    19     0     1   -47.0   47.917   48.134   8294.0    327.2
     1     1    10     3    14    18     0     0   -48.0   47.240   45.378   8356.5    321.6
     1     1    10     3    14    17     0     1   -49.0   46.525   42.641   8270.7    324.1
     1     1    10     3    14    16     0     2   -50.0   45.779   40.063   8204.7    329.7
     1     1    10     3    14    15     0     3   -51.0   45.094   37.641   8135.5    333.9
     1     1    10     3    14    14     0     2   -52.0   44.450   35.442   8117.3    336.3
     1     1    10     3    14    13     0     1   -53.0   43.847   33.439   8216.8    333.8
     1     1    10     3    14    12     0     0   -54.0   43.222   31.606   8341.6    328.0
     1     1    10     3    14    11     0     1   -55.0   42.568   29.894   8410.2    325.3
     1     1    10     3    14    10     0     2   -56.0   41.957   28.338   8385.6    323.2
     1     1    10     3    14     9     0     3   -57.0   41.297   26.898   8308.2    325.2
     1     1    10     3    14     8     0     2   -58.0   40.632   25.542   8259.3    328.7
     1     1    10     3    14     7     0     1   -59.0   40.023   24.279   8156.5    339.5
     1     1    10     3    14     6     0     0   -60.0   39.452   23.043   8022.0    336.3
     1     1    10     3    14     5     0     1   -61.0   38.866   21.781   7947.9    318.2
     1     1    10     3    14     4     0     2   -62.0   38.323   20.597   8057.6    341.9
     1     1    10     3    14     3     0     3   -63.0   37.882   19.516   7945.1    353.4
     1     1    10     3    14     2     0     2   -64.0   37.516   18.428   7899.4    355.9
     1     1    10     3    14     1     0     1   -65.0   37.199   17.284   7906.4    353.8
     1     1    10     3    14     0     0     0   -66.0   36.941   16.140   7857.3    356.4
     1     1    10     3    13    23     0     1   -67.0   36.707   15.016   7786.3    358.5
     1     1    10     3    13    22     0     2   -68.0   36.492   13.980   7712.1    364.1
     1     1    10     3    13    21     0     3   -69.0   36.310   13.043   7679.5    369.8
     1     1    10     3    13    20     0     2   -70.0   36.157   12.161   7641.9    369.4
     1     1    10     3    13    19     0     1   -71.0   36.032   11.322   7645.8    370.7
     1     1    10     3    13    18     0     0   -72.0   35.920   10.486   7663.9    362.1
     1     1    10     3    13    17     0     1   -73.0   35.829    9.585   7614.6    350.8
     1     1    10     3    13    16     0     2   -74.0   35.785    8.582   7557.2    339.5
     1     1    10     3    13    15     0     3   -75.0   35.797    7.515   7540.3    334.4
     1     1    10     3    13    14     0     2   -76.0   35.855    6.436   7541.7    332.5
     1     1    10     3    13    13     0     1   -77.0   35.945    5.344   7580.8    327.2
     1     1    10     3    13    12     0     0   -78.0   36.070    4.242   7720.0    328.3
     1     1    10     3    13    11     0     1   -79.0   36.198    3.141   7769.3    330.1
     1     1    10     3    13    10     0     2   -80.0   36.340    2.080   7813.1    338.2
     1     1    10     3    13     9     0     3   -81.0   36.527    1.114   7904.6    350.3
     1     1    10     3    13     8     0     2   -82.0   36.753    0.205   7958.7    353.9
     1     1    10     3    13     7     0     1   -83.0   37.003   -0.688   7973.7    355.6
     1     1    10     3    13     6     0     0   -84.0   37.289   -1.578   7886.3    347.3
     1     1    10     3    13     5     0     1   -85.0   37.628   -2.554   7747.7    326.5
     1     1    10     3    13     4     0     2   -86.0   38.008   -3.562   7817.8    332.3
     1     1    10     3    13     3     0     3   -87.0   38.403   -4.527   7899.6    332.9
     1     1    10     3    13     2     0     2   -88.0   38.818   -5.483   7953.1    332.7
     1     1    10     3    13     1     0     1   -89.0   39.253   -6.379   8004.4    334.0
     1     1    10     3    13     0     0     0   -90.0   39.722   -7.272   8023.1    332.3
     1     1    10     3    12    23     0     1   -91.0   40.175   -8.150   8045.0    333.2
     1     1    10     3    12    22     0     2   -92.0   40.596   -8.969   8188.8    342.4
     1     1    10     3    12    21     0     3   -93.0   41.016   -9.706   8280.7    338.7
     1     1    10     3    12    20     0     2   -94.0   41.457  -10.408   8389.1    332.7
     1     1    10     3    12    19     0     1   -95.0   41.903  -11.088   8474.2    327.4
     1     1    10     3    12    18     0     0   -96.0   42.345  -11.720   8541.8    325.0
