     7     1
    GDAS    10     3    22     0     0
    GDAS    10     4     8     0     0
    GDAS    10     4    15     0     0
    GDAS    10     4    22     0     0
    GDAS    10     4    29     0     0
    GDAS    10     4     1     0     0
    GDAS    10     3    29     0     0
     1 BACKWARD OMEGA   
    10     4    24    12   39.977  116.381  9800.0
     1 PRESSURE
     1     1    10     4    24    12     0     0     0.0   39.977  116.381   9557.1    274.0
     1     1    10     4    24    11     0     1    -1.0   40.153  114.966   9202.3    246.5
     1     1    10     4    24    10     0     2    -2.0   40.304  113.578   9180.0    247.8
     1     1    10     4    24     9     0     3    -3.0   40.439  112.133   9169.3    238.9
     1     1    10     4    24     8     0     2    -4.0   40.520  110.683   9185.4    242.4
     1     1    10     4    24     7     0     1    -5.0   40.576  109.210   9208.3    246.0
     1     1    10     4    24     6     0     0    -6.0   40.582  107.745   9200.8    251.0
     1     1    10     4    24     5     0     1    -7.0   40.561  106.310   9056.1    252.4
     1     1    10     4    24     4     0     2    -8.0   40.522  104.827   9012.0    254.2
     1     1    10     4    24     3     0     3    -9.0   40.457  103.280   8910.5    254.3
     1     1    10     4    24     2     0     2   -10.0   40.374  101.689   8857.4    263.1
     1     1    10     4    24     1     0     1   -11.0   40.267  100.084   8815.1    261.0
     1     1    10     4    24     0     0     0   -12.0   40.164   98.441   8818.6    257.4
     1     1    10     4    23    23     0     1   -13.0   40.108   96.767   8538.3    244.1
     1     1    10     4    23    22     0     2   -14.0   40.070   95.102   8576.0    260.0
     1     1    10     4    23    21     0     3   -15.0   40.007   93.562   8678.1    277.6
     1     1    10     4    23    20     0     2   -16.0   39.949   92.139   8633.3    279.2
     1     1    10     4    23    19     0     1   -17.0   39.943   90.804   8596.4    285.8
     1     1    10     4    23    18     0     0   -18.0   40.017   89.636   8496.8    300.0
     1     1    10     4    23    17     0     1   -19.0   40.133   88.621   8380.6    301.8
     1     1    10     4    23    16     0     2   -20.0   40.250   87.709   8414.6    299.1
     1     1    10     4    23    15     0     3   -21.0   40.357   86.902   8510.9    297.4
     1     1    10     4    23    14     0     2   -22.0   40.487   86.187   8599.5    295.0
     1     1    10     4    23    13     0     1   -23.0   40.656   85.543   8626.1    291.5
     1     1    10     4    23    12     0     0   -24.0   40.845   84.954   8609.4    288.6
     1     1    10     4    23    11     0     1   -25.0   41.059   84.450   8613.3    289.0
     1     1    10     4    23    10     0     2   -26.0   41.300   84.043   8586.9    284.9
     1     1    10     4    23     9     0     3   -27.0   41.547   83.710   8543.2    280.9
     1     1    10     4    23     8     0     2   -28.0   41.793   83.430   8490.1    276.1
     1     1    10     4    23     7     0     1   -29.0   42.050   83.187   8419.4    270.4
     1     1    10     4    23     6     0     0   -30.0   42.321   82.952   8301.6    260.6
     1     1    10     4    23     5     0     1   -31.0   42.595   82.693   8208.6    252.4
     1     1    10     4    23     4     0     2   -32.0   42.856   82.441   8159.3    248.3
     1     1    10     4    23     3     0     3   -33.0   43.103   82.225   8231.2    248.7
     1     1    10     4    23     2     0     2   -34.0   43.359   82.032   8415.2    252.4
     1     1    10     4    23     1     0     1   -35.0   43.647   81.874   8614.6    257.5
     1     1    10     4    23     0     0     0   -36.0   43.953   81.811   8838.3    261.0
     1     1    10     4    22    23     0     1   -37.0   44.257   81.777   8980.1    257.3
     1     1    10     4    22    22     0     2   -38.0   44.537   81.692   9051.6    253.4
     1     1    10     4    22    21     0     3   -39.0   44.779   81.569   9036.6    247.2
     1     1    10     4    22    20     0     2   -40.0   44.997   81.432   8951.1    239.1
     1     1    10     4    22    19     0     1   -41.0   45.222   81.287   9015.4    238.9
     1     1    10     4    22    18     0     0   -42.0   45.457   81.150   9122.7    242.1
     1     1    10     4    22    17     0     1   -43.0   45.715   81.043   9277.0    250.1
     1     1    10     4    22    16     0     2   -44.0   46.014   81.011   9484.5    261.9
     1     1    10     4    22    15     0     3   -45.0   46.368   81.025   9531.9    263.1
     1     1    10     4    22    14     0     2   -46.0   46.777   81.011   9617.7    262.7
     1     1    10     4    22    13     0     1   -47.0   47.229   80.970   9695.3    258.5
     1     1    10     4    22    12     0     0   -48.0   47.720   80.871   9711.2    251.2
     1     1    10     4    22    11     0     1   -49.0   48.243   80.696   9739.4    249.9
     1     1    10     4    22    10     0     2   -50.0   48.800   80.461   9830.8    252.4
     1     1    10     4    22     9     0     3   -51.0   49.396   80.152   9950.4    253.2
     1     1    10     4    22     8     0     2   -52.0   50.049   79.739  10073.0    254.3
     1     1    10     4    22     7     0     1   -53.0   50.763   79.182  10136.6    253.5
     1     1    10     4    22     6     0     0   -54.0   51.504   78.464  10156.4    254.5
     1     1    10     4    22     5     0     1   -55.0   52.250   77.592  10155.8    256.4
     1     1    10     4    22     4     0     2   -56.0   52.996   76.576  10166.6    255.6
     1     1    10     4    22     3     0     3   -57.0   53.704   75.382  10130.4    257.3
     1     1    10     4    22     2     0     2   -58.0   54.380   74.024  10069.4    259.6
     1     1    10     4    22     1     0     1   -59.0   55.047   72.554  10050.6    260.6
     1     1    10     4    22     0     0     0   -60.0   55.621   70.950  10027.7    260.4
     1     1    10     4    21    23     0     1   -61.0   56.126   69.226  10016.0    261.1
     1     1    10     4    21    22     0     2   -62.0   56.631   67.393  10052.8    259.4
     1     1    10     4    21    21     0     3   -63.0   57.011   65.462  10090.3    259.3
     1     1    10     4    21    20     0     2   -64.0   57.270   63.498  10043.2    259.3
     1     1    10     4    21    19     0     1   -65.0   57.486   61.547   9975.1    259.7
     1     1    10     4    21    18     0     0   -66.0   57.591   59.620   9880.8    257.7
     1     1    10     4    21    17     0     1   -67.0   57.581   57.722   9855.2    261.9
     1     1    10     4    21    16     0     2   -68.0   57.533   55.910   9797.6    266.3
     1     1    10     4    21    15     0     3   -69.0   57.439   54.195   9739.5    269.5
     1     1    10     4    21    14     0     2   -70.0   57.283   52.523   9669.8    272.1
     1     1    10     4    21    13     0     1   -71.0   57.059   50.920   9564.3    278.6
     1     1    10     4    21    12     0     0   -72.0   56.759   49.443   9367.4    285.7
     1     1    10     4    21    11     0     1   -73.0   56.390   48.084   9200.4    293.9
     1     1    10     4    21    10     0     2   -74.0   55.976   46.883   9052.6    300.5
     1     1    10     4    21     9     0     3   -75.0   55.547   45.840   8847.6    308.9
     1     1    10     4    21     8     0     2   -76.0   55.110   44.870   8621.2    317.8
     1     1    10     4    21     7     0     1   -77.0   54.669   43.989   8409.5    326.5
     1     1    10     4    21     6     0     0   -78.0   54.222   43.196   8186.0    338.9
     1     1    10     4    21     5     0     1   -79.0   53.755   42.447   7963.9    351.3
     1     1    10     4    21     4     0     2   -80.0   53.278   41.747   7769.7    361.5
     1     1    10     4    21     3     0     3   -81.0   52.801   41.087   7591.5    371.5
     1     1    10     4    21     2     0     2   -82.0   52.310   40.495   7455.8    379.5
     1     1    10     4    21     1     0     1   -83.0   51.801   39.980   7344.9    384.4
     1     1    10     4    21     0     0     0   -84.0   51.286   39.524   7236.2    391.7
     1     1    10     4    20    23     0     1   -85.0   50.778   39.122   7153.6    396.5
     1     1    10     4    20    22     0     2   -86.0   50.280   38.737   7085.7    400.0
     1     1    10     4    20    21     0     3   -87.0   49.783   38.340   7029.4    403.7
     1     1    10     4    20    20     0     2   -88.0   49.285   37.951   7001.1    407.5
     1     1    10     4    20    19     0     1   -89.0   48.783   37.599   6975.8    406.5
     1     1    10     4    20    18     0     0   -90.0   48.278   37.268   6900.5    408.6
     1     1    10     4    20    17     0     1   -91.0   47.772   36.945   6821.4    417.5
     1     1    10     4    20    16     0     2   -92.0   47.252   36.618   6740.4    422.1
     1     1    10     4    20    15     0     3   -93.0   46.715   36.286   6603.4    432.3
     1     1    10     4    20    14     0     2   -94.0   46.176   35.970   6486.5    447.2
     1     1    10     4    20    13     0     1   -95.0   45.639   35.670   6375.0    448.7
     1     1    10     4    20    12     0     0   -96.0   45.081   35.351   6163.8    454.6
