     7     1
    GDAS    10     3    22     0     0
    GDAS    10     4     8     0     0
    GDAS    10     4    15     0     0
    GDAS    10     4    22     0     0
    GDAS    10     4    29     0     0
    GDAS    10     4     1     0     0
    GDAS    10     3    29     0     0
     1 BACKWARD OMEGA   
    10     4     7     6   39.977  116.381  2800.0
     1 PRESSURE
     1     1    10     4     7     6     0     0     0.0   39.977  116.381   2562.8    722.3
     1     1    10     4     7     5     0     1    -1.0   39.979  115.860   2578.2    698.6
     1     1    10     4     7     4     0     2    -2.0   40.037  115.319   2490.6    659.4
     1     1    10     4     7     3     0     3    -3.0   40.144  114.755   2366.1    653.4
     1     1    10     4     7     2     0     2    -4.0   40.274  114.157   2322.7    660.3
     1     1    10     4     7     1     0     1    -5.0   40.419  113.535   2318.1    649.6
     1     1    10     4     7     0     0     0    -6.0   40.594  112.873   2320.0    636.4
     1     1    10     4     6    23     0     1    -7.0   40.763  112.132   2346.0    628.6
     1     1    10     4     6    22     0     2    -8.0   40.895  111.346   2331.5    622.9
     1     1    10     4     6    21     0     3    -9.0   40.984  110.567   2210.6    633.6
     1     1    10     4     6    20     0     2   -10.0   41.028  109.794   2124.5    653.6
     1     1    10     4     6    19     0     1   -11.0   41.032  109.046   2069.2    682.4
     1     1    10     4     6    18     0     0   -12.0   40.985  108.351   2021.4    702.3
     1     1    10     4     6    17     0     1   -13.0   40.922  107.709   1966.6    701.5
     1     1    10     4     6    16     0     2   -14.0   40.863  107.102   1852.2    688.4
     1     1    10     4     6    15     0     3   -15.0   40.798  106.545   1708.3    701.4
     1     1    10     4     6    14     0     2   -16.0   40.717  106.043   1601.6    715.2
     1     1    10     4     6    13     0     1   -17.0   40.621  105.594   1542.3    724.7
     1     1    10     4     6    12     0     0   -18.0   40.501  105.210   1487.7    729.6
     1     1    10     4     6    11     0     1   -19.0   40.367  104.868   1435.9    731.2
     1     1    10     4     6    10     0     2   -20.0   40.234  104.549   1412.1    729.8
     1     1    10     4     6     9     0     3   -21.0   40.098  104.254   1436.2    722.8
     1     1    10     4     6     8     0     2   -22.0   39.958  103.987   1499.2    713.3
     1     1    10     4     6     7     0     1   -23.0   39.829  103.756   1572.3    707.3
     1     1    10     4     6     6     0     0   -24.0   39.708  103.561   1634.4    703.9
     1     1    10     4     6     5     0     1   -25.0   39.615  103.392   1683.9    700.5
     1     1    10     4     6     4     0     2   -26.0   39.573  103.237   1720.9    697.9
     1     1    10     4     6     3     0     3   -27.0   39.581  103.096   1747.9    695.3
     1     1    10     4     6     2     0     2   -28.0   39.620  102.953   1763.8    693.0
     1     1    10     4     6     1     0     1   -29.0   39.673  102.787   1768.3    692.2
     1     1    10     4     6     0     0     0   -30.0   39.739  102.599   1760.3    693.5
     1     1    10     4     5    23     0     1   -31.0   39.801  102.416   1777.1    697.0
     1     1    10     4     5    22     0     2   -32.0   39.847  102.248   1869.0    692.0
     1     1    10     4     5    21     0     3   -33.0   39.872  102.100   2058.2    678.2
     1     1    10     4     5    20     0     2   -34.0   39.888  101.969   2283.3    654.7
     1     1    10     4     5    19     0     1   -35.0   39.912  101.849   2462.8    638.7
     1     1    10     4     5    18     0     0   -36.0   39.957  101.748   2575.3    630.2
     1     1    10     4     5    17     0     1   -37.0   40.030  101.648   2639.0    628.3
     1     1    10     4     5    16     0     2   -38.0   40.144  101.509   2677.5    627.4
     1     1    10     4     5    15     0     3   -39.0   40.296  101.323   2701.2    628.5
     1     1    10     4     5    14     0     2   -40.0   40.486  101.096   2710.2    631.9
     1     1    10     4     5    13     0     1   -41.0   40.704  100.836   2704.4    636.4
     1     1    10     4     5    12     0     0   -42.0   40.935  100.548   2697.4    639.0
     1     1    10     4     5    11     0     1   -43.0   41.168  100.231   2720.2    638.4
     1     1    10     4     5    10     0     2   -44.0   41.398   99.875   2787.5    630.7
     1     1    10     4     5     9     0     3   -45.0   41.623   99.476   2869.7    618.0
     1     1    10     4     5     8     0     2   -46.0   41.853   99.038   2933.3    606.1
     1     1    10     4     5     7     0     1   -47.0   42.089   98.568   2946.5    596.7
     1     1    10     4     5     6     0     0   -48.0   42.318   98.084   2924.3    591.1
     1     1    10     4     5     5     0     1   -49.0   42.526   97.596   2901.4    587.4
     1     1    10     4     5     4     0     2   -50.0   42.711   97.108   2889.8    584.5
     1     1    10     4     5     3     0     3   -51.0   42.880   96.657   2899.0    592.9
     1     1    10     4     5     2     0     2   -52.0   43.028   96.264   2921.8    607.0
     1     1    10     4     5     1     0     1   -53.0   43.161   95.905   2933.1    608.8
     1     1    10     4     5     0     0     0   -54.0   43.289   95.544   2916.9    601.5
     1     1    10     4     4    23     0     1   -55.0   43.419   95.169   2896.9    606.4
     1     1    10     4     4    22     0     2   -56.0   43.552   94.785   2907.5    615.5
     1     1    10     4     4    21     0     3   -57.0   43.690   94.383   2964.3    610.4
     1     1    10     4     4    20     0     2   -58.0   43.833   93.957   3028.7    599.4
     1     1    10     4     4    19     0     1   -59.0   43.975   93.511   3030.1    581.4
     1     1    10     4     4    18     0     0   -60.0   44.116   93.053   2956.9    561.1
     1     1    10     4     4    17     0     1   -61.0   44.271   92.607   2932.3    573.7
     1     1    10     4     4    16     0     2   -62.0   44.456   92.176   2958.6    582.8
     1     1    10     4     4    15     0     3   -63.0   44.672   91.767   3020.7    588.3
     1     1    10     4     4    14     0     2   -64.0   44.898   91.396   3074.1    589.4
     1     1    10     4     4    13     0     1   -65.0   45.114   91.061   3102.1    589.7
     1     1    10     4     4    12     0     0   -66.0   45.322   90.731   3140.1    591.6
     1     1    10     4     4    11     0     1   -67.0   45.525   90.388   3191.7    590.9
     1     1    10     4     4    10     0     2   -68.0   45.721   90.036   3249.5    589.5
     1     1    10     4     4     9     0     3   -69.0   45.908   89.680   3344.6    589.9
     1     1    10     4     4     8     0     2   -70.0   46.091   89.323   3464.2    582.7
     1     1    10     4     4     7     0     1   -71.0   46.285   88.973   3571.5    580.5
     1     1    10     4     4     6     0     0   -72.0   46.488   88.637   3631.3    582.2
     1     1    10     4     4     5     0     1   -73.0   46.708   88.299   3660.8    590.8
     1     1    10     4     4     4     0     2   -74.0   46.957   87.945   3696.0    597.5
     1     1    10     4     4     3     0     3   -75.0   47.236   87.563   3679.1    577.6
     1     1    10     4     4     2     0     2   -76.0   47.516   87.158   3690.4    571.6
     1     1    10     4     4     1     0     1   -77.0   47.786   86.745   3760.7    571.9
     1     1    10     4     4     0     0     0   -78.0   48.055   86.319   3937.1    572.4
     1     1    10     4     3    23     0     1   -79.0   48.324   85.861   4076.5    540.5
     1     1    10     4     3    22     0     2   -80.0   48.590   85.378   4146.0    520.3
     1     1    10     4     3    21     0     3   -81.0   48.862   84.886   4194.0    509.0
     1     1    10     4     3    20     0     2   -82.0   49.141   84.394   4291.7    515.1
     1     1    10     4     3    19     0     1   -83.0   49.421   83.914   4385.1    519.9
     1     1    10     4     3    18     0     0   -84.0   49.700   83.446   4444.7    517.2
     1     1    10     4     3    17     0     1   -85.0   49.981   82.972   4547.9    524.4
     1     1    10     4     3    16     0     2   -86.0   50.269   82.482   4661.4    524.2
     1     1    10     4     3    15     0     3   -87.0   50.562   81.976   4776.5    526.3
     1     1    10     4     3    14     0     2   -88.0   50.853   81.451   4868.0    521.0
     1     1    10     4     3    13     0     1   -89.0   51.140   80.907   4943.6    520.6
     1     1    10     4     3    12     0     0   -90.0   51.425   80.356   4978.5    520.5
     1     1    10     4     3    11     0     1   -91.0   51.700   79.822   4997.5    523.1
     1     1    10     4     3    10     0     2   -92.0   51.962   79.309   5014.9    523.9
     1     1    10     4     3     9     0     3   -93.0   52.223   78.803   5026.2    524.0
     1     1    10     4     3     8     0     2   -94.0   52.488   78.309   5039.0    524.3
     1     1    10     4     3     7     0     1   -95.0   52.756   77.833   5062.8    522.9
     1     1    10     4     3     6     0     0   -96.0   53.022   77.375   5092.9    521.0
