     7     1
    GDAS    10     3    22     0     0
    GDAS    10     4     8     0     0
    GDAS    10     4    15     0     0
    GDAS    10     4    22     0     0
    GDAS    10     4    29     0     0
    GDAS    10     4     1     0     0
    GDAS    10     3    29     0     0
     1 BACKWARD OMEGA   
    10     4     3     6   39.977  116.381  4400.0
     1 PRESSURE
     1     1    10     4     3     6     0     0     0.0   39.977  116.381   4161.2    582.2
     1     1    10     4     3     5     0     1    -1.0   39.918  115.505   3973.1    559.9
     1     1    10     4     3     4     0     2    -2.0   39.902  114.632   3910.7    533.4
     1     1    10     4     3     3     0     3    -3.0   39.860  113.782   3901.1    530.3
     1     1    10     4     3     2     0     2    -4.0   39.830  112.964   3863.6    527.2
     1     1    10     4     3     1     0     1    -5.0   39.842  112.177   3840.1    519.6
     1     1    10     4     3     0     0     0    -6.0   39.855  111.447   3846.5    531.0
     1     1    10     4     2    23     0     1    -7.0   39.868  110.753   3830.5    540.3
     1     1    10     4     2    22     0     2    -8.0   39.905  110.071   3755.9    534.8
     1     1    10     4     2    21     0     3    -9.0   39.958  109.411   3716.8    538.7
     1     1    10     4     2    20     0     2   -10.0   40.020  108.759   3726.5    535.5
     1     1    10     4     2    19     0     1   -11.0   40.095  108.110   3728.8    535.7
     1     1    10     4     2    18     0     0   -12.0   40.181  107.480   3706.3    541.5
     1     1    10     4     2    17     0     1   -13.0   40.277  106.865   3669.3    544.7
     1     1    10     4     2    16     0     2   -14.0   40.385  106.252   3630.6    550.4
     1     1    10     4     2    15     0     3   -15.0   40.506  105.632   3564.9    551.8
     1     1    10     4     2    14     0     2   -16.0   40.646  105.002   3518.5    560.2
     1     1    10     4     2    13     0     1   -17.0   40.801  104.359   3524.0    559.0
     1     1    10     4     2    12     0     0   -18.0   40.952  103.712   3572.8    552.9
     1     1    10     4     2    11     0     1   -19.0   41.101  103.046   3608.2    547.9
     1     1    10     4     2    10     0     2   -20.0   41.278  102.344   3625.5    555.4
     1     1    10     4     2     9     0     3   -21.0   41.488  101.630   3637.8    564.3
     1     1    10     4     2     8     0     2   -22.0   41.690  100.921   3650.9    567.6
     1     1    10     4     2     7     0     1   -23.0   41.865  100.214   3669.7    566.9
     1     1    10     4     2     6     0     0   -24.0   42.025   99.507   3698.1    556.9
     1     1    10     4     2     5     0     1   -25.0   42.150   98.847   3714.6    540.8
     1     1    10     4     2     4     0     2   -26.0   42.215   98.262   3717.8    530.5
     1     1    10     4     2     3     0     3   -27.0   42.229   97.745   3703.7    522.9
     1     1    10     4     2     2     0     2   -28.0   42.224   97.276   3676.4    516.1
     1     1    10     4     2     1     0     1   -29.0   42.227   96.834   3649.2    511.9
     1     1    10     4     2     0     0     0   -30.0   42.234   96.413   3636.7    510.2
     1     1    10     4     1    23     0     1   -31.0   42.243   96.007   3638.7    507.3
     1     1    10     4     1    22     0     2   -32.0   42.244   95.618   3678.4    513.5
     1     1    10     4     1    21     0     3   -33.0   42.231   95.253   3729.8    518.8
     1     1    10     4     1    20     0     2   -34.0   42.213   94.900   3785.4    523.6
     1     1    10     4     1    19     0     1   -35.0   42.209   94.546   3819.2    528.6
     1     1    10     4     1    18     0     0   -36.0   42.222   94.204   3814.2    534.9
     1     1    10     4     1    17     0     1   -37.0   42.241   93.872   3788.6    544.9
     1     1    10     4     1    16     0     2   -38.0   42.255   93.547   3780.0    554.5
     1     1    10     4     1    15     0     3   -39.0   42.262   93.225   3791.1    563.3
     1     1    10     4     1    14     0     2   -40.0   42.258   92.903   3807.9    568.2
     1     1    10     4     1    13     0     1   -41.0   42.238   92.573   3819.5    566.7
     1     1    10     4     1    12     0     0   -42.0   42.200   92.235   3850.7    562.8
     1     1    10     4     1    11     0     1   -43.0   42.163   91.879   3886.8    555.5
     1     1    10     4     1    10     0     2   -44.0   42.159   91.497   3898.3    548.4
     1     1    10     4     1     9     0     3   -45.0   42.198   91.089   3883.6    546.1
     1     1    10     4     1     8     0     2   -46.0   42.258   90.676   3876.7    552.3
     1     1    10     4     1     7     0     1   -47.0   42.317   90.269   3879.1    555.9
     1     1    10     4     1     6     0     0   -48.0   42.373   89.859   3889.4    558.6
     1     1    10     4     1     5     0     1   -49.0   42.426   89.464   3926.4    564.3
     1     1    10     4     1     4     0     2   -50.0   42.473   89.100   3986.4    568.2
     1     1    10     4     1     3     0     3   -51.0   42.510   88.758   4015.0    557.3
     1     1    10     4     1     2     0     2   -52.0   42.546   88.413   4019.0    539.7
     1     1    10     4     1     1     0     1   -53.0   42.591   88.055   4019.6    520.9
     1     1    10     4     1     0     0     0   -54.0   42.650   87.692   3997.6    494.0
     1     1    10     3    31    23     0     1   -55.0   42.746   87.344   3939.7    460.4
     1     1    10     3    31    22     0     2   -56.0   42.898   87.019   3818.4    415.6
     1     1    10     3    31    21     0     3   -57.0   43.101   86.708   3824.2    415.2
     1     1    10     3    31    20     0     2   -58.0   43.317   86.410   3909.8    440.7
     1     1    10     3    31    19     0     1   -59.0   43.531   86.113   3957.4    461.4
     1     1    10     3    31    18     0     0   -60.0   43.752   85.815   3970.8    480.5
     1     1    10     3    31    17     0     1   -61.0   43.979   85.521   3981.8    494.1
     1     1    10     3    31    16     0     2   -62.0   44.204   85.237   4033.4    500.6
     1     1    10     3    31    15     0     3   -63.0   44.425   84.964   4140.6    510.7
     1     1    10     3    31    14     0     2   -64.0   44.647   84.692   4245.9    523.3
     1     1    10     3    31    13     0     1   -65.0   44.868   84.413   4310.8    548.2
     1     1    10     3    31    12     0     0   -66.0   45.088   84.125   4307.7    561.8
     1     1    10     3    31    11     0     1   -67.0   45.309   83.829   4237.3    553.7
     1     1    10     3    31    10     0     2   -68.0   45.535   83.528   4213.2    544.2
     1     1    10     3    31     9     0     3   -69.0   45.768   83.222   4236.9    532.2
     1     1    10     3    31     8     0     2   -70.0   46.015   82.919   4281.1    519.3
     1     1    10     3    31     7     0     1   -71.0   46.284   82.632   4342.3    518.3
     1     1    10     3    31     6     0     0   -72.0   46.579   82.355   4397.8    516.1
     1     1    10     3    31     5     0     1   -73.0   46.893   82.079   4444.3    512.7
     1     1    10     3    31     4     0     2   -74.0   47.220   81.802   4498.0    515.4
     1     1    10     3    31     3     0     3   -75.0   47.555   81.511   4550.2    516.7
     1     1    10     3    31     2     0     2   -76.0   47.898   81.214   4596.6    512.7
     1     1    10     3    31     1     0     1   -77.0   48.259   80.923   4660.6    511.2
     1     1    10     3    31     0     0     0   -78.0   48.646   80.625   4738.5    514.0
     1     1    10     3    30    23     0     1   -79.0   49.067   80.324   4818.1    515.3
     1     1    10     3    30    22     0     2   -80.0   49.524   80.029   4902.1    519.2
     1     1    10     3    30    21     0     3   -81.0   50.010   79.721   4982.6    522.3
     1     1    10     3    30    20     0     2   -82.0   50.528   79.407   5064.3    519.8
     1     1    10     3    30    19     0     1   -83.0   51.079   79.081   5170.8    516.5
     1     1    10     3    30    18     0     0   -84.0   51.650   78.712   5248.7    511.1
     1     1    10     3    30    17     0     1   -85.0   52.265   78.300   5304.6    509.6
     1     1    10     3    30    16     0     2   -86.0   52.942   77.824   5374.7    507.3
     1     1    10     3    30    15     0     3   -87.0   53.662   77.261   5443.8    500.4
     1     1    10     3    30    14     0     2   -88.0   54.403   76.592   5471.4    497.6
     1     1    10     3    30    13     0     1   -89.0   55.145   75.804   5456.0    499.1
     1     1    10     3    30    12     0     0   -90.0   55.878   74.926   5426.9    501.7
     1     1    10     3    30    11     0     1   -91.0   56.592   73.943   5385.4    506.0
     1     1    10     3    30    10     0     2   -92.0   57.260   72.852   5385.1    506.3
     1     1    10     3    30     9     0     3   -93.0   57.867   71.691   5379.1    505.0
     1     1    10     3    30     8     0     2   -94.0   58.434   70.441   5351.7    508.1
     1     1    10     3    30     7     0     1   -95.0   58.948   69.086   5335.2    511.4
     1     1    10     3    30     6     0     0   -96.0   59.386   67.632   5352.1    509.9
