     7     1
    GDAS    10     3    22     0     0
    GDAS    10     4     8     0     0
    GDAS    10     4    15     0     0
    GDAS    10     4    22     0     0
    GDAS    10     4    29     0     0
    GDAS    10     4     1     0     0
    GDAS    10     3    29     0     0
     1 BACKWARD OMEGA   
    10     4     1     0   39.977  116.381  9600.0
     1 PRESSURE
     1     1    10     4     1     0     0     0     0.0   39.977  116.381   9354.2    273.7
     1     1    10     3    31    23     0     1    -1.0   39.015  113.725   8873.2    254.6
     1     1    10     3    31    22     0     2    -2.0   38.131  111.336   8730.6    259.2
     1     1    10     3    31    21     0     3    -3.0   37.420  109.124   8632.7    265.2
     1     1    10     3    31    20     0     2    -4.0   36.763  107.006   8529.4    259.9
     1     1    10     3    31    19     0     1    -5.0   36.199  105.117   8456.8    251.8
     1     1    10     3    31    18     0     0    -6.0   35.618  103.322   8274.7    240.1
     1     1    10     3    31    17     0     1    -7.0   35.061  101.668   7711.9    215.3
     1     1    10     3    31    16     0     2    -8.0   34.501  100.218   7464.6    212.6
     1     1    10     3    31    15     0     3    -9.0   34.005   98.868   7345.6    207.7
     1     1    10     3    31    14     0     2   -10.0   33.637   97.616   7209.7    208.3
     1     1    10     3    31    13     0     1   -11.0   33.329   96.423   7101.5    210.3
     1     1    10     3    31    12     0     0   -12.0   33.050   95.228   6968.9    209.4
     1     1    10     3    31    11     0     1   -13.0   32.835   94.001   6921.7    209.0
     1     1    10     3    31    10     0     2   -14.0   32.702   92.747   6836.5    204.4
     1     1    10     3    31     9     0     3   -15.0   32.626   91.512   6748.8    205.5
     1     1    10     3    31     8     0     2   -16.0   32.584   90.327   6719.9    210.6
     1     1    10     3    31     7     0     1   -17.0   32.575   89.137   6666.9    215.2
     1     1    10     3    31     6     0     0   -18.0   32.587   87.924   6531.6    216.7
     1     1    10     3    31     5     0     1   -19.0   32.616   86.683   6452.5    219.3
     1     1    10     3    31     4     0     2   -20.0   32.673   85.470   6343.9    219.4
     1     1    10     3    31     3     0     3   -21.0   32.750   84.261   6323.5    225.6
     1     1    10     3    31     2     0     2   -22.0   32.818   83.074   6250.8    231.3
     1     1    10     3    31     1     0     1   -23.0   32.906   81.889   6188.2    235.9
     1     1    10     3    31     0     0     0   -24.0   33.061   80.620   6096.3    229.5
     1     1    10     3    30    23     0     1   -25.0   33.264   79.255   6092.6    228.5
     1     1    10     3    30    22     0     2   -26.0   33.469   77.884   6078.5    234.4
     1     1    10     3    30    21     0     3   -27.0   33.669   76.613   6144.7    249.7
     1     1    10     3    30    20     0     2   -28.0   33.839   75.493   6454.2    280.2
     1     1    10     3    30    19     0     1   -29.0   33.912   74.654   6711.6    314.6
     1     1    10     3    30    18     0     0   -30.0   33.984   73.978   6773.3    332.4
     1     1    10     3    30    17     0     1   -31.0   34.117   73.371   6898.0    352.6
     1     1    10     3    30    16     0     2   -32.0   34.343   72.763   7059.3    352.1
     1     1    10     3    30    15     0     3   -33.0   34.646   72.118   7304.6    337.2
     1     1    10     3    30    14     0     2   -34.0   34.982   71.313   7240.0    293.1
     1     1    10     3    30    13     0     1   -35.0   35.316   70.255   7004.2    275.2
     1     1    10     3    30    12     0     0   -36.0   35.665   69.116   7349.7    298.2
     1     1    10     3    30    11     0     1   -37.0   36.035   68.069   7501.3    298.7
     1     1    10     3    30    10     0     2   -38.0   36.350   67.044   7611.6    319.3
     1     1    10     3    30     9     0     3   -39.0   36.592   66.040   7730.0    338.6
     1     1    10     3    30     8     0     2   -40.0   36.803   65.102   7692.9    351.6
     1     1    10     3    30     7     0     1   -41.0   37.016   64.230   7613.1    360.1
     1     1    10     3    30     6     0     0   -42.0   37.254   63.407   7592.5    363.4
     1     1    10     3    30     5     0     1   -43.0   37.519   62.632   7657.8    365.5
     1     1    10     3    30     4     0     2   -44.0   37.775   61.922   7758.8    362.9
     1     1    10     3    30     3     0     3   -45.0   38.039   61.299   7858.3    358.4
     1     1    10     3    30     2     0     2   -46.0   38.299   60.750   7953.8    355.8
     1     1    10     3    30     1     0     1   -47.0   38.541   60.253   8092.1    351.7
     1     1    10     3    30     0     0     0   -48.0   38.763   59.790   8256.3    343.5
     1     1    10     3    29    23     0     1   -49.0   38.958   59.386   8379.0    333.3
     1     1    10     3    29    22     0     2   -50.0   39.112   59.080   8435.9    328.8
     1     1    10     3    29    21     0     3   -51.0   39.225   58.868   8459.4    329.2
     1     1    10     3    29    20     0     2   -52.0   39.309   58.728   8486.2    330.4
     1     1    10     3    29    19     0     1   -53.0   39.371   58.638   8545.1    327.7
     1     1    10     3    29    18     0     0   -54.0   39.408   58.601   8626.9    323.6
     1     1    10     3    29    17     0     1   -55.0   39.428   58.593   8706.5    318.8
     1     1    10     3    29    16     0     2   -56.0   39.437   58.591   8764.2    316.2
     1     1    10     3    29    15     0     3   -57.0   39.437   58.600   8802.4    314.3
     1     1    10     3    29    14     0     2   -58.0   39.427   58.627   8803.3    313.1
     1     1    10     3    29    13     0     1   -59.0   39.406   58.671   8744.2    315.3
     1     1    10     3    29    12     0     0   -60.0   39.381   58.721   8616.4    320.6
     1     1    10     3    29    11     0     1   -61.0   39.359   58.766   8415.7    329.9
     1     1    10     3    29    10     0     2   -62.0   39.343   58.790   8142.8    343.3
     1     1    10     3    29     9     0     3   -63.0   39.336   58.771   7791.0    361.0
     1     1    10     3    29     8     0     2   -64.0   39.333   58.716   7406.5    384.5
     1     1    10     3    29     7     0     1   -65.0   39.332   58.645   7049.4    405.3
     1     1    10     3    29     6     0     0   -66.0   39.341   58.564   6726.2    424.4
     1     1    10     3    29     5     0     1   -67.0   39.343   58.509   6432.6    442.4
     1     1    10     3    29     4     0     2   -68.0   39.326   58.493   6171.7    458.9
     1     1    10     3    29     3     0     3   -69.0   39.291   58.507   5953.2    472.8
     1     1    10     3    29     2     0     2   -70.0   39.240   58.558   5746.3    483.7
     1     1    10     3    29     1     0     1   -71.0   39.180   58.650   5536.0    497.6
     1     1    10     3    29     0     0     0   -72.0   39.111   58.787   5339.9    510.0
     1     1    10     3    28    23     0     1   -73.0   39.036   58.922   5172.0    521.3
     1     1    10     3    28    22     0     2   -74.0   38.960   58.988   5045.1    529.7
     1     1    10     3    28    21     0     3   -75.0   38.884   58.985   4948.4    536.8
     1     1    10     3    28    20     0     2   -76.0   38.804   58.911   4854.0    541.8
     1     1    10     3    28    19     0     1   -77.0   38.716   58.769   4745.2    548.7
     1     1    10     3    28    18     0     0   -78.0   38.621   58.575   4631.7    553.8
     1     1    10     3    28    17     0     1   -79.0   38.499   58.368   4482.2    554.8
     1     1    10     3    28    16     0     2   -80.0   38.327   58.150   4272.7    557.2
     1     1    10     3    28    15     0     3   -81.0   38.098   57.859   4024.4    555.0
     1     1    10     3    28    14     0     2   -82.0   37.812   57.523   3819.5    551.8
     1     1    10     3    28    13     0     1   -83.0   37.478   57.227   3537.4    549.2
     1     1    10     3    28    12     0     0   -84.0   37.094   56.931   2888.7    579.8
     1     1    10     3    28    11     0     1   -85.0   36.784   56.675   2307.1    678.1
     1     1    10     3    28    10     0     2   -86.0   36.531   56.469   2030.1    693.9
     1     1    10     3    28     9     0     3   -87.0   36.272   56.321   1853.2    704.9
     1     1    10     3    28     8     0     2   -88.0   36.005   56.223   1693.5    724.5
     1     1    10     3    28     7     0     1   -89.0   35.774   56.166   1582.5    745.7
     1     1    10     3    28     6     0     0   -90.0   35.574   56.149   1514.0    759.0
     1     1    10     3    28     5     0     1   -91.0   35.394   56.156   1473.6    770.0
     1     1    10     3    28     4     0     2   -92.0   35.233   56.167   1457.1    777.6
     1     1    10     3    28     3     0     3   -93.0   35.096   56.175   1458.7    782.6
     1     1    10     3    28     2     0     2   -94.0   34.971   56.164   1462.1    784.5
     1     1    10     3    28     1     0     1   -95.0   34.839   56.127   1452.6    784.7
     1     1    10     3    28     0     0     0   -96.0   34.696   56.069   1434.9    786.4
