     7     1
    GDAS    10     3    22     0     0
    GDAS    10     4     8     0     0
    GDAS    10     4    15     0     0
    GDAS    10     4    22     0     0
    GDAS    10     4    29     0     0
    GDAS    10     4     1     0     0
    GDAS    10     3    29     0     0
     1 BACKWARD OMEGA   
    10     4    18     0   39.977  116.381  4200.0
     1 PRESSURE
     1     1    10     4    18     0     0     0     0.0   39.977  116.381   3961.4    602.9
     1     1    10     4    17    23     0     1    -1.0   40.178  115.668   4010.1    558.8
     1     1    10     4    17    22     0     2    -2.0   40.369  114.845   4111.8    515.6
     1     1    10     4    17    21     0     3    -3.0   40.558  113.954   4335.2    497.3
     1     1    10     4    17    20     0     2    -4.0   40.737  113.040   4355.9    479.6
     1     1    10     4    17    19     0     1    -5.0   40.906  112.125   4336.4    480.6
     1     1    10     4    17    18     0     0    -6.0   41.067  111.201   4318.6    475.0
     1     1    10     4    17    17     0     1    -7.0   41.225  110.283   4243.2    489.4
     1     1    10     4    17    16     0     2    -8.0   41.375  109.383   4236.3    503.0
     1     1    10     4    17    15     0     3    -9.0   41.512  108.501   4307.1    504.3
     1     1    10     4    17    14     0     2   -10.0   41.643  107.640   4366.0    502.1
     1     1    10     4    17    13     0     1   -11.0   41.800  106.790   4559.2    492.8
     1     1    10     4    17    12     0     0   -12.0   41.979  105.968   4785.8    492.6
     1     1    10     4    17    11     0     1   -13.0   42.167  105.192   4743.7    479.7
     1     1    10     4    17    10     0     2   -14.0   42.367  104.440   4640.7    480.3
     1     1    10     4    17     9     0     3   -15.0   42.567  103.669   4702.8    473.1
     1     1    10     4    17     8     0     2   -16.0   42.757  102.865   4843.4    464.7
     1     1    10     4    17     7     0     1   -17.0   42.966  102.016   4894.0    447.8
     1     1    10     4    17     6     0     0   -18.0   43.189  101.162   4935.0    446.0
     1     1    10     4    17     5     0     1   -19.0   43.409  100.298   5076.4    447.9
     1     1    10     4    17     4     0     2   -20.0   43.650   99.404   5248.0    438.6
     1     1    10     4    17     3     0     3   -21.0   43.941   98.485   5483.0    426.7
     1     1    10     4    17     2     0     2   -22.0   44.250   97.529   5696.2    403.8
     1     1    10     4    17     1     0     1   -23.0   44.569   96.484   5916.9    387.3
     1     1    10     4    17     0     0     0   -24.0   44.890   95.338   5912.5    378.8
     1     1    10     4    16    23     0     1   -25.0   45.153   94.145   5924.9    377.2
     1     1    10     4    16    22     0     2   -26.0   45.383   93.011   5800.0    387.7
     1     1    10     4    16    21     0     3   -27.0   45.618   91.916   5741.5    405.4
     1     1    10     4    16    20     0     2   -28.0   45.865   90.791   5894.5    409.0
     1     1    10     4    16    19     0     1   -29.0   46.112   89.582   6215.8    396.3
     1     1    10     4    16    18     0     0   -30.0   46.363   88.294   6571.0    396.1
     1     1    10     4    16    17     0     1   -31.0   46.594   86.953   6603.2    390.4
     1     1    10     4    16    16     0     2   -32.0   46.758   85.615   6023.2    384.8
     1     1    10     4    16    15     0     3   -33.0   46.862   84.278   5901.4    393.7
     1     1    10     4    16    14     0     2   -34.0   46.959   82.895   6021.1    394.5
     1     1    10     4    16    13     0     1   -35.0   47.040   81.497   6099.4    420.4
     1     1    10     4    16    12     0     0   -36.0   47.080   80.141   6196.4    436.6
     1     1    10     4    16    11     0     1   -37.0   47.053   78.809   6170.2    434.9
     1     1    10     4    16    10     0     2   -38.0   47.002   77.527   6143.7    432.4
     1     1    10     4    16     9     0     3   -39.0   46.942   76.319   6163.6    436.6
     1     1    10     4    16     8     0     2   -40.0   46.881   75.153   6155.8    438.9
     1     1    10     4    16     7     0     1   -41.0   46.838   73.970   6170.6    435.1
     1     1    10     4    16     6     0     0   -42.0   46.772   72.762   6214.7    425.6
     1     1    10     4    16     5     0     1   -43.0   46.692   71.520   6291.8    423.8
     1     1    10     4    16     4     0     2   -44.0   46.631   70.226   6327.7    428.0
     1     1    10     4    16     3     0     3   -45.0   46.551   68.912   6359.3    433.7
     1     1    10     4    16     2     0     2   -46.0   46.452   67.600   6420.9    430.4
     1     1    10     4    16     1     0     1   -47.0   46.347   66.283   6488.8    430.1
     1     1    10     4    16     0     0     0   -48.0   46.212   64.986   6490.1    433.5
     1     1    10     4    15    23     0     1   -49.0   46.053   63.731   6517.7    434.3
     1     1    10     4    15    22     0     2   -50.0   45.890   62.509   6577.7    432.5
     1     1    10     4    15    21     0     3   -51.0   45.738   61.304   6659.2    428.9
     1     1    10     4    15    20     0     2   -52.0   45.601   60.105   6760.8    422.9
     1     1    10     4    15    19     0     1   -53.0   45.467   58.905   6817.4    417.2
     1     1    10     4    15    18     0     0   -54.0   45.348   57.703   6829.3    412.9
     1     1    10     4    15    17     0     1   -55.0   45.255   56.501   6879.8    413.1
     1     1    10     4    15    16     0     2   -56.0   45.169   55.280   6994.0    407.7
     1     1    10     4    15    15     0     3   -57.0   45.073   54.026   7162.3    400.3
     1     1    10     4    15    14     0     2   -58.0   44.978   52.742   7320.2    392.4
     1     1    10     4    15    13     0     1   -59.0   44.891   51.448   7443.0    384.9
     1     1    10     4    15    12     0     0   -60.0   44.769   50.193   7489.0    383.6
     1     1    10     4    15    11     0     1   -61.0   44.624   48.981   7453.4    384.3
     1     1    10     4    15    10     0     2   -62.0   44.464   47.777   7447.5    386.7
     1     1    10     4    15     9     0     3   -63.0   44.291   46.588   7455.1    384.5
     1     1    10     4    15     8     0     2   -64.0   44.113   45.421   7456.6    376.0
     1     1    10     4    15     7     0     1   -65.0   43.919   44.308   7387.1    369.7
     1     1    10     4    15     6     0     0   -66.0   43.694   43.267   7132.3    339.5
     1     1    10     4    15     5     0     1   -67.0   43.478   42.320   6951.9    329.7
     1     1    10     4    15     4     0     2   -68.0   43.268   41.478   6973.1    350.7
     1     1    10     4    15     3     0     3   -69.0   43.003   40.738   7134.2    386.4
     1     1    10     4    15     2     0     2   -70.0   42.702   40.108   7205.0    398.9
     1     1    10     4    15     1     0     1   -71.0   42.413   39.540   7157.9    399.1
     1     1    10     4    15     0     0     0   -72.0   42.124   39.014   7112.0    405.3
     1     1    10     4    14    23     0     1   -73.0   41.849   38.506   7012.3    402.5
     1     1    10     4    14    22     0     2   -74.0   41.625   37.999   6849.0    408.9
     1     1    10     4    14    21     0     3   -75.0   41.448   37.483   6660.3    418.7
     1     1    10     4    14    20     0     2   -76.0   41.289   36.951   6444.7    425.9
     1     1    10     4    14    19     0     1   -77.0   41.111   36.379   6170.4    427.1
     1     1    10     4    14    18     0     0   -78.0   40.903   35.744   5879.9    428.3
     1     1    10     4    14    17     0     1   -79.0   40.701   35.115   5631.3    435.3
     1     1    10     4    14    16     0     2   -80.0   40.492   34.536   5435.7    445.7
     1     1    10     4    14    15     0     3   -81.0   40.211   34.002   5315.4    457.9
     1     1    10     4    14    14     0     2   -82.0   39.911   33.504   5189.7    462.5
     1     1    10     4    14    13     0     1   -83.0   39.671   33.024   5050.9    468.2
     1     1    10     4    14    12     0     0   -84.0   39.454   32.580   4960.4    478.5
     1     1    10     4    14    11     0     1   -85.0   39.264   32.155   4885.7    483.0
     1     1    10     4    14    10     0     2   -86.0   39.124   31.710   4797.8    487.3
     1     1    10     4    14     9     0     3   -87.0   38.999   31.274   4736.8    487.8
     1     1    10     4    14     8     0     2   -88.0   38.871   30.829   4659.7    483.2
     1     1    10     4    14     7     0     1   -89.0   38.757   30.340   4521.1    492.2
     1     1    10     4    14     6     0     0   -90.0   38.649   29.847   4407.6    507.1
     1     1    10     4    14     5     0     1   -91.0   38.528   29.382   4344.1    521.1
     1     1    10     4    14     4     0     2   -92.0   38.393   28.941   4302.4    539.4
     1     1    10     4    14     3     0     3   -93.0   38.255   28.525   4312.4    550.1
     1     1    10     4    14     2     0     2   -94.0   38.119   28.141   4336.4    552.7
     1     1    10     4    14     1     0     1   -95.0   37.987   27.794   4331.8    561.3
     1     1    10     4    14     0     0     0   -96.0   37.860   27.480   4320.0    573.7
