     5     1
    GDAS    10     3     1     0     0
    GDAS    10     3     8     0     0
    GDAS    10     3    15     0     0
    GDAS    10     3    22     0     0
    GDAS    10     3    29     0     0
     1 BACKWARD OMEGA   
    10     3    26    12   39.977  116.381  9800.0
     1 PRESSURE
     1     1    10     3    26    12     0     0     0.0   39.977  116.381   9557.2    262.8
     1     1    10     3    26    11     0     1    -1.0   40.361  115.098   9137.6    240.3
     1     1    10     3    26    10     0     2    -2.0   40.757  113.817   9070.9    238.9
     1     1    10     3    26     9     0     3    -3.0   41.140  112.527   9066.4    229.5
     1     1    10     3    26     8     0     2    -4.0   41.500  111.268   9135.5    230.9
     1     1    10     3    26     7     0     1    -5.0   41.831  110.075   9176.1    233.1
     1     1    10     3    26     6     0     0    -6.0   42.145  108.937   9155.6    233.9
     1     1    10     3    26     5     0     1    -7.0   42.458  107.824   9209.4    240.0
     1     1    10     3    26     4     0     2    -8.0   42.753  106.719   9219.7    241.1
     1     1    10     3    26     3     0     3    -9.0   43.036  105.592   9137.9    233.4
     1     1    10     3    26     2     0     2   -10.0   43.314  104.458   9116.9    230.7
     1     1    10     3    26     1     0     1   -11.0   43.562  103.361   9069.3    234.6
     1     1    10     3    26     0     0     0   -12.0   43.804  102.270   9065.2    239.2
     1     1    10     3    25    23     0     1   -13.0   44.042  101.171   9040.5    249.5
     1     1    10     3    25    22     0     2   -14.0   44.269  100.041   8868.8    245.1
     1     1    10     3    25    21     0     3   -15.0   44.466   98.835   8772.7    237.9
     1     1    10     3    25    20     0     2   -16.0   44.641   97.599   8721.4    234.4
     1     1    10     3    25    19     0     1   -17.0   44.804   96.376   8726.2    244.0
     1     1    10     3    25    18     0     0   -18.0   44.938   95.127   8557.8    244.8
     1     1    10     3    25    17     0     1   -19.0   45.065   93.843   8613.7    252.6
     1     1    10     3    25    16     0     2   -20.0   45.206   92.571   8661.2    255.1
     1     1    10     3    25    15     0     3   -21.0   45.360   91.380   8678.2    259.8
     1     1    10     3    25    14     0     2   -22.0   45.567   90.248   8763.4    262.0
     1     1    10     3    25    13     0     1   -23.0   45.806   89.099   8920.1    265.0
     1     1    10     3    25    12     0     0   -24.0   46.060   87.917   9031.3    270.5
     1     1    10     3    25    11     0     1   -25.0   46.337   86.799   9049.7    271.1
     1     1    10     3    25    10     0     2   -26.0   46.596   85.707   8882.8    253.8
     1     1    10     3    25     9     0     3   -27.0   46.782   84.588   8826.5    243.3
     1     1    10     3    25     8     0     2   -28.0   46.907   83.546   8925.3    248.3
     1     1    10     3    25     7     0     1   -29.0   47.045   82.563   9090.8    248.8
     1     1    10     3    25     6     0     0   -30.0   47.224   81.617   9252.6    254.4
     1     1    10     3    25     5     0     1   -31.0   47.441   80.683   9328.3    259.1
     1     1    10     3    25     4     0     2   -32.0   47.681   79.699   9361.6    258.5
     1     1    10     3    25     3     0     3   -33.0   47.937   78.665   9357.0    255.8
     1     1    10     3    25     2     0     2   -34.0   48.197   77.584   9354.4    253.8
     1     1    10     3    25     1     0     1   -35.0   48.456   76.444   9350.5    249.9
     1     1    10     3    25     0     0     0   -36.0   48.735   75.244   9338.9    246.0
     1     1    10     3    24    23     0     1   -37.0   48.988   74.002   9343.6    248.3
     1     1    10     3    24    22     0     2   -38.0   49.183   72.757   9390.2    254.8
     1     1    10     3    24    21     0     3   -39.0   49.366   71.505   9446.1    256.8
     1     1    10     3    24    20     0     2   -40.0   49.610   70.192   9509.6    257.2
     1     1    10     3    24    19     0     1   -41.0   49.913   68.788   9572.6    255.9
     1     1    10     3    24    18     0     0   -42.0   50.240   67.352   9597.1    254.5
     1     1    10     3    24    17     0     1   -43.0   50.607   65.833   9636.9    257.4
     1     1    10     3    24    16     0     2   -44.0   51.027   64.169   9653.6    258.8
     1     1    10     3    24    15     0     3   -45.0   51.481   62.345   9633.1    256.1
     1     1    10     3    24    14     0     2   -46.0   51.909   60.370   9618.2    252.6
     1     1    10     3    24    13     0     1   -47.0   52.354   58.325   9575.7    248.5
     1     1    10     3    24    12     0     0   -48.0   52.776   56.174   9609.6    255.0
     1     1    10     3    24    11     0     1   -49.0   53.149   53.876   9734.0    251.8
     1     1    10     3    24    10     0     2   -50.0   53.479   51.583   9803.5    251.0
     1     1    10     3    24     9     0     3   -51.0   53.737   49.216   9800.3    252.4
     1     1    10     3    24     8     0     2   -52.0   53.902   46.869   9742.4    249.3
     1     1    10     3    24     7     0     1   -53.0   54.040   44.537   9783.8    248.9
     1     1    10     3    24     6     0     0   -54.0   54.091   42.209   9800.6    251.3
     1     1    10     3    24     5     0     1   -55.0   54.069   39.972   9741.2    254.0
     1     1    10     3    24     4     0     2   -56.0   54.057   37.801   9625.7    256.4
     1     1    10     3    24     3     0     3   -57.0   53.985   35.575   9508.1    261.3
     1     1    10     3    24     2     0     2   -58.0   53.811   33.281   9373.0    267.7
     1     1    10     3    24     1     0     1   -59.0   53.575   31.000   9287.9    273.6
     1     1    10     3    24     0     0     0   -60.0   53.296   28.724   9202.4    279.5
     1     1    10     3    23    23     0     1   -61.0   53.078   26.487   9122.1    283.1
     1     1    10     3    23    22     0     2   -62.0   53.053   24.309   9065.7    286.2
     1     1    10     3    23    21     0     3   -63.0   53.227   22.134   9043.2    290.0
     1     1    10     3    23    20     0     2   -64.0   53.691   19.971   9042.0    289.4
     1     1    10     3    23    19     0     1   -65.0   54.382   17.756   8948.6    295.1
     1     1    10     3    23    18     0     0   -66.0   55.203   15.480   9084.6    290.9
     1     1    10     3    23    17     0     1   -67.0   56.048   13.216   9065.5    289.8
     1     1    10     3    23    16     0     2   -68.0   56.897   10.998   9151.6    286.8
     1     1    10     3    23    15     0     3   -69.0   57.701    8.778   9273.4    282.0
     1     1    10     3    23    14     0     2   -70.0   58.354    6.595   9240.6    272.3
     1     1    10     3    23    13     0     1   -71.0   58.862    4.422   9408.9    275.4
     1     1    10     3    23    12     0     0   -72.0   59.228    2.115   9579.0    267.1
     1     1    10     3    23    11     0     1   -73.0   59.337   -0.145   9717.8    262.0
     1     1    10     3    23    10     0     2   -74.0   59.264   -2.268   9797.0    258.1
     1     1    10     3    23     9     0     3   -75.0   59.040   -4.331   9786.7    258.3
     1     1    10     3    23     8     0     2   -76.0   58.649   -6.204   9722.1    260.4
     1     1    10     3    23     7     0     1   -77.0   58.148   -7.906   9640.4    263.1
     1     1    10     3    23     6     0     0   -78.0   57.544   -9.701   9631.6    263.2
     1     1    10     3    23     5     0     1   -79.0   56.796  -11.436   9575.6    265.0
     1     1    10     3    23     4     0     2   -80.0   55.943  -13.123   9463.9    269.2
     1     1    10     3    23     3     0     3   -81.0   54.914  -14.880   9257.8    277.2
     1     1    10     3    23     2     0     2   -82.0   53.735  -16.547   8990.6    290.0
     1     1    10     3    23     1     0     1   -83.0   52.521  -18.263   8773.1    300.0
     1     1    10     3    23     0     0     0   -84.0   51.298  -20.054   8651.4    306.3
     1     1    10     3    22    23     0     1   -85.0   50.156  -21.802   8656.4    306.5
     1     1    10     3    22    22     0     2   -86.0   49.164  -23.588   8711.7    305.2
     1     1    10     3    22    21     0     3   -87.0   48.338  -25.357   8802.7    301.9
     1     1    10     3    22    20     0     2   -88.0   47.716  -27.120   8860.0    299.9
     1     1    10     3    22    19     0     1   -89.0   47.337  -28.907   8906.6    298.0
     1     1    10     3    22    18     0     0   -90.0   47.198  -30.772   8936.6    296.6
     1     1    10     3    22    17     0     1   -91.0   47.247  -32.672   8934.1    296.6
     1     1    10     3    22    16     0     2   -92.0   47.467  -34.566   8957.6    295.4
     1     1    10     3    22    15     0     3   -93.0   47.827  -36.470   9029.9    291.8
     1     1    10     3    22    14     0     2   -94.0   48.267  -38.410   9113.3    287.3
     1     1    10     3    22    13     0     1   -95.0   48.750  -40.365   9175.7    284.3
     1     1    10     3    22    12     0     0   -96.0   49.239  -42.362   9223.9    282.0
