     7     1
    GDAS    10     3    22     0     0
    GDAS    10     4     8     0     0
    GDAS    10     4    15     0     0
    GDAS    10     4    22     0     0
    GDAS    10     4    29     0     0
    GDAS    10     4     1     0     0
    GDAS    10     3    29     0     0
     1 BACKWARD OMEGA   
    10     4    12     0   39.977  116.381  9000.0
     1 PRESSURE
     1     1    10     4    12     0     0     0     0.0   39.977  116.381   8757.0    302.4
     1     1    10     4    11    23     0     1    -1.0   39.448  114.302   8318.1    287.3
     1     1    10     4    11    22     0     2    -2.0   39.191  112.096   8076.9    277.2
     1     1    10     4    11    21     0     3    -3.0   39.060  109.833   7853.1    299.8
     1     1    10     4    11    20     0     2    -4.0   39.121  107.522   7685.9    303.6
     1     1    10     4    11    19     0     1    -5.0   39.333  105.129   7525.1    309.6
     1     1    10     4    11    18     0     0    -6.0   39.734  102.669   7501.4    308.2
     1     1    10     4    11    17     0     1    -7.0   40.333  100.155   7574.5    309.6
     1     1    10     4    11    16     0     2    -8.0   41.110   97.658   7414.0    303.0
     1     1    10     4    11    15     0     3    -9.0   41.954   95.195   7241.6    315.3
     1     1    10     4    11    14     0     2   -10.0   42.788   92.962   7553.9    341.2
     1     1    10     4    11    13     0     1   -11.0   43.747   90.780   7629.4    318.1
     1     1    10     4    11    12     0     0   -12.0   44.742   88.537   7797.2    318.0
     1     1    10     4    11    11     0     1   -13.0   45.672   86.434   8082.0    329.0
     1     1    10     4    11    10     0     2   -14.0   46.519   84.356   7906.3    292.0
     1     1    10     4    11     9     0     3   -15.0   47.204   82.280   8193.8    294.3
     1     1    10     4    11     8     0     2   -16.0   47.752   80.375   8337.7    303.4
     1     1    10     4    11     7     0     1   -17.0   48.225   78.653   8374.5    302.1
     1     1    10     4    11     6     0     0   -18.0   48.582   77.013   8376.0    295.3
     1     1    10     4    11     5     0     1   -19.0   48.829   75.427   8373.4    291.9
     1     1    10     4    11     4     0     2   -20.0   49.033   73.928   8373.0    297.5
     1     1    10     4    11     3     0     3   -21.0   49.182   72.544   8364.8    308.1
     1     1    10     4    11     2     0     2   -22.0   49.277   71.268   8304.0    316.0
     1     1    10     4    11     1     0     1   -23.0   49.326   70.061   8249.2    320.8
     1     1    10     4    11     0     0     0   -24.0   49.290   68.920   8172.0    325.6
     1     1    10     4    10    23     0     1   -25.0   49.162   67.829   8069.9    325.6
     1     1    10     4    10    22     0     2   -26.0   48.935   66.818   8071.8    327.9
     1     1    10     4    10    21     0     3   -27.0   48.614   65.964   8084.2    334.3
     1     1    10     4    10    20     0     2   -28.0   48.283   65.271   7892.6    349.5
     1     1    10     4    10    19     0     1   -29.0   47.975   64.707   7608.9    369.4
     1     1    10     4    10    18     0     0   -30.0   47.670   64.243   7334.8    387.9
     1     1    10     4    10    17     0     1   -31.0   47.363   63.792   7112.2    399.8
     1     1    10     4    10    16     0     2   -32.0   47.045   63.326   6899.1    411.7
     1     1    10     4    10    15     0     3   -33.0   46.709   62.884   6676.6    425.4
     1     1    10     4    10    14     0     2   -34.0   46.345   62.448   6465.2    440.0
     1     1    10     4    10    13     0     1   -35.0   45.928   61.959   6274.0    452.6
     1     1    10     4    10    12     0     0   -36.0   45.492   61.481   6111.0    464.3
     1     1    10     4    10    11     0     1   -37.0   45.050   61.081   5985.7    471.8
     1     1    10     4    10    10     0     2   -38.0   44.612   60.730   5867.1    479.3
     1     1    10     4    10     9     0     3   -39.0   44.215   60.384   5794.2    487.7
     1     1    10     4    10     8     0     2   -40.0   43.839   60.032   5762.4    486.4
     1     1    10     4    10     7     0     1   -41.0   43.464   59.682   5703.1    489.0
     1     1    10     4    10     6     0     0   -42.0   43.084   59.326   5657.3    496.3
     1     1    10     4    10     5     0     1   -43.0   42.708   58.943   5633.6    494.8
     1     1    10     4    10     4     0     2   -44.0   42.356   58.535   5580.0    497.7
     1     1    10     4    10     3     0     3   -45.0   42.033   58.107   5505.5    504.3
     1     1    10     4    10     2     0     2   -46.0   41.721   57.678   5439.4    511.1
     1     1    10     4    10     1     0     1   -47.0   41.401   57.263   5372.5    514.2
     1     1    10     4    10     0     0     0   -48.0   41.088   56.843   5252.0    520.0
     1     1    10     4     9    23     0     1   -49.0   40.785   56.384   5156.2    531.1
     1     1    10     4     9    22     0     2   -50.0   40.475   55.873   5160.4    527.9
     1     1    10     4     9    21     0     3   -51.0   40.150   55.303   5213.5    520.8
     1     1    10     4     9    20     0     2   -52.0   39.824   54.713   5280.2    513.5
     1     1    10     4     9    19     0     1   -53.0   39.514   54.134   5355.5    512.6
     1     1    10     4     9    18     0     0   -54.0   39.212   53.536   5386.7    515.5
     1     1    10     4     9    17     0     1   -55.0   38.908   52.894   5357.3    521.1
     1     1    10     4     9    16     0     2   -56.0   38.609   52.222   5351.6    528.1
     1     1    10     4     9    15     0     3   -57.0   38.311   51.520   5309.0    525.2
     1     1    10     4     9    14     0     2   -58.0   37.994   50.754   5187.5    528.0
     1     1    10     4     9    13     0     1   -59.0   37.656   49.945   5028.1    534.5
     1     1    10     4     9    12     0     0   -60.0   37.245   49.044   5020.0    477.2
     1     1    10     4     9    11     0     1   -61.0   36.735   48.068   4938.9    436.1
     1     1    10     4     9    10     0     2   -62.0   36.190   47.089   4757.2    437.4
     1     1    10     4     9     9     0     3   -63.0   35.646   46.095   4865.2    455.1
     1     1    10     4     9     8     0     2   -64.0   35.162   45.169   5109.6    495.4
     1     1    10     4     9     7     0     1   -65.0   34.762   44.352   5135.5    523.5
     1     1    10     4     9     6     0     0   -66.0   34.412   43.573   5225.0    522.7
     1     1    10     4     9     5     0     1   -67.0   34.088   42.779   5206.4    523.6
     1     1    10     4     9     4     0     2   -68.0   33.764   41.963   5061.9    521.2
     1     1    10     4     9     3     0     3   -69.0   33.427   41.107   4957.0    517.1
     1     1    10     4     9     2     0     2   -70.0   33.081   40.239   4854.7    509.9
     1     1    10     4     9     1     0     1   -71.0   32.742   39.379   4741.3    509.6
     1     1    10     4     9     0     0     0   -72.0   32.427   38.540   4652.9    517.7
     1     1    10     4     8    23     0     1   -73.0   32.156   37.736   4697.1    518.4
     1     1    10     4     8    22     0     2   -74.0   31.945   36.971   4654.0    519.7
     1     1    10     4     8    21     0     3   -75.0   31.814   36.248   4500.1    536.7
     1     1    10     4     8    20     0     2   -76.0   31.738   35.546   4442.7    562.1
     1     1    10     4     8    19     0     1   -77.0   31.694   34.852   4562.7    571.8
     1     1    10     4     8    18     0     0   -78.0   31.666   34.144   4738.2    561.1
     1     1    10     4     8    17     0     1   -79.0   31.678   33.416   4862.4    553.2
     1     1    10     4     8    16     0     2   -80.0   31.739   32.670   4917.3    551.8
     1     1    10     4     8    15     0     3   -81.0   31.809   31.901   4941.7    552.2
     1     1    10     4     8    14     0     2   -82.0   31.878   31.125   4995.4    547.9
     1     1    10     4     8    13     0     1   -83.0   32.008   30.327   5077.4    542.0
     1     1    10     4     8    12     0     0   -84.0   32.169   29.535   5145.1    537.1
     1     1    10     4     8    11     0     1   -85.0   32.326   28.779   5190.0    533.6
     1     1    10     4     8    10     0     2   -86.0   32.511   28.031   5210.4    532.9
     1     1    10     4     8     9     0     3   -87.0   32.715   27.333   5221.7    532.4
     1     1    10     4     8     8     0     2   -88.0   32.941   26.675   5275.6    530.7
     1     1    10     4     8     7     0     1   -89.0   33.199   26.021   5399.8    521.2
     1     1    10     4     8     6     0     0   -90.0   33.519   25.348   5579.4    507.4
     1     1    10     4     8     5     0     1   -91.0   33.879   24.626   5731.8    492.5
     1     1    10     4     8     4     0     2   -92.0   34.233   23.855   5775.0    487.0
     1     1    10     4     8     3     0     3   -93.0   34.584   23.062   5744.6    494.5
     1     1    10     4     8     2     0     2   -94.0   34.934   22.285   5756.1    494.0
     1     1    10     4     8     1     0     1   -95.0   35.266   21.515   5836.9    488.1
     1     1    10     4     8     0     0     0   -96.0   35.592   20.753   5850.5    487.8
