     7     1
    GDAS    10     3    22     0     0
    GDAS    10     4     8     0     0
    GDAS    10     4    15     0     0
    GDAS    10     4    22     0     0
    GDAS    10     4    29     0     0
    GDAS    10     4     1     0     0
    GDAS    10     3    29     0     0
     1 BACKWARD OMEGA   
    10     4     7     6   39.977  116.381  3200.0
     1 PRESSURE
     1     1    10     4     7     6     0     0     0.0   39.977  116.381   2961.9    686.2
     1     1    10     4     7     5     0     1    -1.0   40.070  115.735   3013.2    646.0
     1     1    10     4     7     4     0     2    -2.0   40.201  115.035   2890.1    600.2
     1     1    10     4     7     3     0     3    -3.0   40.344  114.317   2741.8    622.5
     1     1    10     4     7     2     0     2    -4.0   40.487  113.572   2650.8    623.1
     1     1    10     4     7     1     0     1    -5.0   40.638  112.801   2610.2    610.8
     1     1    10     4     7     0     0     0    -6.0   40.780  111.971   2607.7    606.5
     1     1    10     4     6    23     0     1    -7.0   40.880  111.101   2514.6    607.8
     1     1    10     4     6    22     0     2    -8.0   40.938  110.260   2356.3    626.3
     1     1    10     4     6    21     0     3    -9.0   40.949  109.452   2264.0    652.2
     1     1    10     4     6    20     0     2   -10.0   40.928  108.675   2191.4    678.7
     1     1    10     4     6    19     0     1   -11.0   40.904  107.935   2126.6    694.6
     1     1    10     4     6    18     0     0   -12.0   40.863  107.198   2014.3    678.3
     1     1    10     4     6    17     0     1   -13.0   40.811  106.477   1875.8    685.9
     1     1    10     4     6    16     0     2   -14.0   40.761  105.835   1756.3    700.0
     1     1    10     4     6    15     0     3   -15.0   40.716  105.273   1645.6    716.5
     1     1    10     4     6    14     0     2   -16.0   40.670  104.786   1530.0    728.2
     1     1    10     4     6    13     0     1   -17.0   40.612  104.349   1420.2    734.3
     1     1    10     4     6    12     0     0   -18.0   40.540  103.942   1320.0    738.7
     1     1    10     4     6    11     0     1   -19.0   40.464  103.572   1266.9    745.3
     1     1    10     4     6    10     0     2   -20.0   40.389  103.242   1278.4    740.4
     1     1    10     4     6     9     0     3   -21.0   40.299  102.942   1326.3    733.8
     1     1    10     4     6     8     0     2   -22.0   40.203  102.669   1402.1    730.6
     1     1    10     4     6     7     0     1   -23.0   40.108  102.409   1503.3    724.6
     1     1    10     4     6     6     0     0   -24.0   40.003  102.143   1630.9    716.6
     1     1    10     4     6     5     0     1   -25.0   39.928  101.867   1748.7    702.9
     1     1    10     4     6     4     0     2   -26.0   39.916  101.600   1822.2    694.2
     1     1    10     4     6     3     0     3   -27.0   39.947  101.348   1839.1    693.0
     1     1    10     4     6     2     0     2   -28.0   39.993  101.104   1791.7    697.7
     1     1    10     4     6     1     0     1   -29.0   40.043  100.863   1683.2    708.4
     1     1    10     4     6     0     0     0   -30.0   40.088  100.633   1545.4    721.6
     1     1    10     4     5    23     0     1   -31.0   40.113  100.443   1431.3    734.8
     1     1    10     4     5    22     0     2   -32.0   40.117  100.316   1373.6    738.3
     1     1    10     4     5    21     0     3   -33.0   40.107  100.259   1366.2    737.9
     1     1    10     4     5    20     0     2   -34.0   40.088  100.250   1397.2    733.8
     1     1    10     4     5    19     0     1   -35.0   40.064  100.267   1451.0    728.8
     1     1    10     4     5    18     0     0   -36.0   40.042  100.314   1525.3    721.7
     1     1    10     4     5    17     0     1   -37.0   40.026  100.353   1598.8    713.4
     1     1    10     4     5    16     0     2   -38.0   40.020  100.342   1657.7    708.3
     1     1    10     4     5    15     0     3   -39.0   40.027  100.276   1702.1    704.1
     1     1    10     4     5    14     0     2   -40.0   40.024  100.185   1739.3    700.9
     1     1    10     4     5    13     0     1   -41.0   39.988  100.099   1774.3    696.0
     1     1    10     4     5    12     0     0   -42.0   39.927  100.020   1804.8    689.3
     1     1    10     4     5    11     0     1   -43.0   39.885   99.945   1827.4    684.3
     1     1    10     4     5    10     0     2   -44.0   39.877   99.880   1839.3    683.1
     1     1    10     4     5     9     0     3   -45.0   39.890   99.829   1844.8    683.8
     1     1    10     4     5     8     0     2   -46.0   39.916   99.784   1851.3    686.3
     1     1    10     4     5     7     0     1   -47.0   39.954   99.730   1867.5    688.9
     1     1    10     4     5     6     0     0   -48.0   40.006   99.667   1896.7    692.0
     1     1    10     4     5     5     0     1   -49.0   40.071   99.581   1927.4    689.9
     1     1    10     4     5     4     0     2   -50.0   40.140   99.467   1958.3    688.4
     1     1    10     4     5     3     0     3   -51.0   40.209   99.333   1992.2    686.2
     1     1    10     4     5     2     0     2   -52.0   40.278   99.178   2036.1    683.1
     1     1    10     4     5     1     0     1   -53.0   40.349   98.997   2090.7    677.2
     1     1    10     4     5     0     0     0   -54.0   40.423   98.784   2119.7    666.0
     1     1    10     4     4    23     0     1   -55.0   40.498   98.543   2086.6    661.0
     1     1    10     4     4    22     0     2   -56.0   40.571   98.290   1984.1    664.3
     1     1    10     4     4    21     0     3   -57.0   40.638   98.049   1821.8    674.3
     1     1    10     4     4    20     0     2   -58.0   40.698   97.830   1613.9    687.8
     1     1    10     4     4    19     0     1   -59.0   40.753   97.631   1385.8    703.7
     1     1    10     4     4    18     0     0   -60.0   40.818   97.451   1170.3    719.9
     1     1    10     4     4    17     0     1   -61.0   40.906   97.282   1010.8    732.7
     1     1    10     4     4    16     0     2   -62.0   41.013   97.111    937.5    736.3
     1     1    10     4     4    15     0     3   -63.0   41.135   96.911    937.3    731.2
     1     1    10     4     4    14     0     2   -64.0   41.279   96.677    948.5    724.3
     1     1    10     4     4    13     0     1   -65.0   41.446   96.429    966.1    721.9
     1     1    10     4     4    12     0     0   -66.0   41.616   96.154   1023.3    711.3
     1     1    10     4     4    11     0     1   -67.0   41.776   95.837   1100.1    703.3
     1     1    10     4     4    10     0     2   -68.0   41.927   95.504   1167.6    713.8
     1     1    10     4     4     9     0     3   -69.0   42.078   95.164   1202.9    727.6
     1     1    10     4     4     8     0     2   -70.0   42.227   94.837   1166.3    735.0
     1     1    10     4     4     7     0     1   -71.0   42.365   94.545   1081.6    743.3
     1     1    10     4     4     6     0     0   -72.0   42.491   94.267    981.9    745.8
     1     1    10     4     4     5     0     1   -73.0   42.588   94.014    865.6    748.6
     1     1    10     4     4     4     0     2   -74.0   42.645   93.825    749.4    770.9
     1     1    10     4     4     3     0     3   -75.0   42.669   93.713    649.1    790.9
     1     1    10     4     4     2     0     2   -76.0   42.678   93.659    587.8    802.9
     1     1    10     4     4     1     0     1   -77.0   42.691   93.637    570.4    805.2
     1     1    10     4     4     0     0     0   -78.0   42.709   93.631    586.6    802.3
     1     1    10     4     3    23     0     1   -79.0   42.744   93.588    599.8    800.1
     1     1    10     4     3    22     0     2   -80.0   42.805   93.488    605.9    809.4
     1     1    10     4     3    21     0     3   -81.0   42.902   93.334    636.1    824.8
     1     1    10     4     3    20     0     2   -82.0   43.036   93.151    715.7    839.2
     1     1    10     4     3    19     0     1   -83.0   43.197   92.935    808.4    829.7
     1     1    10     4     3    18     0     0   -84.0   43.375   92.663    867.2    802.1
     1     1    10     4     3    17     0     1   -85.0   43.564   92.338    884.6    781.6
     1     1    10     4     3    16     0     2   -86.0   43.767   91.955    862.0    764.3
     1     1    10     4     3    15     0     3   -87.0   43.960   91.512    801.7    762.5
     1     1    10     4     3    14     0     2   -88.0   44.108   91.079    742.8    782.4
     1     1    10     4     3    13     0     1   -89.0   44.221   90.716    709.5    801.7
     1     1    10     4     3    12     0     0   -90.0   44.313   90.430    699.8    813.0
     1     1    10     4     3    11     0     1   -91.0   44.387   90.199    721.3    820.2
     1     1    10     4     3    10     0     2   -92.0   44.438   89.993    789.9    819.2
     1     1    10     4     3     9     0     3   -93.0   44.470   89.789    882.6    803.9
     1     1    10     4     3     8     0     2   -94.0   44.493   89.580    963.8    791.7
     1     1    10     4     3     7     0     1   -95.0   44.515   89.382   1025.1    784.2
     1     1    10     4     3     6     0     0   -96.0   44.532   89.209   1075.0    778.6
