     7     1
    GDAS    10     3    22     0     0
    GDAS    10     4     8     0     0
    GDAS    10     4    15     0     0
    GDAS    10     4    22     0     0
    GDAS    10     4    29     0     0
    GDAS    10     4     1     0     0
    GDAS    10     3    29     0     0
     1 BACKWARD OMEGA   
    10     4    13     0   39.977  116.381  7000.0
     1 PRESSURE
     1     1    10     4    13     0     0     0     0.0   39.977  116.381   6750.7    396.7
     1     1    10     4    12    23     0     1    -1.0   40.836  114.203   6660.9    341.7
     1     1    10     4    12    22     0     2    -2.0   41.920  112.066   6788.9    329.5
     1     1    10     4    12    21     0     3    -3.0   43.065  110.075   7023.5    333.9
     1     1    10     4    12    20     0     2    -4.0   44.191  108.214   7198.6    329.2
     1     1    10     4    12    19     0     1    -5.0   45.336  106.392   7255.5    313.7
     1     1    10     4    12    18     0     0    -6.0   46.533  104.538   7304.5    302.3
     1     1    10     4    12    17     0     1    -7.0   47.678  102.681   7339.2    295.3
     1     1    10     4    12    16     0     2    -8.0   48.760  100.896   7360.6    291.2
     1     1    10     4    12    15     0     3    -9.0   49.762   99.086   7347.2    281.0
     1     1    10     4    12    14     0     2   -10.0   50.663   97.251   7376.8    286.3
     1     1    10     4    12    13     0     1   -11.0   51.491   95.478   7519.4    296.4
     1     1    10     4    12    12     0     0   -12.0   52.241   93.768   7727.0    302.5
     1     1    10     4    12    11     0     1   -13.0   52.882   92.084   7889.6    310.0
     1     1    10     4    12    10     0     2   -14.0   53.451   90.407   7984.2    308.8
     1     1    10     4    12     9     0     3   -15.0   53.944   88.722   7985.0    301.3
     1     1    10     4    12     8     0     2   -16.0   54.400   87.084   8251.3    314.6
     1     1    10     4    12     7     0     1   -17.0   54.793   85.522   8366.2    311.8
     1     1    10     4    12     6     0     0   -18.0   55.136   84.074   8420.4    310.3
     1     1    10     4    12     5     0     1   -19.0   55.477   82.725   8497.3    311.5
     1     1    10     4    12     4     0     2   -20.0   55.827   81.474   8535.3    308.5
     1     1    10     4    12     3     0     3   -21.0   56.191   80.321   8592.0    306.7
     1     1    10     4    12     2     0     2   -22.0   56.536   79.203   8637.2    304.4
     1     1    10     4    12     1     0     1   -23.0   56.851   78.099   8681.3    303.0
     1     1    10     4    12     0     0     0   -24.0   57.146   77.008   8721.7    301.6
     1     1    10     4    11    23     0     1   -25.0   57.398   75.926   8765.8    299.4
     1     1    10     4    11    22     0     2   -26.0   57.604   74.839   8795.9    298.1
     1     1    10     4    11    21     0     3   -27.0   57.790   73.743   8811.3    297.9
     1     1    10     4    11    20     0     2   -28.0   57.953   72.657   8807.4    298.8
     1     1    10     4    11    19     0     1   -29.0   58.103   71.603   8803.8    298.9
     1     1    10     4    11    18     0     0   -30.0   58.265   70.571   8821.4    299.0
     1     1    10     4    11    17     0     1   -31.0   58.418   69.531   8840.0    299.0
     1     1    10     4    11    16     0     2   -32.0   58.561   68.491   8853.7    299.5
     1     1    10     4    11    15     0     3   -33.0   58.709   67.448   8859.3    299.5
     1     1    10     4    11    14     0     2   -34.0   58.839   66.394   8848.6    299.2
     1     1    10     4    11    13     0     1   -35.0   58.961   65.321   8835.8    299.2
     1     1    10     4    11    12     0     0   -36.0   59.088   64.214   8818.4    300.1
     1     1    10     4    11    11     0     1   -37.0   59.206   63.095   8778.9    301.0
     1     1    10     4    11    10     0     2   -38.0   59.326   61.965   8744.2    302.8
     1     1    10     4    11     9     0     3   -39.0   59.443   60.825   8678.4    305.2
     1     1    10     4    11     8     0     2   -40.0   59.565   59.704   8539.8    304.2
     1     1    10     4    11     7     0     1   -41.0   59.725   58.598   8418.0    301.9
     1     1    10     4    11     6     0     0   -42.0   59.919   57.482   8421.9    311.2
     1     1    10     4    11     5     0     1   -43.0   60.164   56.349   8412.1    316.3
     1     1    10     4    11     4     0     2   -44.0   60.477   55.248   8347.7    320.1
     1     1    10     4    11     3     0     3   -45.0   60.845   54.141   8261.6    324.3
     1     1    10     4    11     2     0     2   -46.0   61.241   52.976   8148.6    329.9
     1     1    10     4    11     1     0     1   -47.0   61.654   51.780   8090.8    334.8
     1     1    10     4    11     0     0     0   -48.0   62.076   50.485   8049.0    337.8
     1     1    10     4    10    23     0     1   -49.0   62.514   49.092   8001.8    339.0
     1     1    10     4    10    22     0     2   -50.0   62.968   47.630   7977.7    340.5
     1     1    10     4    10    21     0     3   -51.0   63.417   46.092   7975.4    340.9
     1     1    10     4    10    20     0     2   -52.0   63.825   44.544   8005.0    342.3
     1     1    10     4    10    19     0     1   -53.0   64.180   42.935   8034.4    341.9
     1     1    10     4    10    18     0     0   -54.0   64.472   41.326   8073.0    341.4
     1     1    10     4    10    17     0     1   -55.0   64.682   39.758   8106.6    341.1
     1     1    10     4    10    16     0     2   -56.0   64.815   38.238   8117.7    340.5
     1     1    10     4    10    15     0     3   -57.0   64.886   36.761   8128.1    340.5
     1     1    10     4    10    14     0     2   -58.0   64.901   35.328   8147.0    341.0
     1     1    10     4    10    13     0     1   -59.0   64.849   33.951   8122.0    340.1
     1     1    10     4    10    12     0     0   -60.0   64.737   32.627   8076.6    339.5
     1     1    10     4    10    11     0     1   -61.0   64.569   31.360   8037.6    339.2
     1     1    10     4    10    10     0     2   -62.0   64.343   30.157   7991.4    339.7
     1     1    10     4    10     9     0     3   -63.0   64.058   29.026   7967.2    341.8
     1     1    10     4    10     8     0     2   -64.0   63.727   28.004   7953.3    343.3
     1     1    10     4    10     7     0     1   -65.0   63.358   27.124   7937.4    345.8
     1     1    10     4    10     6     0     0   -66.0   62.943   26.328   7907.9    347.9
     1     1    10     4    10     5     0     1   -67.0   62.492   25.625   7883.1    348.1
     1     1    10     4    10     4     0     2   -68.0   61.991   25.042   7873.8    347.8
     1     1    10     4    10     3     0     3   -69.0   61.436   24.601   7860.1    348.0
     1     1    10     4    10     2     0     2   -70.0   60.840   24.281   7815.7    351.8
     1     1    10     4    10     1     0     1   -71.0   60.203   24.032   7765.8    358.3
     1     1    10     4    10     0     0     0   -72.0   59.548   23.842   7701.9    362.6
     1     1    10     4     9    23     0     1   -73.0   58.880   23.702   7633.9    367.1
     1     1    10     4     9    22     0     2   -74.0   58.189   23.593   7581.7    371.1
     1     1    10     4     9    21     0     3   -75.0   57.498   23.468   7547.5    372.6
     1     1    10     4     9    20     0     2   -76.0   56.814   23.314   7529.0    371.8
     1     1    10     4     9    19     0     1   -77.0   56.126   23.123   7515.0    369.6
     1     1    10     4     9    18     0     0   -78.0   55.446   22.858   7507.7    370.6
     1     1    10     4     9    17     0     1   -79.0   54.811   22.498   7480.3    374.6
     1     1    10     4     9    16     0     2   -80.0   54.214   22.049   7421.2    374.8
     1     1    10     4     9    15     0     3   -81.0   53.651   21.522   7367.9    378.2
     1     1    10     4     9    14     0     2   -82.0   53.145   20.903   7332.0    382.6
     1     1    10     4     9    13     0     1   -83.0   52.738   20.168   7317.4    382.7
     1     1    10     4     9    12     0     0   -84.0   52.434   19.292   7317.8    383.8
     1     1    10     4     9    11     0     1   -85.0   52.248   18.261   7289.6    386.4
     1     1    10     4     9    10     0     2   -86.0   52.201   17.110   7272.5    388.7
     1     1    10     4     9     9     0     3   -87.0   52.249   15.802   7224.9    391.6
     1     1    10     4     9     8     0     2   -88.0   52.426   14.415   7141.6    398.4
     1     1    10     4     9     7     0     1   -89.0   52.756   13.004   7070.1    402.0
     1     1    10     4     9     6     0     0   -90.0   53.253   11.468   6957.3    410.2
     1     1    10     4     9     5     0     1   -91.0   53.889   10.008   6930.7    411.9
     1     1    10     4     9     4     0     2   -92.0   54.607    8.619   6838.2    418.5
     1     1    10     4     9     3     0     3   -93.0   55.410    7.200   6744.8    423.9
     1     1    10     4     9     2     0     2   -94.0   56.251    5.784   6603.3    432.9
     1     1    10     4     9     1     0     1   -95.0   57.090    4.422   6523.9    438.6
     1     1    10     4     9     0     0     0   -96.0   57.945    3.030   6523.3    436.3
