     7     1
    GDAS    10     3    22     0     0
    GDAS    10     4     8     0     0
    GDAS    10     4    15     0     0
    GDAS    10     4    22     0     0
    GDAS    10     4    29     0     0
    GDAS    10     4     1     0     0
    GDAS    10     3    29     0     0
     1 BACKWARD OMEGA   
    10     4     7     6   39.977  116.381  2400.0
     1 PRESSURE
     1     1    10     4     7     6     0     0     0.0   39.977  116.381   2163.7    759.9
     1     1    10     4     7     5     0     1    -1.0   39.877  115.959   2156.7    750.3
     1     1    10     4     7     4     0     2    -2.0   39.840  115.543   2120.6    723.8
     1     1    10     4     7     3     0     3    -3.0   39.878  115.124   2043.1    700.3
     1     1    10     4     7     2     0     2    -4.0   39.977  114.688   1989.0    690.4
     1     1    10     4     7     1     0     1    -5.0   40.107  114.230   2020.3    690.0
     1     1    10     4     7     0     0     0    -6.0   40.285  113.757   2105.8    674.1
     1     1    10     4     6    23     0     1    -7.0   40.496  113.225   2163.2    654.0
     1     1    10     4     6    22     0     2    -8.0   40.708  112.597   2208.7    641.6
     1     1    10     4     6    21     0     3    -9.0   40.923  111.916   2281.1    631.4
     1     1    10     4     6    20     0     2   -10.0   41.127  111.191   2288.0    620.3
     1     1    10     4     6    19     0     1   -11.0   41.281  110.441   2218.9    640.1
     1     1    10     4     6    18     0     0   -12.0   41.419  109.678   2165.9    655.7
     1     1    10     4     6    17     0     1   -13.0   41.502  108.943   2144.1    667.8
     1     1    10     4     6    16     0     2   -14.0   41.540  108.265   2117.1    675.1
     1     1    10     4     6    15     0     3   -15.0   41.555  107.642   2075.0    680.5
     1     1    10     4     6    14     0     2   -16.0   41.557  107.038   2044.3    680.8
     1     1    10     4     6    13     0     1   -17.0   41.543  106.445   2035.9    685.2
     1     1    10     4     6    12     0     0   -18.0   41.506  105.881   2021.3    688.5
     1     1    10     4     6    11     0     1   -19.0   41.428  105.366   1964.0    692.1
     1     1    10     4     6    10     0     2   -20.0   41.307  104.924   1877.3    705.5
     1     1    10     4     6     9     0     3   -21.0   41.165  104.542   1805.3    709.9
     1     1    10     4     6     8     0     2   -22.0   41.022  104.212   1747.6    710.5
     1     1    10     4     6     7     0     1   -23.0   40.880  103.929   1691.0    712.2
     1     1    10     4     6     6     0     0   -24.0   40.739  103.687   1650.2    713.8
     1     1    10     4     6     5     0     1   -25.0   40.626  103.478   1628.3    712.8
     1     1    10     4     6     4     0     2   -26.0   40.571  103.296   1611.0    712.5
     1     1    10     4     6     3     0     3   -27.0   40.569  103.145   1588.6    714.0
     1     1    10     4     6     2     0     2   -28.0   40.592  103.005   1577.9    716.9
     1     1    10     4     6     1     0     1   -29.0   40.616  102.852   1607.7    716.8
     1     1    10     4     6     0     0     0   -30.0   40.646  102.688   1679.1    712.9
     1     1    10     4     5    23     0     1   -31.0   40.681  102.530   1779.3    705.3
     1     1    10     4     5    22     0     2   -32.0   40.726  102.394   1893.4    696.9
     1     1    10     4     5    21     0     3   -33.0   40.799  102.284   2017.2    687.7
     1     1    10     4     5    20     0     2   -34.0   40.910  102.185   2135.1    679.4
     1     1    10     4     5    19     0     1   -35.0   41.063  102.072   2241.1    673.6
     1     1    10     4     5    18     0     0   -36.0   41.244  101.929   2341.8    669.1
     1     1    10     4     5    17     0     1   -37.0   41.433  101.742   2415.4    664.7
     1     1    10     4     5    16     0     2   -38.0   41.622  101.510   2441.4    666.1
     1     1    10     4     5    15     0     3   -39.0   41.823  101.231   2421.1    670.9
     1     1    10     4     5    14     0     2   -40.0   42.027  100.917   2368.5    677.1
     1     1    10     4     5    13     0     1   -41.0   42.218  100.580   2315.6    674.2
     1     1    10     4     5    12     0     0   -42.0   42.400  100.194   2296.0    670.8
     1     1    10     4     5    11     0     1   -43.0   42.568   99.761   2285.9    663.9
     1     1    10     4     5    10     0     2   -44.0   42.695   99.319   2261.7    657.5
     1     1    10     4     5     9     0     3   -45.0   42.769   98.893   2221.4    656.5
     1     1    10     4     5     8     0     2   -46.0   42.814   98.498   2172.4    658.5
     1     1    10     4     5     7     0     1   -47.0   42.862   98.129   2121.2    661.0
     1     1    10     4     5     6     0     0   -48.0   42.918   97.777   2072.2    663.2
     1     1    10     4     5     5     0     1   -49.0   42.982   97.446   2024.2    664.6
     1     1    10     4     5     4     0     2   -50.0   43.046   97.161   1973.6    667.7
     1     1    10     4     5     3     0     3   -51.0   43.116   96.943   1927.1    674.1
     1     1    10     4     5     2     0     2   -52.0   43.202   96.771   1898.8    683.9
     1     1    10     4     5     1     0     1   -53.0   43.311   96.609   1897.8    689.9
     1     1    10     4     5     0     0     0   -54.0   43.441   96.441   1926.3    693.0
     1     1    10     4     4    23     0     1   -55.0   43.572   96.247   1953.2    692.2
     1     1    10     4     4    22     0     2   -56.0   43.681   96.019   1937.4    696.4
     1     1    10     4     4    21     0     3   -57.0   43.770   95.760   1884.2    710.3
     1     1    10     4     4    20     0     2   -58.0   43.851   95.485   1833.5    733.1
     1     1    10     4     4    19     0     1   -59.0   43.930   95.203   1810.3    756.8
     1     1    10     4     4    18     0     0   -60.0   44.012   94.914   1802.6    771.8
     1     1    10     4     4    17     0     1   -61.0   44.126   94.625   1786.3    746.7
     1     1    10     4     4    16     0     2   -62.0   44.291   94.344   1790.3    720.4
     1     1    10     4     4    15     0     3   -63.0   44.500   94.063   1806.0    700.1
     1     1    10     4     4    14     0     2   -64.0   44.738   93.780   1824.2    684.8
     1     1    10     4     4    13     0     1   -65.0   44.995   93.484   1828.9    682.0
     1     1    10     4     4    12     0     0   -66.0   45.261   93.138   1807.7    672.6
     1     1    10     4     4    11     0     1   -67.0   45.523   92.743   1837.1    664.8
     1     1    10     4     4    10     0     2   -68.0   45.779   92.346   1943.4    655.7
     1     1    10     4     4     9     0     3   -69.0   46.020   91.966   2073.5    650.8
     1     1    10     4     4     8     0     2   -70.0   46.292   91.561   2172.2    624.4
     1     1    10     4     4     7     0     1   -71.0   46.642   91.094   2245.6    579.7
     1     1    10     4     4     6     0     0   -72.0   47.041   90.578   2376.5    560.7
     1     1    10     4     4     5     0     1   -73.0   47.452   90.015   2555.8    554.6
     1     1    10     4     4     4     0     2   -74.0   47.860   89.426   2651.5    532.9
     1     1    10     4     4     3     0     3   -75.0   48.278   88.826   2720.3    531.3
     1     1    10     4     4     2     0     2   -76.0   48.710   88.212   2772.2    524.5
     1     1    10     4     4     1     0     1   -77.0   49.153   87.572   2870.9    514.4
     1     1    10     4     4     0     0     0   -78.0   49.615   86.909   3039.6    517.5
     1     1    10     4     3    23     0     1   -79.0   50.076   86.253   3155.6    526.0
     1     1    10     4     3    22     0     2   -80.0   50.538   85.629   3260.7    549.3
     1     1    10     4     3    21     0     3   -81.0   51.027   85.003   3407.4    554.7
     1     1    10     4     3    20     0     2   -82.0   51.527   84.360   3602.6    576.4
     1     1    10     4     3    19     0     1   -83.0   52.024   83.731   3754.6    609.3
     1     1    10     4     3    18     0     0   -84.0   52.527   83.103   3842.8    608.7
     1     1    10     4     3    17     0     1   -85.0   53.035   82.446   3938.9    600.2
     1     1    10     4     3    16     0     2   -86.0   53.552   81.769   4025.1    592.8
     1     1    10     4     3    15     0     3   -87.0   54.083   81.109   4083.3    589.5
     1     1    10     4     3    14     0     2   -88.0   54.634   80.432   4116.0    587.6
     1     1    10     4     3    13     0     1   -89.0   55.194   79.729   4141.1    589.1
     1     1    10     4     3    12     0     0   -90.0   55.773   79.019   4193.5    587.5
     1     1    10     4     3    11     0     1   -91.0   56.365   78.256   4250.7    579.4
     1     1    10     4     3    10     0     2   -92.0   56.961   77.434   4282.9    577.7
     1     1    10     4     3     9     0     3   -93.0   57.585   76.627   4315.3    575.0
     1     1    10     4     3     8     0     2   -94.0   58.232   75.804   4357.3    571.5
     1     1    10     4     3     7     0     1   -95.0   58.882   74.923   4381.5    571.1
     1     1    10     4     3     6     0     0   -96.0   59.542   73.983   4383.4    570.4
