     7     1
    GDAS    10     3    22     0     0
    GDAS    10     4     8     0     0
    GDAS    10     4    15     0     0
    GDAS    10     4    22     0     0
    GDAS    10     4    29     0     0
    GDAS    10     4     1     0     0
    GDAS    10     3    29     0     0
     1 BACKWARD OMEGA   
    10     4    28     6   39.977  116.381  3800.0
     1 PRESSURE
     1     1    10     4    28     6     0     0     0.0   39.977  116.381   3562.4    624.9
     1     1    10     4    28     5     0     1    -1.0   40.495  116.124   3624.3    576.6
     1     1    10     4    28     4     0     2    -2.0   40.969  115.904   3544.0    545.4
     1     1    10     4    28     3     0     3    -3.0   41.386  115.690   3487.8    549.0
     1     1    10     4    28     2     0     2    -4.0   41.793  115.535   3550.8    539.1
     1     1    10     4    28     1     0     1    -5.0   42.192  115.470   3726.0    523.5
     1     1    10     4    28     0     0     0    -6.0   42.561  115.490   3934.7    509.1
     1     1    10     4    27    23     0     1    -7.0   42.913  115.595   4090.5    498.3
     1     1    10     4    27    22     0     2    -8.0   43.249  115.794   4176.7    495.6
     1     1    10     4    27    21     0     3    -9.0   43.547  116.110   4221.4    494.4
     1     1    10     4    27    20     0     2   -10.0   43.818  116.503   4239.4    493.0
     1     1    10     4    27    19     0     1   -11.0   44.066  116.941   4299.2    488.3
     1     1    10     4    27    18     0     0   -12.0   44.286  117.456   4433.1    483.2
     1     1    10     4    27    17     0     1   -13.0   44.481  118.009   4527.6    477.7
     1     1    10     4    27    16     0     2   -14.0   44.639  118.523   4534.1    482.8
     1     1    10     4    27    15     0     3   -15.0   44.749  118.992   4425.4    490.1
     1     1    10     4    27    14     0     2   -16.0   44.833  119.427   4286.0    511.5
     1     1    10     4    27    13     0     1   -17.0   44.883  119.844   4177.7    524.6
     1     1    10     4    27    12     0     0   -18.0   44.886  120.244   4103.8    540.1
     1     1    10     4    27    11     0     1   -19.0   44.884  120.611   4035.9    555.0
     1     1    10     4    27    10     0     2   -20.0   44.898  120.955   3959.6    572.3
     1     1    10     4    27     9     0     3   -21.0   44.910  121.279   3878.0    584.6
     1     1    10     4    27     8     0     2   -22.0   44.924  121.587   3795.4    595.8
     1     1    10     4    27     7     0     1   -23.0   44.941  121.904   3700.6    608.6
     1     1    10     4    27     6     0     0   -24.0   44.942  122.246   3580.5    621.1
     1     1    10     4    27     5     0     1   -25.0   44.934  122.618   3461.5    633.8
     1     1    10     4    27     4     0     2   -26.0   44.928  123.022   3353.1    642.8
     1     1    10     4    27     3     0     3   -27.0   44.920  123.449   3268.4    652.8
     1     1    10     4    27     2     0     2   -28.0   44.890  123.838   3211.4    655.9
     1     1    10     4    27     1     0     1   -29.0   44.833  124.164   3142.9    661.4
     1     1    10     4    27     0     0     0   -30.0   44.748  124.461   3061.5    669.0
     1     1    10     4    26    23     0     1   -31.0   44.618  124.715   2978.1    676.5
     1     1    10     4    26    22     0     2   -32.0   44.423  124.886   2880.8    683.4
     1     1    10     4    26    21     0     3   -33.0   44.170  124.958   2749.7    694.2
     1     1    10     4    26    20     0     2   -34.0   43.877  124.978   2648.7    708.4
     1     1    10     4    26    19     0     1   -35.0   43.535  125.011   2630.2    705.4
     1     1    10     4    26    18     0     0   -36.0   43.137  125.094   2680.1    696.5
     1     1    10     4    26    17     0     1   -37.0   42.744  125.227   2731.9    680.9
     1     1    10     4    26    16     0     2   -38.0   42.407  125.357   2722.7    675.2
     1     1    10     4    26    15     0     3   -39.0   42.116  125.502   2647.5    675.0
     1     1    10     4    26    14     0     2   -40.0   41.844  125.629   2576.2    684.4
     1     1    10     4    26    13     0     1   -41.0   41.587  125.671   2570.6    688.3
     1     1    10     4    26    12     0     0   -42.0   41.354  125.637   2634.5    686.9
     1     1    10     4    26    11     0     1   -43.0   41.139  125.492   2741.5    677.7
     1     1    10     4    26    10     0     2   -44.0   40.944  125.173   2858.0    670.1
     1     1    10     4    26     9     0     3   -45.0   40.789  124.645   2983.7    663.4
     1     1    10     4    26     8     0     2   -46.0   40.627  124.022   3025.1    661.0
     1     1    10     4    26     7     0     1   -47.0   40.454  123.382   3018.3    677.3
     1     1    10     4    26     6     0     0   -48.0   40.286  122.661   3096.1    679.4
     1     1    10     4    26     5     0     1   -49.0   40.116  121.878   3293.1    657.9
     1     1    10     4    26     4     0     2   -50.0   39.912  121.066   3494.2    653.7
     1     1    10     4    26     3     0     3   -51.0   39.777  120.228   3757.2    624.8
     1     1    10     4    26     2     0     2   -52.0   39.687  119.349   4044.5    597.6
     1     1    10     4    26     1     0     1   -53.0   39.571  118.481   4294.2    578.5
     1     1    10     4    26     0     0     0   -54.0   39.515  117.547   4614.2    555.4
     1     1    10     4    25    23     0     1   -55.0   39.513  116.627   4833.3    534.1
     1     1    10     4    25    22     0     2   -56.0   39.492  115.793   4777.6    524.2
     1     1    10     4    25    21     0     3   -57.0   39.523  114.995   4613.1    504.4
     1     1    10     4    25    20     0     2   -58.0   39.693  114.153   4739.8    471.9
     1     1    10     4    25    19     0     1   -59.0   39.936  113.180   5098.3    437.0
     1     1    10     4    25    18     0     0   -60.0   40.198  112.049   5354.1    409.2
     1     1    10     4    25    17     0     1   -61.0   40.528  110.809   5542.0    400.9
     1     1    10     4    25    16     0     2   -62.0   40.852  109.500   5670.6    395.9
     1     1    10     4    25    15     0     3   -63.0   41.132  108.298   5766.8    408.1
     1     1    10     4    25    14     0     2   -64.0   41.542  107.182   5812.3    396.7
     1     1    10     4    25    13     0     1   -65.0   42.070  106.001   5966.6    402.7
     1     1    10     4    25    12     0     0   -66.0   42.654  104.989   5789.1    386.8
     1     1    10     4    25    11     0     1   -67.0   43.311  104.125   5739.0    385.6
     1     1    10     4    25    10     0     2   -68.0   43.998  103.349   5637.5    387.9
     1     1    10     4    25     9     0     3   -69.0   44.821  102.746   5653.4    396.8
     1     1    10     4    25     8     0     2   -70.0   45.858  102.304   5516.1    371.2
     1     1    10     4    25     7     0     1   -71.0   47.066  101.944   5391.5    373.9
     1     1    10     4    25     6     0     0   -72.0   48.348  101.643   5284.6    402.3
     1     1    10     4    25     5     0     1   -73.0   49.620  101.383   5060.0    420.2
     1     1    10     4    25     4     0     2   -74.0   50.979  101.249   4871.7    418.7
     1     1    10     4    25     3     0     3   -75.0   52.516  101.197   4859.2    429.1
     1     1    10     4    25     2     0     2   -76.0   53.817  101.120   4892.9    490.9
     1     1    10     4    25     1     0     1   -77.0   54.924  101.076   4856.7    502.2
     1     1    10     4    25     0     0     0   -78.0   55.980  101.113   4854.6    504.1
     1     1    10     4    24    23     0     1   -79.0   56.971  101.183   4877.4    504.5
     1     1    10     4    24    22     0     2   -80.0   57.913  101.262   4929.6    504.6
     1     1    10     4    24    21     0     3   -81.0   58.804  101.348   4967.6    504.9
     1     1    10     4    24    20     0     2   -82.0   59.631  101.424   4978.3    506.0
     1     1    10     4    24    19     0     1   -83.0   60.416  101.523   5017.6    501.4
     1     1    10     4    24    18     0     0   -84.0   61.201  101.657   5104.9    492.0
     1     1    10     4    24    17     0     1   -85.0   61.990  101.847   5246.0    479.6
     1     1    10     4    24    16     0     2   -86.0   62.765  102.107   5413.5    464.5
     1     1    10     4    24    15     0     3   -87.0   63.542  102.453   5613.7    452.4
     1     1    10     4    24    14     0     2   -88.0   64.313  102.861   5797.3    440.4
     1     1    10     4    24    13     0     1   -89.0   65.054  103.288   5944.1    423.8
     1     1    10     4    24    12     0     0   -90.0   65.728  103.731   6079.8    412.5
     1     1    10     4    24    11     0     1   -91.0   66.328  104.105   6181.4    409.3
     1     1    10     4    24    10     0     2   -92.0   66.890  104.378   6262.7    405.4
     1     1    10     4    24     9     0     3   -93.0   67.394  104.589   6350.0    402.4
     1     1    10     4    24     8     0     2   -94.0   67.853  104.772   6429.2    401.4
     1     1    10     4    24     7     0     1   -95.0   68.307  104.951   6490.0    399.5
     1     1    10     4    24     6     0     0   -96.0   68.749  105.125   6532.9    396.8
