     5     1
    GDAS    10     3     1     0     0
    GDAS    10     3     8     0     0
    GDAS    10     3    15     0     0
    GDAS    10     3    22     0     0
    GDAS    10     3    29     0     0
     1 BACKWARD OMEGA   
    10     3    25    18   39.977  116.381  8000.0
     1 PRESSURE
     1     1    10     3    25    18     0     0     0.0   39.977  116.381   7756.9    343.6
     1     1    10     3    25    17     0     1    -1.0   40.610  115.219   7541.1    306.3
     1     1    10     3    25    16     0     2    -2.0   41.302  114.092   7585.7    295.3
     1     1    10     3    25    15     0     3    -3.0   42.017  112.992   7672.9    290.2
     1     1    10     3    25    14     0     2    -4.0   42.744  111.932   7856.6    294.6
     1     1    10     3    25    13     0     1    -5.0   43.464  110.936   7925.8    296.2
     1     1    10     3    25    12     0     0    -6.0   44.157  109.994   7994.3    300.4
     1     1    10     3    25    11     0     1    -7.0   44.837  109.087   7959.6    294.4
     1     1    10     3    25    10     0     2    -8.0   45.507  108.208   7922.3    290.6
     1     1    10     3    25     9     0     3    -9.0   46.144  107.356   7884.0    283.8
     1     1    10     3    25     8     0     2   -10.0   46.743  106.529   7887.2    280.6
     1     1    10     3    25     7     0     1   -11.0   47.320  105.751   7921.8    283.4
     1     1    10     3    25     6     0     0   -12.0   47.861  105.009   8035.7    285.5
     1     1    10     3    25     5     0     1   -13.0   48.366  104.300   8124.4    281.1
     1     1    10     3    25     4     0     2   -14.0   48.856  103.632   8082.7    276.5
     1     1    10     3    25     3     0     3   -15.0   49.338  103.024   8023.9    276.5
     1     1    10     3    25     2     0     2   -16.0   49.821  102.455   8020.0    276.5
     1     1    10     3    25     1     0     1   -17.0   50.308  101.895   8002.2    269.3
     1     1    10     3    25     0     0     0   -18.0   50.791  101.339   7937.4    263.8
     1     1    10     3    24    23     0     1   -19.0   51.256  100.752   7866.5    262.2
     1     1    10     3    24    22     0     2   -20.0   51.678  100.102   7802.7    259.7
     1     1    10     3    24    21     0     3   -21.0   52.034   99.414   7754.3    255.5
     1     1    10     3    24    20     0     2   -22.0   52.341   98.740   7808.9    258.4
     1     1    10     3    24    19     0     1   -23.0   52.630   98.118   7903.2    267.0
     1     1    10     3    24    18     0     0   -24.0   52.906   97.541   7973.6    273.0
     1     1    10     3    24    17     0     1   -25.0   53.188   96.990   8023.4    273.7
     1     1    10     3    24    16     0     2   -26.0   53.492   96.439   8050.3    271.4
     1     1    10     3    24    15     0     3   -27.0   53.806   95.875   8055.4    272.0
     1     1    10     3    24    14     0     2   -28.0   54.108   95.277   8154.3    282.6
     1     1    10     3    24    13     0     1   -29.0   54.380   94.623   8273.0    292.5
     1     1    10     3    24    12     0     0   -30.0   54.602   93.907   8333.9    295.2
     1     1    10     3    24    11     0     1   -31.0   54.776   93.148   8378.5    295.7
     1     1    10     3    24    10     0     2   -32.0   54.916   92.375   8415.0    298.2
     1     1    10     3    24     9     0     3   -33.0   55.018   91.622   8430.2    301.9
     1     1    10     3    24     8     0     2   -34.0   55.101   90.882   8434.2    304.7
     1     1    10     3    24     7     0     1   -35.0   55.177   90.127   8438.4    305.1
     1     1    10     3    24     6     0     0   -36.0   55.234   89.357   8415.5    298.6
     1     1    10     3    24     5     0     1   -37.0   55.270   88.574   8420.1    296.2
     1     1    10     3    24     4     0     2   -38.0   55.288   87.798   8448.5    299.6
     1     1    10     3    24     3     0     3   -39.0   55.295   87.035   8520.3    307.8
     1     1    10     3    24     2     0     2   -40.0   55.275   86.266   8521.6    308.6
     1     1    10     3    24     1     0     1   -41.0   55.220   85.490   8521.8    309.4
     1     1    10     3    24     0     0     0   -42.0   55.146   84.728   8513.5    309.9
     1     1    10     3    23    23     0     1   -43.0   55.056   83.987   8501.2    309.2
     1     1    10     3    23    22     0     2   -44.0   54.950   83.285   8530.1    311.7
     1     1    10     3    23    21     0     3   -45.0   54.836   82.634   8536.7    312.0
     1     1    10     3    23    20     0     2   -46.0   54.718   82.024   8532.3    311.7
     1     1    10     3    23    19     0     1   -47.0   54.599   81.439   8536.6    311.5
     1     1    10     3    23    18     0     0   -48.0   54.488   80.878   8542.3    311.1
     1     1    10     3    23    17     0     1   -49.0   54.394   80.344   8535.7    310.8
     1     1    10     3    23    16     0     2   -50.0   54.327   79.837   8515.3    312.4
     1     1    10     3    23    15     0     3   -51.0   54.295   79.347   8502.6    315.0
     1     1    10     3    23    14     0     2   -52.0   54.289   78.858   8500.1    315.9
     1     1    10     3    23    13     0     1   -53.0   54.295   78.366   8496.5    315.7
     1     1    10     3    23    12     0     0   -54.0   54.321   77.871   8492.9    316.0
     1     1    10     3    23    11     0     1   -55.0   54.355   77.364   8499.5    316.1
     1     1    10     3    23    10     0     2   -56.0   54.377   76.844   8515.6    315.0
     1     1    10     3    23     9     0     3   -57.0   54.397   76.310   8527.4    313.7
     1     1    10     3    23     8     0     2   -58.0   54.427   75.778   8533.9    313.2
     1     1    10     3    23     7     0     1   -59.0   54.470   75.260   8541.8    313.4
     1     1    10     3    23     6     0     0   -60.0   54.528   74.750   8559.3    312.7
     1     1    10     3    23     5     0     1   -61.0   54.611   74.225   8588.1    310.3
     1     1    10     3    23     4     0     2   -62.0   54.714   73.664   8616.1    308.2
     1     1    10     3    23     3     0     3   -63.0   54.834   73.062   8620.4    308.2
     1     1    10     3    23     2     0     2   -64.0   54.963   72.443   8591.7    309.5
     1     1    10     3    23     1     0     1   -65.0   55.096   71.836   8559.7    310.6
     1     1    10     3    23     0     0     0   -66.0   55.229   71.250   8546.2    311.6
     1     1    10     3    22    23     0     1   -67.0   55.370   70.664   8553.2    310.8
     1     1    10     3    22    22     0     2   -68.0   55.523   70.053   8575.3    308.9
     1     1    10     3    22    21     0     3   -69.0   55.686   69.428   8597.5    307.5
     1     1    10     3    22    20     0     2   -70.0   55.859   68.789   8593.1    307.4
     1     1    10     3    22    19     0     1   -71.0   56.044   68.125   8566.6    308.0
     1     1    10     3    22    18     0     0   -72.0   56.239   67.431   8550.0    309.6
     1     1    10     3    22    17     0     1   -73.0   56.440   66.731   8567.1    310.6
     1     1    10     3    22    16     0     2   -74.0   56.647   66.049   8630.0    309.0
     1     1    10     3    22    15     0     3   -75.0   56.852   65.381   8695.9    304.9
     1     1    10     3    22    14     0     2   -76.0   57.055   64.698   8735.9    301.1
     1     1    10     3    22    13     0     1   -77.0   57.256   63.982   8742.0    300.3
     1     1    10     3    22    12     0     0   -78.0   57.450   63.255   8736.8    300.5
     1     1    10     3    22    11     0     1   -79.0   57.644   62.509   8734.9    300.2
     1     1    10     3    22    10     0     2   -80.0   57.838   61.736   8734.9    298.7
     1     1    10     3    22     9     0     3   -81.0   58.028   60.948   8731.4    296.7
     1     1    10     3    22     8     0     2   -82.0   58.230   60.120   8714.7    294.3
     1     1    10     3    22     7     0     1   -83.0   58.455   59.236   8665.4    291.5
     1     1    10     3    22     6     0     0   -84.0   58.691   58.319   8643.3    292.1
     1     1    10     3    22     5     0     1   -85.0   58.928   57.384   8691.9    294.4
     1     1    10     3    22     4     0     2   -86.0   59.152   56.400   8745.9    295.7
     1     1    10     3    22     3     0     3   -87.0   59.362   55.331   8749.4    295.3
     1     1    10     3    22     2     0     2   -88.0   59.574   54.202   8737.8    294.1
     1     1    10     3    22     1     0     1   -89.0   59.776   53.020   8740.4    293.9
     1     1    10     3    22     0     0     0   -90.0   59.955   51.788   8742.3    294.4
     1     1    10     3    21    23     0     1   -91.0   60.120   50.499   8743.9    294.4
     1     1    10     3    21    22     0     2   -92.0   60.268   49.130   8744.9    293.9
     1     1    10     3    21    21     0     3   -93.0   60.403   47.712   8752.3    295.1
     1     1    10     3    21    20     0     2   -94.0   60.539   46.241   8740.4    295.4
     1     1    10     3    21    19     0     1   -95.0   60.661   44.684   8702.1    296.6
     1     1    10     3    21    18     0     0   -96.0   60.762   43.085   8670.4    299.4
