     7     1
    GDAS    10     3    22     0     0
    GDAS    10     4     8     0     0
    GDAS    10     4    15     0     0
    GDAS    10     4    22     0     0
    GDAS    10     4    29     0     0
    GDAS    10     4     1     0     0
    GDAS    10     3    29     0     0
     1 BACKWARD OMEGA   
    10     4     7     0   39.977  116.381  5400.0
     1 PRESSURE
     1     1    10     4     7     0     0     0     0.0   39.977  116.381   5159.9    511.7
     1     1    10     4     6    23     0     1    -1.0   40.378  115.526   5087.2    468.1
     1     1    10     4     6    22     0     2    -2.0   40.834  114.506   5169.8    437.3
     1     1    10     4     6    21     0     3    -3.0   41.320  113.363   5213.7    421.9
     1     1    10     4     6    20     0     2    -4.0   41.773  112.197   5166.0    431.2
     1     1    10     4     6    19     0     1    -5.0   42.175  111.020   5193.3    442.8
     1     1    10     4     6    18     0     0    -6.0   42.543  109.858   5162.7    444.1
     1     1    10     4     6    17     0     1    -7.0   42.887  108.717   5202.8    446.8
     1     1    10     4     6    16     0     2    -8.0   43.197  107.636   5256.0    451.4
     1     1    10     4     6    15     0     3    -9.0   43.491  106.606   5147.5    444.6
     1     1    10     4     6    14     0     2   -10.0   43.770  105.586   5055.7    442.1
     1     1    10     4     6    13     0     1   -11.0   44.029  104.526   5181.0    431.9
     1     1    10     4     6    12     0     0   -12.0   44.281  103.463   5265.7    423.6
     1     1    10     4     6    11     0     1   -13.0   44.524  102.424   5248.7    427.4
     1     1    10     4     6    10     0     2   -14.0   44.747  101.366   5274.8    420.5
     1     1    10     4     6     9     0     3   -15.0   44.971  100.278   5347.2    403.2
     1     1    10     4     6     8     0     2   -16.0   45.185   99.154   5377.1    385.7
     1     1    10     4     6     7     0     1   -17.0   45.369   98.031   5341.9    380.5
     1     1    10     4     6     6     0     0   -18.0   45.529   96.925   5403.8    389.8
     1     1    10     4     6     5     0     1   -19.0   45.670   95.813   5471.1    390.6
     1     1    10     4     6     4     0     2   -20.0   45.798   94.700   5544.1    387.9
     1     1    10     4     6     3     0     3   -21.0   45.932   93.521   5463.7    370.9
     1     1    10     4     6     2     0     2   -22.0   46.091   92.342   5573.7    389.4
     1     1    10     4     6     1     0     1   -23.0   46.254   91.247   5666.3    391.0
     1     1    10     4     6     0     0     0   -24.0   46.411   90.188   5782.1    395.0
     1     1    10     4     5    23     0     1   -25.0   46.583   89.169   5990.5    410.2
     1     1    10     4     5    22     0     2   -26.0   46.780   88.192   6178.2    420.4
     1     1    10     4     5    21     0     3   -27.0   46.984   87.226   6235.6    410.6
     1     1    10     4     5    20     0     2   -28.0   47.160   86.208   6085.0    381.2
     1     1    10     4     5    19     0     1   -29.0   47.305   85.166   6010.8    384.7
     1     1    10     4     5    18     0     0   -30.0   47.447   84.168   6084.4    407.1
     1     1    10     4     5    17     0     1   -31.0   47.586   83.228   6164.4    416.2
     1     1    10     4     5    16     0     2   -32.0   47.703   82.333   6176.6    411.6
     1     1    10     4     5    15     0     3   -33.0   47.785   81.465   6170.4    409.6
     1     1    10     4     5    14     0     2   -34.0   47.850   80.631   6173.9    414.3
     1     1    10     4     5    13     0     1   -35.0   47.919   79.821   6167.6    418.9
     1     1    10     4     5    12     0     0   -36.0   47.969   79.036   6121.7    421.8
     1     1    10     4     5    11     0     1   -37.0   48.019   78.272   6095.4    426.4
     1     1    10     4     5    10     0     2   -38.0   48.098   77.515   6088.5    423.7
     1     1    10     4     5     9     0     3   -39.0   48.179   76.763   6086.3    421.0
     1     1    10     4     5     8     0     2   -40.0   48.261   76.019   6093.8    421.6
     1     1    10     4     5     7     0     1   -41.0   48.356   75.294   6058.2    418.7
     1     1    10     4     5     6     0     0   -42.0   48.447   74.589   6026.0    419.9
     1     1    10     4     5     5     0     1   -43.0   48.532   73.922   5995.2    424.5
     1     1    10     4     5     4     0     2   -44.0   48.618   73.302   5957.2    428.3
     1     1    10     4     5     3     0     3   -45.0   48.696   72.740   5922.1    434.6
     1     1    10     4     5     2     0     2   -46.0   48.771   72.225   5913.6    441.5
     1     1    10     4     5     1     0     1   -47.0   48.850   71.727   5949.2    442.8
     1     1    10     4     5     0     0     0   -48.0   48.923   71.237   6026.7    439.7
     1     1    10     4     4    23     0     1   -49.0   48.983   70.746   6103.2    433.5
     1     1    10     4     4    22     0     2   -50.0   49.048   70.261   6147.2    432.6
     1     1    10     4     4    21     0     3   -51.0   49.127   69.795   6187.9    433.0
     1     1    10     4     4    20     0     2   -52.0   49.205   69.349   6237.5    431.0
     1     1    10     4     4    19     0     1   -53.0   49.268   68.922   6281.3    428.4
     1     1    10     4     4    18     0     0   -54.0   49.325   68.518   6299.7    425.1
     1     1    10     4     4    17     0     1   -55.0   49.379   68.111   6306.4    423.6
     1     1    10     4     4    16     0     2   -56.0   49.426   67.671   6319.2    423.5
     1     1    10     4     4    15     0     3   -57.0   49.449   67.197   6329.6    423.6
     1     1    10     4     4    14     0     2   -58.0   49.437   66.716   6349.3    426.4
     1     1    10     4     4    13     0     1   -59.0   49.390   66.251   6357.3    430.6
     1     1    10     4     4    12     0     0   -60.0   49.299   65.805   6284.9    437.1
     1     1    10     4     4    11     0     1   -61.0   49.150   65.414   6116.2    449.5
     1     1    10     4     4    10     0     2   -62.0   48.957   65.113   5886.0    464.2
     1     1    10     4     4     9     0     3   -63.0   48.745   64.930   5624.8    483.8
     1     1    10     4     4     8     0     2   -64.0   48.515   64.816   5378.4    504.3
     1     1    10     4     4     7     0     1   -65.0   48.273   64.725   5153.3    519.8
     1     1    10     4     4     6     0     0   -66.0   48.029   64.691   4917.2    536.0
     1     1    10     4     4     5     0     1   -67.0   47.808   64.706   4708.8    555.4
     1     1    10     4     4     4     0     2   -68.0   47.628   64.723   4559.0    566.7
     1     1    10     4     4     3     0     3   -69.0   47.485   64.736   4456.0    574.3
     1     1    10     4     4     2     0     2   -70.0   47.359   64.756   4383.4    579.3
     1     1    10     4     4     1     0     1   -71.0   47.232   64.801   4335.2    583.3
     1     1    10     4     4     0     0     0   -72.0   47.103   64.882   4324.5    585.0
     1     1    10     4     3    23     0     1   -73.0   46.977   65.005   4351.0    582.0
     1     1    10     4     3    22     0     2   -74.0   46.867   65.151   4369.9    576.5
     1     1    10     4     3    21     0     3   -75.0   46.774   65.313   4368.7    575.8
     1     1    10     4     3    20     0     2   -76.0   46.705   65.487   4364.6    575.4
     1     1    10     4     3    19     0     1   -77.0   46.670   65.667   4367.2    574.4
     1     1    10     4     3    18     0     0   -78.0   46.669   65.856   4382.6    572.1
     1     1    10     4     3    17     0     1   -79.0   46.694   66.034   4396.9    568.4
     1     1    10     4     3    16     0     2   -80.0   46.730   66.183   4391.8    567.5
     1     1    10     4     3    15     0     3   -81.0   46.773   66.300   4365.2    568.8
     1     1    10     4     3    14     0     2   -82.0   46.806   66.387   4324.0    571.4
     1     1    10     4     3    13     0     1   -83.0   46.815   66.453   4273.6    574.8
     1     1    10     4     3    12     0     0   -84.0   46.799   66.505   4212.3    579.2
     1     1    10     4     3    11     0     1   -85.0   46.775   66.557   4149.7    584.7
     1     1    10     4     3    10     0     2   -86.0   46.755   66.616   4098.8    588.4
     1     1    10     4     3     9     0     3   -87.0   46.736   66.680   4062.6    591.0
     1     1    10     4     3     8     0     2   -88.0   46.720   66.747   4036.2    592.3
     1     1    10     4     3     7     0     1   -89.0   46.709   66.811   4012.2    593.8
     1     1    10     4     3     6     0     0   -90.0   46.703   66.873   3989.4    595.1
     1     1    10     4     3     5     0     1   -91.0   46.697   66.921   3963.9    596.4
     1     1    10     4     3     4     0     2   -92.0   46.682   66.946   3931.6    598.7
     1     1    10     4     3     3     0     3   -93.0   46.659   66.950   3890.8    601.8
     1     1    10     4     3     2     0     2   -94.0   46.632   66.939   3853.3    606.1
     1     1    10     4     3     1     0     1   -95.0   46.603   66.916   3834.3    608.1
     1     1    10     4     3     0     0     0   -96.0   46.574   66.879   3836.0    608.4
