     5     1
    GDAS    10     3     1     0     0
    GDAS    10     3     8     0     0
    GDAS    10     3    15     0     0
    GDAS    10     3    22     0     0
    GDAS    10     3    29     0     0
     1 BACKWARD OMEGA   
    10     3    17    12   39.977  116.381  4200.0
     1 PRESSURE
     1     1    10     3    17    12     0     0     0.0   39.977  116.381   3959.5    593.2
     1     1    10     3    17    11     0     1    -1.0   40.453  115.560   4028.4    529.9
     1     1    10     3    17    10     0     2    -2.0   40.920  114.700   4008.1    503.3
     1     1    10     3    17     9     0     3    -3.0   41.375  113.851   3935.2    506.1
     1     1    10     3    17     8     0     2    -4.0   41.837  113.027   3926.5    503.3
     1     1    10     3    17     7     0     1    -5.0   42.293  112.250   3954.0    511.8
     1     1    10     3    17     6     0     0    -6.0   42.709  111.541   3963.4    523.9
     1     1    10     3    17     5     0     1    -7.0   43.118  110.861   3947.5    532.3
     1     1    10     3    17     4     0     2    -8.0   43.541  110.202   3953.3    534.6
     1     1    10     3    17     3     0     3    -9.0   43.970  109.577   3980.5    540.4
     1     1    10     3    17     2     0     2   -10.0   44.407  108.971   3960.6    536.1
     1     1    10     3    17     1     0     1   -11.0   44.865  108.358   3923.9    530.4
     1     1    10     3    17     0     0     0   -12.0   45.332  107.729   3886.0    527.0
     1     1    10     3    16    23     0     1   -13.0   45.797  107.095   3844.2    518.3
     1     1    10     3    16    22     0     2   -14.0   46.261  106.464   3823.3    512.7
     1     1    10     3    16    21     0     3   -15.0   46.722  105.829   3826.1    513.6
     1     1    10     3    16    20     0     2   -16.0   47.160  105.200   3840.9    515.7
     1     1    10     3    16    19     0     1   -17.0   47.567  104.588   3846.0    518.4
     1     1    10     3    16    18     0     0   -18.0   47.937  103.978   3820.0    529.0
     1     1    10     3    16    17     0     1   -19.0   48.280  103.375   3763.3    525.3
     1     1    10     3    16    16     0     2   -20.0   48.620  102.778   3767.5    515.9
     1     1    10     3    16    15     0     3   -21.0   48.943  102.198   3773.9    514.8
     1     1    10     3    16    14     0     2   -22.0   49.259  101.647   3738.4    514.1
     1     1    10     3    16    13     0     1   -23.0   49.588  101.117   3690.8    511.4
     1     1    10     3    16    12     0     0   -24.0   49.918  100.582   3661.8    504.0
     1     1    10     3    16    11     0     1   -25.0   50.244  100.042   3661.7    495.0
     1     1    10     3    16    10     0     2   -26.0   50.567   99.520   3669.1    489.2
     1     1    10     3    16     9     0     3   -27.0   50.871   99.004   3659.0    480.0
     1     1    10     3    16     8     0     2   -28.0   51.159   98.492   3672.9    481.5
     1     1    10     3    16     7     0     1   -29.0   51.456   97.994   3688.5    490.5
     1     1    10     3    16     6     0     0   -30.0   51.754   97.495   3717.2    503.7
     1     1    10     3    16     5     0     1   -31.0   52.045   96.979   3735.7    513.6
     1     1    10     3    16     4     0     2   -32.0   52.323   96.465   3729.8    515.8
     1     1    10     3    16     3     0     3   -33.0   52.578   95.975   3711.2    522.2
     1     1    10     3    16     2     0     2   -34.0   52.794   95.502   3658.3    535.6
     1     1    10     3    16     1     0     1   -35.0   52.975   95.035   3602.0    548.2
     1     1    10     3    16     0     0     0   -36.0   53.134   94.555   3574.2    554.8
     1     1    10     3    15    23     0     1   -37.0   53.264   94.036   3595.4    558.3
     1     1    10     3    15    22     0     2   -38.0   53.362   93.462   3626.6    570.2
     1     1    10     3    15    21     0     3   -39.0   53.410   92.835   3626.9    584.5
     1     1    10     3    15    20     0     2   -40.0   53.417   92.195   3623.6    592.0
     1     1    10     3    15    19     0     1   -41.0   53.408   91.566   3593.4    592.8
     1     1    10     3    15    18     0     0   -42.0   53.365   90.939   3484.1    601.3
     1     1    10     3    15    17     0     1   -43.0   53.294   90.314   3349.0    605.0
     1     1    10     3    15    16     0     2   -44.0   53.230   89.702   3289.4    602.8
     1     1    10     3    15    15     0     3   -45.0   53.148   89.127   3297.2    598.2
     1     1    10     3    15    14     0     2   -46.0   53.045   88.560   3339.2    600.6
     1     1    10     3    15    13     0     1   -47.0   52.932   87.952   3367.5    606.6
     1     1    10     3    15    12     0     0   -48.0   52.824   87.329   3368.2    614.1
     1     1    10     3    15    11     0     1   -49.0   52.680   86.640   3315.0    626.1
     1     1    10     3    15    10     0     2   -50.0   52.466   85.808   3197.2    640.4
     1     1    10     3    15     9     0     3   -51.0   52.196   84.864   3081.5    649.6
     1     1    10     3    15     8     0     2   -52.0   51.873   83.965   2935.6    656.0
     1     1    10     3    15     7     0     1   -53.0   51.500   83.093   2741.2    663.4
     1     1    10     3    15     6     0     0   -54.0   51.033   82.254   2584.1    680.3
     1     1    10     3    15     5     0     1   -55.0   50.579   81.439   2498.1    703.7
     1     1    10     3    15     4     0     2   -56.0   50.223   80.669   2357.8    719.7
     1     1    10     3    15     3     0     3   -57.0   49.904   79.991   2192.5    734.1
     1     1    10     3    15     2     0     2   -58.0   49.631   79.269   2001.3    741.5
     1     1    10     3    15     1     0     1   -59.0   49.424   78.434   1887.1    737.2
     1     1    10     3    15     0     0     0   -60.0   49.175   77.517   1838.1    722.3
     1     1    10     3    14    23     0     1   -61.0   48.898   76.555   1843.5    711.8
     1     1    10     3    14    22     0     2   -62.0   48.678   75.582   1887.4    711.3
     1     1    10     3    14    21     0     3   -63.0   48.462   74.587   1920.3    713.6
     1     1    10     3    14    20     0     2   -64.0   48.317   73.614   1912.8    719.9
     1     1    10     3    14    19     0     1   -65.0   48.196   72.699   1901.7    721.3
     1     1    10     3    14    18     0     0   -66.0   48.031   71.829   1863.8    733.5
     1     1    10     3    14    17     0     1   -67.0   47.920   71.024   1810.9    753.7
     1     1    10     3    14    16     0     2   -68.0   47.863   70.318   1754.9    767.2
     1     1    10     3    14    15     0     3   -69.0   47.825   69.689   1698.5    776.8
     1     1    10     3    14    14     0     2   -70.0   47.810   69.091   1640.7    783.3
     1     1    10     3    14    13     0     1   -71.0   47.799   68.480   1574.2    788.3
     1     1    10     3    14    12     0     0   -72.0   47.779   67.853   1494.6    793.9
     1     1    10     3    14    11     0     1   -73.0   47.763   67.265   1424.5    798.9
     1     1    10     3    14    10     0     2   -74.0   47.731   66.756   1371.0    803.1
     1     1    10     3    14     9     0     3   -75.0   47.658   66.327   1312.1    812.9
     1     1    10     3    14     8     0     2   -76.0   47.542   65.963   1244.1    826.2
     1     1    10     3    14     7     0     1   -77.0   47.399   65.642   1177.8    842.6
     1     1    10     3    14     6     0     0   -78.0   47.238   65.358   1114.3    856.3
     1     1    10     3    14     5     0     1   -79.0   47.052   65.090   1042.8    868.9
     1     1    10     3    14     4     0     2   -80.0   46.835   64.811    954.2    880.3
     1     1    10     3    14     3     0     3   -81.0   46.596   64.513    855.8    891.7
     1     1    10     3    14     2     0     2   -82.0   46.326   64.217    764.8    903.0
     1     1    10     3    14     1     0     1   -83.0   46.008   63.934    692.8    912.0
     1     1    10     3    14     0     0     0   -84.0   45.650   63.651    632.0    919.8
     1     1    10     3    13    23     0     1   -85.0   45.269   63.390    563.7    926.9
     1     1    10     3    13    22     0     2   -86.0   44.853   63.190    483.9    936.5
     1     1    10     3    13    21     0     3   -87.0   44.381   63.057    405.7    948.5
     1     1    10     3    13    20     0     2   -88.0   43.884   63.006    358.3    957.3
     1     1    10     3    13    19     0     1   -89.0   43.374   63.037    373.3    952.4
     1     1    10     3    13    18     0     0   -90.0   42.815   63.091    442.4    940.9
     1     1    10     3    13    17     0     1   -91.0   42.274   63.136    435.8    938.1
     1     1    10     3    13    16     0     2   -92.0   41.828   63.299    358.3    954.4
     1     1    10     3    13    15     0     3   -93.0   41.479   63.548    292.6    956.4
     1     1    10     3    13    14     0     2   -94.0   41.202   63.789    228.1    952.4
     1     1    10     3    13    13     0     1   -95.0   40.991   63.964    151.8    956.2
     1     1    10     3    13    12     0     0   -96.0   40.833   64.083     98.9    969.1
