     7     1
    GDAS    10     3    22     0     0
    GDAS    10     4     8     0     0
    GDAS    10     4    15     0     0
    GDAS    10     4    22     0     0
    GDAS    10     4    29     0     0
    GDAS    10     4     1     0     0
    GDAS    10     3    29     0     0
     1 BACKWARD OMEGA   
    10     4    24    12   39.977  116.381  2400.0
     1 PRESSURE
     1     1    10     4    24    12     0     0     0.0   39.977  116.381   2165.3    760.0
     1     1    10     4    24    11     0     1    -1.0   39.838  116.153   2194.1    757.8
     1     1    10     4    24    10     0     2    -2.0   39.748  115.922   2299.1    741.8
     1     1    10     4    24     9     0     3    -3.0   39.708  115.669   2455.4    711.9
     1     1    10     4    24     8     0     2    -4.0   39.707  115.388   2600.1    678.9
     1     1    10     4    24     7     0     1    -5.0   39.728  115.104   2659.3    654.1
     1     1    10     4    24     6     0     0    -6.0   39.760  114.845   2624.6    646.2
     1     1    10     4    24     5     0     1    -7.0   39.781  114.596   2578.1    652.0
     1     1    10     4    24     4     0     2    -8.0   39.813  114.312   2619.0    644.3
     1     1    10     4    24     3     0     3    -9.0   39.899  113.975   2748.8    629.8
     1     1    10     4    24     2     0     2   -10.0   40.048  113.593   2896.0    608.9
     1     1    10     4    24     1     0     1   -11.0   40.225  113.190   2967.9    594.1
     1     1    10     4    24     0     0     0   -12.0   40.419  112.755   2960.6    586.3
     1     1    10     4    23    23     0     1   -13.0   40.618  112.287   2929.8    585.0
     1     1    10     4    23    22     0     2   -14.0   40.812  111.786   2915.6    582.1
     1     1    10     4    23    21     0     3   -15.0   40.990  111.256   2898.4    575.2
     1     1    10     4    23    20     0     2   -16.0   41.150  110.714   2902.6    580.3
     1     1    10     4    23    19     0     1   -17.0   41.296  110.175   2913.5    585.7
     1     1    10     4    23    18     0     0   -18.0   41.431  109.634   2917.6    593.4
     1     1    10     4    23    17     0     1   -19.0   41.552  109.081   2926.0    600.9
     1     1    10     4    23    16     0     2   -20.0   41.663  108.518   2934.0    600.6
     1     1    10     4    23    15     0     3   -21.0   41.757  107.949   2892.4    603.2
     1     1    10     4    23    14     0     2   -22.0   41.837  107.396   2845.2    614.5
     1     1    10     4    23    13     0     1   -23.0   41.922  106.875   2859.7    620.4
     1     1    10     4    23    12     0     0   -24.0   42.011  106.361   2916.8    626.3
     1     1    10     4    23    11     0     1   -25.0   42.107  105.834   2958.5    622.8
     1     1    10     4    23    10     0     2   -26.0   42.213  105.296   2940.3    610.0
     1     1    10     4    23     9     0     3   -27.0   42.322  104.754   2887.1    605.5
     1     1    10     4    23     8     0     2   -28.0   42.440  104.201   2856.0    607.5
     1     1    10     4    23     7     0     1   -29.0   42.582  103.624   2884.0    605.1
     1     1    10     4    23     6     0     0   -30.0   42.733  103.027   2976.1    600.7
     1     1    10     4    23     5     0     1   -31.0   42.902  102.408   3057.1    581.4
     1     1    10     4    23     4     0     2   -32.0   43.086  101.777   3079.8    570.9
     1     1    10     4    23     3     0     3   -33.0   43.261  101.157   3066.6    574.9
     1     1    10     4    23     2     0     2   -34.0   43.428  100.555   3051.8    588.1
     1     1    10     4    23     1     0     1   -35.0   43.599   99.963   3043.5    592.4
     1     1    10     4    23     0     0     0   -36.0   43.773   99.377   3035.3    593.0
     1     1    10     4    22    23     0     1   -37.0   43.942   98.787   3021.1    594.3
     1     1    10     4    22    22     0     2   -38.0   44.102   98.196   2976.2    591.1
     1     1    10     4    22    21     0     3   -39.0   44.262   97.624   2919.6    588.4
     1     1    10     4    22    20     0     2   -40.0   44.438   97.085   2889.1    592.7
     1     1    10     4    22    19     0     1   -41.0   44.644   96.558   2877.2    589.8
     1     1    10     4    22    18     0     0   -42.0   44.886   96.021   2948.0    584.3
     1     1    10     4    22    17     0     1   -43.0   45.158   95.455   3102.5    555.6
     1     1    10     4    22    16     0     2   -44.0   45.432   94.883   3287.8    540.9
     1     1    10     4    22    15     0     3   -45.0   45.707   94.322   3364.2    518.0
     1     1    10     4    22    14     0     2   -46.0   45.996   93.755   3310.8    500.5
     1     1    10     4    22    13     0     1   -47.0   46.308   93.166   3358.4    518.7
     1     1    10     4    22    12     0     0   -48.0   46.656   92.559   3423.8    508.4
     1     1    10     4    22    11     0     1   -49.0   47.021   91.942   3356.6    476.5
     1     1    10     4    22    10     0     2   -50.0   47.366   91.300   3398.8    488.7
     1     1    10     4    22     9     0     3   -51.0   47.688   90.625   3543.5    479.2
     1     1    10     4    22     8     0     2   -52.0   48.010   89.945   3662.4    449.3
     1     1    10     4    22     7     0     1   -53.0   48.325   89.265   3789.4    456.6
     1     1    10     4    22     6     0     0   -54.0   48.619   88.588   3783.2    464.0
     1     1    10     4    22     5     0     1   -55.0   48.925   87.910   3722.4    458.6
     1     1    10     4    22     4     0     2   -56.0   49.254   87.209   3779.1    470.8
     1     1    10     4    22     3     0     3   -57.0   49.570   86.480   3830.5    483.8
     1     1    10     4    22     2     0     2   -58.0   49.867   85.758   3842.5    499.8
     1     1    10     4    22     1     0     1   -59.0   50.144   85.054   3798.7    519.4
     1     1    10     4    22     0     0     0   -60.0   50.394   84.344   3727.4    544.4
     1     1    10     4    21    23     0     1   -61.0   50.632   83.607   3698.8    564.8
     1     1    10     4    21    22     0     2   -62.0   50.862   82.860   3737.1    583.5
     1     1    10     4    21    21     0     3   -63.0   51.063   82.143   3792.6    600.1
     1     1    10     4    21    20     0     2   -64.0   51.233   81.450   3827.7    608.7
     1     1    10     4    21    19     0     1   -65.0   51.390   80.788   3839.2    613.2
     1     1    10     4    21    18     0     0   -66.0   51.551   80.189   3840.9    616.1
     1     1    10     4    21    17     0     1   -67.0   51.726   79.604   3843.9    619.0
     1     1    10     4    21    16     0     2   -68.0   51.943   79.003   3873.3    620.6
     1     1    10     4    21    15     0     3   -69.0   52.232   78.414   3931.7    615.1
     1     1    10     4    21    14     0     2   -70.0   52.558   77.786   4007.7    609.7
     1     1    10     4    21    13     0     1   -71.0   52.898   77.089   4115.2    602.5
     1     1    10     4    21    12     0     0   -72.0   53.283   76.367   4269.2    590.2
     1     1    10     4    21    11     0     1   -73.0   53.679   75.645   4453.7    574.6
     1     1    10     4    21    10     0     2   -74.0   54.064   74.929   4642.7    561.2
     1     1    10     4    21     9     0     3   -75.0   54.457   74.232   4811.2    545.7
     1     1    10     4    21     8     0     2   -76.0   54.848   73.548   4980.6    534.8
     1     1    10     4    21     7     0     1   -77.0   55.233   72.856   5167.3    521.9
     1     1    10     4    21     6     0     0   -78.0   55.615   72.132   5332.4    506.2
     1     1    10     4    21     5     0     1   -79.0   55.976   71.385   5447.4    496.7
     1     1    10     4    21     4     0     2   -80.0   56.304   70.621   5514.6    493.0
     1     1    10     4    21     3     0     3   -81.0   56.593   69.798   5558.1    491.6
     1     1    10     4    21     2     0     2   -82.0   56.832   68.958   5611.6    488.5
     1     1    10     4    21     1     0     1   -83.0   57.032   68.116   5679.6    484.1
     1     1    10     4    21     0     0     0   -84.0   57.208   67.227   5739.3    480.1
     1     1    10     4    20    23     0     1   -85.0   57.355   66.294   5795.3    477.4
     1     1    10     4    20    22     0     2   -86.0   57.468   65.326   5842.4    473.0
     1     1    10     4    20    21     0     3   -87.0   57.558   64.340   5850.6    471.4
     1     1    10     4    20    20     0     2   -88.0   57.638   63.334   5838.9    472.0
     1     1    10     4    20    19     0     1   -89.0   57.715   62.276   5837.3    470.4
     1     1    10     4    20    18     0     0   -90.0   57.792   61.188   5799.2    468.6
     1     1    10     4    20    17     0     1   -91.0   57.871   60.049   5706.0    468.6
     1     1    10     4    20    16     0     2   -92.0   57.934   58.824   5634.9    471.2
     1     1    10     4    20    15     0     3   -93.0   57.980   57.553   5662.5    475.9
     1     1    10     4    20    14     0     2   -94.0   58.018   56.229   5677.9    476.7
     1     1    10     4    20    13     0     1   -95.0   58.016   54.850   5672.2    477.2
     1     1    10     4    20    12     0     0   -96.0   57.971   53.458   5708.5    473.1
