     7     1
    GDAS    10     3    22     0     0
    GDAS    10     4     8     0     0
    GDAS    10     4    15     0     0
    GDAS    10     4    22     0     0
    GDAS    10     4    29     0     0
    GDAS    10     4     1     0     0
    GDAS    10     3    29     0     0
     1 BACKWARD OMEGA   
    10     4    27    12   39.977  116.381  9200.0
     1 PRESSURE
     1     1    10     4    27    12     0     0     0.0   39.977  116.381   8960.2    281.9
     1     1    10     4    27    11     0     1    -1.0   40.216  115.480   8709.9    264.0
     1     1    10     4    27    10     0     2    -2.0   40.594  114.628   8519.9    257.3
     1     1    10     4    27     9     0     3    -3.0   41.113  113.702   8508.2    251.7
     1     1    10     4    27     8     0     2    -4.0   41.731  112.823   8518.8    249.6
     1     1    10     4    27     7     0     1    -5.0   42.400  112.006   8571.1    256.2
     1     1    10     4    27     6     0     0    -6.0   43.104  111.222   8689.7    260.3
     1     1    10     4    27     5     0     1    -7.0   43.868  110.615   8744.1    259.6
     1     1    10     4    27     4     0     2    -8.0   44.692  110.216   8749.0    261.2
     1     1    10     4    27     3     0     3    -9.0   45.564  109.942   8741.0    258.1
     1     1    10     4    27     2     0     2   -10.0   46.444  109.753   8776.7    251.6
     1     1    10     4    27     1     0     1   -11.0   47.324  109.654   8763.1    247.4
     1     1    10     4    27     0     0     0   -12.0   48.185  109.618   8719.6    242.8
     1     1    10     4    26    23     0     1   -13.0   49.000  109.645   8737.0    239.6
     1     1    10     4    26    22     0     2   -14.0   49.759  109.710   8835.4    239.4
     1     1    10     4    26    21     0     3   -15.0   50.460  109.778   8949.9    241.2
     1     1    10     4    26    20     0     2   -16.0   51.094  109.870   9091.2    243.1
     1     1    10     4    26    19     0     1   -17.0   51.659  110.011   9211.2    243.0
     1     1    10     4    26    18     0     0   -18.0   52.142  110.180   9252.6    242.9
     1     1    10     4    26    17     0     1   -19.0   52.561  110.362   9204.1    239.0
     1     1    10     4    26    16     0     2   -20.0   52.937  110.561   9171.0    235.3
     1     1    10     4    26    15     0     3   -21.0   53.275  110.786   9184.7    234.9
     1     1    10     4    26    14     0     2   -22.0   53.584  111.022   9193.8    234.2
     1     1    10     4    26    13     0     1   -23.0   53.866  111.246   9223.8    231.8
     1     1    10     4    26    12     0     0   -24.0   54.126  111.444   9281.9    227.5
     1     1    10     4    26    11     0     1   -25.0   54.363  111.604   9362.6    223.1
     1     1    10     4    26    10     0     2   -26.0   54.574  111.742   9431.4    220.9
     1     1    10     4    26     9     0     3   -27.0   54.755  111.866   9481.8    220.0
     1     1    10     4    26     8     0     2   -28.0   54.910  112.000   9513.0    220.5
     1     1    10     4    26     7     0     1   -29.0   55.039  112.162   9518.5    221.5
     1     1    10     4    26     6     0     0   -30.0   55.146  112.346   9515.2    222.8
     1     1    10     4    26     5     0     1   -31.0   55.230  112.539   9501.3    223.4
     1     1    10     4    26     4     0     2   -32.0   55.293  112.728   9478.1    223.6
     1     1    10     4    26     3     0     3   -33.0   55.339  112.910   9442.7    224.0
     1     1    10     4    26     2     0     2   -34.0   55.369  113.069   9402.4    225.2
     1     1    10     4    26     1     0     1   -35.0   55.386  113.194   9361.5    226.8
     1     1    10     4    26     0     0     0   -36.0   55.389  113.282   9314.7    228.5
     1     1    10     4    25    23     0     1   -37.0   55.354  113.318   9265.0    230.2
     1     1    10     4    25    22     0     2   -38.0   55.263  113.299   9217.6    231.8
     1     1    10     4    25    21     0     3   -39.0   55.114  113.238   9177.3    233.1
     1     1    10     4    25    20     0     2   -40.0   54.922  113.184   9147.8    234.3
     1     1    10     4    25    19     0     1   -41.0   54.677  113.173   9126.4    237.2
     1     1    10     4    25    18     0     0   -42.0   54.335  113.204   9095.8    241.6
     1     1    10     4    25    17     0     1   -43.0   53.886  113.260   9056.7    247.2
     1     1    10     4    25    16     0     2   -44.0   53.383  113.323   9015.1    249.7
     1     1    10     4    25    15     0     3   -45.0   52.848  113.401   9031.5    249.6
     1     1    10     4    25    14     0     2   -46.0   52.239  113.440   9080.8    249.3
     1     1    10     4    25    13     0     1   -47.0   51.521  113.393   9069.9    250.2
     1     1    10     4    25    12     0     0   -48.0   50.738  113.269   9050.2    249.1
     1     1    10     4    25    11     0     1   -49.0   49.910  113.047   9019.8    250.8
     1     1    10     4    25    10     0     2   -50.0   49.038  112.719   8968.4    250.6
     1     1    10     4    25     9     0     3   -51.0   48.168  112.301   8909.2    252.9
     1     1    10     4    25     8     0     2   -52.0   47.303  111.771   8794.2    253.7
     1     1    10     4    25     7     0     1   -53.0   46.444  111.155   8766.9    255.0
     1     1    10     4    25     6     0     0   -54.0   45.590  110.449   8748.0    260.4
     1     1    10     4    25     5     0     1   -55.0   44.778  109.666   8679.8    266.7
     1     1    10     4    25     4     0     2   -56.0   44.030  108.858   8619.9    273.9
     1     1    10     4    25     3     0     3   -57.0   43.318  108.039   8513.0    275.5
     1     1    10     4    25     2     0     2   -58.0   42.684  107.216   8435.6    273.6
     1     1    10     4    25     1     0     1   -59.0   42.158  106.339   8418.0    278.2
     1     1    10     4    25     0     0     0   -60.0   41.728  105.363   8361.0    278.9
     1     1    10     4    24    23     0     1   -61.0   41.404  104.284   8321.8    277.1
     1     1    10     4    24    22     0     2   -62.0   41.141  103.178   8293.1    275.7
     1     1    10     4    24    21     0     3   -63.0   40.929  102.043   8299.6    279.8
     1     1    10     4    24    20     0     2   -64.0   40.777  100.869   8320.0    282.5
     1     1    10     4    24    19     0     1   -65.0   40.726   99.727   8254.8    278.0
     1     1    10     4    24    18     0     0   -66.0   40.775   98.677   8112.9    278.6
     1     1    10     4    24    17     0     1   -67.0   40.963   97.667   8091.4    272.9
     1     1    10     4    24    16     0     2   -68.0   41.329   96.723   8158.8    260.3
     1     1    10     4    24    15     0     3   -69.0   41.823   95.916   8179.8    254.8
     1     1    10     4    24    14     0     2   -70.0   42.416   95.263   8367.6    260.9
     1     1    10     4    24    13     0     1   -71.0   43.083   94.773   8464.4    249.7
     1     1    10     4    24    12     0     0   -72.0   43.842   94.452   8896.0    258.6
     1     1    10     4    24    11     0     1   -73.0   44.715   94.267   8630.7    258.9
     1     1    10     4    24    10     0     2   -74.0   45.555   94.041   8398.7    245.5
     1     1    10     4    24     9     0     3   -75.0   46.334   93.836   8397.8    239.8
     1     1    10     4    24     8     0     2   -76.0   47.232   93.848   8655.4    249.6
     1     1    10     4    24     7     0     1   -77.0   48.228   94.002   8815.6    250.4
     1     1    10     4    24     6     0     0   -78.0   49.251   94.154   8929.5    245.6
     1     1    10     4    24     5     0     1   -79.0   50.379   94.397   8821.5    256.8
     1     1    10     4    24     4     0     2   -80.0   51.684   94.720   8725.4    253.6
     1     1    10     4    24     3     0     3   -81.0   53.039   94.922   8952.4    249.8
     1     1    10     4    24     2     0     2   -82.0   54.487   95.128   9042.7    254.6
     1     1    10     4    24     1     0     1   -83.0   56.113   95.269   9186.2    273.2
     1     1    10     4    24     0     0     0   -84.0   57.829   95.272   9163.8    275.4
     1     1    10     4    23    23     0     1   -85.0   59.607   95.256   9066.4    271.5
     1     1    10     4    23    22     0     2   -86.0   61.389   94.907   9096.0    271.3
     1     1    10     4    23    21     0     3   -87.0   63.103   94.309   9150.2    266.5
     1     1    10     4    23    20     0     2   -88.0   64.797   93.632   9121.0    272.2
     1     1    10     4    23    19     0     1   -89.0   66.438   92.716   9132.7    265.3
     1     1    10     4    23    18     0     0   -90.0   67.984   91.620   9136.8    265.3
     1     1    10     4    23    17     0     1   -91.0   69.472   90.198   9242.7    266.0
     1     1    10     4    23    16     0     2   -92.0   70.897   88.130   9480.7    267.6
     1     1    10     4    23    15     0     3   -93.0   72.179   85.381   9624.8    262.5
     1     1    10     4    23    14     0     2   -94.0   73.223   82.095   9689.0    255.7
     1     1    10     4    23    13     0     1   -95.0   74.082   78.329   9822.1    257.0
     1     1    10     4    23    12     0     0   -96.0   74.750   74.056   9861.3    255.3
