     7     1
    GDAS    10     3    22     0     0
    GDAS    10     4     8     0     0
    GDAS    10     4    15     0     0
    GDAS    10     4    22     0     0
    GDAS    10     4    29     0     0
    GDAS    10     4     1     0     0
    GDAS    10     3    29     0     0
     1 BACKWARD OMEGA   
    10     4    18    12   39.977  116.381  4200.0
     1 PRESSURE
     1     1    10     4    18    12     0     0     0.0   39.977  116.381   3962.7    604.9
     1     1    10     4    18    11     0     1    -1.0   40.028  115.791   3787.5    598.5
     1     1    10     4    18    10     0     2    -2.0   40.089  115.188   3736.2    561.3
     1     1    10     4    18     9     0     3    -3.0   40.176  114.605   3829.8    539.7
     1     1    10     4    18     8     0     2    -4.0   40.300  114.025   3853.9    530.7
     1     1    10     4    18     7     0     1    -5.0   40.451  113.431   3756.1    535.3
     1     1    10     4    18     6     0     0    -6.0   40.663  112.779   3700.5    532.5
     1     1    10     4    18     5     0     1    -7.0   40.936  112.039   3813.5    521.7
     1     1    10     4    18     4     0     2    -8.0   41.240  111.149   3983.6    502.3
     1     1    10     4    18     3     0     3    -9.0   41.547  110.176   4089.1    504.8
     1     1    10     4    18     2     0     2   -10.0   41.826  109.137   4200.2    501.2
     1     1    10     4    18     1     0     1   -11.0   42.064  108.052   4244.0    498.5
     1     1    10     4    18     0     0     0   -12.0   42.310  106.965   4414.1    504.4
     1     1    10     4    17    23     0     1   -13.0   42.547  105.863   4569.4    488.8
     1     1    10     4    17    22     0     2   -14.0   42.737  104.785   4527.3    473.9
     1     1    10     4    17    21     0     3   -15.0   42.921  103.732   4693.0    465.9
     1     1    10     4    17    20     0     2   -16.0   43.124  102.664   4919.8    450.0
     1     1    10     4    17    19     0     1   -17.0   43.329  101.641   4945.8    448.2
     1     1    10     4    17    18     0     0   -18.0   43.577  100.674   5006.7    453.6
     1     1    10     4    17    17     0     1   -19.0   43.864   99.685   5139.3    443.7
     1     1    10     4    17    16     0     2   -20.0   44.175   98.660   5181.6    434.0
     1     1    10     4    17    15     0     3   -21.0   44.542   97.500   5301.8    410.0
     1     1    10     4    17    14     0     2   -22.0   44.951   96.133   5480.8    402.4
     1     1    10     4    17    13     0     1   -23.0   45.326   94.564   5601.2    388.1
     1     1    10     4    17    12     0     0   -24.0   45.671   92.878   5745.6    379.4
     1     1    10     4    17    11     0     1   -25.0   45.940   91.148   6116.8    389.1
     1     1    10     4    17    10     0     2   -26.0   46.101   89.486   6427.8    383.5
     1     1    10     4    17     9     0     3   -27.0   46.209   87.893   6725.7    389.4
     1     1    10     4    17     8     0     2   -28.0   46.247   86.386   6832.8    385.1
     1     1    10     4    17     7     0     1   -29.0   46.223   84.931   6746.8    369.8
     1     1    10     4    17     6     0     0   -30.0   46.172   83.446   6675.4    360.6
     1     1    10     4    17     5     0     1   -31.0   46.086   81.983   6858.6    377.5
     1     1    10     4    17     4     0     2   -32.0   45.967   80.587   6868.1    378.7
     1     1    10     4    17     3     0     3   -33.0   45.828   79.212   6930.8    374.3
     1     1    10     4    17     2     0     2   -34.0   45.643   77.876   6976.9    388.8
     1     1    10     4    17     1     0     1   -35.0   45.425   76.605   6882.7    397.2
     1     1    10     4    17     0     0     0   -36.0   45.187   75.359   6723.8    406.1
     1     1    10     4    16    23     0     1   -37.0   44.929   74.135   6580.4    412.5
     1     1    10     4    16    22     0     2   -38.0   44.663   72.967   6458.6    417.5
     1     1    10     4    16    21     0     3   -39.0   44.402   71.867   6383.7    430.5
     1     1    10     4    16    20     0     2   -40.0   44.161   70.821   6298.4    437.6
     1     1    10     4    16    19     0     1   -41.0   43.949   69.814   6255.7    439.1
     1     1    10     4    16    18     0     0   -42.0   43.763   68.827   6148.8    438.5
     1     1    10     4    16    17     0     1   -43.0   43.614   67.847   6082.0    446.7
     1     1    10     4    16    16     0     2   -44.0   43.509   66.864   6083.0    461.0
     1     1    10     4    16    15     0     3   -45.0   43.433   65.840   6078.1    461.6
     1     1    10     4    16    14     0     2   -46.0   43.371   64.759   6139.7    457.3
     1     1    10     4    16    13     0     1   -47.0   43.306   63.632   6223.5    451.1
     1     1    10     4    16    12     0     0   -48.0   43.231   62.451   6294.0    450.6
     1     1    10     4    16    11     0     1   -49.0   43.143   61.253   6315.9    454.1
     1     1    10     4    16    10     0     2   -50.0   43.037   60.046   6385.4    449.4
     1     1    10     4    16     9     0     3   -51.0   42.928   58.844   6460.0    443.9
     1     1    10     4    16     8     0     2   -52.0   42.827   57.664   6508.8    437.6
     1     1    10     4    16     7     0     1   -53.0   42.730   56.505   6538.2    433.0
     1     1    10     4    16     6     0     0   -54.0   42.658   55.377   6543.4    430.6
     1     1    10     4    16     5     0     1   -55.0   42.608   54.310   6562.6    432.4
     1     1    10     4    16     4     0     2   -56.0   42.542   53.300   6573.6    434.7
     1     1    10     4    16     3     0     3   -57.0   42.458   52.327   6598.1    436.0
     1     1    10     4    16     2     0     2   -58.0   42.380   51.385   6619.1    439.4
     1     1    10     4    16     1     0     1   -59.0   42.315   50.449   6642.6    435.4
     1     1    10     4    16     0     0     0   -60.0   42.251   49.485   6632.5    438.0
     1     1    10     4    15    23     0     1   -61.0   42.211   48.547   6515.5    433.8
     1     1    10     4    15    22     0     2   -62.0   42.196   47.567   6264.3    386.8
     1     1    10     4    15    21     0     3   -63.0   42.217   46.400   6298.1    356.5
     1     1    10     4    15    20     0     2   -64.0   42.245   45.277   6538.2    373.3
     1     1    10     4    15    19     0     1   -65.0   42.268   44.222   6540.0    373.8
     1     1    10     4    15    18     0     0   -66.0   42.295   43.177   6550.5    363.7
     1     1    10     4    15    17     0     1   -67.0   42.356   42.172   6736.7    373.4
     1     1    10     4    15    16     0     2   -68.0   42.406   41.249   6881.8    399.8
     1     1    10     4    15    15     0     3   -69.0   42.442   40.373   6912.6    415.3
     1     1    10     4    15    14     0     2   -70.0   42.480   39.541   7023.1    411.1
     1     1    10     4    15    13     0     1   -71.0   42.524   38.736   7138.6    403.5
     1     1    10     4    15    12     0     0   -72.0   42.573   37.935   7250.1    395.5
     1     1    10     4    15    11     0     1   -73.0   42.647   37.151   7355.0    391.8
     1     1    10     4    15    10     0     2   -74.0   42.763   36.389   7396.5    388.6
     1     1    10     4    15     9     0     3   -75.0   42.918   35.644   7406.7    386.4
     1     1    10     4    15     8     0     2   -76.0   43.105   34.894   7411.8    387.1
     1     1    10     4    15     7     0     1   -77.0   43.318   34.114   7444.3    384.1
     1     1    10     4    15     6     0     0   -78.0   43.545   33.289   7500.6    380.8
     1     1    10     4    15     5     0     1   -79.0   43.761   32.444   7561.2    377.1
     1     1    10     4    15     4     0     2   -80.0   43.952   31.591   7622.1    373.6
     1     1    10     4    15     3     0     3   -81.0   44.113   30.730   7684.3    370.5
     1     1    10     4    15     2     0     2   -82.0   44.233   29.893   7735.8    367.2
     1     1    10     4    15     1     0     1   -83.0   44.327   29.094   7767.3    365.4
     1     1    10     4    15     0     0     0   -84.0   44.395   28.325   7761.8    363.3
     1     1    10     4    14    23     0     1   -85.0   44.461   27.586   7789.7    361.5
     1     1    10     4    14    22     0     2   -86.0   44.530   26.848   7869.8    356.8
     1     1    10     4    14    21     0     3   -87.0   44.602   26.070   7938.0    345.7
     1     1    10     4    14    20     0     2   -88.0   44.679   25.187   8001.4    334.0
     1     1    10     4    14    19     0     1   -89.0   44.739   24.159   8086.4    328.6
     1     1    10     4    14    18     0     0   -90.0   44.733   22.962   8092.6    322.1
     1     1    10     4    14    17     0     1   -91.0   44.639   21.650   7983.6    335.0
     1     1    10     4    14    16     0     2   -92.0   44.465   20.378   7706.0    353.8
     1     1    10     4    14    15     0     3   -93.0   44.259   18.902   7324.1    355.4
     1     1    10     4    14    14     0     2   -94.0   44.005   17.130   6979.3    347.5
     1     1    10     4    14    13     0     1   -95.0   43.747   15.330   7087.0    395.4
     1     1    10     4    14    12     0     0   -96.0   43.577   13.486   7031.5    392.3
