     7     1
    GDAS    10     3    22     0     0
    GDAS    10     4     8     0     0
    GDAS    10     4    15     0     0
    GDAS    10     4    22     0     0
    GDAS    10     4    29     0     0
    GDAS    10     4     1     0     0
    GDAS    10     3    29     0     0
     1 BACKWARD OMEGA   
    10     4    23     6   39.977  116.381  3800.0
     1 PRESSURE
     1     1    10     4    23     6     0     0     0.0   39.977  116.381   3563.0    633.7
     1     1    10     4    23     5     0     1    -1.0   40.154  115.978   3702.6    592.4
     1     1    10     4    23     4     0     2    -2.0   40.339  115.571   3685.5    566.9
     1     1    10     4    23     3     0     3    -3.0   40.513  115.183   3647.3    549.9
     1     1    10     4    23     2     0     2    -4.0   40.673  114.818   3643.6    542.0
     1     1    10     4    23     1     0     1    -5.0   40.846  114.480   3663.0    538.6
     1     1    10     4    23     0     0     0    -6.0   41.021  114.178   3682.1    534.8
     1     1    10     4    22    23     0     1    -7.0   41.200  113.900   3699.2    530.8
     1     1    10     4    22    22     0     2    -8.0   41.400  113.624   3720.8    525.6
     1     1    10     4    22    21     0     3    -9.0   41.621  113.356   3763.6    521.3
     1     1    10     4    22    20     0     2   -10.0   41.852  113.106   3842.4    517.8
     1     1    10     4    22    19     0     1   -11.0   42.083  112.872   3967.0    513.2
     1     1    10     4    22    18     0     0   -12.0   42.314  112.642   4140.9    507.7
     1     1    10     4    22    17     0     1   -13.0   42.561  112.386   4332.1    498.5
     1     1    10     4    22    16     0     2   -14.0   42.811  112.115   4508.4    493.0
     1     1    10     4    22    15     0     3   -15.0   43.046  111.878   4662.5    487.2
     1     1    10     4    22    14     0     2   -16.0   43.273  111.635   4752.8    479.4
     1     1    10     4    22    13     0     1   -17.0   43.497  111.355   4779.8    478.8
     1     1    10     4    22    12     0     0   -18.0   43.712  111.073   4771.3    480.0
     1     1    10     4    22    11     0     1   -19.0   43.908  110.793   4756.5    483.6
     1     1    10     4    22    10     0     2   -20.0   44.064  110.485   4742.3    488.0
     1     1    10     4    22     9     0     3   -21.0   44.157  110.135   4705.9    492.4
     1     1    10     4    22     8     0     2   -22.0   44.192  109.796   4651.9    498.7
     1     1    10     4    22     7     0     1   -23.0   44.191  109.514   4590.4    502.8
     1     1    10     4    22     6     0     0   -24.0   44.154  109.287   4510.5    508.6
     1     1    10     4    22     5     0     1   -25.0   44.097  109.141   4421.1    517.1
     1     1    10     4    22     4     0     2   -26.0   44.038  109.092   4338.3    524.1
     1     1    10     4    22     3     0     3   -27.0   43.984  109.137   4261.3    529.7
     1     1    10     4    22     2     0     2   -28.0   43.947  109.250   4194.2    533.8
     1     1    10     4    22     1     0     1   -29.0   43.934  109.409   4145.3    536.5
     1     1    10     4    22     0     0     0   -30.0   43.941  109.612   4113.2    538.5
     1     1    10     4    21    23     0     1   -31.0   43.964  109.851   4091.5    539.3
     1     1    10     4    21    22     0     2   -32.0   43.996  110.120   4067.2    539.3
     1     1    10     4    21    21     0     3   -33.0   44.040  110.416   4021.6    538.0
     1     1    10     4    21    20     0     2   -34.0   44.095  110.719   3954.4    540.1
     1     1    10     4    21    19     0     1   -35.0   44.152  111.015   3877.8    543.9
     1     1    10     4    21    18     0     0   -36.0   44.209  111.302   3813.9    550.2
     1     1    10     4    21    17     0     1   -37.0   44.275  111.584   3760.0    554.3
     1     1    10     4    21    16     0     2   -38.0   44.360  111.868   3712.5    558.1
     1     1    10     4    21    15     0     3   -39.0   44.460  112.150   3668.0    560.5
     1     1    10     4    21    14     0     2   -40.0   44.581  112.410   3633.4    562.6
     1     1    10     4    21    13     0     1   -41.0   44.734  112.631   3630.4    561.7
     1     1    10     4    21    12     0     0   -42.0   44.922  112.814   3679.2    556.3
     1     1    10     4    21    11     0     1   -43.0   45.151  112.941   3768.9    546.5
     1     1    10     4    21    10     0     2   -44.0   45.419  112.989   3862.8    538.8
     1     1    10     4    21     9     0     3   -45.0   45.706  112.945   3940.2    533.6
     1     1    10     4    21     8     0     2   -46.0   46.001  112.824   4013.5    531.5
     1     1    10     4    21     7     0     1   -47.0   46.305  112.639   4116.1    525.3
     1     1    10     4    21     6     0     0   -48.0   46.612  112.374   4250.0    513.7
     1     1    10     4    21     5     0     1   -49.0   46.919  111.997   4384.7    498.8
     1     1    10     4    21     4     0     2   -50.0   47.220  111.502   4522.8    488.3
     1     1    10     4    21     3     0     3   -51.0   47.511  110.891   4676.8    476.4
     1     1    10     4    21     2     0     2   -52.0   47.755  110.162   4839.9    458.6
     1     1    10     4    21     1     0     1   -53.0   47.919  109.331   4967.9    438.4
     1     1    10     4    21     0     0     0   -54.0   48.012  108.406   5072.1    420.8
     1     1    10     4    20    23     0     1   -55.0   48.026  107.450   5171.3    413.7
     1     1    10     4    20    22     0     2   -56.0   47.932  106.599   5221.2    421.3
     1     1    10     4    20    21     0     3   -57.0   47.756  105.918   5200.0    433.5
     1     1    10     4    20    20     0     2   -58.0   47.540  105.388   5083.1    441.1
     1     1    10     4    20    19     0     1   -59.0   47.312  104.967   4883.5    450.9
     1     1    10     4    20    18     0     0   -60.0   47.075  104.629   4547.9    464.3
     1     1    10     4    20    17     0     1   -61.0   46.849  104.361   4149.2    489.1
     1     1    10     4    20    16     0     2   -62.0   46.633  104.146   3750.1    518.1
     1     1    10     4    20    15     0     3   -63.0   46.407  103.970   3373.1    548.4
     1     1    10     4    20    14     0     2   -64.0   46.164  103.853   2991.5    577.4
     1     1    10     4    20    13     0     1   -65.0   45.905  103.840   2582.2    614.4
     1     1    10     4    20    12     0     0   -66.0   45.629  103.954   2171.1    657.4
     1     1    10     4    20    11     0     1   -67.0   45.366  104.191   1821.1    697.5
     1     1    10     4    20    10     0     2   -68.0   45.164  104.503   1564.8    722.4
     1     1    10     4    20     9     0     3   -69.0   45.031  104.851   1358.7    742.6
     1     1    10     4    20     8     0     2   -70.0   44.944  105.212   1206.9    759.9
     1     1    10     4    20     7     0     1   -71.0   44.878  105.594   1131.7    765.0
     1     1    10     4    20     6     0     0   -72.0   44.833  105.997   1122.0    763.8
     1     1    10     4    20     5     0     1   -73.0   44.809  106.416   1137.4    764.3
     1     1    10     4    20     4     0     2   -74.0   44.809  106.849   1127.4    770.7
     1     1    10     4    20     3     0     3   -75.0   44.834  107.301   1092.1    779.6
     1     1    10     4    20     2     0     2   -76.0   44.896  107.760   1056.4    787.1
     1     1    10     4    20     1     0     1   -77.0   45.003  108.207   1025.6    789.5
     1     1    10     4    20     0     0     0   -78.0   45.149  108.629   1008.3    788.8
     1     1    10     4    19    23     0     1   -79.0   45.306  108.990   1031.3    783.8
     1     1    10     4    19    22     0     2   -80.0   45.449  109.277   1076.6    778.2
     1     1    10     4    19    21     0     3   -81.0   45.571  109.507   1113.1    775.7
     1     1    10     4    19    20     0     2   -82.0   45.671  109.718   1141.9    775.2
     1     1    10     4    19    19     0     1   -83.0   45.751  109.938   1170.2    775.1
     1     1    10     4    19    18     0     0   -84.0   45.809  110.165   1198.3    771.9
     1     1    10     4    19    17     0     1   -85.0   45.867  110.415   1221.5    767.1
     1     1    10     4    19    16     0     2   -86.0   45.945  110.698   1233.5    762.9
     1     1    10     4    19    15     0     3   -87.0   46.043  111.004   1225.1    759.9
     1     1    10     4    19    14     0     2   -88.0   46.148  111.287   1217.2    765.7
     1     1    10     4    19    13     0     1   -89.0   46.254  111.516   1231.4    765.3
     1     1    10     4    19    12     0     0   -90.0   46.360  111.695   1261.3    762.5
     1     1    10     4    19    11     0     1   -91.0   46.465  111.828   1309.5    757.7
     1     1    10     4    19    10     0     2   -92.0   46.567  111.918   1370.3    749.8
     1     1    10     4    19     9     0     3   -93.0   46.673  111.975   1418.3    742.6
     1     1    10     4    19     8     0     2   -94.0   46.779  111.993   1432.0    739.3
     1     1    10     4    19     7     0     1   -95.0   46.883  111.967   1410.2    740.3
     1     1    10     4    19     6     0     0   -96.0   46.984  111.902   1360.8    743.8
