     7     1
    GDAS    10     3    22     0     0
    GDAS    10     4     8     0     0
    GDAS    10     4    15     0     0
    GDAS    10     4    22     0     0
    GDAS    10     4    29     0     0
    GDAS    10     4     1     0     0
    GDAS    10     3    29     0     0
     1 BACKWARD OMEGA   
    10     4    19    18   39.977  116.381  3800.0
     1 PRESSURE
     1     1    10     4    19    18     0     0     0.0   39.977  116.381   3561.8    636.2
     1     1    10     4    19    17     0     1    -1.0   40.098  115.701   3604.9    596.2
     1     1    10     4    19    16     0     2    -2.0   40.250  115.004   3591.7    553.1
     1     1    10     4    19    15     0     3    -3.0   40.427  114.280   3750.1    549.6
     1     1    10     4    19    14     0     2    -4.0   40.652  113.439   4015.5    511.2
     1     1    10     4    19    13     0     1    -5.0   40.924  112.493   3980.5    503.2
     1     1    10     4    19    12     0     0    -6.0   41.217  111.474   3990.5    505.8
     1     1    10     4    19    11     0     1    -7.0   41.486  110.427   4241.8    491.7
     1     1    10     4    19    10     0     2    -8.0   41.715  109.333   4403.3    487.9
     1     1    10     4    19     9     0     3    -9.0   41.935  108.173   4481.2    481.0
     1     1    10     4    19     8     0     2   -10.0   42.152  107.000   4572.4    491.9
     1     1    10     4    19     7     0     1   -11.0   42.395  105.837   4724.6    484.7
     1     1    10     4    19     6     0     0   -12.0   42.698  104.525   4897.8    453.0
     1     1    10     4    19     5     0     1   -13.0   43.086  102.998   5357.3    426.1
     1     1    10     4    19     4     0     2   -14.0   43.443  101.346   5649.6    406.6
     1     1    10     4    19     3     0     3   -15.0   43.742   99.505   6027.1    387.9
     1     1    10     4    19     2     0     2   -16.0   43.940   97.583   6220.7    382.2
     1     1    10     4    19     1     0     1   -17.0   43.994   95.749   6361.2    391.4
     1     1    10     4    19     0     0     0   -18.0   44.035   94.118   6453.6    385.0
     1     1    10     4    18    23     0     1   -19.0   43.945   92.416   6271.5    353.2
     1     1    10     4    18    22     0     2   -20.0   43.700   90.815   6392.2    384.1
     1     1    10     4    18    21     0     3   -21.0   43.454   89.360   6290.1    404.9
     1     1    10     4    18    20     0     2   -22.0   43.178   88.063   5795.6    401.6
     1     1    10     4    18    19     0     1   -23.0   42.888   86.783   4720.9    364.7
     1     1    10     4    18    18     0     0   -24.0   42.519   85.585   4113.9    446.5
     1     1    10     4    18    17     0     1   -25.0   42.086   84.836   3373.3    538.6
     1     1    10     4    18    16     0     2   -26.0   41.783   84.499   2800.2    608.3
     1     1    10     4    18    15     0     3   -27.0   41.570   84.254   2477.6    648.9
     1     1    10     4    18    14     0     2   -28.0   41.334   84.116   2294.6    672.8
     1     1    10     4    18    13     0     1   -29.0   41.113   84.113   2181.1    688.9
     1     1    10     4    18    12     0     0   -30.0   40.961   84.207   2002.7    702.6
     1     1    10     4    18    11     0     1   -31.0   40.897   84.369   1763.5    727.8
     1     1    10     4    18    10     0     2   -32.0   40.889   84.569   1513.5    749.5
     1     1    10     4    18     9     0     3   -33.0   40.929   84.777   1248.9    772.6
     1     1    10     4    18     8     0     2   -34.0   41.010   84.970    996.0    798.9
     1     1    10     4    18     7     0     1   -35.0   41.121   85.141    855.3    815.8
     1     1    10     4    18     6     0     0   -36.0   41.243   85.279    867.9    809.8
     1     1    10     4    18     5     0     1   -37.0   41.370   85.364    984.5    790.5
     1     1    10     4    18     4     0     2   -38.0   41.496   85.361   1153.6    766.1
     1     1    10     4    18     3     0     3   -39.0   41.595   85.256   1321.2    740.0
     1     1    10     4    18     2     0     2   -40.0   41.654   85.062   1465.6    720.3
     1     1    10     4    18     1     0     1   -41.0   41.668   84.802   1566.9    708.4
     1     1    10     4    18     0     0     0   -42.0   41.644   84.528   1599.0    709.5
     1     1    10     4    17    23     0     1   -43.0   41.609   84.291   1587.6    716.8
     1     1    10     4    17    22     0     2   -44.0   41.584   84.097   1561.7    722.7
     1     1    10     4    17    21     0     3   -45.0   41.574   83.936   1535.5    727.5
     1     1    10     4    17    20     0     2   -46.0   41.590   83.765   1553.2    728.0
     1     1    10     4    17    19     0     1   -47.0   41.629   83.524   1648.0    716.3
     1     1    10     4    17    18     0     0   -48.0   41.673   83.189   1824.9    697.2
     1     1    10     4    17    17     0     1   -49.0   41.704   82.796   2019.2    668.5
     1     1    10     4    17    16     0     2   -50.0   41.730   82.414   2138.2    647.5
     1     1    10     4    17    15     0     3   -51.0   41.767   82.072   2188.4    637.2
     1     1    10     4    17    14     0     2   -52.0   41.815   81.745   2096.5    605.6
     1     1    10     4    17    13     0     1   -53.0   41.854   81.423   1819.6    584.6
     1     1    10     4    17    12     0     0   -54.0   41.881   81.113   1388.5    573.7
     1     1    10     4    17    11     0     1   -55.0   41.910   80.860    967.2    591.9
     1     1    10     4    17    10     0     2   -56.0   41.944   80.642    635.7    606.1
     1     1    10     4    17     9     0     3   -57.0   41.961   80.418    395.9    613.5
     1     1    10     4    17     8     0     2   -58.0   41.957   80.177    245.7    620.0
     1     1    10     4    17     7     0     1   -59.0   41.938   79.943    151.2    625.7
     1     1    10     4    17     6     0     0   -60.0   41.911   79.751     86.6    639.3
     1     1    10     4    17     5     0     1   -61.0   41.896   79.599     53.6    646.4
     1     1    10     4    17     4     0     2   -62.0   41.904   79.452     49.5    643.9
     1     1    10     4    17     3     0     3   -63.0   41.931   79.300     58.4    638.3
     1     1    10     4    17     2     0     2   -64.0   41.967   79.142     70.8    632.6
     1     1    10     4    17     1     0     1   -65.0   42.002   78.991     79.2    630.3
     1     1    10     4    17     0     0     0   -66.0   42.025   78.858     91.4    637.6
     1     1    10     4    16    23     0     1   -67.0   42.028   78.733    119.8    639.6
     1     1    10     4    16    22     0     2   -68.0   42.013   78.593    184.5    636.8
     1     1    10     4    16    21     0     3   -69.0   41.983   78.417    310.5    631.6
     1     1    10     4    16    20     0     2   -70.0   41.951   78.172    409.7    625.0
     1     1    10     4    16    19     0     1   -71.0   41.919   77.875    470.4    633.9
     1     1    10     4    16    18     0     0   -72.0   41.883   77.571    533.3    649.8
     1     1    10     4    16    17     0     1   -73.0   41.843   77.271    626.9    657.8
     1     1    10     4    16    16     0     2   -74.0   41.797   76.959    731.6    656.6
     1     1    10     4    16    15     0     3   -75.0   41.747   76.635    779.6    645.8
     1     1    10     4    16    14     0     2   -76.0   41.695   76.330    768.0    646.6
     1     1    10     4    16    13     0     1   -77.0   41.642   76.072    735.4    650.4
     1     1    10     4    16    12     0     0   -78.0   41.589   75.862    692.0    654.3
     1     1    10     4    16    11     0     1   -79.0   41.534   75.671    643.3    659.6
     1     1    10     4    16    10     0     2   -80.0   41.476   75.472    589.8    665.0
     1     1    10     4    16     9     0     3   -81.0   41.420   75.270    527.2    671.6
     1     1    10     4    16     8     0     2   -82.0   41.370   75.062    451.7    679.6
     1     1    10     4    16     7     0     1   -83.0   41.326   74.850    370.5    692.9
     1     1    10     4    16     6     0     0   -84.0   41.282   74.633    299.9    706.4
     1     1    10     4    16     5     0     1   -85.0   41.232   74.431    238.6    719.0
     1     1    10     4    16     4     0     2   -86.0   41.174   74.262    187.4    731.1
     1     1    10     4    16     3     0     3   -87.0   41.112   74.121    151.3    741.3
     1     1    10     4    16     2     0     2   -88.0   41.049   73.997    128.8    750.1
     1     1    10     4    16     1     0     1   -89.0   40.992   73.892    118.8    763.7
     1     1    10     4    16     0     0     0   -90.0   40.947   73.810    116.3    768.8
     1     1    10     4    15    23     0     1   -91.0   40.905   73.725     99.5    773.8
     1     1    10     4    15    22     0     2   -92.0   40.862   73.631     65.3    783.7
     1     1    10     4    15    21     0     3   -93.0   40.818   73.532     35.2    792.7
     1     1    10     4    15    20     0     2   -94.0   40.767   73.444     18.7    797.2
     1     1    10     4    15    19     0     1   -95.0   40.707   73.368     10.1    796.0
     1     1    10     4    15    18     0     0   -96.0   40.641   73.298      5.8    792.6
