     7     1
    GDAS    10     3    22     0     0
    GDAS    10     4     8     0     0
    GDAS    10     4    15     0     0
    GDAS    10     4    22     0     0
    GDAS    10     4    29     0     0
    GDAS    10     4     1     0     0
    GDAS    10     3    29     0     0
     1 BACKWARD OMEGA   
    10     4     9     0   39.977  116.381  2000.0
     1 PRESSURE
     1     1    10     4     9     0     0     0     0.0   39.977  116.381   1765.7    792.9
     1     1    10     4     8    23     0     1    -1.0   39.889  116.335   1619.8    810.9
     1     1    10     4     8    22     0     2    -2.0   39.889  116.331   1509.0    820.0
     1     1    10     4     8    21     0     3    -3.0   39.963  116.362   1419.8    828.0
     1     1    10     4     8    20     0     2    -4.0   40.079  116.398   1343.2    828.9
     1     1    10     4     8    19     0     1    -5.0   40.202  116.391   1267.9    827.2
     1     1    10     4     8    18     0     0    -6.0   40.331  116.314   1209.7    821.6
     1     1    10     4     8    17     0     1    -7.0   40.463  116.144   1209.9    807.4
     1     1    10     4     8    16     0     2    -8.0   40.580  115.841   1303.7    777.0
     1     1    10     4     8    15     0     3    -9.0   40.647  115.370   1492.1    735.5
     1     1    10     4     8    14     0     2   -10.0   40.660  114.777   1633.6    694.9
     1     1    10     4     8    13     0     1   -11.0   40.676  114.184   1590.4    698.8
     1     1    10     4     8    12     0     0   -12.0   40.730  113.576   1468.5    712.0
     1     1    10     4     8    11     0     1   -13.0   40.778  112.877   1440.4    705.3
     1     1    10     4     8    10     0     2   -14.0   40.812  112.166   1459.4    694.7
     1     1    10     4     8     9     0     3   -15.0   40.882  111.533   1421.9    693.1
     1     1    10     4     8     8     0     2   -16.0   40.991  110.927   1323.5    694.4
     1     1    10     4     8     7     0     1   -17.0   41.089  110.288   1234.9    717.6
     1     1    10     4     8     6     0     0   -18.0   41.164  109.636   1150.1    735.2
     1     1    10     4     8     5     0     1   -19.0   41.258  109.050   1059.0    762.8
     1     1    10     4     8     4     0     2   -20.0   41.378  108.549   1005.7    771.9
     1     1    10     4     8     3     0     3   -21.0   41.516  108.092    976.4    774.5
     1     1    10     4     8     2     0     2   -22.0   41.686  107.613    953.9    770.2
     1     1    10     4     8     1     0     1   -23.0   41.902  107.067    866.4    775.6
     1     1    10     4     8     0     0     0   -24.0   42.169  106.473    645.2    813.2
     1     1    10     4     7    23     0     1   -25.0   42.452  105.902    553.1    836.4
     1     1    10     4     7    22     0     2   -26.0   42.750  105.253    710.4    788.7
     1     1    10     4     7    21     0     3   -27.0   43.036  104.512   1118.8    731.9
     1     1    10     4     7    20     0     2   -28.0   43.314  103.743   1497.5    696.4
     1     1    10     4     7    19     0     1   -29.0   43.614  102.910   1677.7    679.7
     1     1    10     4     7    18     0     0   -30.0   43.956  102.015   1807.2    693.2
     1     1    10     4     7    17     0     1   -31.0   44.328  101.005   1808.5    688.1
     1     1    10     4     7    16     0     2   -32.0   44.695   99.850   1835.5    653.8
     1     1    10     4     7    15     0     3   -33.0   45.090   98.464   2073.7    588.0
     1     1    10     4     7    14     0     2   -34.0   45.468   96.951   2414.4    583.1
     1     1    10     4     7    13     0     1   -35.0   45.790   95.428   2560.0    585.1
     1     1    10     4     7    12     0     0   -36.0   46.110   93.699   2691.7    541.6
     1     1    10     4     7    11     0     1   -37.0   46.376   91.838   2862.5    555.3
     1     1    10     4     7    10     0     2   -38.0   46.564   90.132   3083.4    560.7
     1     1    10     4     7     9     0     3   -39.0   46.679   88.782   3109.5    618.8
     1     1    10     4     7     8     0     2   -40.0   46.764   87.673   3095.2    636.5
     1     1    10     4     7     7     0     1   -41.0   46.872   86.538   2968.2    606.1
     1     1    10     4     7     6     0     0   -42.0   47.028   85.076   2953.1    554.8
     1     1    10     4     7     5     0     1   -43.0   47.143   83.562   3176.1    581.7
     1     1    10     4     7     4     0     2   -44.0   47.169   82.238   3058.6    610.0
     1     1    10     4     7     3     0     3   -45.0   47.153   81.019   3039.0    639.2
     1     1    10     4     7     2     0     2   -46.0   47.141   79.894   2919.4    671.1
     1     1    10     4     7     1     0     1   -47.0   47.127   78.757   2834.7    672.2
     1     1    10     4     7     0     0     0   -48.0   47.107   77.583   2779.8    671.2
     1     1    10     4     6    23     0     1   -49.0   47.078   76.448   2820.7    675.6
     1     1    10     4     6    22     0     2   -50.0   47.031   75.448   2891.7    672.6
     1     1    10     4     6    21     0     3   -51.0   46.970   74.584   2942.9    666.8
     1     1    10     4     6    20     0     2   -52.0   46.897   73.812   2924.3    665.0
     1     1    10     4     6    19     0     1   -53.0   46.827   73.067   2901.8    661.0
     1     1    10     4     6    18     0     0   -54.0   46.797   72.335   2948.2    660.4
     1     1    10     4     6    17     0     1   -55.0   46.794   71.619   3040.9    653.5
     1     1    10     4     6    16     0     2   -56.0   46.801   70.914   3138.7    647.6
     1     1    10     4     6    15     0     3   -57.0   46.843   70.205   3210.2    645.4
     1     1    10     4     6    14     0     2   -58.0   46.883   69.504   3239.8    647.4
     1     1    10     4     6    13     0     1   -59.0   46.888   68.816   3259.9    652.7
     1     1    10     4     6    12     0     0   -60.0   46.895   68.112   3312.6    648.4
     1     1    10     4     6    11     0     1   -61.0   46.854   67.410   3379.3    639.5
     1     1    10     4     6    10     0     2   -62.0   46.724   66.731   3441.7    637.5
     1     1    10     4     6     9     0     3   -63.0   46.570   66.067   3510.4    637.4
     1     1    10     4     6     8     0     2   -64.0   46.392   65.423   3550.7    636.1
     1     1    10     4     6     7     0     1   -65.0   46.191   64.789   3530.9    638.9
     1     1    10     4     6     6     0     0   -66.0   46.017   64.127   3500.1    645.9
     1     1    10     4     6     5     0     1   -67.0   45.847   63.433   3515.9    647.3
     1     1    10     4     6     4     0     2   -68.0   45.662   62.712   3572.1    641.9
     1     1    10     4     6     3     0     3   -69.0   45.521   61.961   3670.6    637.3
     1     1    10     4     6     2     0     2   -70.0   45.410   61.198   3756.0    627.2
     1     1    10     4     6     1     0     1   -71.0   45.327   60.442   3811.6    623.8
     1     1    10     4     6     0     0     0   -72.0   45.304   59.721   3833.3    621.4
     1     1    10     4     5    23     0     1   -73.0   45.318   59.043   3816.6    621.4
     1     1    10     4     5    22     0     2   -74.0   45.340   58.399   3801.3    619.6
     1     1    10     4     5    21     0     3   -75.0   45.372   57.786   3797.7    616.8
     1     1    10     4     5    20     0     2   -76.0   45.418   57.229   3810.4    618.3
     1     1    10     4     5    19     0     1   -77.0   45.470   56.737   3841.4    617.7
     1     1    10     4     5    18     0     0   -78.0   45.532   56.311   3874.6    615.9
     1     1    10     4     5    17     0     1   -79.0   45.601   55.936   3897.4    615.9
     1     1    10     4     5    16     0     2   -80.0   45.666   55.585   3917.6    616.0
     1     1    10     4     5    15     0     3   -81.0   45.726   55.246   3939.2    615.4
     1     1    10     4     5    14     0     2   -82.0   45.786   54.911   3958.5    615.3
     1     1    10     4     5    13     0     1   -83.0   45.848   54.569   3973.7    615.3
     1     1    10     4     5    12     0     0   -84.0   45.906   54.214   3972.9    615.5
     1     1    10     4     5    11     0     1   -85.0   45.953   53.840   3953.6    618.8
     1     1    10     4     5    10     0     2   -86.0   45.983   53.447   3929.4    622.6
     1     1    10     4     5     9     0     3   -87.0   45.998   53.048   3911.5    626.1
     1     1    10     4     5     8     0     2   -88.0   46.014   52.658   3919.0    627.0
     1     1    10     4     5     7     0     1   -89.0   46.047   52.281   3967.9    622.9
     1     1    10     4     5     6     0     0   -90.0   46.097   51.921   4046.5    615.5
     1     1    10     4     5     5     0     1   -91.0   46.180   51.559   4112.7    606.3
     1     1    10     4     5     4     0     2   -92.0   46.308   51.174   4139.8    602.9
     1     1    10     4     5     3     0     3   -93.0   46.472   50.774   4141.5    603.3
     1     1    10     4     5     2     0     2   -94.0   46.651   50.380   4142.1    605.0
     1     1    10     4     5     1     0     1   -95.0   46.833   50.007   4148.1    603.8
     1     1    10     4     5     0     0     0   -96.0   47.022   49.653   4151.0    602.9
