     7     1
    GDAS    10     3    22     0     0
    GDAS    10     4     8     0     0
    GDAS    10     4    15     0     0
    GDAS    10     4    22     0     0
    GDAS    10     4    29     0     0
    GDAS    10     4     1     0     0
    GDAS    10     3    29     0     0
     1 BACKWARD OMEGA   
    10     4    29    12   39.977  116.381  9200.0
     1 PRESSURE
     1     1    10     4    29    12     0     0     0.0   39.977  116.381   8961.2    293.7
     1     1    10     4    29    11     0     1    -1.0   40.747  116.025   8810.9    268.7
     1     1    10     4    29    10     0     2    -2.0   41.550  115.662   8765.3    253.6
     1     1    10     4    29     9     0     3    -3.0   42.356  115.373   8759.9    254.1
     1     1    10     4    29     8     0     2    -4.0   43.138  115.204   8845.7    255.3
     1     1    10     4    29     7     0     1    -5.0   43.900  115.180   8912.5    254.0
     1     1    10     4    29     6     0     0    -6.0   44.652  115.298   8965.4    251.1
     1     1    10     4    29     5     0     1    -7.0   45.397  115.491   9050.6    250.6
     1     1    10     4    29     4     0     2    -8.0   46.132  115.736   9103.6    253.1
     1     1    10     4    29     3     0     3    -9.0   46.842  116.035   9169.8    259.5
     1     1    10     4    29     2     0     2   -10.0   47.526  116.390   9216.5    260.5
     1     1    10     4    29     1     0     1   -11.0   48.182  116.801   9256.5    260.5
     1     1    10     4    29     0     0     0   -12.0   48.808  117.244   9278.0    259.3
     1     1    10     4    28    23     0     1   -13.0   49.396  117.720   9298.4    257.1
     1     1    10     4    28    22     0     2   -14.0   49.923  118.241   9320.7    254.9
     1     1    10     4    28    21     0     3   -15.0   50.379  118.796   9369.6    252.7
     1     1    10     4    28    20     0     2   -16.0   50.781  119.383   9402.8    250.2
     1     1    10     4    28    19     0     1   -17.0   51.142  120.011   9431.8    248.3
     1     1    10     4    28    18     0     0   -18.0   51.453  120.678   9433.5    245.4
     1     1    10     4    28    17     0     1   -19.0   51.709  121.343   9446.6    244.3
     1     1    10     4    28    16     0     2   -20.0   51.935  121.984   9429.3    242.3
     1     1    10     4    28    15     0     3   -21.0   52.152  122.600   9456.9    243.4
     1     1    10     4    28    14     0     2   -22.0   52.318  123.180   9499.5    244.9
     1     1    10     4    28    13     0     1   -23.0   52.398  123.733   9542.4    247.0
     1     1    10     4    28    12     0     0   -24.0   52.403  124.277   9559.9    249.4
     1     1    10     4    28    11     0     1   -25.0   52.309  124.834   9563.4    252.7
     1     1    10     4    28    10     0     2   -26.0   52.093  125.451   9596.1    255.3
     1     1    10     4    28     9     0     3   -27.0   51.755  126.185   9703.3    255.3
     1     1    10     4    28     8     0     2   -28.0   51.311  127.064   9751.0    252.4
     1     1    10     4    28     7     0     1   -29.0   50.781  128.073   9766.9    258.3
     1     1    10     4    28     6     0     0   -30.0   50.157  129.200   9725.9    256.5
     1     1    10     4    28     5     0     1   -31.0   49.405  130.385   9584.3    260.6
     1     1    10     4    28     4     0     2   -32.0   48.527  131.571   9473.3    262.4
     1     1    10     4    28     3     0     3   -33.0   47.496  132.692   9368.2    276.0
     1     1    10     4    28     2     0     2   -34.0   46.349  133.832   9179.3    285.6
     1     1    10     4    28     1     0     1   -35.0   45.189  134.862   8952.3    275.0
     1     1    10     4    28     0     0     0   -36.0   43.946  135.742   8947.3    294.9
     1     1    10     4    27    23     0     1   -37.0   42.791  136.589   8577.1    319.6
     1     1    10     4    27    22     0     2   -38.0   41.785  137.022   8006.9    348.1
     1     1    10     4    27    21     0     3   -39.0   40.893  137.237   7537.0    380.9
     1     1    10     4    27    20     0     2   -40.0   40.046  137.238   7139.3    397.8
     1     1    10     4    27    19     0     1   -41.0   39.244  137.000   6620.4    434.2
     1     1    10     4    27    18     0     0   -42.0   38.518  136.665   6409.1    444.7
     1     1    10     4    27    17     0     1   -43.0   37.778  136.222   6179.2    454.5
     1     1    10     4    27    16     0     2   -44.0   37.043  135.684   5851.3    484.5
     1     1    10     4    27    15     0     3   -45.0   36.357  135.006   5695.8    503.1
     1     1    10     4    27    14     0     2   -46.0   35.698  134.148   5494.7    496.7
     1     1    10     4    27    13     0     1   -47.0   35.089  133.172   5148.9    500.8
     1     1    10     4    27    12     0     0   -48.0   34.525  132.058   5078.1    527.8
     1     1    10     4    27    11     0     1   -49.0   34.034  130.891   5080.6    531.7
     1     1    10     4    27    10     0     2   -50.0   33.610  129.669   5133.7    531.0
     1     1    10     4    27     9     0     3   -51.0   33.224  128.379   5119.0    532.7
     1     1    10     4    27     8     0     2   -52.0   32.900  127.061   5169.1    527.6
     1     1    10     4    27     7     0     1   -53.0   32.639  125.722   5272.2    520.6
     1     1    10     4    27     6     0     0   -54.0   32.457  124.364   5336.4    517.2
     1     1    10     4    27     5     0     1   -55.0   32.376  122.970   5438.9    510.5
     1     1    10     4    27     4     0     2   -56.0   32.376  121.542   5585.0    500.5
     1     1    10     4    27     3     0     3   -57.0   32.484  120.096   5788.8    485.6
     1     1    10     4    27     2     0     2   -58.0   32.686  118.634   5994.8    472.1
     1     1    10     4    27     1     0     1   -59.0   32.971  117.137   6216.0    459.0
     1     1    10     4    27     0     0     0   -60.0   33.369  115.606   6503.2    438.5
     1     1    10     4    26    23     0     1   -61.0   33.845  114.099   6596.8    431.0
     1     1    10     4    26    22     0     2   -62.0   34.339  112.641   6498.2    414.0
     1     1    10     4    26    21     0     3   -63.0   34.862  111.205   6361.7    409.7
     1     1    10     4    26    20     0     2   -64.0   35.453  109.816   6322.3    403.8
     1     1    10     4    26    19     0     1   -65.0   36.173  108.523   6146.1    386.1
     1     1    10     4    26    18     0     0   -66.0   37.039  107.336   6160.4    371.6
     1     1    10     4    26    17     0     1   -67.0   38.028  106.238   6390.0    375.8
     1     1    10     4    26    16     0     2   -68.0   39.109  105.189   6376.2    369.2
     1     1    10     4    26    15     0     3   -69.0   40.225  104.268   6255.4    379.1
     1     1    10     4    26    14     0     2   -70.0   41.395  103.422   6328.7    380.9
     1     1    10     4    26    13     0     1   -71.0   42.587  102.615   6365.4    376.3
     1     1    10     4    26    12     0     0   -72.0   43.829  101.907   6474.2    372.3
     1     1    10     4    26    11     0     1   -73.0   45.156  101.259   6369.6    353.4
     1     1    10     4    26    10     0     2   -74.0   46.516  100.619   5994.5    348.2
     1     1    10     4    26     9     0     3   -75.0   47.982  100.077   6101.6    341.6
     1     1    10     4    26     8     0     2   -76.0   49.425   99.506   6196.0    349.0
     1     1    10     4    26     7     0     1   -77.0   50.785   98.932   6021.3    358.0
     1     1    10     4    26     6     0     0   -78.0   52.187   98.211   6220.8    351.2
     1     1    10     4    26     5     0     1   -79.0   53.464   97.270   6306.5    362.3
     1     1    10     4    26     4     0     2   -80.0   54.668   96.157   6520.7    383.3
     1     1    10     4    26     3     0     3   -81.0   55.697   94.893   6695.4    401.5
     1     1    10     4    26     2     0     2   -82.0   56.624   93.512   6700.4    410.9
     1     1    10     4    26     1     0     1   -83.0   57.466   91.981   6743.4    412.0
     1     1    10     4    26     0     0     0   -84.0   58.226   90.190   6775.9    413.8
     1     1    10     4    25    23     0     1   -85.0   58.908   88.206   6758.4    416.0
     1     1    10     4    25    22     0     2   -86.0   59.484   86.058   6770.1    415.5
     1     1    10     4    25    21     0     3   -87.0   59.945   83.725   6775.9    415.8
     1     1    10     4    25    20     0     2   -88.0   60.327   81.197   6861.9    412.2
     1     1    10     4    25    19     0     1   -89.0   60.586   78.532   6914.2    410.9
     1     1    10     4    25    18     0     0   -90.0   60.714   75.821   6914.7    410.4
     1     1    10     4    25    17     0     1   -91.0   60.720   73.100   6897.4    411.6
     1     1    10     4    25    16     0     2   -92.0   60.616   70.480   6876.1    413.5
     1     1    10     4    25    15     0     3   -93.0   60.402   68.018   6877.5    413.8
     1     1    10     4    25    14     0     2   -94.0   60.061   65.642   6873.5    414.1
     1     1    10     4    25    13     0     1   -95.0   59.608   63.368   6900.9    410.1
     1     1    10     4    25    12     0     0   -96.0   59.039   61.235   6902.5    408.7
