     5     1
    GDAS    10     3     1     0     0
    GDAS    10     3     8     0     0
    GDAS    10     3    15     0     0
    GDAS    10     3    22     0     0
    GDAS    10     3    29     0     0
     1 BACKWARD OMEGA   
    10     3    22    12   39.977  116.381  3600.0
     1 PRESSURE
     1     1    10     3    22    12     0     0     0.0   39.977  116.381   3361.4    645.0
     1     1    10     3    22    11     0     1    -1.0   40.470  115.748   3585.8    567.6
     1     1    10     3    22    10     0     2    -2.0   41.017  114.687   3806.3    522.3
     1     1    10     3    22     9     0     3    -3.0   41.544  113.386   4177.3    486.9
     1     1    10     3    22     8     0     2    -4.0   42.023  111.936   4568.8    463.8
     1     1    10     3    22     7     0     1    -5.0   42.459  110.446   4915.4    453.8
     1     1    10     3    22     6     0     0    -6.0   42.887  108.902   5181.7    437.9
     1     1    10     3    22     5     0     1    -7.0   43.289  107.286   5487.0    424.9
     1     1    10     3    22     4     0     2    -8.0   43.665  105.561   5634.1    395.9
     1     1    10     3    22     3     0     3    -9.0   44.045  103.777   5694.8    390.3
     1     1    10     3    22     2     0     2   -10.0   44.398  101.989   5844.6    386.1
     1     1    10     3    22     1     0     1   -11.0   44.761  100.115   5922.2    365.5
     1     1    10     3    22     0     0     0   -12.0   45.115   98.105   5690.8    344.6
     1     1    10     3    21    23     0     1   -13.0   45.449   96.054   5932.1    357.0
     1     1    10     3    21    22     0     2   -14.0   45.772   94.073   5760.6    350.6
     1     1    10     3    21    21     0     3   -15.0   46.122   91.995   5914.9    367.5
     1     1    10     3    21    20     0     2   -16.0   46.426   89.831   6133.0    372.5
     1     1    10     3    21    19     0     1   -17.0   46.667   87.770   6309.2    403.0
     1     1    10     3    21    18     0     0   -18.0   46.922   85.669   5956.5    362.0
     1     1    10     3    21    17     0     1   -19.0   47.203   83.407   6114.5    384.1
     1     1    10     3    21    16     0     2   -20.0   47.448   81.227   6217.9    400.1
     1     1    10     3    21    15     0     3   -21.0   47.661   79.104   6028.8    421.4
     1     1    10     3    21    14     0     2   -22.0   47.899   77.053   5829.6    427.4
     1     1    10     3    21    13     0     1   -23.0   48.213   75.079   5649.0    434.6
     1     1    10     3    21    12     0     0   -24.0   48.552   73.152   5728.9    431.1
     1     1    10     3    21    11     0     1   -25.0   48.908   71.257   5843.0    436.0
     1     1    10     3    21    10     0     2   -26.0   49.327   69.475   5740.5    449.7
     1     1    10     3    21     9     0     3   -27.0   49.744   67.803   5662.4    453.9
     1     1    10     3    21     8     0     2   -28.0   50.190   66.266   5718.2    460.4
     1     1    10     3    21     7     0     1   -29.0   50.697   64.900   5821.0    459.9
     1     1    10     3    21     6     0     0   -30.0   51.280   63.595   5900.9    449.9
     1     1    10     3    21     5     0     1   -31.0   51.954   62.452   5996.2    440.7
     1     1    10     3    21     4     0     2   -32.0   52.695   61.439   6129.5    430.5
     1     1    10     3    21     3     0     3   -33.0   53.556   60.520   6342.2    413.3
     1     1    10     3    21     2     0     2   -34.0   54.529   59.731   6568.1    389.2
     1     1    10     3    21     1     0     1   -35.0   55.525   58.915   6786.2    377.0
     1     1    10     3    21     0     0     0   -36.0   56.626   58.242   7091.0    366.5
     1     1    10     3    20    23     0     1   -37.0   57.809   57.651   7345.8    354.4
     1     1    10     3    20    22     0     2   -38.0   58.959   57.015   7519.8    346.9
     1     1    10     3    20    21     0     3   -39.0   60.160   56.421   7674.0    339.3
     1     1    10     3    20    20     0     2   -40.0   61.367   55.736   7791.5    331.7
     1     1    10     3    20    19     0     1   -41.0   62.529   54.900   7854.1    327.9
     1     1    10     3    20    18     0     0   -42.0   63.700   53.884   7880.1    326.5
     1     1    10     3    20    17     0     1   -43.0   64.799   52.527   7915.5    326.1
     1     1    10     3    20    16     0     2   -44.0   65.772   50.866   7896.0    326.0
     1     1    10     3    20    15     0     3   -45.0   66.697   48.862   7852.8    328.4
     1     1    10     3    20    14     0     2   -46.0   67.439   46.424   7833.8    334.1
     1     1    10     3    20    13     0     1   -47.0   67.998   43.720   7738.0    339.3
     1     1    10     3    20    12     0     0   -48.0   68.437   40.753   7657.2    342.5
     1     1    10     3    20    11     0     1   -49.0   68.683   37.695   7493.8    347.7
     1     1    10     3    20    10     0     2   -50.0   68.813   34.648   7348.8    349.9
     1     1    10     3    20     9     0     3   -51.0   68.880   31.610   7200.2    357.8
     1     1    10     3    20     8     0     2   -52.0   68.888   28.679   7063.0    367.4
     1     1    10     3    20     7     0     1   -53.0   68.903   25.865   6899.4    369.8
     1     1    10     3    20     6     0     0   -54.0   68.935   22.990   6778.4    368.6
     1     1    10     3    20     5     0     1   -55.0   68.955   19.981   6639.4    361.2
     1     1    10     3    20     4     0     2   -56.0   68.992   17.051   6777.8    384.8
     1     1    10     3    20     3     0     3   -57.0   69.047   14.282   6831.4    389.7
     1     1    10     3    20     2     0     2   -58.0   69.080   11.512   6830.4    392.0
     1     1    10     3    20     1     0     1   -59.0   69.083    8.833   6776.1    396.2
     1     1    10     3    20     0     0     0   -60.0   69.038    6.290   6748.2    398.6
     1     1    10     3    19    23     0     1   -61.0   68.942    3.940   6699.8    402.0
     1     1    10     3    19    22     0     2   -62.0   68.860    1.867   6641.4    406.3
     1     1    10     3    19    21     0     3   -63.0   68.832   -0.013   6649.8    406.9
     1     1    10     3    19    20     0     2   -64.0   68.854   -1.830   6672.2    405.1
     1     1    10     3    19    19     0     1   -65.0   68.916   -3.614   6709.3    403.2
     1     1    10     3    19    18     0     0   -66.0   68.997   -5.377   6797.3    397.9
     1     1    10     3    19    17     0     1   -67.0   69.058   -7.120   6864.5    394.0
     1     1    10     3    19    16     0     2   -68.0   69.095   -8.777   6879.0    393.6
     1     1    10     3    19    15     0     3   -69.0   69.115  -10.308   6895.5    393.1
     1     1    10     3    19    14     0     2   -70.0   69.126  -11.748   6959.3    389.4
     1     1    10     3    19    13     0     1   -71.0   69.132  -13.117   7063.0    383.4
     1     1    10     3    19    12     0     0   -72.0   69.123  -14.375   7156.6    377.7
     1     1    10     3    19    11     0     1   -73.0   69.109  -15.516   7213.7    374.9
     1     1    10     3    19    10     0     2   -74.0   69.094  -16.559   7253.7    373.1
     1     1    10     3    19     9     0     3   -75.0   69.075  -17.528   7304.3    370.5
     1     1    10     3    19     8     0     2   -76.0   69.067  -18.475   7370.0    366.5
     1     1    10     3    19     7     0     1   -77.0   69.086  -19.434   7422.9    363.4
     1     1    10     3    19     6     0     0   -78.0   69.127  -20.414   7457.1    361.5
     1     1    10     3    19     5     0     1   -79.0   69.182  -21.423   7492.9    359.5
     1     1    10     3    19     4     0     2   -80.0   69.239  -22.460   7527.9    356.2
     1     1    10     3    19     3     0     3   -81.0   69.285  -23.511   7548.1    351.6
     1     1    10     3    19     2     0     2   -82.0   69.319  -24.574   7522.1    341.9
     1     1    10     3    19     1     0     1   -83.0   69.332  -25.650   7408.9    326.0
     1     1    10     3    19     0     0     0   -84.0   69.328  -26.725   7237.6    308.3
     1     1    10     3    18    23     0     1   -85.0   69.329  -27.768   7131.5    295.8
     1     1    10     3    18    22     0     2   -86.0   69.351  -28.781   7108.5    289.8
     1     1    10     3    18    21     0     3   -87.0   69.388  -29.828   7076.0    283.9
     1     1    10     3    18    20     0     2   -88.0   69.418  -30.912   7008.0    273.7
     1     1    10     3    18    19     0     1   -89.0   69.438  -32.000   6997.8    267.3
     1     1    10     3    18    18     0     0   -90.0   69.446  -33.103   7020.6    268.6
     1     1    10     3    18    17     0     1   -91.0   69.418  -34.237   6949.6    264.3
     1     1    10     3    18    16     0     2   -92.0   69.335  -35.381   6860.6    252.9
     1     1    10     3    18    15     0     3   -93.0   69.189  -36.501   6839.3    246.2
     1     1    10     3    18    14     0     2   -94.0   69.006  -37.543   6853.0    245.1
     1     1    10     3    18    13     0     1   -95.0   68.823  -38.483   6877.2    246.3
     1     1    10     3    18    12     0     0   -96.0   68.632  -39.317   6904.8    247.6
