     5     1
    GDAS    10     3     1     0     0
    GDAS    10     3     8     0     0
    GDAS    10     3    15     0     0
    GDAS    10     3    22     0     0
    GDAS    10     3    29     0     0
     1 BACKWARD OMEGA   
    10     3    19     6   39.977  116.381  2800.0
     1 PRESSURE
     1     1    10     3    19     6     0     0     0.0   39.977  116.381   2561.0    711.2
     1     1    10     3    19     5     0     1    -1.0   40.294  115.658   2662.3    653.8
     1     1    10     3    19     4     0     2    -2.0   40.586  114.847   2778.8    604.1
     1     1    10     3    19     3     0     3    -3.0   40.882  114.016   2829.0    596.2
     1     1    10     3    19     2     0     2    -4.0   41.210  113.155   2835.2    583.2
     1     1    10     3    19     1     0     1    -5.0   41.547  112.213   2996.5    573.2
     1     1    10     3    19     0     0     0    -6.0   41.934  111.214   3124.9    575.1
     1     1    10     3    18    23     0     1    -7.0   42.363  110.168   3134.2    580.8
     1     1    10     3    18    22     0     2    -8.0   42.792  109.074   3345.0    572.3
     1     1    10     3    18    21     0     3    -9.0   43.238  108.017   3745.0    550.1
     1     1    10     3    18    20     0     2   -10.0   43.732  106.906   3618.4    549.5
     1     1    10     3    18    19     0     1   -11.0   44.229  105.674   3978.1    508.6
     1     1    10     3    18    18     0     0   -12.0   44.716  104.288   4188.8    495.9
     1     1    10     3    18    17     0     1   -13.0   45.205  102.746   4074.9    500.6
     1     1    10     3    18    16     0     2   -14.0   45.565  100.866   4136.4    466.9
     1     1    10     3    18    15     0     3   -15.0   45.768   98.968   4100.5    478.3
     1     1    10     3    18    14     0     2   -16.0   45.820   97.093   4197.9    460.8
     1     1    10     3    18    13     0     1   -17.0   45.945   95.258   4044.6    487.7
     1     1    10     3    18    12     0     0   -18.0   46.051   93.536   3852.8    468.3
     1     1    10     3    18    11     0     1   -19.0   45.899   91.909   4129.8    502.2
     1     1    10     3    18    10     0     2   -20.0   45.749   90.307   4349.7    506.7
     1     1    10     3    18     9     0     3   -21.0   45.685   88.780   4387.8    527.1
     1     1    10     3    18     8     0     2   -22.0   45.642   87.397   3981.4    580.9
     1     1    10     3    18     7     0     1   -23.0   45.583   86.191   3518.1    630.2
     1     1    10     3    18     6     0     0   -24.0   45.449   85.154   3080.8    663.8
     1     1    10     3    18     5     0     1   -25.0   45.238   84.221   2788.4    674.9
     1     1    10     3    18     4     0     2   -26.0   44.971   83.472   2250.1    737.7
     1     1    10     3    18     3     0     3   -27.0   44.779   82.939   1643.9    773.0
     1     1    10     3    18     2     0     2   -28.0   44.695   82.500   1330.4    787.7
     1     1    10     3    18     1     0     1   -29.0   44.666   82.142   1157.6    784.7
     1     1    10     3    18     0     0     0   -30.0   44.669   81.822   1042.6    773.9
     1     1    10     3    17    23     0     1   -31.0   44.675   81.461    973.8    750.6
     1     1    10     3    17    22     0     2   -32.0   44.653   80.988    945.8    716.9
     1     1    10     3    17    21     0     3   -33.0   44.619   80.408    905.7    723.4
     1     1    10     3    17    20     0     2   -34.0   44.593   79.858    820.9    750.2
     1     1    10     3    17    19     0     1   -35.0   44.584   79.370    776.2    780.8
     1     1    10     3    17    18     0     0   -36.0   44.610   78.885    748.8    799.1
     1     1    10     3    17    17     0     1   -37.0   44.687   78.473    628.2    838.3
     1     1    10     3    17    16     0     2   -38.0   44.827   78.199    419.9    885.3
     1     1    10     3    17    15     0     3   -39.0   45.038   78.056    183.6    931.3
     1     1    10     3    17    14     0     2   -40.0   45.189   77.976     68.4    957.4
     1     1    10     3    17    13     0     1   -41.0   45.261   77.883     31.8    957.3
     1     1    10     3    17    12     0     0   -42.0   45.292   77.771     30.8    955.2
     1     1    10     3    17    11     0     1   -43.0   45.288   77.630     42.5    953.7
     1     1    10     3    17    10     0     2   -44.0   45.235   77.461     57.1    953.0
     1     1    10     3    17     9     0     3   -45.0   45.113   77.280     74.1    951.1
     1     1    10     3    17     8     0     2   -46.0   44.924   77.128     94.6    948.9
     1     1    10     3    17     7     0     1   -47.0   44.720   77.040    118.3    945.1
     1     1    10     3    17     6     0     0   -48.0   44.538   77.018    153.1    941.3
     1     1    10     3    17     5     0     1   -49.0   44.348   77.090    150.1    931.6
     1     1    10     3    17     4     0     2   -50.0   44.181   77.284    107.6    932.6
     1     1    10     3    17     3     0     3   -51.0   44.056   77.575     65.6    932.0
     1     1    10     3    17     2     0     2   -52.0   43.970   77.934     70.1    920.4
     1     1    10     3    17     1     0     1   -53.0   43.911   78.369    115.9    898.0
     1     1    10     3    17     0     0     0   -54.0   43.889   78.819    134.1    890.2
     1     1    10     3    16    23     0     1   -55.0   43.912   79.239    127.8    907.5
     1     1    10     3    16    22     0     2   -56.0   43.967   79.601    106.7    936.4
     1     1    10     3    16    21     0     3   -57.0   44.044   79.877     73.0    951.3
     1     1    10     3    16    20     0     2   -58.0   44.094   80.067     52.8    945.7
     1     1    10     3    16    19     0     1   -59.0   44.102   80.235     45.0    936.1
     1     1    10     3    16    18     0     0   -60.0   44.073   80.394     41.6    935.0
     1     1    10     3    16    17     0     1   -61.0   44.036   80.545     35.9    936.6
     1     1    10     3    16    16     0     2   -62.0   44.011   80.676     30.8    936.3
     1     1    10     3    16    15     0     3   -63.0   43.993   80.779     27.1    933.0
     1     1    10     3    16    14     0     2   -64.0   43.972   80.881     31.2    924.3
     1     1    10     3    16    13     0     1   -65.0   43.930   81.008     60.4    909.7
     1     1    10     3    16    12     0     0   -66.0   43.872   81.165    156.1    883.5
     1     1    10     3    16    11     0     1   -67.0   43.801   81.286    326.0    845.5
     1     1    10     3    16    10     0     2   -68.0   43.732   81.284    469.5    819.9
     1     1    10     3    16     9     0     3   -69.0   43.676   81.173    569.3    811.6
     1     1    10     3    16     8     0     2   -70.0   43.632   80.974    623.2    811.4
     1     1    10     3    16     7     0     1   -71.0   43.582   80.730    614.1    812.3
     1     1    10     3    16     6     0     0   -72.0   43.506   80.470    541.5    814.7
     1     1    10     3    16     5     0     1   -73.0   43.397   80.203    422.4    812.6
     1     1    10     3    16     4     0     2   -74.0   43.251   79.924    281.7    800.0
     1     1    10     3    16     3     0     3   -75.0   43.058   79.640    194.9    779.5
     1     1    10     3    16     2     0     2   -76.0   42.839   79.340    185.6    748.8
     1     1    10     3    16     1     0     1   -77.0   42.641   79.072    236.8    718.1
     1     1    10     3    16     0     0     0   -78.0   42.480   78.800    344.1    682.1
     1     1    10     3    15    23     0     1   -79.0   42.359   78.506    488.2    651.1
     1     1    10     3    15    22     0     2   -80.0   42.286   78.213    632.2    631.2
     1     1    10     3    15    21     0     3   -81.0   42.254   77.935    774.3    622.1
     1     1    10     3    15    20     0     2   -82.0   42.245   77.652    915.1    623.3
     1     1    10     3    15    19     0     1   -83.0   42.241   77.346   1061.0    626.9
     1     1    10     3    15    18     0     0   -84.0   42.244   77.018   1227.7    629.5
     1     1    10     3    15    17     0     1   -85.0   42.253   76.666   1402.9    618.3
     1     1    10     3    15    16     0     2   -86.0   42.258   76.296   1606.5    606.7
     1     1    10     3    15    15     0     3   -87.0   42.264   75.906   1841.7    591.9
     1     1    10     3    15    14     0     2   -88.0   42.284   75.490   2008.9    580.8
     1     1    10     3    15    13     0     1   -89.0   42.304   75.057   2055.4    589.5
     1     1    10     3    15    12     0     0   -90.0   42.316   74.604   2069.6    603.2
     1     1    10     3    15    11     0     1   -91.0   42.328   74.130   2132.3    610.7
     1     1    10     3    15    10     0     2   -92.0   42.347   73.645   2248.5    608.3
     1     1    10     3    15     9     0     3   -93.0   42.369   73.164   2382.6    601.9
     1     1    10     3    15     8     0     2   -94.0   42.401   72.658   2502.9    597.5
     1     1    10     3    15     7     0     1   -95.0   42.451   72.094   2601.7    598.5
     1     1    10     3    15     6     0     0   -96.0   42.512   71.476   2662.1    596.9
