     5     1
    GDAS    10     3     1     0     0
    GDAS    10     3     8     0     0
    GDAS    10     3    15     0     0
    GDAS    10     3    22     0     0
    GDAS    10     3    29     0     0
     1 BACKWARD OMEGA   
    10     3    23    18   39.977  116.381  9400.0
     1 PRESSURE
     1     1    10     3    23    18     0     0     0.0   39.977  116.381   9156.0    284.3
     1     1    10     3    23    17     0     1    -1.0   39.806  114.343   8683.8    267.0
     1     1    10     3    23    16     0     2    -2.0   39.772  111.992   8582.8    257.2
     1     1    10     3    23    15     0     3    -3.0   39.708  109.671   8531.2    266.0
     1     1    10     3    23    14     0     2    -4.0   39.803  107.265   8425.4    271.5
     1     1    10     3    23    13     0     1    -5.0   39.875  104.763   8369.2    268.5
     1     1    10     3    23    12     0     0    -6.0   40.030  102.280   8368.8    272.7
     1     1    10     3    23    11     0     1    -7.0   40.392   99.773   8380.6    273.1
     1     1    10     3    23    10     0     2    -8.0   40.744   97.334   8362.2    254.0
     1     1    10     3    23     9     0     3    -9.0   41.088   95.007   8499.6    255.8
     1     1    10     3    23     8     0     2   -10.0   41.416   92.621   8881.9    259.7
     1     1    10     3    23     7     0     1   -11.0   41.693   90.437   9004.6    256.2
     1     1    10     3    23     6     0     0   -12.0   41.948   88.523   9082.8    248.5
     1     1    10     3    23     5     0     1   -13.0   42.187   86.774   8918.5    243.7
     1     1    10     3    23     4     0     2   -14.0   42.425   84.988   8716.6    226.7
     1     1    10     3    23     3     0     3   -15.0   42.649   83.198   8622.0    223.8
     1     1    10     3    23     2     0     2   -16.0   42.817   81.515   8634.8    225.5
     1     1    10     3    23     1     0     1   -17.0   42.930   80.008   8557.2    225.0
     1     1    10     3    23     0     0     0   -18.0   42.977   78.694   8526.5    229.2
     1     1    10     3    22    23     0     1   -19.0   43.003   77.439   8409.4    214.6
     1     1    10     3    22    22     0     2   -20.0   43.043   76.258   8770.2    228.2
     1     1    10     3    22    21     0     3   -21.0   43.071   75.311   8995.9    248.1
     1     1    10     3    22    20     0     2   -22.0   43.082   74.470   9103.3    263.3
     1     1    10     3    22    19     0     1   -23.0   43.077   73.650   9126.6    269.3
     1     1    10     3    22    18     0     0   -24.0   43.062   72.876   9080.1    266.1
     1     1    10     3    22    17     0     1   -25.0   43.037   72.126   9126.2    271.5
     1     1    10     3    22    16     0     2   -26.0   42.994   71.386   9078.5    275.3
     1     1    10     3    22    15     0     3   -27.0   42.916   70.662   8917.7    274.8
     1     1    10     3    22    14     0     2   -28.0   42.815   69.982   8809.8    275.4
     1     1    10     3    22    13     0     1   -29.0   42.699   69.367   8923.4    286.4
     1     1    10     3    22    12     0     0   -30.0   42.528   68.779   9028.7    292.6
     1     1    10     3    22    11     0     1   -31.0   42.316   68.180   9043.2    292.8
     1     1    10     3    22    10     0     2   -32.0   42.124   67.595   9042.9    294.3
     1     1    10     3    22     9     0     3   -33.0   41.955   67.048   9042.6    295.2
     1     1    10     3    22     8     0     2   -34.0   41.807   66.478   9017.2    295.2
     1     1    10     3    22     7     0     1   -35.0   41.685   65.852   8989.9    295.1
     1     1    10     3    22     6     0     0   -36.0   41.579   65.197   8991.0    297.1
     1     1    10     3    22     5     0     1   -37.0   41.483   64.512   8981.0    297.3
     1     1    10     3    22     4     0     2   -38.0   41.399   63.788   8986.6    296.3
     1     1    10     3    22     3     0     3   -39.0   41.325   63.038   9050.0    298.4
     1     1    10     3    22     2     0     2   -40.0   41.247   62.276   9065.6    297.0
     1     1    10     3    22     1     0     1   -41.0   41.159   61.517   9068.1    298.4
     1     1    10     3    22     0     0     0   -42.0   41.061   60.778   9047.7    300.2
     1     1    10     3    21    23     0     1   -43.0   40.971   60.081   8992.2    301.0
     1     1    10     3    21    22     0     2   -44.0   40.910   59.428   8966.0    304.0
     1     1    10     3    21    21     0     3   -45.0   40.884   58.800   8949.9    306.4
     1     1    10     3    21    20     0     2   -46.0   40.883   58.167   8936.7    307.2
     1     1    10     3    21    19     0     1   -47.0   40.879   57.497   8930.0    308.4
     1     1    10     3    21    18     0     0   -48.0   40.848   56.787   8918.3    308.8
     1     1    10     3    21    17     0     1   -49.0   40.794   56.068   8899.5    308.1
     1     1    10     3    21    16     0     2   -50.0   40.739   55.367   8894.1    306.9
     1     1    10     3    21    15     0     3   -51.0   40.677   54.680   8884.2    307.7
     1     1    10     3    21    14     0     2   -52.0   40.596   53.998   8866.7    309.5
     1     1    10     3    21    13     0     1   -53.0   40.481   53.308   8849.2    313.2
     1     1    10     3    21    12     0     0   -54.0   40.288   52.589   8796.0    317.9
     1     1    10     3    21    11     0     1   -55.0   39.995   51.856   8728.5    321.1
     1     1    10     3    21    10     0     2   -56.0   39.654   51.172   8669.6    324.0
     1     1    10     3    21     9     0     3   -57.0   39.224   50.488   8584.9    328.3
     1     1    10     3    21     8     0     2   -58.0   38.675   49.760   8436.4    332.9
     1     1    10     3    21     7     0     1   -59.0   38.035   48.907   7981.6    319.0
     1     1    10     3    21     6     0     0   -60.0   37.342   47.733   7310.2    300.2
     1     1    10     3    21     5     0     1   -61.0   36.720   46.376   7168.9    313.9
     1     1    10     3    21     4     0     2   -62.0   36.320   45.063   7203.9    335.6
     1     1    10     3    21     3     0     3   -63.0   36.170   44.015   7454.3    355.8
     1     1    10     3    21     2     0     2   -64.0   36.158   43.191   7681.1    351.9
     1     1    10     3    21     1     0     1   -65.0   36.195   42.508   7873.3    343.0
     1     1    10     3    21     0     0     0   -66.0   36.279   41.966   8065.1    332.5
     1     1    10     3    20    23     0     1   -67.0   36.380   41.512   8241.0    322.7
     1     1    10     3    20    22     0     2   -68.0   36.489   41.095   8407.5    312.3
     1     1    10     3    20    21     0     3   -69.0   36.598   40.742   8536.0    305.1
     1     1    10     3    20    20     0     2   -70.0   36.693   40.428   8626.7    302.2
     1     1    10     3    20    19     0     1   -71.0   36.767   40.121   8698.8    299.0
     1     1    10     3    20    18     0     0   -72.0   36.813   39.823   8737.8    296.4
     1     1    10     3    20    17     0     1   -73.0   36.829   39.506   8748.9    295.2
     1     1    10     3    20    16     0     2   -74.0   36.807   39.148   8746.7    294.4
     1     1    10     3    20    15     0     3   -75.0   36.725   38.746   8739.2    295.4
     1     1    10     3    20    14     0     2   -76.0   36.626   38.326   8721.9    298.1
     1     1    10     3    20    13     0     1   -77.0   36.545   37.924   8687.6    299.6
     1     1    10     3    20    12     0     0   -78.0   36.467   37.535   8622.4    300.4
     1     1    10     3    20    11     0     1   -79.0   36.384   37.146   8559.4    301.8
     1     1    10     3    20    10     0     2   -80.0   36.300   36.740   8541.3    306.7
     1     1    10     3    20     9     0     3   -81.0   36.220   36.315   8543.0    311.9
     1     1    10     3    20     8     0     2   -82.0   36.153   35.872   8522.5    315.5
     1     1    10     3    20     7     0     1   -83.0   36.122   35.429   8484.4    321.5
     1     1    10     3    20     6     0     0   -84.0   36.141   35.008   8438.9    327.0
     1     1    10     3    20     5     0     1   -85.0   36.238   34.627   8352.5    326.5
     1     1    10     3    20     4     0     2   -86.0   36.444   34.311   8277.0    314.5
     1     1    10     3    20     3     0     3   -87.0   36.733   34.050   8217.3    290.8
     1     1    10     3    20     2     0     2   -88.0   37.079   33.808   8268.5    269.0
     1     1    10     3    20     1     0     1   -89.0   37.482   33.637   8479.7    268.6
     1     1    10     3    20     0     0     0   -90.0   37.952   33.603   8653.7    270.6
     1     1    10     3    19    23     0     1   -91.0   38.470   33.666   8772.1    267.8
     1     1    10     3    19    22     0     2   -92.0   39.035   33.790   8901.4    263.0
     1     1    10     3    19    21     0     3   -93.0   39.650   33.974   9045.5    260.2
     1     1    10     3    19    20     0     2   -94.0   40.296   34.208   9127.2    255.1
     1     1    10     3    19    19     0     1   -95.0   40.936   34.470   9204.2    248.8
     1     1    10     3    19    18     0     0   -96.0   41.598   34.786   9486.0    257.1
