     5     1
    GDAS    10     3     1     0     0
    GDAS    10     3     8     0     0
    GDAS    10     3    15     0     0
    GDAS    10     3    22     0     0
    GDAS    10     3    29     0     0
     1 BACKWARD OMEGA   
    10     3    19    12   39.977  116.381  6400.0
     1 PRESSURE
     1     1    10     3    19    12     0     0     0.0   39.977  116.381   6157.0    442.3
     1     1    10     3    19    11     0     1    -1.0   39.871  114.533   5856.1    407.1
     1     1    10     3    19    10     0     2    -2.0   39.700  112.529   5892.6    392.1
     1     1    10     3    19     9     0     3    -3.0   39.440  110.570   5666.5    416.9
     1     1    10     3    19     8     0     2    -4.0   39.371  108.652   5327.1    428.9
     1     1    10     3    19     7     0     1    -5.0   39.404  106.815   5235.0    442.3
     1     1    10     3    19     6     0     0    -6.0   39.471  105.114   5036.6    448.0
     1     1    10     3    19     5     0     1    -7.0   39.637  103.406   4839.8    460.8
     1     1    10     3    19     4     0     2    -8.0   40.036  101.600   5036.7    453.3
     1     1    10     3    19     3     0     3    -9.0   40.366   99.870   4804.3    467.9
     1     1    10     3    19     2     0     2   -10.0   40.651   98.171   4374.5    486.2
     1     1    10     3    19     1     0     1   -11.0   41.006   96.441   3949.9    494.3
     1     1    10     3    19     0     0     0   -12.0   41.268   94.931   3512.1    544.6
     1     1    10     3    18    23     0     1   -13.0   41.488   93.653   3367.4    583.3
     1     1    10     3    18    22     0     2   -14.0   41.693   92.523   3202.6    607.1
     1     1    10     3    18    21     0     3   -15.0   41.891   91.447   3055.6    612.1
     1     1    10     3    18    20     0     2   -16.0   42.062   90.378   2982.9    621.3
     1     1    10     3    18    19     0     1   -17.0   42.222   89.440   2974.3    633.9
     1     1    10     3    18    18     0     0   -18.0   42.362   88.524   3006.5    624.0
     1     1    10     3    18    17     0     1   -19.0   42.490   87.383   3079.2    556.5
     1     1    10     3    18    16     0     2   -20.0   42.622   85.976   3045.0    502.8
     1     1    10     3    18    15     0     3   -21.0   42.799   84.372   3250.3    500.6
     1     1    10     3    18    14     0     2   -22.0   42.985   82.783   3556.8    464.8
     1     1    10     3    18    13     0     1   -23.0   43.113   81.248   3815.2    494.8
     1     1    10     3    18    12     0     0   -24.0   43.186   79.728   3718.2    509.9
     1     1    10     3    18    11     0     1   -25.0   43.272   78.344   3539.2    512.2
     1     1    10     3    18    10     0     2   -26.0   43.319   77.027   3394.7    517.6
     1     1    10     3    18     9     0     3   -27.0   43.300   75.827   3478.7    557.8
     1     1    10     3    18     8     0     2   -28.0   43.253   74.699   3468.0    593.2
     1     1    10     3    18     7     0     1   -29.0   43.158   73.661   3434.3    615.5
     1     1    10     3    18     6     0     0   -30.0   43.010   72.650   3253.5    622.4
     1     1    10     3    18     5     0     1   -31.0   42.842   71.620   3094.5    625.1
     1     1    10     3    18     4     0     2   -32.0   42.669   70.531   2929.9    614.1
     1     1    10     3    18     3     0     3   -33.0   42.489   69.584   2771.8    661.0
     1     1    10     3    18     2     0     2   -34.0   42.300   68.848   2724.5    706.6
     1     1    10     3    18     1     0     1   -35.0   42.117   68.151   2699.8    713.3
     1     1    10     3    18     0     0     0   -36.0   41.953   67.438   2708.7    715.5
     1     1    10     3    17    23     0     1   -37.0   41.791   66.736   2724.2    714.7
     1     1    10     3    17    22     0     2   -38.0   41.634   66.019   2755.9    707.3
     1     1    10     3    17    21     0     3   -39.0   41.496   65.222   2820.4    704.5
     1     1    10     3    17    20     0     2   -40.0   41.367   64.365   2875.3    696.4
     1     1    10     3    17    19     0     1   -41.0   41.227   63.462   2916.0    695.1
     1     1    10     3    17    18     0     0   -42.0   41.095   62.536   2926.6    700.6
     1     1    10     3    17    17     0     1   -43.0   40.971   61.612   2951.0    702.1
     1     1    10     3    17    16     0     2   -44.0   40.811   60.733   3021.6    695.7
     1     1    10     3    17    15     0     3   -45.0   40.607   59.855   3046.6    690.9
     1     1    10     3    17    14     0     2   -46.0   40.392   58.980   3076.4    690.4
     1     1    10     3    17    13     0     1   -47.0   40.148   58.112   3070.9    693.6
     1     1    10     3    17    12     0     0   -48.0   39.862   57.306   3002.6    700.9
     1     1    10     3    17    11     0     1   -49.0   39.582   56.521   2973.0    698.1
     1     1    10     3    17    10     0     2   -50.0   39.287   55.727   2931.1    694.8
     1     1    10     3    17     9     0     3   -51.0   38.939   54.999   2918.3    698.3
     1     1    10     3    17     8     0     2   -52.0   38.581   54.355   2891.4    711.1
     1     1    10     3    17     7     0     1   -53.0   38.237   53.758   2848.1    720.2
     1     1    10     3    17     6     0     0   -54.0   37.864   53.195   2798.4    723.6
     1     1    10     3    17     5     0     1   -55.0   37.468   52.723   2691.2    736.5
     1     1    10     3    17     4     0     2   -56.0   37.106   52.417   2594.7    761.6
     1     1    10     3    17     3     0     3   -57.0   36.765   52.101   2539.1    725.6
     1     1    10     3    17     2     0     2   -58.0   36.433   51.509   2515.3    639.8
     1     1    10     3    17     1     0     1   -59.0   36.129   50.633   2051.7    649.2
     1     1    10     3    17     0     0     0   -60.0   35.779   49.805   1503.6    710.5
     1     1    10     3    16    23     0     1   -61.0   35.352   49.051   1250.9    702.7
     1     1    10     3    16    22     0     2   -62.0   34.827   48.251   1334.6    686.2
     1     1    10     3    16    21     0     3   -63.0   34.298   47.563   1263.7    704.8
     1     1    10     3    16    20     0     2   -64.0   33.867   47.090   1021.4    750.5
     1     1    10     3    16    19     0     1   -65.0   33.572   46.824    797.6    813.4
     1     1    10     3    16    18     0     0   -66.0   33.384   46.670    642.8    851.9
     1     1    10     3    16    17     0     1   -67.0   33.270   46.568    539.3    875.3
     1     1    10     3    16    16     0     2   -68.0   33.200   46.487    464.6    891.2
     1     1    10     3    16    15     0     3   -69.0   33.154   46.413    391.0    906.1
     1     1    10     3    16    14     0     2   -70.0   33.099   46.349    299.3    923.8
     1     1    10     3    16    13     0     1   -71.0   33.009   46.313    189.8    947.0
     1     1    10     3    16    12     0     0   -72.0   32.885   46.306     97.1    966.3
     1     1    10     3    16    11     0     1   -73.0   32.747   46.323     47.9    977.7
     1     1    10     3    16    10     0     2   -74.0   32.601   46.377     25.9    980.4
     1     1    10     3    16     9     0     3   -75.0   32.443   46.469     14.1    984.3
     1     1    10     3    16     8     0     2   -76.0   32.284   46.599      9.9    990.1
     1     1    10     3    16     7     0     1   -77.0   32.138   46.769     10.8    998.0
     1     1    10     3    16     6     0     0   -78.0   32.003   46.991     19.1   1007.9
     1     1    10     3    16     5     0     1   -79.0   31.882   47.240     35.6   1004.2
     1     1    10     3    16     4     0     2   -80.0   31.781   47.470     41.0   1002.5
     1     1    10     3    16     3     0     3   -81.0   31.702   47.672     31.7   1003.0
     1     1    10     3    16     2     0     2   -82.0   31.635   47.842     19.8   1005.5
     1     1    10     3    16     1     0     1   -83.0   31.557   47.990     12.2   1006.9
     1     1    10     3    16     0     0     0   -84.0   31.463   48.124      8.5   1006.1
     1     1    10     3    15    23     0     1   -85.0   31.360   48.248      7.6   1006.1
     1     1    10     3    15    22     0     2   -86.0   31.259   48.361      7.5   1006.9
     1     1    10     3    15    21     0     3   -87.0   31.158   48.465      7.6   1008.3
     1     1    10     3    15    20     0     2   -88.0   31.053   48.556      7.7   1010.1
     1     1    10     3    15    19     0     1   -89.0   30.939   48.635      8.0   1011.4
     1     1    10     3    15    18     0     0   -90.0   30.820   48.703      8.2   1011.6
     1     1    10     3    15    17     0     1   -91.0   30.699   48.763      8.3   1011.6
     1     1    10     3    15    16     0     2   -92.0   30.576   48.815      8.5   1011.4
     1     1    10     3    15    15     0     3   -93.0   30.453   48.859      9.0   1011.1
     1     1    10     3    15    14     0     2   -94.0   30.329   48.902     10.0   1010.5
     1     1    10     3    15    13     0     1   -95.0   30.200   48.951     11.6   1009.6
     1     1    10     3    15    12     0     0   -96.0   30.065   49.008     14.7   1008.3
