     7     1
    GDAS    10     3    22     0     0
    GDAS    10     4     8     0     0
    GDAS    10     4    15     0     0
    GDAS    10     4    22     0     0
    GDAS    10     4    29     0     0
    GDAS    10     4     1     0     0
    GDAS    10     3    29     0     0
     1 BACKWARD OMEGA   
    10     4    28     6   39.977  116.381  9600.0
     1 PRESSURE
     1     1    10     4    28     6     0     0     0.0   39.977  116.381   9360.7    268.2
     1     1    10     4    28     5     0     1    -1.0   40.776  116.005   9125.4    247.8
     1     1    10     4    28     4     0     2    -2.0   41.550  115.697   9071.2    235.7
     1     1    10     4    28     3     0     3    -3.0   42.322  115.468   9063.9    235.1
     1     1    10     4    28     2     0     2    -4.0   43.079  115.327   9113.2    238.1
     1     1    10     4    28     1     0     1    -5.0   43.821  115.252   9164.3    238.3
     1     1    10     4    28     0     0     0    -6.0   44.557  115.220   9223.5    235.9
     1     1    10     4    27    23     0     1    -7.0   45.255  115.223   9303.2    232.0
     1     1    10     4    27    22     0     2    -8.0   45.894  115.263   9382.2    233.1
     1     1    10     4    27    21     0     3    -9.0   46.474  115.335   9444.3    236.4
     1     1    10     4    27    20     0     2   -10.0   46.999  115.448   9508.4    239.2
     1     1    10     4    27    19     0     1   -11.0   47.474  115.602   9546.8    239.8
     1     1    10     4    27    18     0     0   -12.0   47.908  115.782   9578.4    240.7
     1     1    10     4    27    17     0     1   -13.0   48.308  115.979   9587.4    240.1
     1     1    10     4    27    16     0     2   -14.0   48.676  116.186   9588.8    239.6
     1     1    10     4    27    15     0     3   -15.0   49.004  116.388   9591.4    239.2
     1     1    10     4    27    14     0     2   -16.0   49.299  116.574   9592.6    238.8
     1     1    10     4    27    13     0     1   -17.0   49.571  116.737   9578.9    238.6
     1     1    10     4    27    12     0     0   -18.0   49.826  116.875   9553.3    238.3
     1     1    10     4    27    11     0     1   -19.0   50.059  117.002   9518.1    237.8
     1     1    10     4    27    10     0     2   -20.0   50.257  117.141   9488.4    237.5
     1     1    10     4    27     9     0     3   -21.0   50.420  117.304   9461.5    237.4
     1     1    10     4    27     8     0     2   -22.0   50.552  117.501   9442.1    237.7
     1     1    10     4    27     7     0     1   -23.0   50.657  117.743   9434.2    237.5
     1     1    10     4    27     6     0     0   -24.0   50.738  118.028   9435.4    237.4
     1     1    10     4    27     5     0     1   -25.0   50.781  118.349   9447.5    238.3
     1     1    10     4    27     4     0     2   -26.0   50.775  118.688   9455.7    240.3
     1     1    10     4    27     3     0     3   -27.0   50.723  119.032   9464.4    242.2
     1     1    10     4    27     2     0     2   -28.0   50.628  119.383   9459.4    242.4
     1     1    10     4    27     1     0     1   -29.0   50.494  119.746   9462.9    241.7
     1     1    10     4    27     0     0     0   -30.0   50.323  120.117   9457.9    240.6
     1     1    10     4    26    23     0     1   -31.0   50.090  120.503   9436.3    239.3
     1     1    10     4    26    22     0     2   -32.0   49.771  120.892   9409.0    238.2
     1     1    10     4    26    21     0     3   -33.0   49.381  121.256   9395.0    237.9
     1     1    10     4    26    20     0     2   -34.0   48.939  121.593   9388.2    238.4
     1     1    10     4    26    19     0     1   -35.0   48.456  121.913   9404.4    241.2
     1     1    10     4    26    18     0     0   -36.0   47.947  122.183   9449.8    246.0
     1     1    10     4    26    17     0     1   -37.0   47.417  122.408   9482.2    251.3
     1     1    10     4    26    16     0     2   -38.0   46.876  122.581   9485.0    255.7
     1     1    10     4    26    15     0     3   -39.0   46.345  122.658   9453.2    260.3
     1     1    10     4    26    14     0     2   -40.0   45.798  122.601   9423.2    263.4
     1     1    10     4    26    13     0     1   -41.0   45.225  122.402   9391.8    265.0
     1     1    10     4    26    12     0     0   -42.0   44.662  122.061   9350.8    267.6
     1     1    10     4    26    11     0     1   -43.0   44.101  121.604   9297.8    268.3
     1     1    10     4    26    10     0     2   -44.0   43.506  121.054   9243.7    268.3
     1     1    10     4    26     9     0     3   -45.0   42.876  120.395   9206.0    266.0
     1     1    10     4    26     8     0     2   -46.0   42.276  119.641   9106.5    258.2
     1     1    10     4    26     7     0     1   -47.0   41.781  118.811   8957.9    259.5
     1     1    10     4    26     6     0     0   -48.0   41.337  117.848   8885.1    261.7
     1     1    10     4    26     5     0     1   -49.0   40.926  116.762   8904.7    263.6
     1     1    10     4    26     4     0     2   -50.0   40.642  115.595   8836.0    254.5
     1     1    10     4    26     3     0     3   -51.0   40.504  114.411   8796.6    246.7
     1     1    10     4    26     2     0     2   -52.0   40.461  113.244   8679.9    248.9
     1     1    10     4    26     1     0     1   -53.0   40.513  112.063   8614.9    246.8
     1     1    10     4    26     0     0     0   -54.0   40.656  110.889   8698.1    245.5
     1     1    10     4    25    23     0     1   -55.0   40.884  109.783   8800.8    241.6
     1     1    10     4    25    22     0     2   -56.0   41.216  108.770   8985.2    244.7
     1     1    10     4    25    21     0     3   -57.0   41.616  107.865   9009.8    242.2
     1     1    10     4    25    20     0     2   -58.0   42.065  107.078   8974.9    245.0
     1     1    10     4    25    19     0     1   -59.0   42.593  106.383   8959.8    248.8
     1     1    10     4    25    18     0     0   -60.0   43.184  105.805   8950.3    240.9
     1     1    10     4    25    17     0     1   -61.0   43.818  105.349   8999.5    235.3
     1     1    10     4    25    16     0     2   -62.0   44.521  104.993   9084.0    236.6
     1     1    10     4    25    15     0     3   -63.0   45.293  104.738   9122.4    235.4
     1     1    10     4    25    14     0     2   -64.0   46.103  104.584   9022.4    233.9
     1     1    10     4    25    13     0     1   -65.0   46.954  104.515   8984.7    233.4
     1     1    10     4    25    12     0     0   -66.0   47.827  104.500   9140.5    237.9
     1     1    10     4    25    11     0     1   -67.0   48.697  104.517   9183.7    238.5
     1     1    10     4    25    10     0     2   -68.0   49.552  104.561   9174.0    239.5
     1     1    10     4    25     9     0     3   -69.0   50.384  104.619   9173.1    235.0
     1     1    10     4    25     8     0     2   -70.0   51.173  104.683   9251.9    230.6
     1     1    10     4    25     7     0     1   -71.0   51.939  104.794   9566.7    243.8
     1     1    10     4    25     6     0     0   -72.0   52.674  104.936   9526.7    243.7
     1     1    10     4    25     5     0     1   -73.0   53.391  105.086   9443.6    241.5
     1     1    10     4    25     4     0     2   -74.0   54.098  105.253   9443.7    238.7
     1     1    10     4    25     3     0     3   -75.0   54.778  105.425   9521.1    238.1
     1     1    10     4    25     2     0     2   -76.0   55.433  105.586   9538.9    237.9
     1     1    10     4    25     1     0     1   -77.0   56.055  105.745   9548.8    237.7
     1     1    10     4    25     0     0     0   -78.0   56.624  105.904   9603.4    239.6
     1     1    10     4    24    23     0     1   -79.0   57.162  106.044   9645.2    240.9
     1     1    10     4    24    22     0     2   -80.0   57.702  106.159   9646.6    241.5
     1     1    10     4    24    21     0     3   -81.0   58.242  106.253   9639.4    241.6
     1     1    10     4    24    20     0     2   -82.0   58.761  106.321   9625.7    242.2
     1     1    10     4    24    19     0     1   -83.0   59.247  106.353   9628.3    243.2
     1     1    10     4    24    18     0     0   -84.0   59.704  106.346   9643.9    244.6
     1     1    10     4    24    17     0     1   -85.0   60.144  106.315   9658.4    245.3
     1     1    10     4    24    16     0     2   -86.0   60.576  106.279   9667.2    245.3
     1     1    10     4    24    15     0     3   -87.0   60.999  106.241   9675.4    245.1
     1     1    10     4    24    14     0     2   -88.0   61.420  106.199   9672.0    244.9
     1     1    10     4    24    13     0     1   -89.0   61.850  106.148   9664.8    245.0
     1     1    10     4    24    12     0     0   -90.0   62.284  106.080   9666.7    245.6
     1     1    10     4    24    11     0     1   -91.0   62.720  106.008   9672.9    246.1
     1     1    10     4    24    10     0     2   -92.0   63.158  105.952   9666.9    246.4
     1     1    10     4    24     9     0     3   -93.0   63.597  105.904   9643.0    246.1
     1     1    10     4    24     8     0     2   -94.0   64.029  105.850   9617.2    245.7
     1     1    10     4    24     7     0     1   -95.0   64.449  105.784   9582.3    244.4
     1     1    10     4    24     6     0     0   -96.0   64.851  105.710   9554.8    242.8
