     7     1
    GDAS    10     3    22     0     0
    GDAS    10     4     8     0     0
    GDAS    10     4    15     0     0
    GDAS    10     4    22     0     0
    GDAS    10     4    29     0     0
    GDAS    10     4     1     0     0
    GDAS    10     3    29     0     0
     1 BACKWARD OMEGA   
    10     4    21    18   39.977  116.381  2000.0
     1 PRESSURE
     1     1    10     4    21    18     0     0     0.0   39.977  116.381   1765.3    797.4
     1     1    10     4    21    17     0     1    -1.0   39.965  116.280   1710.8    798.1
     1     1    10     4    21    16     0     2    -2.0   39.933  116.165   1624.8    804.1
     1     1    10     4    21    15     0     3    -3.0   39.867  116.040   1515.5    814.3
     1     1    10     4    21    14     0     2    -4.0   39.775  115.926   1462.6    824.6
     1     1    10     4    21    13     0     1    -5.0   39.679  115.820   1511.4    815.3
     1     1    10     4    21    12     0     0    -6.0   39.584  115.703   1630.3    799.0
     1     1    10     4    21    11     0     1    -7.0   39.479  115.569   1746.7    780.3
     1     1    10     4    21    10     0     2    -8.0   39.350  115.459   1813.5    777.2
     1     1    10     4    21     9     0     3    -9.0   39.191  115.430   1849.2    784.1
     1     1    10     4    21     8     0     2   -10.0   39.017  115.520   1868.9    797.1
     1     1    10     4    21     7     0     1   -11.0   38.865  115.702   1853.2    803.9
     1     1    10     4    21     6     0     0   -12.0   38.761  115.925   1776.7    814.6
     1     1    10     4    21     5     0     1   -13.0   38.703  116.216   1639.6    831.6
     1     1    10     4    21     4     0     2   -14.0   38.684  116.630   1478.0    851.4
     1     1    10     4    21     3     0     3   -15.0   38.700  117.152   1324.5    870.0
     1     1    10     4    21     2     0     2   -16.0   38.757  117.720   1234.0    882.4
     1     1    10     4    21     1     0     1   -17.0   38.851  118.306   1213.2    882.3
     1     1    10     4    21     0     0     0   -18.0   38.980  118.905   1222.8    882.3
     1     1    10     4    20    23     0     1   -19.0   39.160  119.464   1228.0    876.5
     1     1    10     4    20    22     0     2   -20.0   39.392  119.944   1225.3    876.4
     1     1    10     4    20    21     0     3   -21.0   39.656  120.361   1227.7    877.0
     1     1    10     4    20    20     0     2   -22.0   39.943  120.724   1247.4    880.9
     1     1    10     4    20    19     0     1   -23.0   40.257  121.033   1282.1    874.4
     1     1    10     4    20    18     0     0   -24.0   40.595  121.275   1298.9    866.6
     1     1    10     4    20    17     0     1   -25.0   40.927  121.446   1308.8    867.7
     1     1    10     4    20    16     0     2   -26.0   41.238  121.550   1332.6    862.8
     1     1    10     4    20    15     0     3   -27.0   41.535  121.586   1345.4    853.0
     1     1    10     4    20    14     0     2   -28.0   41.815  121.571   1309.3    850.2
     1     1    10     4    20    13     0     1   -29.0   42.079  121.525   1232.5    853.9
     1     1    10     4    20    12     0     0   -30.0   42.333  121.456   1160.4    862.2
     1     1    10     4    20    11     0     1   -31.0   42.578  121.362   1129.6    862.4
     1     1    10     4    20    10     0     2   -32.0   42.807  121.243   1140.4    859.1
     1     1    10     4    20     9     0     3   -33.0   43.019  121.095   1190.0    852.6
     1     1    10     4    20     8     0     2   -34.0   43.213  120.925   1253.1    843.0
     1     1    10     4    20     7     0     1   -35.0   43.391  120.742   1302.5    836.0
     1     1    10     4    20     6     0     0   -36.0   43.548  120.542   1338.5    829.2
     1     1    10     4    20     5     0     1   -37.0   43.693  120.334   1364.3    823.1
     1     1    10     4    20     4     0     2   -38.0   43.833  120.130   1386.4    816.7
     1     1    10     4    20     3     0     3   -39.0   43.968  119.930   1404.7    808.4
     1     1    10     4    20     2     0     2   -40.0   44.112  119.732   1415.1    795.5
     1     1    10     4    20     1     0     1   -41.0   44.277  119.528   1430.7    782.4
     1     1    10     4    20     0     0     0   -42.0   44.468  119.305   1462.7    766.9
     1     1    10     4    19    23     0     1   -43.0   44.672  119.042   1486.5    749.9
     1     1    10     4    19    22     0     2   -44.0   44.875  118.737   1465.0    745.9
     1     1    10     4    19    21     0     3   -45.0   45.072  118.412   1386.2    755.1
     1     1    10     4    19    20     0     2   -46.0   45.248  118.107   1307.9    770.6
     1     1    10     4    19    19     0     1   -47.0   45.400  117.819   1280.6    773.8
     1     1    10     4    19    18     0     0   -48.0   45.523  117.535   1287.7    772.3
     1     1    10     4    19    17     0     1   -49.0   45.623  117.265   1305.2    769.0
     1     1    10     4    19    16     0     2   -50.0   45.707  117.027   1308.5    767.4
     1     1    10     4    19    15     0     3   -51.0   45.777  116.826   1291.5    769.3
     1     1    10     4    19    14     0     2   -52.0   45.860  116.666   1253.4    773.4
     1     1    10     4    19    13     0     1   -53.0   45.982  116.547   1180.7    779.9
     1     1    10     4    19    12     0     0   -54.0   46.154  116.470   1078.4    795.8
     1     1    10     4    19    11     0     1   -55.0   46.360  116.385   1001.8    812.1
     1     1    10     4    19    10     0     2   -56.0   46.574  116.235    964.2    819.8
     1     1    10     4    19     9     0     3   -57.0   46.793  116.011    942.2    825.8
     1     1    10     4    19     8     0     2   -58.0   47.008  115.744    922.6    829.1
     1     1    10     4    19     7     0     1   -59.0   47.207  115.462    907.8    830.0
     1     1    10     4    19     6     0     0   -60.0   47.387  115.158    905.5    828.8
     1     1    10     4    19     5     0     1   -61.0   47.557  114.825    919.3    826.3
     1     1    10     4    19     4     0     2   -62.0   47.716  114.462    943.0    819.9
     1     1    10     4    19     3     0     3   -63.0   47.859  114.068    952.8    814.1
     1     1    10     4    19     2     0     2   -64.0   47.993  113.657    949.4    814.0
     1     1    10     4    19     1     0     1   -65.0   48.128  113.260    954.0    811.2
     1     1    10     4    19     0     0     0   -66.0   48.271  112.882    973.9    803.8
     1     1    10     4    18    23     0     1   -67.0   48.427  112.528   1002.1    794.2
     1     1    10     4    18    22     0     2   -68.0   48.593  112.191   1013.8    786.3
     1     1    10     4    18    21     0     3   -69.0   48.765  111.850    988.4    784.7
     1     1    10     4    18    20     0     2   -70.0   48.951  111.498    958.5    787.8
     1     1    10     4    18    19     0     1   -71.0   49.163  111.115    963.4    780.1
     1     1    10     4    18    18     0     0   -72.0   49.388  110.678   1008.7    760.5
     1     1    10     4    18    17     0     1   -73.0   49.615  110.200   1067.0    743.5
     1     1    10     4    18    16     0     2   -74.0   49.840  109.718   1103.1    742.3
     1     1    10     4    18    15     0     3   -75.0   50.056  109.270   1110.4    756.2
     1     1    10     4    18    14     0     2   -76.0   50.252  108.873   1121.3    770.1
     1     1    10     4    18    13     0     1   -77.0   50.426  108.514   1162.4    774.2
     1     1    10     4    18    12     0     0   -78.0   50.591  108.168   1230.7    774.5
     1     1    10     4    18    11     0     1   -79.0   50.774  107.840   1331.0    774.6
     1     1    10     4    18    10     0     2   -80.0   50.997  107.529   1496.4    772.1
     1     1    10     4    18     9     0     3   -81.0   51.249  107.206   1708.9    753.3
     1     1    10     4    18     8     0     2   -82.0   51.527  106.842   1876.5    734.6
     1     1    10     4    18     7     0     1   -83.0   51.839  106.417   1970.6    729.6
     1     1    10     4    18     6     0     0   -84.0   52.173  105.923   2033.9    727.8
     1     1    10     4    18     5     0     1   -85.0   52.501  105.377   2111.5    720.8
     1     1    10     4    18     4     0     2   -86.0   52.808  104.747   2219.5    711.3
     1     1    10     4    18     3     0     3   -87.0   53.071  104.039   2369.9    706.8
     1     1    10     4    18     2     0     2   -88.0   53.294  103.309   2526.1    691.0
     1     1    10     4    18     1     0     1   -89.0   53.501  102.575   2636.5    682.1
     1     1    10     4    18     0     0     0   -90.0   53.690  101.809   2690.4    670.0
     1     1    10     4    17    23     0     1   -91.0   53.869  100.978   2723.0    666.2
     1     1    10     4    17    22     0     2   -92.0   54.053  100.058   2794.2    655.8
     1     1    10     4    17    21     0     3   -93.0   54.226   99.072   2852.6    629.7
     1     1    10     4    17    20     0     2   -94.0   54.393   98.036   2913.7    604.3
     1     1    10     4    17    19     0     1   -95.0   54.557   96.987   2955.3    597.0
     1     1    10     4    17    18     0     0   -96.0   54.712   95.968   2952.1    619.3
