     5     1
    GDAS    10     3     1     0     0
    GDAS    10     3     8     0     0
    GDAS    10     3    15     0     0
    GDAS    10     3    22     0     0
    GDAS    10     3    29     0     0
     1 BACKWARD OMEGA   
    10     3    30    18   39.977  116.381  5800.0
     1 PRESSURE
     1     1    10     3    30    18     0     0     0.0   39.977  116.381   5561.2    482.5
     1     1    10     3    30    17     0     1    -1.0   40.098  115.589   5480.9    451.9
     1     1    10     3    30    16     0     2    -2.0   40.206  114.710   5443.6    426.9
     1     1    10     3    30    15     0     3    -3.0   40.318  113.814   5660.6    412.4
     1     1    10     3    30    14     0     2    -4.0   40.408  112.868   5774.9    394.3
     1     1    10     3    30    13     0     1    -5.0   40.460  111.869   5778.2    392.3
     1     1    10     3    30    12     0     0    -6.0   40.510  110.854   5838.3    394.5
     1     1    10     3    30    11     0     1    -7.0   40.548  109.820   5887.8    390.7
     1     1    10     3    30    10     0     2    -8.0   40.540  108.742   6017.1    394.0
     1     1    10     3    30     9     0     3    -9.0   40.491  107.665   6078.8    391.6
     1     1    10     3    30     8     0     2   -10.0   40.453  106.591   6089.4    387.4
     1     1    10     3    30     7     0     1   -11.0   40.416  105.497   6154.3    384.2
     1     1    10     3    30     6     0     0   -12.0   40.365  104.361   6210.2    374.6
     1     1    10     3    30     5     0     1   -13.0   40.329  103.272   6166.3    375.6
     1     1    10     3    30     4     0     2   -14.0   40.346  102.246   6109.7    386.7
     1     1    10     3    30     3     0     3   -15.0   40.396  101.241   6125.5    391.7
     1     1    10     3    30     2     0     2   -16.0   40.467  100.164   6264.5    378.2
     1     1    10     3    30     1     0     1   -17.0   40.560   99.052   6388.0    367.9
     1     1    10     3    30     0     0     0   -18.0   40.681   97.957   6377.7    356.8
     1     1    10     3    29    23     0     1   -19.0   40.833   96.887   6212.7    349.5
     1     1    10     3    29    22     0     2   -20.0   41.027   95.840   6203.9    356.9
     1     1    10     3    29    21     0     3   -21.0   41.243   94.807   6269.6    365.1
     1     1    10     3    29    20     0     2   -22.0   41.431   93.789   6338.0    380.1
     1     1    10     3    29    19     0     1   -23.0   41.613   92.799   6380.2    384.8
     1     1    10     3    29    18     0     0   -24.0   41.821   91.825   6421.0    384.2
     1     1    10     3    29    17     0     1   -25.0   42.040   90.854   6373.9    378.5
     1     1    10     3    29    16     0     2   -26.0   42.247   89.930   6416.7    389.5
     1     1    10     3    29    15     0     3   -27.0   42.433   89.045   6502.4    398.4
     1     1    10     3    29    14     0     2   -28.0   42.630   88.178   6354.9    378.7
     1     1    10     3    29    13     0     1   -29.0   42.890   87.282   5922.5    329.3
     1     1    10     3    29    12     0     0   -30.0   43.213   86.294   5944.1    312.2
     1     1    10     3    29    11     0     1   -31.0   43.543   85.273   6075.1    328.1
     1     1    10     3    29    10     0     2   -32.0   43.866   84.214   5995.6    322.2
     1     1    10     3    29     9     0     3   -33.0   44.176   83.152   6234.2    348.0
     1     1    10     3    29     8     0     2   -34.0   44.454   82.153   6385.1    375.4
     1     1    10     3    29     7     0     1   -35.0   44.705   81.161   6193.8    351.6
     1     1    10     3    29     6     0     0   -36.0   44.942   80.140   6037.9    319.1
     1     1    10     3    29     5     0     1   -37.0   45.165   79.154   6372.8    355.8
     1     1    10     3    29     4     0     2   -38.0   45.353   78.243   6663.1    395.8
     1     1    10     3    29     3     0     3   -39.0   45.510   77.373   6768.6    403.3
     1     1    10     3    29     2     0     2   -40.0   45.661   76.541   6805.5    403.0
     1     1    10     3    29     1     0     1   -41.0   45.811   75.748   6845.9    400.1
     1     1    10     3    29     0     0     0   -42.0   45.950   74.973   6905.7    396.5
     1     1    10     3    28    23     0     1   -43.0   46.098   74.233   6970.4    393.7
     1     1    10     3    28    22     0     2   -44.0   46.251   73.511   6993.7    388.6
     1     1    10     3    28    21     0     3   -45.0   46.372   72.779   7004.3    384.6
     1     1    10     3    28    20     0     2   -46.0   46.462   72.064   7043.2    382.5
     1     1    10     3    28    19     0     1   -47.0   46.543   71.384   7106.1    380.6
     1     1    10     3    28    18     0     0   -48.0   46.608   70.730   7165.9    379.9
     1     1    10     3    28    17     0     1   -49.0   46.660   70.098   7219.5    379.1
     1     1    10     3    28    16     0     2   -50.0   46.709   69.480   7258.4    379.8
     1     1    10     3    28    15     0     3   -51.0   46.752   68.869   7266.0    381.8
     1     1    10     3    28    14     0     2   -52.0   46.805   68.283   7256.1    383.7
     1     1    10     3    28    13     0     1   -53.0   46.877   67.728   7264.0    382.5
     1     1    10     3    28    12     0     0   -54.0   46.952   67.194   7280.7    380.2
     1     1    10     3    28    11     0     1   -55.0   47.036   66.680   7308.9    378.5
     1     1    10     3    28    10     0     2   -56.0   47.142   66.189   7341.1    377.6
     1     1    10     3    28     9     0     3   -57.0   47.259   65.726   7385.6    378.0
     1     1    10     3    28     8     0     2   -58.0   47.397   65.257   7460.6    378.8
     1     1    10     3    28     7     0     1   -59.0   47.564   64.756   7555.0    375.6
     1     1    10     3    28     6     0     0   -60.0   47.756   64.249   7648.5    370.2
     1     1    10     3    28     5     0     1   -61.0   47.968   63.713   7750.9    365.7
     1     1    10     3    28     4     0     2   -62.0   48.205   63.111   7864.7    361.2
     1     1    10     3    28     3     0     3   -63.0   48.488   62.462   7984.5    353.6
     1     1    10     3    28     2     0     2   -64.0   48.816   61.776   8100.5    344.2
     1     1    10     3    28     1     0     1   -65.0   49.163   61.039   8168.9    336.4
     1     1    10     3    28     0     0     0   -66.0   49.531   60.272   8205.2    334.0
     1     1    10     3    27    23     0     1   -67.0   49.909   59.483   8200.2    331.0
     1     1    10     3    27    22     0     2   -68.0   50.271   58.623   8206.3    328.8
     1     1    10     3    27    21     0     3   -69.0   50.649   57.730   8196.9    327.9
     1     1    10     3    27    20     0     2   -70.0   51.043   56.837   8181.6    331.7
     1     1    10     3    27    19     0     1   -71.0   51.404   55.893   8245.6    333.1
     1     1    10     3    27    18     0     0   -72.0   51.775   54.913   8340.0    327.3
     1     1    10     3    27    17     0     1   -73.0   52.171   53.929   8370.6    325.3
     1     1    10     3    27    16     0     2   -74.0   52.544   52.921   8384.8    327.0
     1     1    10     3    27    15     0     3   -75.0   52.925   51.930   8457.4    324.8
     1     1    10     3    27    14     0     2   -76.0   53.337   50.956   8536.3    320.2
     1     1    10     3    27    13     0     1   -77.0   53.730   49.919   8567.1    318.6
     1     1    10     3    27    12     0     0   -78.0   54.130   48.833   8585.2    316.5
     1     1    10     3    27    11     0     1   -79.0   54.540   47.719   8600.5    312.7
     1     1    10     3    27    10     0     2   -80.0   54.889   46.600   8629.5    312.2
     1     1    10     3    27     9     0     3   -81.0   55.204   45.489   8646.1    311.4
     1     1    10     3    27     8     0     2   -82.0   55.502   44.364   8666.3    310.3
     1     1    10     3    27     7     0     1   -83.0   55.754   43.232   8667.4    311.2
     1     1    10     3    27     6     0     0   -84.0   55.971   42.102   8631.3    312.8
     1     1    10     3    27     5     0     1   -85.0   56.182   40.969   8545.8    317.5
     1     1    10     3    27     4     0     2   -86.0   56.352   39.835   8459.9    320.5
     1     1    10     3    27     3     0     3   -87.0   56.464   38.722   8399.8    323.5
     1     1    10     3    27     2     0     2   -88.0   56.553   37.636   8335.1    326.6
     1     1    10     3    27     1     0     1   -89.0   56.618   36.602   8251.1    331.2
     1     1    10     3    27     0     0     0   -90.0   56.648   35.613   8150.5    335.4
     1     1    10     3    26    23     0     1   -91.0   56.652   34.644   8061.9    338.5
     1     1    10     3    26    22     0     2   -92.0   56.624   33.728   7983.8    341.1
     1     1    10     3    26    21     0     3   -93.0   56.572   32.855   7922.8    345.2
     1     1    10     3    26    20     0     2   -94.0   56.510   31.978   7856.7    350.4
     1     1    10     3    26    19     0     1   -95.0   56.432   31.115   7795.4    357.2
     1     1    10     3    26    18     0     0   -96.0   56.343   30.262   7708.0    360.9
