     5     1
    GDAS    10     3     1     0     0
    GDAS    10     3     8     0     0
    GDAS    10     3    15     0     0
    GDAS    10     3    22     0     0
    GDAS    10     3    29     0     0
     1 BACKWARD OMEGA   
    10     3    20    18   39.977  116.381  1600.0
     1 PRESSURE
     1     1    10     3    20    18     0     0     0.0   39.977  116.381   1362.4    832.9
     1     1    10     3    20    17     0     1    -1.0   40.303  115.935   1475.5    782.5
     1     1    10     3    20    16     0     2    -2.0   40.746  115.358   1678.0    708.9
     1     1    10     3    20    15     0     3    -3.0   41.300  114.676   1913.5    662.4
     1     1    10     3    20    14     0     2    -4.0   41.884  113.960   2057.7    643.8
     1     1    10     3    20    13     0     1    -5.0   42.405  113.245   2146.4    652.6
     1     1    10     3    20    12     0     0    -6.0   42.846  112.535   2180.5    665.3
     1     1    10     3    20    11     0     1    -7.0   43.224  111.854   2178.5    673.0
     1     1    10     3    20    10     0     2    -8.0   43.567  111.213   2185.0    674.2
     1     1    10     3    20     9     0     3    -9.0   43.906  110.606   2257.4    674.3
     1     1    10     3    20     8     0     2   -10.0   44.266  110.031   2368.3    666.2
     1     1    10     3    20     7     0     1   -11.0   44.650  109.485   2461.1    654.0
     1     1    10     3    20     6     0     0   -12.0   45.126  108.968   2633.3    632.0
     1     1    10     3    20     5     0     1   -13.0   45.688  108.457   2811.7    597.3
     1     1    10     3    20     4     0     2   -14.0   46.261  107.941   2866.4    585.1
     1     1    10     3    20     3     0     3   -15.0   46.875  107.454   2891.3    580.4
     1     1    10     3    20     2     0     2   -16.0   47.509  106.968   2987.1    565.2
     1     1    10     3    20     1     0     1   -17.0   48.131  106.469   3199.6    556.5
     1     1    10     3    20     0     0     0   -18.0   48.746  106.037   3468.5    561.5
     1     1    10     3    19    23     0     1   -19.0   49.355  105.602   3643.7    551.7
     1     1    10     3    19    22     0     2   -20.0   49.985  105.075   3645.5    547.5
     1     1    10     3    19    21     0     3   -21.0   50.701  104.405   3611.2    531.4
     1     1    10     3    19    20     0     2   -22.0   51.497  103.503   3884.0    513.5
     1     1    10     3    19    19     0     1   -23.0   52.211  102.524   4069.1    507.8
     1     1    10     3    19    18     0     0   -24.0   52.897  101.412   4283.9    496.4
     1     1    10     3    19    17     0     1   -25.0   53.541  100.138   4430.6    479.7
     1     1    10     3    19    16     0     2   -26.0   54.094   98.836   4487.3    486.4
     1     1    10     3    19    15     0     3   -27.0   54.605   97.484   4481.5    484.7
     1     1    10     3    19    14     0     2   -28.0   55.089   95.998   4681.8    500.0
     1     1    10     3    19    13     0     1   -29.0   55.483   94.423   4687.6    503.6
     1     1    10     3    19    12     0     0   -30.0   55.794   92.806   4696.0    513.7
     1     1    10     3    19    11     0     1   -31.0   56.045   91.116   4688.0    519.8
     1     1    10     3    19    10     0     2   -32.0   56.193   89.396   4715.7    526.6
     1     1    10     3    19     9     0     3   -33.0   56.238   87.638   4805.6    521.5
     1     1    10     3    19     8     0     2   -34.0   56.202   85.804   4826.1    518.9
     1     1    10     3    19     7     0     1   -35.0   56.083   83.947   4851.5    524.5
     1     1    10     3    19     6     0     0   -36.0   55.908   82.004   4890.6    518.9
     1     1    10     3    19     5     0     1   -37.0   55.677   79.970   4961.2    514.4
     1     1    10     3    19     4     0     2   -38.0   55.373   77.915   4955.7    515.1
     1     1    10     3    19     3     0     3   -39.0   55.034   75.837   4855.7    523.3
     1     1    10     3    19     2     0     2   -40.0   54.625   73.787   4792.7    527.7
     1     1    10     3    19     1     0     1   -41.0   54.163   71.843   4701.7    536.7
     1     1    10     3    19     0     0     0   -42.0   53.671   69.889   4561.0    538.0
     1     1    10     3    18    23     0     1   -43.0   53.134   67.960   4402.8    544.1
     1     1    10     3    18    22     0     2   -44.0   52.529   66.144   4278.9    561.0
     1     1    10     3    18    21     0     3   -45.0   51.892   64.523   4193.4    571.2
     1     1    10     3    18    20     0     2   -46.0   51.284   63.052   4093.8    577.5
     1     1    10     3    18    19     0     1   -47.0   50.719   61.663   4003.6    584.0
     1     1    10     3    18    18     0     0   -48.0   50.207   60.360   3899.2    593.2
     1     1    10     3    18    17     0     1   -49.0   49.748   59.057   3803.7    597.1
     1     1    10     3    18    16     0     2   -50.0   49.333   57.736   3751.1    602.4
     1     1    10     3    18    15     0     3   -51.0   48.941   56.382   3717.9    614.1
     1     1    10     3    18    14     0     2   -52.0   48.574   55.068   3673.4    624.4
     1     1    10     3    18    13     0     1   -53.0   48.237   53.810   3674.3    632.4
     1     1    10     3    18    12     0     0   -54.0   47.878   52.478   3689.5    633.1
     1     1    10     3    18    11     0     1   -55.0   47.489   51.165   3717.0    631.1
     1     1    10     3    18    10     0     2   -56.0   47.057   49.891   3762.1    627.4
     1     1    10     3    18     9     0     3   -57.0   46.608   48.611   3826.2    621.6
     1     1    10     3    18     8     0     2   -58.0   46.185   47.376   3910.0    614.7
     1     1    10     3    18     7     0     1   -59.0   45.748   46.145   3996.7    607.3
     1     1    10     3    18     6     0     0   -60.0   45.346   45.002   4069.2    596.0
     1     1    10     3    18     5     0     1   -61.0   44.961   43.839   4081.2    583.0
     1     1    10     3    18     4     0     2   -62.0   44.608   42.677   3997.0    567.4
     1     1    10     3    18     3     0     3   -63.0   44.272   41.500   3981.5    538.6
     1     1    10     3    18     2     0     2   -64.0   43.915   40.325   3945.2    522.7
     1     1    10     3    18     1     0     1   -65.0   43.616   39.303   3982.7    591.2
     1     1    10     3    18     0     0     0   -66.0   43.402   38.409   3984.0    607.9
     1     1    10     3    17    23     0     1   -67.0   43.215   37.555   3971.8    612.5
     1     1    10     3    17    22     0     2   -68.0   43.035   36.688   4016.7    608.9
     1     1    10     3    17    21     0     3   -69.0   42.868   35.803   4089.6    601.6
     1     1    10     3    17    20     0     2   -70.0   42.736   34.956   4173.9    591.0
     1     1    10     3    17    19     0     1   -71.0   42.629   34.141   4192.6    579.6
     1     1    10     3    17    18     0     0   -72.0   42.545   33.340   4187.1    582.7
     1     1    10     3    17    17     0     1   -73.0   42.472   32.572   4151.2    591.4
     1     1    10     3    17    16     0     2   -74.0   42.397   31.854   4020.1    607.2
     1     1    10     3    17    15     0     3   -75.0   42.328   31.169   3785.4    624.9
     1     1    10     3    17    14     0     2   -76.0   42.291   30.534   3552.3    650.9
     1     1    10     3    17    13     0     1   -77.0   42.281   29.939   3407.9    666.2
     1     1    10     3    17    12     0     0   -78.0   42.288   29.364   3369.2    671.7
     1     1    10     3    17    11     0     1   -79.0   42.320   28.797   3372.2    665.8
     1     1    10     3    17    10     0     2   -80.0   42.387   28.219   3362.7    659.1
     1     1    10     3    17     9     0     3   -81.0   42.490   27.617   3347.3    653.3
     1     1    10     3    17     8     0     2   -82.0   42.630   26.986   3303.4    644.4
     1     1    10     3    17     7     0     1   -83.0   42.811   26.317   3230.5    646.1
     1     1    10     3    17     6     0     0   -84.0   43.037   25.584   3159.6    643.6
     1     1    10     3    17     5     0     1   -85.0   43.321   24.867   3161.8    645.8
     1     1    10     3    17     4     0     2   -86.0   43.662   24.190   3198.3    654.9
     1     1    10     3    17     3     0     3   -87.0   44.061   23.501   3200.2    662.4
     1     1    10     3    17     2     0     2   -88.0   44.512   22.771   3146.9    651.8
     1     1    10     3    17     1     0     1   -89.0   44.991   21.975   3238.0    633.4
     1     1    10     3    17     0     0     0   -90.0   45.483   21.170   3350.3    654.3
     1     1    10     3    16    23     0     1   -91.0   45.993   20.421   3365.8    657.9
     1     1    10     3    16    22     0     2   -92.0   46.505   19.691   3430.4    650.6
     1     1    10     3    16    21     0     3   -93.0   47.036   18.972   3485.7    640.3
     1     1    10     3    16    20     0     2   -94.0   47.611   18.304   3535.3    633.3
     1     1    10     3    16    19     0     1   -95.0   48.212   17.662   3561.3    630.2
     1     1    10     3    16    18     0     0   -96.0   48.833   17.010   3489.3    626.5
