     7     1
    GDAS    10     3    22     0     0
    GDAS    10     4     8     0     0
    GDAS    10     4    15     0     0
    GDAS    10     4    22     0     0
    GDAS    10     4    29     0     0
    GDAS    10     4     1     0     0
    GDAS    10     3    29     0     0
     1 BACKWARD OMEGA   
    10     4    29    12   39.977  116.381  8400.0
     1 PRESSURE
     1     1    10     4    29    12     0     0     0.0   39.977  116.381   8161.8    331.8
     1     1    10     4    29    11     0     1    -1.0   40.667  116.107   8089.9    304.1
     1     1    10     4    29    10     0     2    -2.0   41.366  115.880   8042.0    286.0
     1     1    10     4    29     9     0     3    -3.0   42.074  115.762   8061.9    279.6
     1     1    10     4    29     8     0     2    -4.0   42.811  115.742   8177.5    279.8
     1     1    10     4    29     7     0     1    -5.0   43.583  115.821   8317.9    277.2
     1     1    10     4    29     6     0     0    -6.0   44.344  116.071   8433.5    277.2
     1     1    10     4    29     5     0     1    -7.0   45.107  116.422   8531.5    277.6
     1     1    10     4    29     4     0     2    -8.0   45.895  116.845   8581.6    273.9
     1     1    10     4    29     3     0     3    -9.0   46.698  117.398   8697.2    275.7
     1     1    10     4    29     2     0     2   -10.0   47.482  118.087   8757.0    275.9
     1     1    10     4    29     1     0     1   -11.0   48.224  118.854   8753.2    276.2
     1     1    10     4    29     0     0     0   -12.0   48.917  119.702   8749.0    277.0
     1     1    10     4    28    23     0     1   -13.0   49.528  120.626   8722.4    273.6
     1     1    10     4    28    22     0     2   -14.0   50.023  121.585   8698.3    270.0
     1     1    10     4    28    21     0     3   -15.0   50.404  122.574   8735.2    271.2
     1     1    10     4    28    20     0     2   -16.0   50.672  123.643   8796.5    275.0
     1     1    10     4    28    19     0     1   -17.0   50.826  124.827   8827.9    281.2
     1     1    10     4    28    18     0     0   -18.0   50.862  126.095   8838.8    284.9
     1     1    10     4    28    17     0     1   -19.0   50.803  127.437   8823.2    291.6
     1     1    10     4    28    16     0     2   -20.0   50.696  128.840   8611.0    304.4
     1     1    10     4    28    15     0     3   -21.0   50.500  130.324   8318.2    314.0
     1     1    10     4    28    14     0     2   -22.0   50.139  131.909   8126.6    316.1
     1     1    10     4    28    13     0     1   -23.0   49.646  133.460   8024.7    320.3
     1     1    10     4    28    12     0     0   -24.0   49.049  134.955   8154.2    330.8
     1     1    10     4    28    11     0     1   -25.0   48.400  136.430   7993.7    332.0
     1     1    10     4    28    10     0     2   -26.0   47.700  137.636   7665.2    324.8
     1     1    10     4    28     9     0     3   -27.0   46.889  138.654   7706.5    355.2
     1     1    10     4    28     8     0     2   -28.0   46.034  139.501   7712.5    363.0
     1     1    10     4    28     7     0     1   -29.0   45.195  139.970   7483.2    375.0
     1     1    10     4    28     6     0     0   -30.0   44.405  140.360   7001.4    404.8
     1     1    10     4    28     5     0     1   -31.0   43.629  140.583   6343.9    444.8
     1     1    10     4    28     4     0     2   -32.0   42.859  140.426   5928.7    463.5
     1     1    10     4    28     3     0     3   -33.0   42.112  140.229   5537.7    494.6
     1     1    10     4    28     2     0     2   -34.0   41.336  139.954   5235.4    526.8
     1     1    10     4    28     1     0     1   -35.0   40.509  139.477   4907.1    540.9
     1     1    10     4    28     0     0     0   -36.0   39.801  138.905   4245.4    596.3
     1     1    10     4    27    23     0     1   -37.0   39.092  138.273   3817.4    655.6
     1     1    10     4    27    22     0     2   -38.0   38.361  137.677   3657.1    638.5
     1     1    10     4    27    21     0     3   -39.0   37.572  137.247   3320.4    656.7
     1     1    10     4    27    20     0     2   -40.0   36.841  136.983   2621.7    712.9
     1     1    10     4    27    19     0     1   -41.0   36.158  136.777   1959.8    738.1
     1     1    10     4    27    18     0     0   -42.0   35.380  136.793   1605.3    792.6
     1     1    10     4    27    17     0     1   -43.0   34.752  137.328   1198.8    863.5
     1     1    10     4    27    16     0     2   -44.0   34.276  137.858    876.4    899.5
     1     1    10     4    27    15     0     3   -45.0   33.775  138.364    624.1    945.1
     1     1    10     4    27    14     0     2   -46.0   33.221  138.894    473.2    967.3
     1     1    10     4    27    13     0     1   -47.0   32.652  139.414    407.7    970.7
     1     1    10     4    27    12     0     0   -48.0   32.098  139.972    362.1    974.1
     1     1    10     4    27    11     0     1   -49.0   31.590  140.548    337.6    980.9
     1     1    10     4    27    10     0     2   -50.0   31.161  141.092    339.9    979.7
     1     1    10     4    27     9     0     3   -51.0   30.796  141.619    345.1    978.8
     1     1    10     4    27     8     0     2   -52.0   30.482  142.136    351.3    979.9
     1     1    10     4    27     7     0     1   -53.0   30.232  142.633    364.5    978.3
     1     1    10     4    27     6     0     0   -54.0   30.058  143.093    382.2    976.3
     1     1    10     4    27     5     0     1   -55.0   29.935  143.514    394.7    975.4
     1     1    10     4    27     4     0     2   -56.0   29.833  143.906    394.9    977.1
     1     1    10     4    27     3     0     3   -57.0   29.750  144.281    385.9    978.4
     1     1    10     4    27     2     0     2   -58.0   29.696  144.646    374.1    980.8
     1     1    10     4    27     1     0     1   -59.0   29.674  145.001    365.5    982.1
     1     1    10     4    27     0     0     0   -60.0   29.677  145.342    363.8    983.0
     1     1    10     4    26    23     0     1   -61.0   29.710  145.666    370.4    981.7
     1     1    10     4    26    22     0     2   -62.0   29.777  145.973    382.7    980.1
     1     1    10     4    26    21     0     3   -63.0   29.867  146.263    396.8    977.8
     1     1    10     4    26    20     0     2   -64.0   29.982  146.529    406.8    976.6
     1     1    10     4    26    19     0     1   -65.0   30.127  146.764    412.6    976.1
     1     1    10     4    26    18     0     0   -66.0   30.304  146.969    418.1    975.7
     1     1    10     4    26    17     0     1   -67.0   30.509  147.148    424.9    975.1
     1     1    10     4    26    16     0     2   -68.0   30.737  147.298    428.2    974.4
     1     1    10     4    26    15     0     3   -69.0   30.986  147.411    420.7    975.0
     1     1    10     4    26    14     0     2   -70.0   31.250  147.495    411.3    977.4
     1     1    10     4    26    13     0     1   -71.0   31.522  147.559    408.5    977.3
     1     1    10     4    26    12     0     0   -72.0   31.802  147.589    405.3    977.2
     1     1    10     4    26    11     0     1   -73.0   32.086  147.572    406.5    977.6
     1     1    10     4    26    10     0     2   -74.0   32.366  147.506    420.0    975.6
     1     1    10     4    26     9     0     3   -75.0   32.632  147.398    438.7    972.1
     1     1    10     4    26     8     0     2   -76.0   32.878  147.253    451.7    970.0
     1     1    10     4    26     7     0     1   -77.0   33.106  147.079    456.6    969.6
     1     1    10     4    26     6     0     0   -78.0   33.325  146.876    455.8    969.7
     1     1    10     4    26     5     0     1   -79.0   33.532  146.648    451.1    970.1
     1     1    10     4    26     4     0     2   -80.0   33.714  146.385    442.1    970.6
     1     1    10     4    26     3     0     3   -81.0   33.871  146.069    428.8    971.5
     1     1    10     4    26     2     0     2   -82.0   34.011  145.730    415.6    973.9
     1     1    10     4    26     1     0     1   -83.0   34.146  145.415    406.6    976.2
     1     1    10     4    26     0     0     0   -84.0   34.280  145.118    406.2    977.6
     1     1    10     4    25    23     0     1   -85.0   34.404  144.835    409.9    976.1
     1     1    10     4    25    22     0     2   -86.0   34.504  144.564    409.2    975.6
     1     1    10     4    25    21     0     3   -87.0   34.581  144.290    405.1    975.9
     1     1    10     4    25    20     0     2   -88.0   34.633  144.014    397.9    976.2
     1     1    10     4    25    19     0     1   -89.0   34.655  143.743    385.2    977.5
     1     1    10     4    25    18     0     0   -90.0   34.642  143.469    364.9    979.8
     1     1    10     4    25    17     0     1   -91.0   34.602  143.206    349.5    983.7
     1     1    10     4    25    16     0     2   -92.0   34.534  142.984    348.9    984.1
     1     1    10     4    25    15     0     3   -93.0   34.437  142.814    358.7    982.7
     1     1    10     4    25    14     0     2   -94.0   34.341  142.691    370.9    980.3
     1     1    10     4    25    13     0     1   -95.0   34.270  142.611    379.5    979.0
     1     1    10     4    25    12     0     0   -96.0   34.220  142.571    383.8    978.2
