     7     1
    GDAS    10     3    22     0     0
    GDAS    10     4     8     0     0
    GDAS    10     4    15     0     0
    GDAS    10     4    22     0     0
    GDAS    10     4    29     0     0
    GDAS    10     4     1     0     0
    GDAS    10     3    29     0     0
     1 BACKWARD OMEGA   
    10     4    13     0   39.977  116.381  9800.0
     1 PRESSURE
     1     1    10     4    13     0     0     0     0.0   39.977  116.381   9548.4    261.2
     1     1    10     4    12    23     0     1    -1.0   40.832  113.985   9125.9    236.3
     1     1    10     4    12    22     0     2    -2.0   41.827  111.825   9222.9    228.3
     1     1    10     4    12    21     0     3    -3.0   42.878  109.763   9452.4    228.1
     1     1    10     4    12    20     0     2    -4.0   43.945  107.748   9551.5    228.4
     1     1    10     4    12    19     0     1    -5.0   45.002  105.770   9610.8    220.2
     1     1    10     4    12    18     0     0    -6.0   45.985  103.841   9584.4    214.2
     1     1    10     4    12    17     0     1    -7.0   46.851  102.018   9397.4    202.4
