     7     1
    GDAS    10     3    22     0     0
    GDAS    10     4     8     0     0
    GDAS    10     4    15     0     0
    GDAS    10     4    22     0     0
    GDAS    10     4    29     0     0
    GDAS    10     4     1     0     0
    GDAS    10     3    29     0     0
     1 BACKWARD OMEGA   
    10     4     2    18   39.977  116.381  2000.0
     1 PRESSURE
     1     1    10     4     2    18     0     0     0.0   39.977  116.381   1763.2    797.1
     1     1    10     4     2    17     0     1    -1.0   39.928  115.950   1614.8    797.1
     1     1    10     4     2    16     0     2    -2.0   39.881  115.491   1499.5    779.4
     1     1    10     4     2    15     0     3    -3.0   39.835  114.927   1470.2    748.3
     1     1    10     4     2    14     0     2    -4.0   39.779  114.341   1487.4    737.1
     1     1    10     4     2    13     0     1    -5.0   39.734  113.818   1487.3    730.1
     1     1    10     4     2    12     0     0    -6.0   39.717  113.345   1497.1    725.6
     1     1    10     4     2    11     0     1    -7.0   39.741  112.901   1537.6    717.0
     1     1    10     4     2    10     0     2    -8.0   39.806  112.461   1614.5    704.0
     1     1    10     4     2     9     0     3    -9.0   39.909  112.005   1742.4    687.5
     1     1    10     4     2     8     0     2   -10.0   40.040  111.528   1898.7    683.2
     1     1    10     4     2     7     0     1   -11.0   40.179  111.044   2001.9    681.0
     1     1    10     4     2     6     0     0   -12.0   40.350  110.555   2039.3    666.0
     1     1    10     4     2     5     0     1   -13.0   40.591  110.072   2071.5    656.2
     1     1    10     4     2     4     0     2   -14.0   40.906  109.585   2159.6    654.6
     1     1    10     4     2     3     0     3   -15.0   41.256  109.060   2272.6    653.8
     1     1    10     4     2     2     0     2   -16.0   41.611  108.506   2348.4    644.3
     1     1    10     4     2     1     0     1   -17.0   41.977  107.935   2382.5    632.3
     1     1    10     4     2     0     0     0   -18.0   42.344  107.373   2410.2    645.8
     1     1    10     4     1    23     0     1   -19.0   42.697  106.821   2425.7    650.9
     1     1    10     4     1    22     0     2   -20.0   43.051  106.248   2455.6    637.8
     1     1    10     4     1    21     0     3   -21.0   43.415  105.655   2505.0    620.2
     1     1    10     4     1    20     0     2   -22.0   43.789  105.051   2561.1    609.7
     1     1    10     4     1    19     0     1   -23.0   44.168  104.455   2597.4    611.1
     1     1    10     4     1    18     0     0   -24.0   44.534  103.889   2601.6    616.1
     1     1    10     4     1    17     0     1   -25.0   44.876  103.346   2638.1    621.1
     1     1    10     4     1    16     0     2   -26.0   45.219  102.813   2700.2    601.5
     1     1    10     4     1    15     0     3   -27.0   45.610  102.302   2659.2    568.4
     1     1    10     4     1    14     0     2   -28.0   46.072  101.810   2551.4    558.5
     1     1    10     4     1    13     0     1   -29.0   46.609  101.296   2552.6    551.8
     1     1    10     4     1    12     0     0   -30.0   47.228  100.731   2670.5    526.9
     1     1    10     4     1    11     0     1   -31.0   47.877  100.138   2846.3    526.7
     1     1    10     4     1    10     0     2   -32.0   48.522   99.519   2978.5    522.3
     1     1    10     4     1     9     0     3   -33.0   49.174   98.880   3072.9    524.6
     1     1    10     4     1     8     0     2   -34.0   49.849   98.210   3141.5    517.6
     1     1    10     4     1     7     0     1   -35.0   50.526   97.490   3276.4    517.9
     1     1    10     4     1     6     0     0   -36.0   51.156   96.763   3414.0    538.5
     1     1    10     4     1     5     0     1   -37.0   51.745   96.045   3381.9    534.8
     1     1    10     4     1     4     0     2   -38.0   52.302   95.337   3333.9    549.6
     1     1    10     4     1     3     0     3   -39.0   52.822   94.625   3325.6    570.2
     1     1    10     4     1     2     0     2   -40.0   53.298   93.903   3324.6    585.2
     1     1    10     4     1     1     0     1   -41.0   53.711   93.193   3312.1    617.2
     1     1    10     4     1     0     0     0   -42.0   54.063   92.494   3263.9    640.1
     1     1    10     3    31    23     0     1   -43.0   54.393   91.759   3228.9    639.9
     1     1    10     3    31    22     0     2   -44.0   54.725   90.969   3224.3    638.7
     1     1    10     3    31    21     0     3   -45.0   55.043   90.146   3198.1    640.5
     1     1    10     3    31    20     0     2   -46.0   55.339   89.308   3109.0    641.9
     1     1    10     3    31    19     0     1   -47.0   55.630   88.440   3051.7    656.7
     1     1    10     3    31    18     0     0   -48.0   55.870   87.534   2997.8    674.8
     1     1    10     3    31    17     0     1   -49.0   56.070   86.621   2909.0    686.0
     1     1    10     3    31    16     0     2   -50.0   56.233   85.725   2815.7    696.3
     1     1    10     3    31    15     0     3   -51.0   56.356   84.856   2714.3    712.3
     1     1    10     3    31    14     0     2   -52.0   56.470   83.990   2608.2    725.6
     1     1    10     3    31    13     0     1   -53.0   56.582   83.128   2507.3    734.2
     1     1    10     3    31    12     0     0   -54.0   56.690   82.295   2433.3    741.2
     1     1    10     3    31    11     0     1   -55.0   56.787   81.479   2391.6    744.8
     1     1    10     3    31    10     0     2   -56.0   56.854   80.657   2356.2    747.7
     1     1    10     3    31     9     0     3   -57.0   56.918   79.833   2324.7    749.3
     1     1    10     3    31     8     0     2   -58.0   57.004   79.011   2291.5    752.3
     1     1    10     3    31     7     0     1   -59.0   57.099   78.192   2253.3    758.9
     1     1    10     3    31     6     0     0   -60.0   57.197   77.369   2208.6    763.8
     1     1    10     3    31     5     0     1   -61.0   57.304   76.534   2160.2    768.8
     1     1    10     3    31     4     0     2   -62.0   57.415   75.680   2114.9    773.2
     1     1    10     3    31     3     0     3   -63.0   57.514   74.804   2064.3    778.4
     1     1    10     3    31     2     0     2   -64.0   57.607   73.896   2007.1    785.8
     1     1    10     3    31     1     0     1   -65.0   57.694   72.971   1966.1    792.0
     1     1    10     3    31     0     0     0   -66.0   57.758   72.038   1950.9    791.6
     1     1    10     3    30    23     0     1   -67.0   57.804   71.106   1952.9    793.2
     1     1    10     3    30    22     0     2   -68.0   57.842   70.202   1954.0    793.9
     1     1    10     3    30    21     0     3   -69.0   57.870   69.348   1958.8    795.3
     1     1    10     3    30    20     0     2   -70.0   57.890   68.525   1958.9    796.8
     1     1    10     3    30    19     0     1   -71.0   57.905   67.708   1952.6    797.8
     1     1    10     3    30    18     0     0   -72.0   57.916   66.909   1939.7    799.2
     1     1    10     3    30    17     0     1   -73.0   57.922   66.124   1925.4    799.3
     1     1    10     3    30    16     0     2   -74.0   57.919   65.337   1917.4    800.2
     1     1    10     3    30    15     0     3   -75.0   57.908   64.547   1921.0    800.4
     1     1    10     3    30    14     0     2   -76.0   57.888   63.749   1943.9    797.4
     1     1    10     3    30    13     0     1   -77.0   57.838   62.945   1957.7    795.2
     1     1    10     3    30    12     0     0   -78.0   57.746   62.135   1955.7    792.6
     1     1    10     3    30    11     0     1   -79.0   57.628   61.343   1936.2    789.1
     1     1    10     3    30    10     0     2   -80.0   57.491   60.595   1897.4    787.1
     1     1    10     3    30     9     0     3   -81.0   57.321   59.857   1879.7    783.0
     1     1    10     3    30     8     0     2   -82.0   57.130   59.123   1890.4    780.3
     1     1    10     3    30     7     0     1   -83.0   56.933   58.425   1904.8    780.0
     1     1    10     3    30     6     0     0   -84.0   56.729   57.791   1899.7    784.0
     1     1    10     3    30     5     0     1   -85.0   56.515   57.201   1891.9    788.5
     1     1    10     3    30     4     0     2   -86.0   56.281   56.627   1897.5    790.9
     1     1    10     3    30     3     0     3   -87.0   56.018   56.073   1915.0    795.5
     1     1    10     3    30     2     0     2   -88.0   55.732   55.559   1935.9    796.1
     1     1    10     3    30     1     0     1   -89.0   55.433   55.118   1958.3    793.8
     1     1    10     3    30     0     0     0   -90.0   55.123   54.771   1975.9    789.6
     1     1    10     3    29    23     0     1   -91.0   54.816   54.497   1982.8    785.1
     1     1    10     3    29    22     0     2   -92.0   54.531   54.267   1979.7    782.6
     1     1    10     3    29    21     0     3   -93.0   54.266   54.084   1971.3    781.0
     1     1    10     3    29    20     0     2   -94.0   54.009   53.939   1969.7    780.8
     1     1    10     3    29    19     0     1   -95.0   53.748   53.818   1983.5    781.8
     1     1    10     3    29    18     0     0   -96.0   53.488   53.717   2002.7    782.7
