     5     1
    GDAS    10     3     1     0     0
    GDAS    10     3     8     0     0
    GDAS    10     3    15     0     0
    GDAS    10     3    22     0     0
    GDAS    10     3    29     0     0
     1 BACKWARD OMEGA   
    10     3    20     6   39.977  116.381  3400.0
     1 PRESSURE
     1     1    10     3    20     6     0     0     0.0   39.977  116.381   3162.2    654.7
     1     1    10     3    20     5     0     1    -1.0   40.490  116.041   3223.7    598.2
     1     1    10     3    20     4     0     2    -2.0   40.968  115.687   3199.8    568.2
     1     1    10     3    20     3     0     3    -3.0   41.466  115.415   3304.7    558.4
     1     1    10     3    20     2     0     2    -4.0   42.011  115.210   3546.6    530.0
     1     1    10     3    20     1     0     1    -5.0   42.580  115.022   3753.4    513.8
     1     1    10     3    20     0     0     0    -6.0   43.148  114.853   3825.1    520.8
     1     1    10     3    19    23     0     1    -7.0   43.687  114.684   3857.7    524.3
     1     1    10     3    19    22     0     2    -8.0   44.209  114.505   3900.8    518.9
     1     1    10     3    19    21     0     3    -9.0   44.736  114.313   3930.4    506.8
     1     1    10     3    19    20     0     2   -10.0   45.243  114.076   3958.0    501.8
     1     1    10     3    19    19     0     1   -11.0   45.735  113.831   3963.2    507.1
     1     1    10     3    19    18     0     0   -12.0   46.255  113.649   3903.4    518.9
     1     1    10     3    19    17     0     1   -13.0   46.773  113.480   3867.6    532.3
     1     1    10     3    19    16     0     2   -14.0   47.250  113.295   3892.1    530.5
     1     1    10     3    19    15     0     3   -15.0   47.719  113.104   3958.2    529.7
     1     1    10     3    19    14     0     2   -16.0   48.208  112.858   4057.8    521.3
     1     1    10     3    19    13     0     1   -17.0   48.734  112.522   4148.3    506.7
     1     1    10     3    19    12     0     0   -18.0   49.310  112.091   4210.3    494.2
     1     1    10     3    19    11     0     1   -19.0   49.906  111.527   4306.8    474.4
     1     1    10     3    19    10     0     2   -20.0   50.456  110.806   4527.6    460.9
     1     1    10     3    19     9     0     3   -21.0   50.948  109.980   4752.0    455.7
     1     1    10     3    19     8     0     2   -22.0   51.381  109.114   4939.9    459.4
     1     1    10     3    19     7     0     1   -23.0   51.758  108.219   5052.5    456.8
     1     1    10     3    19     6     0     0   -24.0   52.058  107.267   5194.0    454.5
     1     1    10     3    19     5     0     1   -25.0   52.284  106.310   5300.7    452.2
     1     1    10     3    19     4     0     2   -26.0   52.445  105.348   5415.8    446.5
     1     1    10     3    19     3     0     3   -27.0   52.553  104.378   5561.1    442.2
     1     1    10     3    19     2     0     2   -28.0   52.594  103.402   5703.8    427.4
     1     1    10     3    19     1     0     1   -29.0   52.566  102.459   5671.0    414.1
     1     1    10     3    19     0     0     0   -30.0   52.462  101.580   5531.5    392.0
     1     1    10     3    18    23     0     1   -31.0   52.308  100.736   5398.8    369.9
     1     1    10     3    18    22     0     2   -32.0   52.140   99.938   5324.2    364.5
     1     1    10     3    18    21     0     3   -33.0   51.946   99.224   5300.6    361.2
     1     1    10     3    18    20     0     2   -34.0   51.715   98.559   5328.5    366.9
     1     1    10     3    18    19     0     1   -35.0   51.467   97.977   5325.9    378.8
     1     1    10     3    18    18     0     0   -36.0   51.243   97.545   5239.2    388.9
     1     1    10     3    18    17     0     1   -37.0   51.122   97.104   4842.8    416.5
     1     1    10     3    18    16     0     2   -38.0   51.171   96.544   3958.9    486.7
     1     1    10     3    18    15     0     3   -39.0   51.248   95.918   2991.2    571.0
     1     1    10     3    18    14     0     2   -40.0   51.343   95.192   2268.9    653.0
     1     1    10     3    18    13     0     1   -41.0   51.445   94.400   1739.1    686.3
     1     1    10     3    18    12     0     0   -42.0   51.468   93.669   1173.9    739.2
     1     1    10     3    18    11     0     1   -43.0   51.460   93.050    762.1    774.2
     1     1    10     3    18    10     0     2   -44.0   51.501   92.462    537.6    791.3
     1     1    10     3    18     9     0     3   -45.0   51.525   91.957    398.2    792.9
     1     1    10     3    18     8     0     2   -46.0   51.523   91.503    325.8    804.6
     1     1    10     3    18     7     0     1   -47.0   51.514   90.999    340.5    802.9
     1     1    10     3    18     6     0     0   -48.0   51.478   90.394    419.3    783.1
     1     1    10     3    18     5     0     1   -49.0   51.370   89.615    551.1    749.9
     1     1    10     3    18     4     0     2   -50.0   51.169   88.700    545.0    737.8
     1     1    10     3    18     3     0     3   -51.0   50.902   87.970    447.6    759.9
     1     1    10     3    18     2     0     2   -52.0   50.618   87.411    389.4    754.4
     1     1    10     3    18     1     0     1   -53.0   50.309   86.877    425.8    746.8
     1     1    10     3    18     0     0     0   -54.0   49.974   86.340    524.9    738.4
     1     1    10     3    17    23     0     1   -55.0   49.664   85.767    503.2    751.6
     1     1    10     3    17    22     0     2   -56.0   49.405   85.213    289.8    802.3
     1     1    10     3    17    21     0     3   -57.0   49.205   84.896    165.3    850.0
     1     1    10     3    17    20     0     2   -58.0   49.012   84.691    124.9    866.8
     1     1    10     3    17    19     0     1   -59.0   48.834   84.587    129.7    883.5
     1     1    10     3    17    18     0     0   -60.0   48.687   84.591    146.0    892.7
     1     1    10     3    17    17     0     1   -61.0   48.575   84.693    155.6    895.4
     1     1    10     3    17    16     0     2   -62.0   48.500   84.897    141.1    895.8
     1     1    10     3    17    15     0     3   -63.0   48.456   85.196    112.7    896.9
     1     1    10     3    17    14     0     2   -64.0   48.414   85.530    120.0    895.9
     1     1    10     3    17    13     0     1   -65.0   48.355   85.901    184.5    889.1
     1     1    10     3    17    12     0     0   -66.0   48.249   86.349    294.7    870.9
     1     1    10     3    17    11     0     1   -67.0   48.071   86.865    365.8    860.9
     1     1    10     3    17    10     0     2   -68.0   47.861   87.336    383.0    844.7
     1     1    10     3    17     9     0     3   -69.0   47.643   87.671    380.8    843.0
     1     1    10     3    17     8     0     2   -70.0   47.416   87.935    385.0    858.7
     1     1    10     3    17     7     0     1   -71.0   47.178   88.196    405.8    876.5
     1     1    10     3    17     6     0     0   -72.0   46.941   88.444    448.3    885.6
     1     1    10     3    17     5     0     1   -73.0   46.729   88.616    486.9    871.3
     1     1    10     3    17     4     0     2   -74.0   46.555   88.700    511.0    865.6
     1     1    10     3    17     3     0     3   -75.0   46.419   88.711    524.7    863.5
     1     1    10     3    17     2     0     2   -76.0   46.310   88.655    528.9    864.5
     1     1    10     3    17     1     0     1   -77.0   46.217   88.535    529.9    868.2
     1     1    10     3    17     0     0     0   -78.0   46.140   88.360    541.2    872.0
     1     1    10     3    16    23     0     1   -79.0   46.055   88.157    552.9    872.9
     1     1    10     3    16    22     0     2   -80.0   45.935   87.975    545.4    876.8
     1     1    10     3    16    21     0     3   -81.0   45.781   87.844    531.7    882.4
     1     1    10     3    16    20     0     2   -82.0   45.624   87.753    539.2    886.8
     1     1    10     3    16    19     0     1   -83.0   45.488   87.659    571.8    886.2
     1     1    10     3    16    18     0     0   -84.0   45.366   87.536    619.2    885.3
     1     1    10     3    16    17     0     1   -85.0   45.260   87.404    694.7    881.6
     1     1    10     3    16    16     0     2   -86.0   45.157   87.281    811.3    872.1
     1     1    10     3    16    15     0     3   -87.0   45.024   87.161    973.8    858.3
     1     1    10     3    16    14     0     2   -88.0   44.842   87.008   1147.9    837.6
     1     1    10     3    16    13     0     1   -89.0   44.648   86.848   1288.1    816.6
     1     1    10     3    16    12     0     0   -90.0   44.468   86.735   1401.1    796.6
     1     1    10     3    16    11     0     1   -91.0   44.305   86.631   1507.6    776.8
     1     1    10     3    16    10     0     2   -92.0   44.164   86.449   1612.2    750.3
     1     1    10     3    16     9     0     3   -93.0   44.064   86.134   1715.5    715.1
     1     1    10     3    16     8     0     2   -94.0   44.028   85.645   1870.6    672.2
     1     1    10     3    16     7     0     1   -95.0   44.046   84.963   2191.1    612.1
     1     1    10     3    16     6     0     0   -96.0   44.064   84.026   2419.2    540.1
