     7     1
    GDAS    10     3    22     0     0
    GDAS    10     4     8     0     0
    GDAS    10     4    15     0     0
    GDAS    10     4    22     0     0
    GDAS    10     4    29     0     0
    GDAS    10     4     1     0     0
    GDAS    10     3    29     0     0
     1 BACKWARD OMEGA   
    10     4     1     6   39.977  116.381  2600.0
     1 PRESSURE
     1     1    10     4     1     6     0     0     0.0   39.977  116.381   2362.9    734.6
     1     1    10     4     1     5     0     1    -1.0   40.204  115.914   2507.8    689.0
     1     1    10     4     1     4     0     2    -2.0   40.528  115.300   2726.9    625.0
     1     1    10     4     1     3     0     3    -3.0   40.920  114.502   3019.8    574.5
     1     1    10     4     1     2     0     2    -4.0   41.329  113.614   3142.1    559.8
     1     1    10     4     1     1     0     1    -5.0   41.760  112.667   3285.9    547.4
     1     1    10     4     1     0     0     0    -6.0   42.212  111.716   3472.5    544.1
     1     1    10     3    31    23     0     1    -7.0   42.634  110.785   3609.4    547.1
     1     1    10     3    31    22     0     2    -8.0   43.032  109.861   3753.7    537.1
     1     1    10     3    31    21     0     3    -9.0   43.436  108.946   3926.1    529.2
     1     1    10     3    31    20     0     2   -10.0   43.826  108.060   3999.1    526.8
     1     1    10     3    31    19     0     1   -11.0   44.213  107.170   3988.6    514.4
     1     1    10     3    31    18     0     0   -12.0   44.621  106.275   3991.3    509.8
     1     1    10     3    31    17     0     1   -13.0   45.038  105.407   4047.9    506.9
     1     1    10     3    31    16     0     2   -14.0   45.458  104.569   4115.1    495.5
     1     1    10     3    31    15     0     3   -15.0   45.896  103.753   4153.7    483.7
     1     1    10     3    31    14     0     2   -16.0   46.364  102.945   4187.4    465.6
     1     1    10     3    31    13     0     1   -17.0   46.872  102.132   4240.6    442.3
     1     1    10     3    31    12     0     0   -18.0   47.418  101.361   4243.3    432.9
     1     1    10     3    31    11     0     1   -19.0   47.973  100.655   4278.0    436.2
     1     1    10     3    31    10     0     2   -20.0   48.535   99.981   4292.5    435.7
     1     1    10     3    31     9     0     3   -21.0   49.120   99.340   4352.6    437.5
     1     1    10     3    31     8     0     2   -22.0   49.741   98.722   4401.2    429.4
     1     1    10     3    31     7     0     1   -23.0   50.380   98.093   4396.5    424.4
     1     1    10     3    31     6     0     0   -24.0   50.994   97.468   4462.3    444.6
     1     1    10     3    31     5     0     1   -25.0   51.557   96.861   4474.4    457.4
     1     1    10     3    31     4     0     2   -26.0   52.073   96.270   4431.9    457.3
     1     1    10     3    31     3     0     3   -27.0   52.534   95.715   4405.6    468.1
     1     1    10     3    31     2     0     2   -28.0   52.941   95.192   4343.1    487.6
     1     1    10     3    31     1     0     1   -29.0   53.318   94.679   4291.1    501.1
     1     1    10     3    31     0     0     0   -30.0   53.660   94.179   4316.2    515.4
     1     1    10     3    30    23     0     1   -31.0   53.976   93.679   4366.2    531.6
     1     1    10     3    30    22     0     2   -32.0   54.281   93.145   4352.7    535.4
     1     1    10     3    30    21     0     3   -33.0   54.571   92.560   4318.5    537.7
     1     1    10     3    30    20     0     2   -34.0   54.851   91.949   4278.6    543.7
     1     1    10     3    30    19     0     1   -35.0   55.120   91.334   4242.7    551.7
     1     1    10     3    30    18     0     0   -36.0   55.359   90.704   4199.8    557.4
     1     1    10     3    30    17     0     1   -37.0   55.566   90.094   4128.8    566.1
     1     1    10     3    30    16     0     2   -38.0   55.761   89.536   4058.7    575.4
     1     1    10     3    30    15     0     3   -39.0   55.933   89.012   4021.5    584.8
     1     1    10     3    30    14     0     2   -40.0   56.105   88.503   3991.3    590.0
     1     1    10     3    30    13     0     1   -41.0   56.299   88.002   3963.1    593.9
     1     1    10     3    30    12     0     0   -42.0   56.494   87.516   3936.0    597.3
     1     1    10     3    30    11     0     1   -43.0   56.696   87.035   3915.8    602.2
     1     1    10     3    30    10     0     2   -44.0   56.916   86.551   3917.4    602.8
     1     1    10     3    30     9     0     3   -45.0   57.147   86.079   3950.0    600.0
     1     1    10     3    30     8     0     2   -46.0   57.395   85.613   3991.3    595.0
     1     1    10     3    30     7     0     1   -47.0   57.660   85.135   4008.6    594.4
     1     1    10     3    30     6     0     0   -48.0   57.924   84.641   4007.2    595.6
     1     1    10     3    30     5     0     1   -49.0   58.188   84.117   3986.5    598.0
     1     1    10     3    30     4     0     2   -50.0   58.450   83.549   3946.5    601.8
     1     1    10     3    30     3     0     3   -51.0   58.694   82.948   3899.5    607.0
     1     1    10     3    30     2     0     2   -52.0   58.921   82.354   3865.0    612.5
     1     1    10     3    30     1     0     1   -53.0   59.151   81.795   3848.4    613.9
     1     1    10     3    30     0     0     0   -54.0   59.372   81.258   3836.0    613.8
     1     1    10     3    29    23     0     1   -55.0   59.608   80.775   3840.3    614.3
     1     1    10     3    29    22     0     2   -56.0   59.875   80.369   3874.3    611.4
     1     1    10     3    29    21     0     3   -57.0   60.139   80.018   3934.0    606.8
     1     1    10     3    29    20     0     2   -58.0   60.403   79.703   4007.8    599.0
     1     1    10     3    29    19     0     1   -59.0   60.682   79.416   4092.4    592.2
     1     1    10     3    29    18     0     0   -60.0   60.965   79.175   4200.0    583.9
     1     1    10     3    29    17     0     1   -61.0   61.242   78.982   4324.5    572.4
     1     1    10     3    29    16     0     2   -62.0   61.513   78.835   4456.7    560.8
     1     1    10     3    29    15     0     3   -63.0   61.784   78.749   4602.7    548.7
     1     1    10     3    29    14     0     2   -64.0   62.057   78.717   4752.3    534.9
     1     1    10     3    29    13     0     1   -65.0   62.334   78.729   4891.3    523.8
     1     1    10     3    29    12     0     0   -66.0   62.620   78.795   5019.0    513.7
     1     1    10     3    29    11     0     1   -67.0   62.909   78.908   5128.2    504.4
     1     1    10     3    29    10     0     2   -68.0   63.198   79.051   5210.6    497.7
     1     1    10     3    29     9     0     3   -69.0   63.495   79.226   5263.3    493.4
     1     1    10     3    29     8     0     2   -70.0   63.799   79.454   5305.4    491.8
     1     1    10     3    29     7     0     1   -71.0   64.105   79.763   5345.2    488.6
     1     1    10     3    29     6     0     0   -72.0   64.416   80.146   5358.7    486.2
     1     1    10     3    29     5     0     1   -73.0   64.714   80.612   5344.9    487.8
     1     1    10     3    29     4     0     2   -74.0   64.989   81.191   5311.6    491.2
     1     1    10     3    29     3     0     3   -75.0   65.267   81.866   5245.1    494.6
     1     1    10     3    29     2     0     2   -76.0   65.540   82.592   5165.9    501.4
     1     1    10     3    29     1     0     1   -77.0   65.794   83.341   5103.3    504.1
     1     1    10     3    29     0     0     0   -78.0   66.065   84.048   5018.7    507.2
     1     1    10     3    28    23     0     1   -79.0   66.318   84.694   4938.4    515.8
     1     1    10     3    28    22     0     2   -80.0   66.517   85.289   4870.4    517.8
     1     1    10     3    28    21     0     3   -81.0   66.684   85.757   4761.4    524.4
     1     1    10     3    28    20     0     2   -82.0   66.828   86.137   4636.8    537.9
     1     1    10     3    28    19     0     1   -83.0   66.945   86.519   4544.1    545.4
     1     1    10     3    28    18     0     0   -84.0   67.029   86.907   4493.0    549.3
     1     1    10     3    28    17     0     1   -85.0   67.095   87.350   4462.1    548.4
     1     1    10     3    28    16     0     2   -86.0   67.150   87.884   4441.9    548.0
     1     1    10     3    28    15     0     3   -87.0   67.183   88.484   4443.3    542.8
     1     1    10     3    28    14     0     2   -88.0   67.200   89.122   4471.6    534.2
     1     1    10     3    28    13     0     1   -89.0   67.201   89.781   4525.6    526.6
     1     1    10     3    28    12     0     0   -90.0   67.166   90.475   4605.2    518.1
     1     1    10     3    28    11     0     1   -91.0   67.075   91.219   4693.9    506.5
     1     1    10     3    28    10     0     2   -92.0   66.924   92.041   4767.0    493.4
     1     1    10     3    28     9     0     3   -93.0   66.720   92.984   4847.8    484.3
     1     1    10     3    28     8     0     2   -94.0   66.491   94.010   4891.7    475.3
     1     1    10     3    28     7     0     1   -95.0   66.262   95.011   4896.7    475.3
     1     1    10     3    28     6     0     0   -96.0   66.020   95.970   4898.5    477.2
