     5     1
    GDAS    10     3     1     0     0
    GDAS    10     3     8     0     0
    GDAS    10     3    15     0     0
    GDAS    10     3    22     0     0
    GDAS    10     3    29     0     0
     1 BACKWARD OMEGA   
    10     3    30     0   39.977  116.381  5200.0
     1 PRESSURE
     1     1    10     3    30     0     0     0     0.0   39.977  116.381   4962.9    525.9
     1     1    10     3    29    23     0     1    -1.0   39.862  115.759   4973.2    504.6
     1     1    10     3    29    22     0     2    -2.0   39.723  115.096   4917.1    484.8
     1     1    10     3    29    21     0     3    -3.0   39.565  114.398   4897.2    477.0
     1     1    10     3    29    20     0     2    -4.0   39.413  113.701   4857.3    467.6
     1     1    10     3    29    19     0     1    -5.0   39.286  113.024   4835.4    462.9
     1     1    10     3    29    18     0     0    -6.0   39.171  112.353   4797.1    457.7
     1     1    10     3    29    17     0     1    -7.0   39.084  111.683   4788.9    462.8
     1     1    10     3    29    16     0     2    -8.0   39.035  111.027   4841.0    474.5
     1     1    10     3    29    15     0     3    -9.0   38.983  110.361   4858.9    471.8
     1     1    10     3    29    14     0     2   -10.0   38.927  109.653   4877.5    467.9
     1     1    10     3    29    13     0     1   -11.0   38.879  108.898   4880.2    459.6
     1     1    10     3    29    12     0     0   -12.0   38.812  108.136   4876.8    459.4
     1     1    10     3    29    11     0     1   -13.0   38.714  107.406   4893.6    462.2
     1     1    10     3    29    10     0     2   -14.0   38.603  106.705   4900.0    460.3
     1     1    10     3    29     9     0     3   -15.0   38.460  106.024   4869.9    458.0
     1     1    10     3    29     8     0     2   -16.0   38.317  105.391   4852.0    463.2
     1     1    10     3    29     7     0     1   -17.0   38.191  104.801   4876.4    459.5
     1     1    10     3    29     6     0     0   -18.0   38.054  104.225   4958.2    453.0
     1     1    10     3    29     5     0     1   -19.0   37.922  103.630   5038.4    439.9
     1     1    10     3    29     4     0     2   -20.0   37.825  103.053   5061.9    427.7
     1     1    10     3    29     3     0     3   -21.0   37.752  102.488   5002.0    401.0
     1     1    10     3    29     2     0     2   -22.0   37.699  101.871   4948.3    374.3
     1     1    10     3    29     1     0     1   -23.0   37.686  101.203   4830.1    352.6
     1     1    10     3    29     0     0     0   -24.0   37.706  100.542   4661.2    348.9
     1     1    10     3    28    23     0     1   -25.0   37.725   99.878   4528.8    350.1
     1     1    10     3    28    22     0     2   -26.0   37.780   99.133   4537.2    342.6
     1     1    10     3    28    21     0     3   -27.0   37.842   98.263   4572.0    325.2
     1     1    10     3    28    20     0     2   -28.0   37.800   97.348   4365.6    337.9
     1     1    10     3    28    19     0     1   -29.0   37.792   96.449   4180.2    351.1
     1     1    10     3    28    18     0     0   -30.0   37.830   95.528   4225.8    357.1
     1     1    10     3    28    17     0     1   -31.0   37.766   94.765   3958.9    407.6
     1     1    10     3    28    16     0     2   -32.0   37.715   94.170   3636.8    451.9
     1     1    10     3    28    15     0     3   -33.0   37.663   93.716   3391.3    476.5
     1     1    10     3    28    14     0     2   -34.0   37.617   93.293   3326.6    479.6
     1     1    10     3    28    13     0     1   -35.0   37.605   92.807   3490.1    462.1
     1     1    10     3    28    12     0     0   -36.0   37.651   92.188   3753.8    433.6
     1     1    10     3    28    11     0     1   -37.0   37.709   91.393   3858.2    400.0
     1     1    10     3    28    10     0     2   -38.0   37.727   90.560   3668.7    400.0
     1     1    10     3    28     9     0     3   -39.0   37.776   89.662   3503.4    396.8
     1     1    10     3    28     8     0     2   -40.0   37.837   88.615   3740.6    365.4
     1     1    10     3    28     7     0     1   -41.0   37.837   87.490   3843.9    382.3
     1     1    10     3    28     6     0     0   -42.0   37.814   86.504   3701.3    453.6
     1     1    10     3    28     5     0     1   -43.0   37.787   85.702   3808.0    483.6
     1     1    10     3    28     4     0     2   -44.0   37.750   84.996   3672.9    506.7
     1     1    10     3    28     3     0     3   -45.0   37.737   84.332   3471.0    541.8
     1     1    10     3    28     2     0     2   -46.0   37.754   83.699   3352.1    559.2
     1     1    10     3    28     1     0     1   -47.0   37.766   83.114   3239.6    578.0
     1     1    10     3    28     0     0     0   -48.0   37.756   82.538   3148.9    590.2
     1     1    10     3    27    23     0     1   -49.0   37.732   81.973   3098.7    596.7
     1     1    10     3    27    22     0     2   -50.0   37.692   81.449   3031.3    595.8
     1     1    10     3    27    21     0     3   -51.0   37.629   80.998   2884.6    602.6
     1     1    10     3    27    20     0     2   -52.0   37.556   80.618   2720.0    618.9
     1     1    10     3    27    19     0     1   -53.0   37.480   80.273   2642.5    620.2
     1     1    10     3    27    18     0     0   -54.0   37.409   79.942   2649.3    613.6
     1     1    10     3    27    17     0     1   -55.0   37.361   79.600   2680.9    596.4
     1     1    10     3    27    16     0     2   -56.0   37.341   79.242   2668.0    585.8
     1     1    10     3    27    15     0     3   -57.0   37.340   78.866   2582.5    578.1
     1     1    10     3    27    14     0     2   -58.0   37.343   78.474   2461.5    570.0
     1     1    10     3    27    13     0     1   -59.0   37.336   78.028   2361.1    552.7
     1     1    10     3    27    12     0     0   -60.0   37.289   77.533   2438.4    537.2
     1     1    10     3    27    11     0     1   -61.0   37.187   76.942   2883.8    481.6
     1     1    10     3    27    10     0     2   -62.0   37.127   76.171   3369.6    388.9
     1     1    10     3    27     9     0     3   -63.0   37.111   75.295   3493.4    359.5
     1     1    10     3    27     8     0     2   -64.0   37.121   74.404   3342.2    367.8
     1     1    10     3    27     7     0     1   -65.0   37.129   73.510   3346.4    372.1
     1     1    10     3    27     6     0     0   -66.0   37.119   72.607   3467.5    374.5
     1     1    10     3    27     5     0     1   -67.0   37.097   71.745   3573.4    394.2
     1     1    10     3    27     4     0     2   -68.0   37.055   71.020   3663.7    438.1
     1     1    10     3    27     3     0     3   -69.0   36.988   70.449   3756.4    488.3
     1     1    10     3    27     2     0     2   -70.0   36.899   69.961   3789.7    518.9
     1     1    10     3    27     1     0     1   -71.0   36.801   69.521   3796.0    544.9
     1     1    10     3    27     0     0     0   -72.0   36.700   69.129   3865.1    566.9
     1     1    10     3    26    23     0     1   -73.0   36.585   68.760   3916.9    564.3
     1     1    10     3    26    22     0     2   -74.0   36.454   68.393   3910.8    548.4
     1     1    10     3    26    21     0     3   -75.0   36.327   68.025   3825.9    534.2
     1     1    10     3    26    20     0     2   -76.0   36.205   67.640   3733.0    533.6
     1     1    10     3    26    19     0     1   -77.0   36.071   67.213   3683.4    526.7
     1     1    10     3    26    18     0     0   -78.0   35.920   66.757   3670.4    518.2
     1     1    10     3    26    17     0     1   -79.0   35.765   66.281   3674.8    510.5
     1     1    10     3    26    16     0     2   -80.0   35.618   65.783   3684.7    504.6
     1     1    10     3    26    15     0     3   -81.0   35.472   65.277   3679.1    502.7
     1     1    10     3    26    14     0     2   -82.0   35.320   64.779   3653.5    506.9
     1     1    10     3    26    13     0     1   -83.0   35.160   64.294   3626.1    513.7
     1     1    10     3    26    12     0     0   -84.0   34.996   63.834   3570.4    523.1
     1     1    10     3    26    11     0     1   -85.0   34.836   63.418   3512.7    541.8
     1     1    10     3    26    10     0     2   -86.0   34.685   63.027   3484.5    551.0
     1     1    10     3    26     9     0     3   -87.0   34.551   62.641   3469.3    556.1
     1     1    10     3    26     8     0     2   -88.0   34.439   62.270   3471.0    567.1
     1     1    10     3    26     7     0     1   -89.0   34.339   61.921   3491.1    578.6
     1     1    10     3    26     6     0     0   -90.0   34.243   61.582   3511.7    582.4
     1     1    10     3    26     5     0     1   -91.0   34.157   61.239   3530.4    586.9
     1     1    10     3    26     4     0     2   -92.0   34.091   60.891   3541.9    591.8
     1     1    10     3    26     3     0     3   -93.0   34.056   60.549   3573.9    592.5
     1     1    10     3    26     2     0     2   -94.0   34.050   60.212   3652.5    587.8
     1     1    10     3    26     1     0     1   -95.0   34.068   59.865   3744.0    573.0
     1     1    10     3    26     0     0     0   -96.0   34.115   59.481   3788.6    547.0
