     7     1
    GDAS    10     3    22     0     0
    GDAS    10     4     8     0     0
    GDAS    10     4    15     0     0
    GDAS    10     4    22     0     0
    GDAS    10     4    29     0     0
    GDAS    10     4     1     0     0
    GDAS    10     3    29     0     0
     1 BACKWARD OMEGA   
    10     4     9    18   39.977  116.381  8200.0
     1 PRESSURE
     1     1    10     4     9    18     0     0     0.0   39.977  116.381   7957.3    342.8
     1     1    10     4     9    17     0     1    -1.0   39.596  114.568   6921.3    359.6
     1     1    10     4     9    16     0     2    -2.0   39.319  112.817   6345.9    369.2
     1     1    10     4     9    15     0     3    -3.0   39.009  111.137   5780.9    409.0
     1     1    10     4     9    14     0     2    -4.0   38.803  109.566   5186.3    445.7
     1     1    10     4     9    13     0     1    -5.0   38.597  108.109   4658.9    470.2
     1     1    10     4     9    12     0     0    -6.0   38.373  106.825   4059.4    512.9
     1     1    10     4     9    11     0     1    -7.0   38.142  105.806   3468.5    559.2
     1     1    10     4     9    10     0     2    -8.0   37.855  104.981   2969.4    584.4
     1     1    10     4     9     9     0     3    -9.0   37.537  104.280   2686.0    593.5
     1     1    10     4     9     8     0     2   -10.0   37.263  103.568   2473.8    565.4
     1     1    10     4     9     7     0     1   -11.0   37.065  102.818   1774.1    539.4
     1     1    10     4     9     6     0     0   -12.0   37.004  102.027   1004.0    624.6
     1     1    10     4     9     5     0     1   -13.0   36.997  101.033    922.5    609.4
     1     1    10     4     9     4     0     2   -14.0   36.916  100.114   1212.5    578.4
     1     1    10     4     9     3     0     3   -15.0   36.843   99.130   1499.8    540.7
     1     1    10     4     9     2     0     2   -16.0   36.817   98.129   1558.6    541.9
     1     1    10     4     9     1     0     1   -17.0   36.761   97.299   1217.1    592.2
     1     1    10     4     9     0     0     0   -18.0   36.695   96.625    917.0    614.5
     1     1    10     4     8    23     0     1   -19.0   36.657   96.079    723.6    627.3
     1     1    10     4     8    22     0     2   -20.0   36.646   95.651    577.2    636.5
     1     1    10     4     8    21     0     3   -21.0   36.634   95.364    442.0    647.6
     1     1    10     4     8    20     0     2   -22.0   36.609   95.157    337.0    659.0
     1     1    10     4     8    19     0     1   -23.0   36.573   94.967    273.6    662.8
     1     1    10     4     8    18     0     0   -24.0   36.521   94.784    259.6    657.1
     1     1    10     4     8    17     0     1   -25.0   36.465   94.611    272.7    644.4
     1     1    10     4     8    16     0     2   -26.0   36.421   94.467    273.2    637.5
     1     1    10     4     8    15     0     3   -27.0   36.393   94.348    260.4    633.9
     1     1    10     4     8    14     0     2   -28.0   36.389   94.249    239.7    633.3
     1     1    10     4     8    13     0     1   -29.0   36.416   94.163    217.5    636.7
     1     1    10     4     8    12     0     0   -30.0   36.470   94.085    197.2    643.3
     1     1    10     4     8    11     0     1   -31.0   36.586   93.983    175.5    658.6
     1     1    10     4     8    10     0     2   -32.0   36.811   93.844    148.8    688.7
     1     1    10     4     8     9     0     3   -33.0   37.157   93.701    108.2    715.9
     1     1    10     4     8     8     0     2   -34.0   37.483   93.503     69.7    718.8
     1     1    10     4     8     7     0     1   -35.0   37.734   93.243     39.4    719.0
     1     1    10     4     8     6     0     0   -36.0   37.967   92.925     22.8    718.4
     1     1    10     4     8     5     0     1   -37.0   38.170   92.588     15.4    719.7
     1     1    10     4     8     4     0     2   -38.0   38.313   92.283     12.7    721.8
     1     1    10     4     8     3     0     3   -39.0   38.406   92.005     11.4    725.9
     1     1    10     4     8     2     0     2   -40.0   38.452   91.744     11.3    715.6
     1     1    10     4     8     1     0     1   -41.0   38.453   91.498     12.8    705.8
     1     1    10     4     8     0     0     0   -42.0   38.404   91.285     16.2    697.4
     1     1    10     4     7    23     0     1   -43.0   38.325   91.092     22.3    690.1
     1     1    10     4     7    22     0     2   -44.0   38.238   90.898     31.5    684.4
     1     1    10     4     7    21     0     3   -45.0   38.149   90.701     42.7    678.2
     1     1    10     4     7    20     0     2   -46.0   38.067   90.495     54.2    668.8
     1     1    10     4     7    19     0     1   -47.0   37.995   90.277     64.6    656.5
     1     1    10     4     7    18     0     0   -48.0   37.923   90.049     73.4    644.0
     1     1    10     4     7    17     0     1   -49.0   37.862   89.820     84.8    631.2
     1     1    10     4     7    16     0     2   -50.0   37.824   89.585    107.5    618.6
     1     1    10     4     7    15     0     3   -51.0   37.807   89.320    152.8    604.3
     1     1    10     4     7    14     0     2   -52.0   37.820   88.998    230.3    586.8
     1     1    10     4     7    13     0     1   -53.0   37.863   88.653    307.3    583.1
     1     1    10     4     7    12     0     0   -54.0   37.915   88.365    312.7    586.9
     1     1    10     4     7    11     0     1   -55.0   37.976   88.132    208.6    598.2
     1     1    10     4     7    10     0     2   -56.0   38.064   87.942    100.2    639.7
     1     1    10     4     7     9     0     3   -57.0   38.181   87.774     39.0    686.5
     1     1    10     4     7     8     0     2   -58.0   38.294   87.629     12.4    724.3
     1     1    10     4     7     7     0     1   -59.0   38.386   87.504      4.8    754.0
     1     1    10     4     7     6     0     0   -60.0   38.470   87.401      1.0    779.8
     1     1    10     4     7     5     0     1   -61.0   38.527   87.336      0.0    796.3
     1     1    10     4     7     4     0     2   -62.0   38.524   87.309      1.3    797.0
     1     1    10     4     7     3     0     3   -63.0   38.451   87.308      5.6    780.2
     1     1    10     4     7     2     0     2   -64.0   38.319   87.336     14.1    747.7
     1     1    10     4     7     1     0     1   -65.0   38.149   87.390     36.9    702.9
     1     1    10     4     7     0     0     0   -66.0   37.947   87.459    106.4    654.1
     1     1    10     4     6    23     0     1   -67.0   37.748   87.463    297.9    624.2
     1     1    10     4     6    22     0     2   -68.0   37.599   87.364    657.6    586.7
     1     1    10     4     6    21     0     3   -69.0   37.524   87.220   1078.7    551.8
     1     1    10     4     6    20     0     2   -70.0   37.520   87.044   1492.0    525.9
     1     1    10     4     6    19     0     1   -71.0   37.573   86.851   1845.5    516.5
     1     1    10     4     6    18     0     0   -72.0   37.658   86.658   2139.7    521.7
     1     1    10     4     6    17     0     1   -73.0   37.767   86.450   2436.9    535.9
     1     1    10     4     6    16     0     2   -74.0   37.902   86.206   2824.6    556.7
     1     1    10     4     6    15     0     3   -75.0   38.068   85.910   3327.2    565.7
     1     1    10     4     6    14     0     2   -76.0   38.246   85.563   3666.7    542.7
     1     1    10     4     6    13     0     1   -77.0   38.401   85.187   3786.0    547.8
     1     1    10     4     6    12     0     0   -78.0   38.563   84.815   3802.2    556.0
     1     1    10     4     6    11     0     1   -79.0   38.742   84.448   3879.8    556.9
     1     1    10     4     6    10     0     2   -80.0   38.949   84.053   4178.8    542.0
     1     1    10     4     6     9     0     3   -81.0   39.254   83.654   4653.1    501.4
     1     1    10     4     6     8     0     2   -82.0   39.645   83.257   5083.5    470.2
     1     1    10     4     6     7     0     1   -83.0   40.053   82.810   5356.6    451.7
     1     1    10     4     6     6     0     0   -84.0   40.472   82.317   5517.6    446.4
     1     1    10     4     6     5     0     1   -85.0   40.891   81.855   5716.2    436.4
     1     1    10     4     6     4     0     2   -86.0   41.302   81.387   5829.5    393.9
     1     1    10     4     6     3     0     3   -87.0   41.800   80.797   5659.1    315.2
     1     1    10     4     6     2     0     2   -88.0   42.427   80.140   5798.6    305.9
     1     1    10     4     6     1     0     1   -89.0   42.988   79.500   6176.3    340.0
     1     1    10     4     6     0     0     0   -90.0   43.477   78.845   6471.4    362.2
     1     1    10     4     5    23     0     1   -91.0   43.958   78.139   6806.9    380.3
     1     1    10     4     5    22     0     2   -92.0   44.387   77.394   6973.2    384.6
     1     1    10     4     5    21     0     3   -93.0   44.752   76.643   6995.0    391.4
     1     1    10     4     5    20     0     2   -94.0   45.111   75.914   7021.4    394.5
     1     1    10     4     5    19     0     1   -95.0   45.474   75.194   7074.5    389.2
     1     1    10     4     5    18     0     0   -96.0   45.848   74.476   7190.0    383.9
