     7     1
    GDAS    10     3    22     0     0
    GDAS    10     4     8     0     0
    GDAS    10     4    15     0     0
    GDAS    10     4    22     0     0
    GDAS    10     4    29     0     0
    GDAS    10     4     1     0     0
    GDAS    10     3    29     0     0
     1 BACKWARD OMEGA   
    10     4     2     6   39.977  116.381  2800.0
     1 PRESSURE
     1     1    10     4     2     6     0     0     0.0   39.977  116.381   2560.8    715.4
     1     1    10     4     2     5     0     1    -1.0   40.397  115.721   2620.8    656.5
     1     1    10     4     2     4     0     2    -2.0   41.015  114.864   2830.2    591.7
     1     1    10     4     2     3     0     3    -3.0   41.754  113.909   3032.5    568.9
     1     1    10     4     2     2     0     2    -4.0   42.527  112.974   3247.9    567.0
     1     1    10     4     2     1     0     1    -5.0   43.290  112.096   3372.7    572.6
     1     1    10     4     2     0     0     0    -6.0   44.057  111.226   3475.2    565.1
     1     1    10     4     1    23     0     1    -7.0   44.814  110.370   3631.7    557.1
     1     1    10     4     1    22     0     2    -8.0   45.569  109.548   3736.3    537.7
     1     1    10     4     1    21     0     3    -9.0   46.362  108.745   3785.8    520.7
     1     1    10     4     1    20     0     2   -10.0   47.161  107.952   3761.4    511.3
     1     1    10     4     1    19     0     1   -11.0   47.964  107.156   3765.9    498.3
     1     1    10     4     1    18     0     0   -12.0   48.741  106.366   3954.6    516.8
     1     1    10     4     1    17     0     1   -13.0   49.452  105.646   4032.0    529.1
     1     1    10     4     1    16     0     2   -14.0   50.158  104.975   4049.5    518.6
     1     1    10     4     1    15     0     3   -15.0   50.896  104.319   4027.8    487.9
     1     1    10     4     1    14     0     2   -16.0   51.620  103.673   4140.8    510.8
     1     1    10     4     1    13     0     1   -17.0   52.305  103.016   4243.7    518.0
     1     1    10     4     1    12     0     0   -18.0   52.960  102.348   4261.4    530.9
     1     1    10     4     1    11     0     1   -19.0   53.551  101.676   4172.3    542.2
     1     1    10     4     1    10     0     2   -20.0   54.092  100.977   4139.7    550.9
     1     1    10     4     1     9     0     3   -21.0   54.586  100.258   4047.8    554.5
     1     1    10     4     1     8     0     2   -22.0   55.034   99.542   3962.3    564.3
     1     1    10     4     1     7     0     1   -23.0   55.444   98.852   3898.8    572.8
     1     1    10     4     1     6     0     0   -24.0   55.823   98.181   3831.4    582.9
     1     1    10     4     1     5     0     1   -25.0   56.168   97.525   3757.7    597.3
     1     1    10     4     1     4     0     2   -26.0   56.489   96.897   3691.1    605.0
     1     1    10     4     1     3     0     3   -27.0   56.809   96.299   3652.6    611.7
     1     1    10     4     1     2     0     2   -28.0   57.112   95.730   3626.2    613.4
     1     1    10     4     1     1     0     1   -29.0   57.386   95.176   3598.0    615.1
     1     1    10     4     1     0     0     0   -30.0   57.647   94.629   3569.2    619.3
     1     1    10     3    31    23     0     1   -31.0   57.892   94.079   3534.5    625.9
     1     1    10     3    31    22     0     2   -32.0   58.113   93.513   3482.7    629.3
     1     1    10     3    31    21     0     3   -33.0   58.329   92.922   3415.7    631.8
     1     1    10     3    31    20     0     2   -34.0   58.530   92.309   3343.9    639.7
     1     1    10     3    31    19     0     1   -35.0   58.695   91.685   3270.9    649.8
     1     1    10     3    31    18     0     0   -36.0   58.838   91.051   3210.6    659.3
     1     1    10     3    31    17     0     1   -37.0   58.976   90.409   3151.5    662.2
     1     1    10     3    31    16     0     2   -38.0   59.109   89.768   3075.7    668.7
     1     1    10     3    31    15     0     3   -39.0   59.251   89.153   2970.7    679.7
     1     1    10     3    31    14     0     2   -40.0   59.397   88.540   2857.3    693.1
     1     1    10     3    31    13     0     1   -41.0   59.531   87.889   2762.0    701.3
     1     1    10     3    31    12     0     0   -42.0   59.670   87.198   2666.4    709.5
     1     1    10     3    31    11     0     1   -43.0   59.807   86.481   2575.1    720.0
     1     1    10     3    31    10     0     2   -44.0   59.910   85.753   2503.1    725.6
     1     1    10     3    31     9     0     3   -45.0   59.978   85.032   2431.9    731.4
     1     1    10     3    31     8     0     2   -46.0   60.034   84.314   2372.8    741.2
     1     1    10     3    31     7     0     1   -47.0   60.095   83.601   2337.4    745.6
     1     1    10     3    31     6     0     0   -48.0   60.173   82.925   2323.7    747.5
     1     1    10     3    31     5     0     1   -49.0   60.271   82.280   2318.0    748.3
     1     1    10     3    31     4     0     2   -50.0   60.376   81.651   2302.3    751.0
     1     1    10     3    31     3     0     3   -51.0   60.498   81.051   2283.8    753.4
     1     1    10     3    31     2     0     2   -52.0   60.640   80.451   2272.9    755.6
     1     1    10     3    31     1     0     1   -53.0   60.795   79.818   2274.4    756.0
     1     1    10     3    31     0     0     0   -54.0   60.949   79.175   2284.9    756.1
     1     1    10     3    30    23     0     1   -55.0   61.103   78.522   2292.6    754.8
     1     1    10     3    30    22     0     2   -56.0   61.249   77.857   2290.1    754.3
     1     1    10     3    30    21     0     3   -57.0   61.374   77.188   2277.3    755.3
     1     1    10     3    30    20     0     2   -58.0   61.485   76.525   2264.8    757.9
     1     1    10     3    30    19     0     1   -59.0   61.595   75.876   2261.6    759.3
     1     1    10     3    30    18     0     0   -60.0   61.699   75.248   2273.5    758.9
     1     1    10     3    30    17     0     1   -61.0   61.813   74.650   2295.4    755.7
     1     1    10     3    30    16     0     2   -62.0   61.959   74.095   2318.3    753.6
     1     1    10     3    30    15     0     3   -63.0   62.141   73.577   2340.7    750.4
     1     1    10     3    30    14     0     2   -64.0   62.354   73.036   2357.9    746.7
     1     1    10     3    30    13     0     1   -65.0   62.591   72.427   2368.5    743.3
     1     1    10     3    30    12     0     0   -66.0   62.853   71.753   2380.2    740.8
     1     1    10     3    30    11     0     1   -67.0   63.115   70.996   2393.5    738.4
     1     1    10     3    30    10     0     2   -68.0   63.353   70.135   2406.8    737.8
     1     1    10     3    30     9     0     3   -69.0   63.564   69.191   2426.6    736.6
     1     1    10     3    30     8     0     2   -70.0   63.741   68.197   2453.2    733.9
     1     1    10     3    30     7     0     1   -71.0   63.885   67.183   2480.2    731.6
     1     1    10     3    30     6     0     0   -72.0   64.021   66.196   2516.2    733.0
     1     1    10     3    30     5     0     1   -73.0   64.153   65.246   2509.3    733.5
     1     1    10     3    30     4     0     2   -74.0   64.281   64.281   2463.5    735.2
     1     1    10     3    30     3     0     3   -75.0   64.438   63.244   2433.9    733.0
     1     1    10     3    30     2     0     2   -76.0   64.612   62.103   2347.4    734.9
     1     1    10     3    30     1     0     1   -77.0   64.751   60.761   2321.6    703.9
     1     1    10     3    30     0     0     0   -78.0   64.824   59.190   2477.9    688.8
     1     1    10     3    29    23     0     1   -79.0   64.830   57.753   2439.0    730.2
     1     1    10     3    29    22     0     2   -80.0   64.802   56.451   2348.6    740.6
     1     1    10     3    29    21     0     3   -81.0   64.749   55.178   2317.5    740.1
     1     1    10     3    29    20     0     2   -82.0   64.683   53.934   2277.6    746.4
     1     1    10     3    29    19     0     1   -83.0   64.616   52.700   2242.8    747.3
     1     1    10     3    29    18     0     0   -84.0   64.541   51.440   2240.6    743.2
     1     1    10     3    29    17     0     1   -85.0   64.443   50.145   2249.4    737.0
     1     1    10     3    29    16     0     2   -86.0   64.328   48.861   2234.4    743.2
     1     1    10     3    29    15     0     3   -87.0   64.203   47.586   2182.2    750.4
     1     1    10     3    29    14     0     2   -88.0   64.051   46.309   2141.5    754.0
     1     1    10     3    29    13     0     1   -89.0   63.856   45.074   2111.3    760.8
     1     1    10     3    29    12     0     0   -90.0   63.627   43.878   2099.6    761.6
     1     1    10     3    29    11     0     1   -91.0   63.386   42.744   2109.4    763.3
     1     1    10     3    29    10     0     2   -92.0   63.154   41.706   2114.6    765.7
     1     1    10     3    29     9     0     3   -93.0   62.937   40.736   2125.7    758.9
     1     1    10     3    29     8     0     2   -94.0   62.718   39.778   2130.1    755.3
     1     1    10     3    29     7     0     1   -95.0   62.486   38.820   2098.8    756.1
     1     1    10     3    29     6     0     0   -96.0   62.250   37.870   2056.6    758.3
