     5     1
    GDAS    10     3     1     0     0
    GDAS    10     3     8     0     0
    GDAS    10     3    15     0     0
    GDAS    10     3    22     0     0
    GDAS    10     3    29     0     0
     1 BACKWARD OMEGA   
    10     3    24     6   39.977  116.381  3400.0
     1 PRESSURE
     1     1    10     3    24     6     0     0     0.0   39.977  116.381   3162.6    663.3
     1     1    10     3    24     5     0     1    -1.0   40.025  115.926   2703.1    676.4
     1     1    10     3    24     4     0     2    -2.0   40.071  115.573   2226.0    709.5
     1     1    10     3    24     3     0     3    -3.0   40.105  115.199   1958.5    704.2
     1     1    10     3    24     2     0     2    -4.0   40.134  114.751   1862.6    695.3
     1     1    10     3    24     1     0     1    -5.0   40.169  114.209   1859.7    694.8
     1     1    10     3    24     0     0     0    -6.0   40.240  113.576   1865.0    686.4
     1     1    10     3    23    23     0     1    -7.0   40.344  112.907   1821.2    677.1
     1     1    10     3    23    22     0     2    -8.0   40.445  112.253   1725.2    679.2
     1     1    10     3    23    21     0     3    -9.0   40.528  111.625   1600.8    692.1
     1     1    10     3    23    20     0     2   -10.0   40.605  111.049   1476.1    708.3
     1     1    10     3    23    19     0     1   -11.0   40.688  110.499   1392.3    714.9
     1     1    10     3    23    18     0     0   -12.0   40.768  109.919   1365.8    716.9
     1     1    10     3    23    17     0     1   -13.0   40.852  109.341   1336.7    731.1
     1     1    10     3    23    16     0     2   -14.0   40.958  108.803   1254.5    756.0
     1     1    10     3    23    15     0     3   -15.0   41.092  108.278   1180.4    778.3
     1     1    10     3    23    14     0     2   -16.0   41.235  107.776   1205.7    771.8
     1     1    10     3    23    13     0     1   -17.0   41.363  107.291   1304.4    744.7
     1     1    10     3    23    12     0     0   -18.0   41.483  106.790   1341.0    729.3
     1     1    10     3    23    11     0     1   -19.0   41.588  106.295   1202.6    749.5
     1     1    10     3    23    10     0     2   -20.0   41.665  105.805    993.2    786.6
     1     1    10     3    23     9     0     3   -21.0   41.740  105.288    866.7    805.8
     1     1    10     3    23     8     0     2   -22.0   41.822  104.742    844.4    801.0
     1     1    10     3    23     7     0     1   -23.0   41.897  104.186    866.7    793.5
     1     1    10     3    23     6     0     0   -24.0   41.962  103.635    904.9    787.7
     1     1    10     3    23     5     0     1   -25.0   42.026  103.101    945.2    783.0
     1     1    10     3    23     4     0     2   -26.0   42.114  102.603    986.3    783.3
     1     1    10     3    23     3     0     3   -27.0   42.246  102.159   1001.1    779.7
     1     1    10     3    23     2     0     2   -28.0   42.415  101.746    990.9    774.7
     1     1    10     3    23     1     0     1   -29.0   42.626  101.295   1042.9    759.2
     1     1    10     3    23     0     0     0   -30.0   42.861  100.723   1239.4    731.3
     1     1    10     3    22    23     0     1   -31.0   43.078  100.043   1476.2    711.0
     1     1    10     3    22    22     0     2   -32.0   43.280   99.352   1622.8    696.0
     1     1    10     3    22    21     0     3   -33.0   43.479   98.671   1670.7    692.4
     1     1    10     3    22    20     0     2   -34.0   43.678   97.981   1674.9    698.9
     1     1    10     3    22    19     0     1   -35.0   43.869   97.277   1723.2    705.3
     1     1    10     3    22    18     0     0   -36.0   44.058   96.562   1828.9    699.0
     1     1    10     3    22    17     0     1   -37.0   44.274   95.826   1964.9    686.5
     1     1    10     3    22    16     0     2   -38.0   44.553   95.087   2165.0    667.5
     1     1    10     3    22    15     0     3   -39.0   44.892   94.280   2369.5    618.7
     1     1    10     3    22    14     0     2   -40.0   45.261   93.348   2534.4    600.5
     1     1    10     3    22    13     0     1   -41.0   45.595   92.275   2685.5    593.5
     1     1    10     3    22    12     0     0   -42.0   45.868   91.170   2812.1    605.5
     1     1    10     3    22    11     0     1   -43.0   46.112   90.101   2942.9    597.2
     1     1    10     3    22    10     0     2   -44.0   46.354   89.081   3049.8    612.1
     1     1    10     3    22     9     0     3   -45.0   46.579   88.130   3102.5    632.2
     1     1    10     3    22     8     0     2   -46.0   46.771   87.230   3077.8    630.4
     1     1    10     3    22     7     0     1   -47.0   46.959   86.242   3011.1    573.3
     1     1    10     3    22     6     0     0   -48.0   47.148   85.090   3058.3    550.7
     1     1    10     3    22     5     0     1   -49.0   47.282   84.002   3148.7    590.3
     1     1    10     3    22     4     0     2   -50.0   47.380   82.988   3123.6    606.0
     1     1    10     3    22     3     0     3   -51.0   47.483   81.986   3029.0    614.0
     1     1    10     3    22     2     0     2   -52.0   47.588   80.997   2980.4    634.4
     1     1    10     3    22     1     0     1   -53.0   47.668   80.029   2960.2    647.1
     1     1    10     3    22     0     0     0   -54.0   47.727   79.058   2898.1    650.9
     1     1    10     3    21    23     0     1   -55.0   47.783   78.085   2798.5    659.9
     1     1    10     3    21    22     0     2   -56.0   47.835   77.118   2712.6    663.4
     1     1    10     3    21    21     0     3   -57.0   47.876   76.164   2677.8    671.2
     1     1    10     3    21    20     0     2   -58.0   47.903   75.248   2659.5    667.0
     1     1    10     3    21    19     0     1   -59.0   47.941   74.351   2677.7    661.6
     1     1    10     3    21    18     0     0   -60.0   47.997   73.463   2648.1    660.4
     1     1    10     3    21    17     0     1   -61.0   48.075   72.566   2635.5    663.2
     1     1    10     3    21    16     0     2   -62.0   48.143   71.693   2626.1    676.9
     1     1    10     3    21    15     0     3   -63.0   48.167   70.869   2630.7    688.6
     1     1    10     3    21    14     0     2   -64.0   48.181   70.067   2623.5    696.7
     1     1    10     3    21    13     0     1   -65.0   48.233   69.228   2593.7    699.7
     1     1    10     3    21    12     0     0   -66.0   48.311   68.314   2522.8    700.5
     1     1    10     3    21    11     0     1   -67.0   48.383   67.368   2416.8    706.4
     1     1    10     3    21    10     0     2   -68.0   48.449   66.417   2373.4    716.9
     1     1    10     3    21     9     0     3   -69.0   48.505   65.490   2342.6    735.5
     1     1    10     3    21     8     0     2   -70.0   48.564   64.602   2307.1    748.4
     1     1    10     3    21     7     0     1   -71.0   48.635   63.742   2268.4    757.0
     1     1    10     3    21     6     0     0   -72.0   48.722   62.878   2253.1    759.5
     1     1    10     3    21     5     0     1   -73.0   48.831   61.989   2255.8    757.3
     1     1    10     3    21     4     0     2   -74.0   48.967   61.082   2266.0    750.0
     1     1    10     3    21     3     0     3   -75.0   49.133   60.171   2261.3    747.6
     1     1    10     3    21     2     0     2   -76.0   49.304   59.252   2224.6    741.7
     1     1    10     3    21     1     0     1   -77.0   49.466   58.291   2220.6    738.4
     1     1    10     3    21     0     0     0   -78.0   49.623   57.308   2213.4    742.4
     1     1    10     3    20    23     0     1   -79.0   49.766   56.353   2202.6    748.6
     1     1    10     3    20    22     0     2   -80.0   49.883   55.445   2185.3    754.2
     1     1    10     3    20    21     0     3   -81.0   50.006   54.560   2154.3    760.6
     1     1    10     3    20    20     0     2   -82.0   50.139   53.708   2113.4    769.4
     1     1    10     3    20    19     0     1   -83.0   50.279   52.890   2060.8    778.3
     1     1    10     3    20    18     0     0   -84.0   50.437   52.094   2029.0    784.3
     1     1    10     3    20    17     0     1   -85.0   50.615   51.305   2028.7    784.2
     1     1    10     3    20    16     0     2   -86.0   50.821   50.503   2064.7    778.5
     1     1    10     3    20    15     0     3   -87.0   51.071   49.673   2133.1    768.8
     1     1    10     3    20    14     0     2   -88.0   51.328   48.815   2174.2    764.6
     1     1    10     3    20    13     0     1   -89.0   51.571   47.940   2176.0    765.2
     1     1    10     3    20    12     0     0   -90.0   51.834   47.055   2164.9    765.2
     1     1    10     3    20    11     0     1   -91.0   52.098   46.177   2159.6    758.5
     1     1    10     3    20    10     0     2   -92.0   52.361   45.313   2152.9    751.7
     1     1    10     3    20     9     0     3   -93.0   52.647   44.458   2133.4    753.3
     1     1    10     3    20     8     0     2   -94.0   52.933   43.619   2113.7    757.0
     1     1    10     3    20     7     0     1   -95.0   53.212   42.799   2111.5    759.6
     1     1    10     3    20     6     0     0   -96.0   53.504   41.987   2103.0    761.8
