     5     1
    GDAS    10     3     1     0     0
    GDAS    10     3     8     0     0
    GDAS    10     3    15     0     0
    GDAS    10     3    22     0     0
    GDAS    10     3    29     0     0
     1 BACKWARD OMEGA   
    10     3    24     0   39.977  116.381  3600.0
     1 PRESSURE
     1     1    10     3    24     0     0     0     0.0   39.977  116.381   3362.6    647.2
     1     1    10     3    23    23     0     1    -1.0   40.016  115.764   3241.0    627.9
     1     1    10     3    23    22     0     2    -2.0   40.106  115.014   3133.0    586.2
     1     1    10     3    23    21     0     3    -3.0   40.238  114.103   3200.7    578.3
     1     1    10     3    23    20     0     2    -4.0   40.333  113.125   3184.4    566.7
     1     1    10     3    23    19     0     1    -5.0   40.385  112.171   3077.6    569.0
     1     1    10     3    23    18     0     0    -6.0   40.411  111.232   3007.2    583.4
     1     1    10     3    23    17     0     1    -7.0   40.411  110.367   2933.5    589.5
     1     1    10     3    23    16     0     2    -8.0   40.392  109.563   2930.9    592.0
     1     1    10     3    23    15     0     3    -9.0   40.345  108.808   2983.1    594.3
     1     1    10     3    23    14     0     2   -10.0   40.310  108.115   3028.0    593.9
     1     1    10     3    23    13     0     1   -11.0   40.327  107.465   3051.7    590.9
     1     1    10     3    23    12     0     0   -12.0   40.389  106.818   3058.6    586.6
     1     1    10     3    23    11     0     1   -13.0   40.481  106.171   3029.6    589.6
     1     1    10     3    23    10     0     2   -14.0   40.604  105.524   2951.7    594.2
     1     1    10     3    23     9     0     3   -15.0   40.749  104.874   2836.8    607.6
     1     1    10     3    23     8     0     2   -16.0   40.898  104.222   2721.9    619.7
     1     1    10     3    23     7     0     1   -17.0   41.044  103.553   2691.8    623.2
     1     1    10     3    23     6     0     0   -18.0   41.189  102.841   2761.0    618.3
     1     1    10     3    23     5     0     1   -19.0   41.338  102.072   2865.4    614.9
     1     1    10     3    23     4     0     2   -20.0   41.488  101.278   2928.0    618.8
     1     1    10     3    23     3     0     3   -21.0   41.625  100.477   2955.8    616.8
     1     1    10     3    23     2     0     2   -22.0   41.740   99.674   2967.6    608.1
     1     1    10     3    23     1     0     1   -23.0   41.826   98.891   2917.5    597.3
     1     1    10     3    23     0     0     0   -24.0   41.886   98.117   2850.0    588.3
     1     1    10     3    22    23     0     1   -25.0   41.916   97.351   2782.1    574.7
     1     1    10     3    22    22     0     2   -26.0   41.923   96.596   2692.3    565.7
     1     1    10     3    22    21     0     3   -27.0   41.924   95.845   2575.8    570.4
     1     1    10     3    22    20     0     2   -28.0   41.931   95.189   2511.0    613.8
     1     1    10     3    22    19     0     1   -29.0   41.938   94.696   2482.3    638.3
     1     1    10     3    22    18     0     0   -30.0   41.931   94.332   2480.2    650.2
     1     1    10     3    22    17     0     1   -31.0   41.920   94.050   2468.0    657.9
     1     1    10     3    22    16     0     2   -32.0   41.926   93.819   2417.5    665.7
     1     1    10     3    22    15     0     3   -33.0   41.938   93.635   2355.5    672.8
     1     1    10     3    22    14     0     2   -34.0   41.954   93.490   2299.9    679.5
     1     1    10     3    22    13     0     1   -35.0   41.976   93.374   2257.9    684.3
     1     1    10     3    22    12     0     0   -36.0   42.004   93.279   2225.4    688.0
     1     1    10     3    22    11     0     1   -37.0   42.033   93.161   2201.4    691.0
     1     1    10     3    22    10     0     2   -38.0   42.053   92.984   2188.9    693.6
     1     1    10     3    22     9     0     3   -39.0   42.067   92.745   2169.7    693.6
     1     1    10     3    22     8     0     2   -40.0   42.072   92.472   2147.0    696.0
     1     1    10     3    22     7     0     1   -41.0   42.055   92.189   2135.2    696.0
     1     1    10     3    22     6     0     0   -42.0   42.007   91.885   2140.5    690.9
     1     1    10     3    22     5     0     1   -43.0   41.943   91.562   2129.3    681.7
     1     1    10     3    22     4     0     2   -44.0   41.881   91.256   2074.1    682.7
     1     1    10     3    22     3     0     3   -45.0   41.822   90.978   1986.1    689.4
     1     1    10     3    22     2     0     2   -46.0   41.762   90.737   1893.6    703.8
     1     1    10     3    22     1     0     1   -47.0   41.689   90.532   1803.6    714.2
     1     1    10     3    22     0     0     0   -48.0   41.601   90.364   1707.4    723.8
     1     1    10     3    21    23     0     1   -49.0   41.517   90.247   1607.9    733.4
     1     1    10     3    21    22     0     2   -50.0   41.456   90.182   1512.0    742.0
     1     1    10     3    21    21     0     3   -51.0   41.414   90.164   1420.4    750.8
     1     1    10     3    21    20     0     2   -52.0   41.388   90.190   1358.1    759.3
     1     1    10     3    21    19     0     1   -53.0   41.373   90.249   1345.5    761.4
     1     1    10     3    21    18     0     0   -54.0   41.367   90.332   1381.1    759.5
     1     1    10     3    21    17     0     1   -55.0   41.372   90.438   1422.4    752.9
     1     1    10     3    21    16     0     2   -56.0   41.401   90.578   1436.2    753.5
     1     1    10     3    21    15     0     3   -57.0   41.461   90.749   1442.6    754.3
     1     1    10     3    21    14     0     2   -58.0   41.547   90.926   1482.5    750.9
     1     1    10     3    21    13     0     1   -59.0   41.651   91.076   1564.2    738.2
     1     1    10     3    21    12     0     0   -60.0   41.786   91.189   1676.4    723.7
     1     1    10     3    21    11     0     1   -61.0   41.980   91.220   1831.0    705.9
     1     1    10     3    21    10     0     2   -62.0   42.234   91.099   2037.7    698.7
     1     1    10     3    21     9     0     3   -63.0   42.517   90.829   2258.5    697.5
     1     1    10     3    21     8     0     2   -64.0   42.786   90.488   2396.9    688.3
     1     1    10     3    21     7     0     1   -65.0   43.007   90.147   2370.6    687.8
     1     1    10     3    21     6     0     0   -66.0   43.204   89.827   2216.6    705.4
     1     1    10     3    21     5     0     1   -67.0   43.455   89.438   2053.6    719.2
     1     1    10     3    21     4     0     2   -68.0   43.785   88.868   1866.8    694.0
     1     1    10     3    21     3     0     3   -69.0   44.088   88.231   1807.9    700.2
     1     1    10     3    21     2     0     2   -70.0   44.339   87.650   1897.3    721.2
     1     1    10     3    21     1     0     1   -71.0   44.582   87.142   1869.0    751.6
     1     1    10     3    21     0     0     0   -72.0   44.881   86.646   1662.7    786.4
     1     1    10     3    20    23     0     1   -73.0   45.248   86.065   1448.6    824.3
     1     1    10     3    20    22     0     2   -74.0   45.619   85.345   1350.6    834.0
     1     1    10     3    20    21     0     3   -75.0   45.972   84.219   1719.8    720.0
     1     1    10     3    20    20     0     2   -76.0   46.232   82.986   2163.6    666.5
     1     1    10     3    20    19     0     1   -77.0   46.335   81.847   2251.3    702.0
     1     1    10     3    20    18     0     0   -78.0   46.382   80.739   2397.2    701.2
     1     1    10     3    20    17     0     1   -79.0   46.406   79.758   2425.3    717.0
     1     1    10     3    20    16     0     2   -80.0   46.405   78.878   2383.3    722.1
     1     1    10     3    20    15     0     3   -81.0   46.390   77.987   2389.9    719.0
     1     1    10     3    20    14     0     2   -82.0   46.387   77.067   2408.5    721.2
     1     1    10     3    20    13     0     1   -83.0   46.409   76.144   2406.3    721.7
     1     1    10     3    20    12     0     0   -84.0   46.429   75.231   2402.9    721.7
     1     1    10     3    20    11     0     1   -85.0   46.452   74.340   2401.5    720.6
     1     1    10     3    20    10     0     2   -86.0   46.493   73.446   2421.7    712.2
     1     1    10     3    20     9     0     3   -87.0   46.551   72.493   2518.7    695.5
     1     1    10     3    20     8     0     2   -88.0   46.641   71.491   2632.8    686.7
     1     1    10     3    20     7     0     1   -89.0   46.745   70.472   2707.3    686.4
     1     1    10     3    20     6     0     0   -90.0   46.841   69.422   2788.3    685.7
     1     1    10     3    20     5     0     1   -91.0   46.922   68.384   2859.3    681.9
     1     1    10     3    20     4     0     2   -92.0   46.996   67.365   2920.6    672.8
     1     1    10     3    20     3     0     3   -93.0   47.064   66.361   2968.7    670.2
     1     1    10     3    20     2     0     2   -94.0   47.142   65.373   3041.7    673.7
     1     1    10     3    20     1     0     1   -95.0   47.245   64.403   3076.9    676.0
     1     1    10     3    20     0     0     0   -96.0   47.353   63.420   3070.3    679.5
