     5     1
    GDAS    10     3     1     0     0
    GDAS    10     3     8     0     0
    GDAS    10     3    15     0     0
    GDAS    10     3    22     0     0
    GDAS    10     3    29     0     0
     1 BACKWARD OMEGA   
    10     3    30    12   39.977  116.381  6000.0
     1 PRESSURE
     1     1    10     3    30    12     0     0     0.0   39.977  116.381   5761.5    469.9
     1     1    10     3    30    11     0     1    -1.0   39.853  115.468   5682.5    444.5
     1     1    10     3    30    10     0     2    -2.0   39.733  114.417   5683.2    424.3
     1     1    10     3    30     9     0     3    -3.0   39.650  113.274   5922.2    396.7
     1     1    10     3    30     8     0     2    -4.0   39.572  112.115   5997.7    380.9
     1     1    10     3    30     7     0     1    -5.0   39.500  110.988   6061.3    398.7
     1     1    10     3    30     6     0     0    -6.0   39.472  109.907   6071.6    390.6
     1     1    10     3    30     5     0     1    -7.0   39.418  108.870   6157.3    380.3
     1     1    10     3    30     4     0     2    -8.0   39.332  107.885   6275.5    372.8
     1     1    10     3    30     3     0     3    -9.0   39.296  106.990   6358.6    374.8
     1     1    10     3    30     2     0     2   -10.0   39.322  106.158   6343.3    369.4
     1     1    10     3    30     1     0     1   -11.0   39.390  105.340   6426.3    366.0
     1     1    10     3    30     0     0     0   -12.0   39.521  104.522   6623.9    353.6
     1     1    10     3    29    23     0     1   -13.0   39.680  103.659   6832.7    340.0
     1     1    10     3    29    22     0     2   -14.0   39.836  102.777   6976.8    332.4
     1     1    10     3    29    21     0     3   -15.0   39.983  101.954   7088.1    333.9
     1     1    10     3    29    20     0     2   -16.0   40.119  101.181   7127.2    333.2
     1     1    10     3    29    19     0     1   -17.0   40.266  100.436   7169.1    331.3
     1     1    10     3    29    18     0     0   -18.0   40.434   99.721   7259.0    327.5
     1     1    10     3    29    17     0     1   -19.0   40.616   99.002   7337.2    319.0
     1     1    10     3    29    16     0     2   -20.0   40.810   98.287   7373.5    311.4
     1     1    10     3    29    15     0     3   -21.0   41.021   97.642   7431.4    303.7
     1     1    10     3    29    14     0     2   -22.0   41.235   97.012   7485.4    290.9
     1     1    10     3    29    13     0     1   -23.0   41.445   96.340   7576.0    283.9
     1     1    10     3    29    12     0     0   -24.0   41.658   95.662   7709.1    282.4
     1     1    10     3    29    11     0     1   -25.0   41.880   95.029   7955.2    287.5
     1     1    10     3    29    10     0     2   -26.0   42.119   94.498   8114.6    286.5
     1     1    10     3    29     9     0     3   -27.0   42.363   94.053   8148.5    279.9
     1     1    10     3    29     8     0     2   -28.0   42.594   93.611   8235.7    280.2
     1     1    10     3    29     7     0     1   -29.0   42.821   93.163   8403.1    290.5
     1     1    10     3    29     6     0     0   -30.0   43.073   92.774   8451.8    297.0
     1     1    10     3    29     5     0     1   -31.0   43.346   92.384   8354.7    290.0
     1     1    10     3    29     4     0     2   -32.0   43.634   91.932   8315.3    277.8
     1     1    10     3    29     3     0     3   -33.0   43.962   91.433   8317.3    266.8
     1     1    10     3    29     2     0     2   -34.0   44.336   90.879   8459.5    268.4
     1     1    10     3    29     1     0     1   -35.0   44.761   90.271   8589.1    270.8
     1     1    10     3    29     0     0     0   -36.0   45.256   89.600   8702.2    271.1
     1     1    10     3    28    23     0     1   -37.0   45.780   88.836   8785.5    273.1
     1     1    10     3    28    22     0     2   -38.0   46.317   87.960   8872.4    279.2
     1     1    10     3    28    21     0     3   -39.0   46.849   86.928   8827.9    273.1
     1     1    10     3    28    20     0     2   -40.0   47.382   85.755   8755.9    256.6
     1     1    10     3    28    19     0     1   -41.0   47.987   84.466   9266.7    270.7
     1     1    10     3    28    18     0     0   -42.0   48.603   83.047   9277.6    260.5
     1     1    10     3    28    17     0     1   -43.0   49.211   81.401   9357.9    258.2
     1     1    10     3    28    16     0     2   -44.0   49.918   79.722   9364.8    268.5
     1     1    10     3    28    15     0     3   -45.0   50.745   78.002   9369.6    271.0
     1     1    10     3    28    14     0     2   -46.0   51.561   76.094   9394.7    271.8
     1     1    10     3    28    13     0     1   -47.0   52.414   74.049   9399.8    271.4
     1     1    10     3    28    12     0     0   -48.0   53.388   71.901   9330.3    274.3
     1     1    10     3    28    11     0     1   -49.0   54.325   69.686   9235.7    278.4
     1     1    10     3    28    10     0     2   -50.0   55.309   67.454   9202.4    279.5
     1     1    10     3    28     9     0     3   -51.0   56.424   65.144   9164.5    281.8
     1     1    10     3    28     8     0     2   -52.0   57.608   62.733   9085.4    283.9
     1     1    10     3    28     7     0     1   -53.0   58.764   60.106   9113.8    278.1
     1     1    10     3    28     6     0     0   -54.0   59.911   57.388   9026.0    280.5
     1     1    10     3    28     5     0     1   -55.0   60.993   54.605   9008.3    284.4
     1     1    10     3    28     4     0     2   -56.0   61.917   51.778   8939.2    288.7
     1     1    10     3    28     3     0     3   -57.0   62.669   48.975   8818.8    292.9
     1     1    10     3    28     2     0     2   -58.0   63.307   46.301   8708.7    298.8
     1     1    10     3    28     1     0     1   -59.0   63.853   43.705   8663.0    303.7
     1     1    10     3    28     0     0     0   -60.0   64.251   41.224   8634.3    307.6
     1     1    10     3    27    23     0     1   -61.0   64.555   38.840   8632.0    307.2
     1     1    10     3    27    22     0     2   -62.0   64.768   36.561   8655.7    307.1
     1     1    10     3    27    21     0     3   -63.0   64.888   34.415   8707.2    304.8
     1     1    10     3    27    20     0     2   -64.0   64.952   32.393   8755.7    298.7
     1     1    10     3    27    19     0     1   -65.0   64.936   30.495   8782.4    295.3
     1     1    10     3    27    18     0     0   -66.0   64.845   28.757   8761.4    294.8
     1     1    10     3    27    17     0     1   -67.0   64.726   27.134   8768.1    298.2
     1     1    10     3    27    16     0     2   -68.0   64.576   25.623   8757.7    301.4
     1     1    10     3    27    15     0     3   -69.0   64.383   24.241   8727.3    305.1
     1     1    10     3    27    14     0     2   -70.0   64.170   23.002   8700.6    307.6
     1     1    10     3    27    13     0     1   -71.0   63.944   21.943   8648.7    310.7
     1     1    10     3    27    12     0     0   -72.0   63.705   21.004   8552.8    313.6
     1     1    10     3    27    11     0     1   -73.0   63.471   20.152   8497.2    315.9
     1     1    10     3    27    10     0     2   -74.0   63.247   19.397   8514.3    315.2
     1     1    10     3    27     9     0     3   -75.0   63.028   18.743   8570.5    313.2
     1     1    10     3    27     8     0     2   -76.0   62.813   18.140   8625.6    309.2
     1     1    10     3    27     7     0     1   -77.0   62.595   17.542   8670.4    304.8
     1     1    10     3    27     6     0     0   -78.0   62.378   16.961   8714.7    301.5
     1     1    10     3    27     5     0     1   -79.0   62.170   16.361   8747.6    296.3
     1     1    10     3    27     4     0     2   -80.0   61.966   15.720   8729.9    293.2
     1     1    10     3    27     3     0     3   -81.0   61.763   15.054   8657.7    295.3
     1     1    10     3    27     2     0     2   -82.0   61.551   14.354   8566.1    298.1
     1     1    10     3    27     1     0     1   -83.0   61.309   13.641   8530.1    298.0
     1     1    10     3    27     0     0     0   -84.0   61.025   12.979   8562.9    296.9
     1     1    10     3    26    23     0     1   -85.0   60.691   12.322   8646.7    295.2
     1     1    10     3    26    22     0     2   -86.0   60.312   11.673   8688.5    296.6
     1     1    10     3    26    21     0     3   -87.0   59.906   11.154   8699.0    300.5
     1     1    10     3    26    20     0     2   -88.0   59.463   10.703   8734.1    305.3
     1     1    10     3    26    19     0     1   -89.0   58.946   10.243   8842.2    304.1
     1     1    10     3    26    18     0     0   -90.0   58.364    9.803   8901.8    298.7
     1     1    10     3    26    17     0     1   -91.0   57.702    9.387   8891.2    300.3
     1     1    10     3    26    16     0     2   -92.0   56.952    8.975   8841.6    305.6
     1     1    10     3    26    15     0     3   -93.0   56.135    8.532   8802.2    306.4
     1     1    10     3    26    14     0     2   -94.0   55.286    8.142   8629.4    314.7
     1     1    10     3    26    13     0     1   -95.0   54.450    7.832   8331.9    332.1
     1     1    10     3    26    12     0     0   -96.0   53.613    7.463   8079.2    343.0
