     5     1
    GDAS    10     3     1     0     0
    GDAS    10     3     8     0     0
    GDAS    10     3    15     0     0
    GDAS    10     3    22     0     0
    GDAS    10     3    29     0     0
     1 BACKWARD OMEGA   
    10     3    18    18   39.977  116.381  3200.0
     1 PRESSURE
     1     1    10     3    18    18     0     0     0.0   39.977  116.381   2960.4    679.2
     1     1    10     3    18    17     0     1    -1.0   40.206  115.528   2796.2    641.5
     1     1    10     3    18    16     0     2    -2.0   40.505  114.682   2728.8    612.7
     1     1    10     3    18    15     0     3    -3.0   40.847  113.842   2591.3    616.3
     1     1    10     3    18    14     0     2    -4.0   41.215  112.939   2447.9    615.3
     1     1    10     3    18    13     0     1    -5.0   41.601  111.989   2541.9    614.0
     1     1    10     3    18    12     0     0    -6.0   42.006  111.020   2680.4    618.4
     1     1    10     3    18    11     0     1    -7.0   42.390  110.051   2705.4    616.1
     1     1    10     3    18    10     0     2    -8.0   42.773  109.069   2676.1    620.4
     1     1    10     3    18     9     0     3    -9.0   43.160  108.052   2747.8    637.8
     1     1    10     3    18     8     0     2   -10.0   43.529  107.066   2669.4    625.3
     1     1    10     3    18     7     0     1   -11.0   43.910  106.116   2499.8    624.4
     1     1    10     3    18     6     0     0   -12.0   44.297  105.153   2390.5    636.8
     1     1    10     3    18     5     0     1   -13.0   44.695  104.226   2363.2    640.1
     1     1    10     3    18     4     0     2   -14.0   45.098  103.314   2228.3    650.7
     1     1    10     3    18     3     0     3   -15.0   45.527  102.318   2001.0    636.6
     1     1    10     3    18     2     0     2   -16.0   45.993  101.144   2176.7    598.0
     1     1    10     3    18     1     0     1   -17.0   46.472   99.890   2487.2    568.1
     1     1    10     3    18     0     0     0   -18.0   46.939   98.536   2759.5    532.7
     1     1    10     3    17    23     0     1   -19.0   47.399   96.993   3091.2    515.6
     1     1    10     3    17    22     0     2   -20.0   47.829   95.446   2889.4    556.4
     1     1    10     3    17    21     0     3   -21.0   48.186   93.924   2518.6    625.9
     1     1    10     3    17    20     0     2   -22.0   48.384   92.344   2151.4    655.8
     1     1    10     3    17    19     0     1   -23.0   48.446   90.550   2458.7    557.2
     1     1    10     3    17    18     0     0   -24.0   48.382   88.649   2705.4    538.0
     1     1    10     3    17    17     0     1   -25.0   48.291   86.951   2566.3    632.7
     1     1    10     3    17    16     0     2   -26.0   48.209   85.608   2430.8    692.5
     1     1    10     3    17    15     0     3   -27.0   48.127   84.454   2297.7    723.0
     1     1    10     3    17    14     0     2   -28.0   48.030   83.372   2115.8    748.3
     1     1    10     3    17    13     0     1   -29.0   47.859   82.251   1933.3    727.4
     1     1    10     3    17    12     0     0   -30.0   47.618   81.078   1717.5    744.9
     1     1    10     3    17    11     0     1   -31.0   47.392   80.006   1555.9    789.2
     1     1    10     3    17    10     0     2   -32.0   47.185   79.000   1455.8    798.8
     1     1    10     3    17     9     0     3   -33.0   47.004   78.077   1356.9    799.2
     1     1    10     3    17     8     0     2   -34.0   46.850   77.194   1298.8    813.5
     1     1    10     3    17     7     0     1   -35.0   46.703   76.343   1263.8    822.9
     1     1    10     3    17     6     0     0   -36.0   46.565   75.538   1248.3    825.7
     1     1    10     3    17     5     0     1   -37.0   46.435   74.719   1209.4    828.4
     1     1    10     3    17     4     0     2   -38.0   46.335   73.852   1111.0    837.6
     1     1    10     3    17     3     0     3   -39.0   46.296   72.937   1072.9    833.5
     1     1    10     3    17     2     0     2   -40.0   46.250   71.977   1108.1    827.3
     1     1    10     3    17     1     0     1   -41.0   46.130   71.027   1086.7    837.7
     1     1    10     3    17     0     0     0   -42.0   46.006   70.166   1033.5    849.5
     1     1    10     3    16    23     0     1   -43.0   45.909   69.376   1024.1    856.4
     1     1    10     3    16    22     0     2   -44.0   45.805   68.636    999.9    863.1
     1     1    10     3    16    21     0     3   -45.0   45.666   67.981    958.4    869.8
     1     1    10     3    16    20     0     2   -46.0   45.499   67.365    871.0    879.3
     1     1    10     3    16    19     0     1   -47.0   45.333   66.754    773.8    897.7
     1     1    10     3    16    18     0     0   -48.0   45.196   66.198    717.9    905.8
     1     1    10     3    16    17     0     1   -49.0   45.075   65.681    669.4    907.7
     1     1    10     3    16    16     0     2   -50.0   44.963   65.175    615.3    914.4
     1     1    10     3    16    15     0     3   -51.0   44.840   64.662    574.5    920.5
     1     1    10     3    16    14     0     2   -52.0   44.692   64.188    531.1    926.3
     1     1    10     3    16    13     0     1   -53.0   44.519   63.772    479.4    932.5
     1     1    10     3    16    12     0     0   -54.0   44.322   63.397    434.7    938.7
     1     1    10     3    16    11     0     1   -55.0   44.098   63.055    413.5    943.1
     1     1    10     3    16    10     0     2   -56.0   43.853   62.736    401.9    943.5
     1     1    10     3    16     9     0     3   -57.0   43.590   62.442    382.7    945.9
     1     1    10     3    16     8     0     2   -58.0   43.322   62.172    362.0    949.5
     1     1    10     3    16     7     0     1   -59.0   43.069   61.916    342.8    952.6
     1     1    10     3    16     6     0     0   -60.0   42.832   61.657    326.4    955.0
     1     1    10     3    16     5     0     1   -61.0   42.597   61.371    312.8    956.7
     1     1    10     3    16     4     0     2   -62.0   42.350   61.042    294.5    959.6
     1     1    10     3    16     3     0     3   -63.0   42.093   60.679    274.7    961.8
     1     1    10     3    16     2     0     2   -64.0   41.824   60.329    259.2    960.6
     1     1    10     3    16     1     0     1   -65.0   41.517   60.031    236.1    959.4
     1     1    10     3    16     0     0     0   -66.0   41.167   59.787    205.3    963.2
     1     1    10     3    15    23     0     1   -67.0   40.801   59.601    184.9    968.4
     1     1    10     3    15    22     0     2   -68.0   40.436   59.468    182.5    968.5
     1     1    10     3    15    21     0     3   -69.0   40.065   59.380    191.4    966.7
     1     1    10     3    15    20     0     2   -70.0   39.706   59.328    205.7    965.3
     1     1    10     3    15    19     0     1   -71.0   39.370   59.317    225.5    964.5
     1     1    10     3    15    18     0     0   -72.0   39.036   59.351    259.5    962.7
     1     1    10     3    15    17     0     1   -73.0   38.727   59.417    304.7    957.3
     1     1    10     3    15    16     0     2   -74.0   38.474   59.499    352.6    952.0
     1     1    10     3    15    15     0     3   -75.0   38.267   59.603    396.9    947.3
     1     1    10     3    15    14     0     2   -76.0   38.112   59.704    431.6    943.3
     1     1    10     3    15    13     0     1   -77.0   38.014   59.777    467.9    939.9
     1     1    10     3    15    12     0     0   -78.0   37.968   59.817    519.0    932.0
     1     1    10     3    15    11     0     1   -79.0   37.936   59.803    580.7    922.1
     1     1    10     3    15    10     0     2   -80.0   37.900   59.719    627.2    913.8
     1     1    10     3    15     9     0     3   -81.0   37.873   59.558    678.7    905.0
     1     1    10     3    15     8     0     2   -82.0   37.848   59.334    768.3    890.3
     1     1    10     3    15     7     0     1   -83.0   37.823   59.055    911.3    868.6
     1     1    10     3    15     6     0     0   -84.0   37.849   58.689   1073.3    832.5
     1     1    10     3    15     5     0     1   -85.0   37.908   58.291   1167.8    804.4
     1     1    10     3    15     4     0     2   -86.0   37.971   57.884   1209.0    785.7
     1     1    10     3    15     3     0     3   -87.0   38.030   57.432   1256.3    775.2
     1     1    10     3    15     2     0     2   -88.0   38.060   56.930   1309.0    762.8
     1     1    10     3    15     1     0     1   -89.0   38.059   56.442   1350.2    789.2
     1     1    10     3    15     0     0     0   -90.0   38.046   56.016   1354.7    815.4
     1     1    10     3    14    23     0     1   -91.0   38.001   55.687   1342.2    829.7
     1     1    10     3    14    22     0     2   -92.0   37.899   55.467   1324.6    830.1
     1     1    10     3    14    21     0     3   -93.0   37.748   55.332   1291.1    828.2
     1     1    10     3    14    20     0     2   -94.0   37.592   55.225   1253.4    825.1
     1     1    10     3    14    19     0     1   -95.0   37.471   55.137   1218.4    823.8
     1     1    10     3    14    18     0     0   -96.0   37.382   55.087   1179.5    823.0
