     5     1
    GDAS    10     3     1     0     0
    GDAS    10     3     8     0     0
    GDAS    10     3    15     0     0
    GDAS    10     3    22     0     0
    GDAS    10     3    29     0     0
     1 BACKWARD OMEGA   
    10     3    21    12   39.977  116.381  3400.0
     1 PRESSURE
     1     1    10     3    21    12     0     0     0.0   39.977  116.381   3160.0    661.3
     1     1    10     3    21    11     0     1    -1.0   40.106  115.452   2998.1    624.5
     1     1    10     3    21    10     0     2    -2.0   40.219  114.213   3064.6    586.2
     1     1    10     3    21     9     0     3    -3.0   40.296  112.819   2954.1    584.1
     1     1    10     3    21     8     0     2    -4.0   40.338  111.480   2807.1    599.5
     1     1    10     3    21     7     0     1    -5.0   40.295  110.242   2760.7    604.3
     1     1    10     3    21     6     0     0    -6.0   40.168  109.002   2723.3    609.4
     1     1    10     3    21     5     0     1    -7.0   40.027  107.904   2589.7    621.1
     1     1    10     3    21     4     0     2    -8.0   39.902  106.997   2477.0    639.6
     1     1    10     3    21     3     0     3    -9.0   39.766  106.191   2496.7    644.3
     1     1    10     3    21     2     0     2   -10.0   39.607  105.458   2552.5    627.1
     1     1    10     3    21     1     0     1   -11.0   39.452  104.829   2563.5    622.7
     1     1    10     3    21     0     0     0   -12.0   39.294  104.292   2521.9    625.1
     1     1    10     3    20    23     0     1   -13.0   39.178  103.849   2443.0    635.8
     1     1    10     3    20    22     0     2   -14.0   39.149  103.473   2361.5    642.8
     1     1    10     3    20    21     0     3   -15.0   39.198  103.135   2281.5    648.4
     1     1    10     3    20    20     0     2   -16.0   39.298  102.818   2224.7    651.5
     1     1    10     3    20    19     0     1   -17.0   39.437  102.498   2217.3    649.2
     1     1    10     3    20    18     0     0   -18.0   39.624  102.169   2262.6    647.5
     1     1    10     3    20    17     0     1   -19.0   39.852  101.794   2331.3    646.1
     1     1    10     3    20    16     0     2   -20.0   40.104  101.347   2350.3    647.6
     1     1    10     3    20    15     0     3   -21.0   40.376  100.858   2279.7    658.0
     1     1    10     3    20    14     0     2   -22.0   40.662  100.348   2144.8    672.5
     1     1    10     3    20    13     0     1   -23.0   40.948   99.793   2006.1    683.0
     1     1    10     3    20    12     0     0   -24.0   41.222   99.116   1945.3    681.1
     1     1    10     3    20    11     0     1   -25.0   41.420   98.301   2002.2    664.7
     1     1    10     3    20    10     0     2   -26.0   41.498   97.433   2035.5    640.8
     1     1    10     3    20     9     0     3   -27.0   41.472   96.537   1829.0    645.4
     1     1    10     3    20     8     0     2   -28.0   41.405   95.682   1627.5    672.3
     1     1    10     3    20     7     0     1   -29.0   41.321   94.971   1554.4    698.8
     1     1    10     3    20     6     0     0   -30.0   41.193   94.388   1568.3    711.8
     1     1    10     3    20     5     0     1   -31.0   41.072   93.871   1617.8    711.1
     1     1    10     3    20     4     0     2   -32.0   40.989   93.385   1660.5    707.0
     1     1    10     3    20     3     0     3   -33.0   40.922   92.920   1704.4    709.7
     1     1    10     3    20     2     0     2   -34.0   40.882   92.467   1770.4    713.8
     1     1    10     3    20     1     0     1   -35.0   40.889   92.022   1853.0    713.3
     1     1    10     3    20     0     0     0   -36.0   40.922   91.595   1949.3    714.2
     1     1    10     3    19    23     0     1   -37.0   40.955   91.177   2050.1    713.5
     1     1    10     3    19    22     0     2   -38.0   40.984   90.745   2112.1    703.4
     1     1    10     3    19    21     0     3   -39.0   41.042   90.276   2112.3    688.8
     1     1    10     3    19    20     0     2   -40.0   41.127   89.789   2091.4    686.5
     1     1    10     3    19    19     0     1   -41.0   41.215   89.317   2100.2    688.0
     1     1    10     3    19    18     0     0   -42.0   41.301   88.842   2135.0    683.6
     1     1    10     3    19    17     0     1   -43.0   41.404   88.333   2155.7    677.7
     1     1    10     3    19    16     0     2   -44.0   41.540   87.777   2161.5    680.4
     1     1    10     3    19    15     0     3   -45.0   41.701   87.195   2224.7    688.9
     1     1    10     3    19    14     0     2   -46.0   41.869   86.607   2334.5    672.3
     1     1    10     3    19    13     0     1   -47.0   42.021   86.029   2457.1    643.6
     1     1    10     3    19    12     0     0   -48.0   42.184   85.381   2623.7    599.9
     1     1    10     3    19    11     0     1   -49.0   42.394   84.515   2889.1    557.2
     1     1    10     3    19    10     0     2   -50.0   42.592   83.520   3047.9    533.6
     1     1    10     3    19     9     0     3   -51.0   42.732   82.465   3193.4    511.7
     1     1    10     3    19     8     0     2   -52.0   42.804   81.432   3088.3    522.4
     1     1    10     3    19     7     0     1   -53.0   42.896   80.374   2795.1    544.2
     1     1    10     3    19     6     0     0   -54.0   43.014   79.330   2647.0    568.8
     1     1    10     3    19     5     0     1   -55.0   43.064   78.376   2360.0    569.7
     1     1    10     3    19     4     0     2   -56.0   43.040   77.335   1896.0    577.4
     1     1    10     3    19     3     0     3   -57.0   42.935   76.363   1729.5    633.6
     1     1    10     3    19     2     0     2   -58.0   42.780   75.535   1991.3    638.3
     1     1    10     3    19     1     0     1   -59.0   42.633   74.675   2101.5    648.1
     1     1    10     3    19     0     0     0   -60.0   42.439   73.749   2219.7    625.8
     1     1    10     3    18    23     0     1   -61.0   42.175   72.705   2222.7    590.5
     1     1    10     3    18    22     0     2   -62.0   41.926   71.622   2036.3    572.7
     1     1    10     3    18    21     0     3   -63.0   41.682   70.615   1784.4    634.4
     1     1    10     3    18    20     0     2   -64.0   41.357   69.956   1654.3    696.8
     1     1    10     3    18    19     0     1   -65.0   40.998   69.551   1694.0    746.6
     1     1    10     3    18    18     0     0   -66.0   40.647   69.265   1878.7    760.6
     1     1    10     3    18    17     0     1   -67.0   40.340   68.877   2189.8    733.5
     1     1    10     3    18    16     0     2   -68.0   40.075   68.326   2430.9    700.0
     1     1    10     3    18    15     0     3   -69.0   39.866   67.684   2538.2    669.6
     1     1    10     3    18    14     0     2   -70.0   39.686   67.036   2639.8    657.6
     1     1    10     3    18    13     0     1   -71.0   39.500   66.402   2770.4    667.7
     1     1    10     3    18    12     0     0   -72.0   39.323   65.826   2846.6    692.2
     1     1    10     3    18    11     0     1   -73.0   39.154   65.311   2867.1    698.0
     1     1    10     3    18    10     0     2   -74.0   38.992   64.822   2922.8    696.5
     1     1    10     3    18     9     0     3   -75.0   38.844   64.316   3025.4    694.4
     1     1    10     3    18     8     0     2   -76.0   38.693   63.771   3094.4    686.2
     1     1    10     3    18     7     0     1   -77.0   38.540   63.206   3110.6    686.3
     1     1    10     3    18     6     0     0   -78.0   38.406   62.631   3109.8    687.4
     1     1    10     3    18     5     0     1   -79.0   38.271   62.048   3081.5    689.1
     1     1    10     3    18     4     0     2   -80.0   38.105   61.456   3046.4    693.8
     1     1    10     3    18     3     0     3   -81.0   37.918   60.850   3033.6    694.9
     1     1    10     3    18     2     0     2   -82.0   37.703   60.230   2996.4    686.8
     1     1    10     3    18     1     0     1   -83.0   37.445   59.586   2921.9    661.4
     1     1    10     3    18     0     0     0   -84.0   37.132   58.841   2791.7    602.2
     1     1    10     3    17    23     0     1   -85.0   36.771   58.044   2709.0    611.9
     1     1    10     3    17    22     0     2   -86.0   36.416   57.345   2564.8    639.4
     1     1    10     3    17    21     0     3   -87.0   36.083   56.779   2276.5    673.1
     1     1    10     3    17    20     0     2   -88.0   35.781   56.317   2009.4    718.2
     1     1    10     3    17    19     0     1   -89.0   35.491   55.904   1870.7    738.7
     1     1    10     3    17    18     0     0   -90.0   35.222   55.574   1762.6    751.6
     1     1    10     3    17    17     0     1   -91.0   35.009   55.314   1625.8    768.2
     1     1    10     3    17    16     0     2   -92.0   34.871   55.083   1443.5    781.9
     1     1    10     3    17    15     0     3   -93.0   34.773   54.885   1248.8    798.9
     1     1    10     3    17    14     0     2   -94.0   34.685   54.744   1104.9    814.7
     1     1    10     3    17    13     0     1   -95.0   34.594   54.625   1028.3    816.7
     1     1    10     3    17    12     0     0   -96.0   34.507   54.505    967.9    818.6
