     5     1
    GDAS    10     3     1     0     0
    GDAS    10     3     8     0     0
    GDAS    10     3    15     0     0
    GDAS    10     3    22     0     0
    GDAS    10     3    29     0     0
     1 BACKWARD OMEGA   
    10     3    23     0   39.977  116.381  7000.0
     1 PRESSURE
     1     1    10     3    23     0     0     0     0.0   39.977  116.381   6755.0    405.0
     1     1    10     3    22    23     0     1    -1.0   40.150  114.384   6693.0    354.4
     1     1    10     3    22    22     0     2    -2.0   40.324  112.209   6759.6    340.0
     1     1    10     3    22    21     0     3    -3.0   40.571  110.074   6975.5    328.4
     1     1    10     3    22    20     0     2    -4.0   40.803  107.974   7287.2    333.4
     1     1    10     3    22    19     0     1    -5.0   41.031  105.823   7277.8    316.4
     1     1    10     3    22    18     0     0    -6.0   41.308  103.556   7434.9    317.0
     1     1    10     3    22    17     0     1    -7.0   41.563  101.305   7665.7    316.5
     1     1    10     3    22    16     0     2    -8.0   41.793   99.159   7632.5    308.3
     1     1    10     3    22    15     0     3    -9.0   42.037   96.695   7564.6    281.9
     1     1    10     3    22    14     0     2   -10.0   42.143   94.145   7836.8    302.5
     1     1    10     3    22    13     0     1   -11.0   42.249   91.867   7856.6    314.4
     1     1    10     3    22    12     0     0   -12.0   42.316   89.633   7712.0    321.5
     1     1    10     3    22    11     0     1   -13.0   42.252   87.389   7384.4    311.7
     1     1    10     3    22    10     0     2   -14.0   42.182   85.153   7365.0    295.2
     1     1    10     3    22     9     0     3   -15.0   42.099   83.067   7242.8    307.3
     1     1    10     3    22     8     0     2   -16.0   42.091   81.053   6822.4    250.7
     1     1    10     3    22     7     0     1   -17.0   42.165   79.052   6870.1    245.0
     1     1    10     3    22     6     0     0   -18.0   42.169   77.059   7107.7    266.9
     1     1    10     3    22     5     0     1   -19.0   42.128   75.185   7051.1    272.5
     1     1    10     3    22     4     0     2   -20.0   42.032   73.444   6885.1    284.4
     1     1    10     3    22     3     0     3   -21.0   41.810   71.831   6650.3    308.6
     1     1    10     3    22     2     0     2   -22.0   41.536   70.331   6566.8    337.2
     1     1    10     3    22     1     0     1   -23.0   41.299   69.090   6779.9    401.1
     1     1    10     3    22     0     0     0   -24.0   41.135   68.037   6683.3    414.8
     1     1    10     3    21    23     0     1   -25.0   41.033   67.008   6531.6    428.0
     1     1    10     3    21    22     0     2   -26.0   41.036   65.956   6338.4    431.3
     1     1    10     3    21    21     0     3   -27.0   41.112   64.877   6370.3    440.1
     1     1    10     3    21    20     0     2   -28.0   41.143   63.773   6441.6    429.3
     1     1    10     3    21    19     0     1   -29.0   41.106   62.663   6547.9    431.0
     1     1    10     3    21    18     0     0   -30.0   41.021   61.546   6681.0    425.8
     1     1    10     3    21    17     0     1   -31.0   40.878   60.482   6775.0    419.3
     1     1    10     3    21    16     0     2   -32.0   40.696   59.513   6806.2    417.6
     1     1    10     3    21    15     0     3   -33.0   40.494   58.595   6847.2    417.8
     1     1    10     3    21    14     0     2   -34.0   40.255   57.716   6905.8    414.9
     1     1    10     3    21    13     0     1   -35.0   39.955   56.884   6868.0    416.2
     1     1    10     3    21    12     0     0   -36.0   39.659   56.044   6796.4    416.9
     1     1    10     3    21    11     0     1   -37.0   39.354   55.258   6687.9    421.0
     1     1    10     3    21    10     0     2   -38.0   39.016   54.550   6554.7    437.3
     1     1    10     3    21     9     0     3   -39.0   38.699   53.820   6514.6    448.6
     1     1    10     3    21     8     0     2   -40.0   38.370   53.122   6428.5    448.8
     1     1    10     3    21     7     0     1   -41.0   37.996   52.542   6247.0    464.8
     1     1    10     3    21     6     0     0   -42.0   37.618   51.965   6196.5    483.9
     1     1    10     3    21     5     0     1   -43.0   37.194   51.254   6015.4    459.0
     1     1    10     3    21     4     0     2   -44.0   36.687   50.467   5445.8    454.4
     1     1    10     3    21     3     0     3   -45.0   36.074   49.503   4885.6    450.5
     1     1    10     3    21     2     0     2   -46.0   35.366   48.329   4511.7    453.4
     1     1    10     3    21     1     0     1   -47.0   34.599   47.075   4253.5    476.3
     1     1    10     3    21     0     0     0   -48.0   33.925   46.021   4110.9    540.0
     1     1    10     3    20    23     0     1   -49.0   33.437   45.237   4098.8    605.3
     1     1    10     3    20    22     0     2   -50.0   33.059   44.564   4041.4    618.3
     1     1    10     3    20    21     0     3   -51.0   32.707   43.886   3961.5    622.5
     1     1    10     3    20    20     0     2   -52.0   32.355   43.188   3858.8    621.7
     1     1    10     3    20    19     0     1   -53.0   31.983   42.456   3781.3    619.8
     1     1    10     3    20    18     0     0   -54.0   31.600   41.713   3749.8    612.1
     1     1    10     3    20    17     0     1   -55.0   31.231   40.958   3705.2    597.8
     1     1    10     3    20    16     0     2   -56.0   30.902   40.193   3638.1    595.6
     1     1    10     3    20    15     0     3   -57.0   30.630   39.438   3658.0    594.1
     1     1    10     3    20    14     0     2   -58.0   30.408   38.718   3716.0    593.1
     1     1    10     3    20    13     0     1   -59.0   30.206   38.042   3701.2    592.1
     1     1    10     3    20    12     0     0   -60.0   30.010   37.399   3660.7    587.9
     1     1    10     3    20    11     0     1   -61.0   29.821   36.771   3643.8    580.3
     1     1    10     3    20    10     0     2   -62.0   29.651   36.157   3624.8    578.2
     1     1    10     3    20     9     0     3   -63.0   29.515   35.567   3629.4    585.4
     1     1    10     3    20     8     0     2   -64.0   29.417   35.002   3649.6    588.5
     1     1    10     3    20     7     0     1   -65.0   29.358   34.449   3680.3    589.1
     1     1    10     3    20     6     0     0   -66.0   29.336   33.893   3750.4    588.5
     1     1    10     3    20     5     0     1   -67.0   29.352   33.350   3854.4    596.7
     1     1    10     3    20     4     0     2   -68.0   29.399   32.835   3939.3    601.8
     1     1    10     3    20     3     0     3   -69.0   29.465   32.325   4016.0    597.6
     1     1    10     3    20     2     0     2   -70.0   29.553   31.809   4109.9    594.6
     1     1    10     3    20     1     0     1   -71.0   29.677   31.295   4198.9    594.3
     1     1    10     3    20     0     0     0   -72.0   29.830   30.779   4279.2    591.6
     1     1    10     3    19    23     0     1   -73.0   29.993   30.263   4372.0    584.7
     1     1    10     3    19    22     0     2   -74.0   30.161   29.770   4472.8    578.0
     1     1    10     3    19    21     0     3   -75.0   30.340   29.310   4549.0    574.2
     1     1    10     3    19    20     0     2   -76.0   30.537   28.872   4621.6    573.3
     1     1    10     3    19    19     0     1   -77.0   30.761   28.456   4719.2    566.1
     1     1    10     3    19    18     0     0   -78.0   31.025   28.069   4833.1    554.1
     1     1    10     3    19    17     0     1   -79.0   31.325   27.708   4963.0    544.3
     1     1    10     3    19    16     0     2   -80.0   31.659   27.353   5092.7    537.4
     1     1    10     3    19    15     0     3   -81.0   32.052   26.988   5226.1    531.5
     1     1    10     3    19    14     0     2   -82.0   32.479   26.624   5310.6    524.3
     1     1    10     3    19    13     0     1   -83.0   32.925   26.266   5322.0    524.1
     1     1    10     3    19    12     0     0   -84.0   33.411   25.907   5314.8    526.9
     1     1    10     3    19    11     0     1   -85.0   33.919   25.547   5361.2    524.8
     1     1    10     3    19    10     0     2   -86.0   34.441   25.197   5451.4    512.4
     1     1    10     3    19     9     0     3   -87.0   34.991   24.859   5592.2    496.1
     1     1    10     3    19     8     0     2   -88.0   35.551   24.542   5814.1    486.9
     1     1    10     3    19     7     0     1   -89.0   36.124   24.244   6009.9    478.7
     1     1    10     3    19     6     0     0   -90.0   36.737   23.951   6154.6    467.2
     1     1    10     3    19     5     0     1   -91.0   37.388   23.673   6206.7    456.3
     1     1    10     3    19     4     0     2   -92.0   38.063   23.400   6200.4    446.6
     1     1    10     3    19     3     0     3   -93.0   38.763   23.122   6192.9    446.5
     1     1    10     3    19     2     0     2   -94.0   39.494   22.852   6237.2    444.2
     1     1    10     3    19     1     0     1   -95.0   40.249   22.602   6346.2    431.6
     1     1    10     3    19     0     0     0   -96.0   41.013   22.352   6431.3    418.8
