     7     1
    GDAS    10     3    22     0     0
    GDAS    10     4     8     0     0
    GDAS    10     4    15     0     0
    GDAS    10     4    22     0     0
    GDAS    10     4    29     0     0
    GDAS    10     4     1     0     0
    GDAS    10     3    29     0     0
     1 BACKWARD OMEGA   
    10     4    28     0   39.977  116.381  8200.0
     1 PRESSURE
     1     1    10     4    28     0     0     0     0.0   39.977  116.381   7964.5    327.3
     1     1    10     4    27    23     0     1    -1.0   40.550  116.545   7890.7    313.8
     1     1    10     4    27    22     0     2    -2.0   41.052  116.645   7828.0    301.5
     1     1    10     4    27    21     0     3    -3.0   41.484  116.742   7794.9    294.8
     1     1    10     4    27    20     0     2    -4.0   41.849  116.854   7757.3    289.8
     1     1    10     4    27    19     0     1    -5.0   42.141  116.986   7741.2    286.9
     1     1    10     4    27    18     0     0    -6.0   42.353  117.141   7736.1    287.0
     1     1    10     4    27    17     0     1    -7.0   42.501  117.314   7732.5    287.9
     1     1    10     4    27    16     0     2    -8.0   42.608  117.496   7741.8    288.3
     1     1    10     4    27    15     0     3    -9.0   42.678  117.668   7765.8    288.0
     1     1    10     4    27    14     0     2   -10.0   42.714  117.796   7793.1    287.2
     1     1    10     4    27    13     0     1   -11.0   42.725  117.853   7809.6    286.6
     1     1    10     4    27    12     0     0   -12.0   42.718  117.832   7810.3    286.4
     1     1    10     4    27    11     0     1   -13.0   42.700  117.721   7795.3    286.5
     1     1    10     4    27    10     0     2   -14.0   42.680  117.500   7762.3    286.5
     1     1    10     4    27     9     0     3   -15.0   42.675  117.151   7702.6    286.7
     1     1    10     4    27     8     0     2   -16.0   42.713  116.695   7644.7    288.9
     1     1    10     4    27     7     0     1   -17.0   42.807  116.183   7626.8    290.3
     1     1    10     4    27     6     0     0   -18.0   42.961  115.621   7652.2    291.1
     1     1    10     4    27     5     0     1   -19.0   43.197  115.051   7673.6    292.3
     1     1    10     4    27     4     0     2   -20.0   43.524  114.526   7678.7    295.9
     1     1    10     4    27     3     0     3   -21.0   43.929  114.042   7646.6    299.7
     1     1    10     4    27     2     0     2   -22.0   44.418  113.579   7566.6    301.2
     1     1    10     4    27     1     0     1   -23.0   44.991  113.141   7520.6    300.4
     1     1    10     4    27     0     0     0   -24.0   45.620  112.740   7520.0    304.3
     1     1    10     4    26    23     0     1   -25.0   46.283  112.406   7518.7    305.1
     1     1    10     4    26    22     0     2   -26.0   46.951  112.166   7517.1    302.6
     1     1    10     4    26    21     0     3   -27.0   47.604  112.016   7584.7    300.9
     1     1    10     4    26    20     0     2   -28.0   48.227  111.981   7653.6    298.9
     1     1    10     4    26    19     0     1   -29.0   48.790  112.098   7683.0    297.7
     1     1    10     4    26    18     0     0   -30.0   49.266  112.357   7674.1    298.1
     1     1    10     4    26    17     0     1   -31.0   49.655  112.716   7688.3    299.3
     1     1    10     4    26    16     0     2   -32.0   49.954  113.161   7727.0    301.8
     1     1    10     4    26    15     0     3   -33.0   50.132  113.690   7758.6    303.9
     1     1    10     4    26    14     0     2   -34.0   50.175  114.286   7825.5    305.1
     1     1    10     4    26    13     0     1   -35.0   50.076  114.936   7928.3    305.5
     1     1    10     4    26    12     0     0   -36.0   49.849  115.606   7987.9    302.1
     1     1    10     4    26    11     0     1   -37.0   49.496  116.243   7991.2    301.6
     1     1    10     4    26    10     0     2   -38.0   49.012  116.794   7985.5    302.6
     1     1    10     4    26     9     0     3   -39.0   48.397  117.257   8013.5    305.8
     1     1    10     4    26     8     0     2   -40.0   47.714  117.655   8063.1    301.1
     1     1    10     4    26     7     0     1   -41.0   47.027  117.990   8073.4    292.9
     1     1    10     4    26     6     0     0   -42.0   46.340  118.252   8048.8    289.5
     1     1    10     4    26     5     0     1   -43.0   45.672  118.424   8017.9    287.6
     1     1    10     4    26     4     0     2   -44.0   45.049  118.487   7964.2    289.2
     1     1    10     4    26     3     0     3   -45.0   44.460  118.432   7888.9    292.2
     1     1    10     4    26     2     0     2   -46.0   43.877  118.226   7798.9    293.7
     1     1    10     4    26     1     0     1   -47.0   43.310  117.835   7744.3    292.1
     1     1    10     4    26     0     0     0   -48.0   42.793  117.264   7723.2    289.1
     1     1    10     4    25    23     0     1   -49.0   42.331  116.537   7707.7    288.3
     1     1    10     4    25    22     0     2   -50.0   41.932  115.668   7687.0    287.2
     1     1    10     4    25    21     0     3   -51.0   41.620  114.686   7687.9    288.0
     1     1    10     4    25    20     0     2   -52.0   41.397  113.563   7697.4    284.8
     1     1    10     4    25    19     0     1   -53.0   41.249  112.333   7684.8    282.0
     1     1    10     4    25    18     0     0   -54.0   41.191  111.064   7732.0    279.8
     1     1    10     4    25    17     0     1   -55.0   41.204  109.755   7878.1    279.1
     1     1    10     4    25    16     0     2   -56.0   41.314  108.421   8011.2    286.1
     1     1    10     4    25    15     0     3   -57.0   41.525  107.171   7944.6    285.9
     1     1    10     4    25    14     0     2   -58.0   41.896  106.034   8067.7    293.7
     1     1    10     4    25    13     0     1   -59.0   42.393  104.982   8046.4    279.1
     1     1    10     4    25    12     0     0   -60.0   42.951  104.110   8009.7    273.5
     1     1    10     4    25    11     0     1   -61.0   43.627  103.397   8008.8    273.7
     1     1    10     4    25    10     0     2   -62.0   44.467  102.803   8029.6    273.5
     1     1    10     4    25     9     0     3   -63.0   45.336  102.314   7800.1    273.4
     1     1    10     4    25     8     0     2   -64.0   46.290  102.008   7651.2    263.1
     1     1    10     4    25     7     0     1   -65.0   47.374  101.851   7693.3    267.6
     1     1    10     4    25     6     0     0   -66.0   48.613  101.795   7759.1    281.4
     1     1    10     4    25     5     0     1   -67.0   49.946  101.836   7712.1    283.0
     1     1    10     4    25     4     0     2   -68.0   51.361  102.026   7594.5    278.0
     1     1    10     4    25     3     0     3   -69.0   52.824  102.239   8108.1    296.2
     1     1    10     4    25     2     0     2   -70.0   54.311  102.460   8139.5    307.7
     1     1    10     4    25     1     0     1   -71.0   55.831  102.763   8149.7    308.2
     1     1    10     4    25     0     0     0   -72.0   57.271  103.110   8162.7    308.2
     1     1    10     4    24    23     0     1   -73.0   58.631  103.429   8194.7    309.5
     1     1    10     4    24    22     0     2   -74.0   59.985  103.802   8267.1    307.3
     1     1    10     4    24    21     0     3   -75.0   61.263  104.103   8336.4    300.4
     1     1    10     4    24    20     0     2   -76.0   62.443  104.376   8444.3    296.8
     1     1    10     4    24    19     0     1   -77.0   63.574  104.666   8513.2    293.9
     1     1    10     4    24    18     0     0   -78.0   64.653  104.821   8529.5    287.6
     1     1    10     4    24    17     0     1   -79.0   65.720  104.889   8600.5    284.9
     1     1    10     4    24    16     0     2   -80.0   66.813  105.036   8669.2    282.1
     1     1    10     4    24    15     0     3   -81.0   67.911  105.215   8793.3    282.7
     1     1    10     4    24    14     0     2   -82.0   68.986  105.355   8843.5    281.0
     1     1    10     4    24    13     0     1   -83.0   70.014  105.445   8813.2    276.1
     1     1    10     4    24    12     0     0   -84.0   71.008  105.500   8881.6    276.8
     1     1    10     4    24    11     0     1   -85.0   71.978  105.421   8991.6    280.5
     1     1    10     4    24    10     0     2   -86.0   72.922  105.077   9084.7    283.1
     1     1    10     4    24     9     0     3   -87.0   73.817  104.428   9108.2    279.3
     1     1    10     4    24     8     0     2   -88.0   74.658  103.496   9083.5    277.6
     1     1    10     4    24     7     0     1   -89.0   75.465  102.310   9113.3    274.7
     1     1    10     4    24     6     0     0   -90.0   76.244  100.824   9144.5    278.5
     1     1    10     4    24     5     0     1   -91.0   77.000   98.948   9157.6    279.5
     1     1    10     4    24     4     0     2   -92.0   77.731   96.511   9171.0    277.9
     1     1    10     4    24     3     0     3   -93.0   78.388   93.418   9209.5    275.7
     1     1    10     4    24     2     0     2   -94.0   78.940   89.849   9245.2    274.9
     1     1    10     4    24     1     0     1   -95.0   79.398   85.901   9234.4    275.1
     1     1    10     4    24     0     0     0   -96.0   79.748   81.669   9219.7    276.1
