     5     1
    GDAS    10     3     1     0     0
    GDAS    10     3     8     0     0
    GDAS    10     3    15     0     0
    GDAS    10     3    22     0     0
    GDAS    10     3    29     0     0
     1 BACKWARD OMEGA   
    10     3    20     0   39.977  116.381  8200.0
     1 PRESSURE
     1     1    10     3    20     0     0     0     0.0   39.977  116.381   7960.1    326.2
     1     1    10     3    19    23     0     1    -1.0   40.123  115.388   7892.1    295.8
     1     1    10     3    19    22     0     2    -2.0   40.294  114.344   7828.4    286.3
     1     1    10     3    19    21     0     3    -3.0   40.600  113.385   7799.6    281.8
     1     1    10     3    19    20     0     2    -4.0   40.991  112.475   7812.7    271.7
     1     1    10     3    19    19     0     1    -5.0   41.468  111.546   7889.3    273.4
     1     1    10     3    19    18     0     0    -6.0   42.034  110.626   8069.0    274.1
     1     1    10     3    19    17     0     1    -7.0   42.577  109.753   8226.7    269.5
     1     1    10     3    19    16     0     2    -8.0   43.118  108.904   8407.3    266.4
     1     1    10     3    19    15     0     3    -9.0   43.673  108.022   8550.7    265.6
     1     1    10     3    19    14     0     2   -10.0   44.174  107.132   8496.0    259.7
     1     1    10     3    19    13     0     1   -11.0   44.689  106.320   8479.2    259.1
     1     1    10     3    19    12     0     0   -12.0   45.229  105.521   8514.8    255.8
     1     1    10     3    19    11     0     1   -13.0   45.766  104.669   8521.3    251.1
     1     1    10     3    19    10     0     2   -14.0   46.312  103.814   8481.2    247.8
     1     1    10     3    19     9     0     3   -15.0   46.854  102.951   8423.9    242.8
     1     1    10     3    19     8     0     2   -16.0   47.390  102.057   8348.2    241.3
     1     1    10     3    19     7     0     1   -17.0   47.914  101.105   8345.3    237.7
     1     1    10     3    19     6     0     0   -18.0   48.404  100.130   8318.5    233.5
     1     1    10     3    19     5     0     1   -19.0   48.873   99.148   8281.2    235.0
     1     1    10     3    19     4     0     2   -20.0   49.356   98.055   8385.4    230.9
     1     1    10     3    19     3     0     3   -21.0   49.811   96.913   8478.5    224.7
     1     1    10     3    19     2     0     2   -22.0   50.209   95.834   8637.1    236.7
     1     1    10     3    19     1     0     1   -23.0   50.632   94.818   8641.6    254.7
     1     1    10     3    19     0     0     0   -24.0   51.068   93.739   8605.6    244.6
     1     1    10     3    18    23     0     1   -25.0   51.445   92.579   8795.6    235.6
     1     1    10     3    18    22     0     2   -26.0   51.768   91.376   8880.7    229.2
     1     1    10     3    18    21     0     3   -27.0   52.051   90.151   8991.3    224.8
     1     1    10     3    18    20     0     2   -28.0   52.307   88.965   9110.2    231.8
     1     1    10     3    18    19     0     1   -29.0   52.566   87.809   9260.6    248.5
     1     1    10     3    18    18     0     0   -30.0   52.819   86.585   9388.0    255.4
     1     1    10     3    18    17     0     1   -31.0   53.049   85.329   9413.8    257.4
     1     1    10     3    18    16     0     2   -32.0   53.276   84.042   9454.9    259.6
     1     1    10     3    18    15     0     3   -33.0   53.492   82.703   9478.6    258.2
     1     1    10     3    18    14     0     2   -34.0   53.668   81.334   9504.5    257.6
     1     1    10     3    18    13     0     1   -35.0   53.784   79.984   9501.9    258.4
     1     1    10     3    18    12     0     0   -36.0   53.860   78.680   9513.4    259.7
     1     1    10     3    18    11     0     1   -37.0   53.912   77.386   9514.5    259.3
     1     1    10     3    18    10     0     2   -38.0   53.930   76.088   9515.9    258.5
     1     1    10     3    18     9     0     3   -39.0   53.910   74.769   9512.4    259.2
     1     1    10     3    18     8     0     2   -40.0   53.852   73.390   9517.1    258.0
     1     1    10     3    18     7     0     1   -41.0   53.749   71.990   9550.7    256.4
     1     1    10     3    18     6     0     0   -42.0   53.655   70.562   9540.2    253.1
     1     1    10     3    18     5     0     1   -43.0   53.563   69.053   9513.6    251.9
     1     1    10     3    18     4     0     2   -44.0   53.430   67.483   9475.6    253.8
     1     1    10     3    18     3     0     3   -45.0   53.294   65.851   9472.1    254.9
     1     1    10     3    18     2     0     2   -46.0   53.123   64.103   9477.6    255.0
     1     1    10     3    18     1     0     1   -47.0   52.872   62.298   9482.7    253.3
     1     1    10     3    18     0     0     0   -48.0   52.610   60.451   9485.2    248.2
     1     1    10     3    17    23     0     1   -49.0   52.353   58.597   9454.1    246.3
     1     1    10     3    17    22     0     2   -50.0   52.062   56.756   9443.1    249.7
     1     1    10     3    17    21     0     3   -51.0   51.736   54.848   9537.5    250.8
     1     1    10     3    17    20     0     2   -52.0   51.379   52.929   9554.2    252.5
     1     1    10     3    17    19     0     1   -53.0   50.992   51.090   9575.6    254.7
     1     1    10     3    17    18     0     0   -54.0   50.613   49.331   9600.9    253.3
     1     1    10     3    17    17     0     1   -55.0   50.273   47.607   9613.3    253.8
     1     1    10     3    17    16     0     2   -56.0   49.983   45.903   9593.2    255.2
     1     1    10     3    17    15     0     3   -57.0   49.703   44.261   9502.4    255.3
     1     1    10     3    17    14     0     2   -58.0   49.432   42.654   9477.7    255.9
     1     1    10     3    17    13     0     1   -59.0   49.202   41.098   9454.6    256.3
     1     1    10     3    17    12     0     0   -60.0   49.006   39.602   9458.7    257.5
     1     1    10     3    17    11     0     1   -61.0   48.832   38.166   9473.3    256.3
     1     1    10     3    17    10     0     2   -62.0   48.713   36.816   9485.0    255.9
     1     1    10     3    17     9     0     3   -63.0   48.668   35.571   9469.8    257.0
     1     1    10     3    17     8     0     2   -64.0   48.688   34.415   9462.7    258.3
     1     1    10     3    17     7     0     1   -65.0   48.771   33.306   9466.0    257.5
     1     1    10     3    17     6     0     0   -66.0   48.914   32.227   9480.8    255.6
     1     1    10     3    17     5     0     1   -67.0   49.104   31.213   9489.8    254.1
     1     1    10     3    17     4     0     2   -68.0   49.350   30.297   9486.6    253.3
     1     1    10     3    17     3     0     3   -69.0   49.661   29.465   9479.4    252.3
     1     1    10     3    17     2     0     2   -70.0   50.044   28.666   9500.6    250.7
     1     1    10     3    17     1     0     1   -71.0   50.497   27.876   9539.9    249.9
     1     1    10     3    17     0     0     0   -72.0   51.015   27.107   9542.5    250.9
     1     1    10     3    16    23     0     1   -73.0   51.593   26.350   9546.6    252.4
     1     1    10     3    16    22     0     2   -74.0   52.230   25.591   9583.7    250.7
     1     1    10     3    16    21     0     3   -75.0   52.903   24.830   9625.7    247.5
     1     1    10     3    16    20     0     2   -76.0   53.600   24.077   9688.9    246.2
     1     1    10     3    16    19     0     1   -77.0   54.326   23.360   9732.1    244.9
     1     1    10     3    16    18     0     0   -78.0   55.093   22.705   9769.3    245.5
     1     1    10     3    16    17     0     1   -79.0   55.895   22.058   9758.3    244.3
     1     1    10     3    16    16     0     2   -80.0   56.734   21.370   9831.2    244.0
     1     1    10     3    16    15     0     3   -81.0   57.599   20.651   9896.2    242.1
     1     1    10     3    16    14     0     2   -82.0   58.451   19.903   9925.8    241.1
     1     1    10     3    16    13     0     1   -83.0   59.291   19.181   9954.8    239.5
     1     1    10     3    16    12     0     0   -84.0   60.143   18.495   9980.4    237.8
     1     1    10     3    16    11     0     1   -85.0   61.018   17.765  10018.5    235.9
     1     1    10     3    16    10     0     2   -86.0   61.882   16.961  10019.5    232.0
     1     1    10     3    16     9     0     3   -87.0   62.716   16.095   9988.8    226.0
     1     1    10     3    16     8     0     2   -88.0   63.519   15.202   9977.4    223.4
     1     1    10     3    16     7     0     1   -89.0   64.304   14.310   9903.0    218.2
     1     1    10     3    16     6     0     0   -90.0   65.068   13.365   9949.2    218.0
     1     1    10     3    16     5     0     1   -91.0   65.823   12.342  10141.1    226.3
     1     1    10     3    16     4     0     2   -92.0   66.557   11.271  10200.7    228.7
     1     1    10     3    16     3     0     3   -93.0   67.257   10.189  10187.1    229.3
     1     1    10     3    16     2     0     2   -94.0   67.922    9.080  10156.8    230.1
     1     1    10     3    16     1     0     1   -95.0   68.561    7.935  10150.6    231.0
     1     1    10     3    16     0     0     0   -96.0   69.175    6.774  10131.3    231.6
