     7     1
    GDAS    10     3    22     0     0
    GDAS    10     4     8     0     0
    GDAS    10     4    15     0     0
    GDAS    10     4    22     0     0
    GDAS    10     4    29     0     0
    GDAS    10     4     1     0     0
    GDAS    10     3    29     0     0
     1 BACKWARD OMEGA   
    10     4    27     6   39.977  116.381  6800.0
     1 PRESSURE
     1     1    10     4    27     6     0     0     0.0   39.977  116.381   6559.4    406.1
     1     1    10     4    27     5     0     1    -1.0   40.344  115.435   6372.0    373.4
     1     1    10     4    27     4     0     2    -2.0   40.816  114.457   6335.2    355.2
     1     1    10     4    27     3     0     3    -3.0   41.368  113.534   6266.7    352.6
     1     1    10     4    27     2     0     2    -4.0   42.048  112.655   6294.5    354.4
     1     1    10     4    27     1     0     1    -5.0   42.849  111.796   6399.2    363.5
     1     1    10     4    27     0     0     0    -6.0   43.708  111.014   6348.3    371.4
     1     1    10     4    26    23     0     1    -7.0   44.641  110.321   6385.6    373.1
     1     1    10     4    26    22     0     2    -8.0   45.600  109.718   6371.7    366.5
     1     1    10     4    26    21     0     3    -9.0   46.552  109.216   6304.5    362.7
     1     1    10     4    26    20     0     2   -10.0   47.491  108.780   6279.2    352.0
     1     1    10     4    26    19     0     1   -11.0   48.370  108.448   6164.9    351.0
     1     1    10     4    26    18     0     0   -12.0   49.171  108.244   6184.1    357.5
     1     1    10     4    26    17     0     1   -13.0   49.909  108.115   6301.1    368.9
     1     1    10     4    26    16     0     2   -14.0   50.587  108.028   6366.3    376.0
     1     1    10     4    26    15     0     3   -15.0   51.201  107.971   6405.7    379.9
     1     1    10     4    26    14     0     2   -16.0   51.771  107.901   6371.5    381.5
     1     1    10     4    26    13     0     1   -17.0   52.301  107.768   6265.5    395.2
     1     1    10     4    26    12     0     0   -18.0   52.766  107.572   6115.9    412.4
     1     1    10     4    26    11     0     1   -19.0   53.203  107.347   5936.1    422.6
     1     1    10     4    26    10     0     2   -20.0   53.641  107.118   5739.7    425.3
     1     1    10     4    26     9     0     3   -21.0   54.092  106.831   5552.7    434.5
     1     1    10     4    26     8     0     2   -22.0   54.572  106.469   5444.0    450.9
     1     1    10     4    26     7     0     1   -23.0   55.063  106.045   5369.1    451.0
     1     1    10     4    26     6     0     0   -24.0   55.562  105.526   5329.7    457.9
     1     1    10     4    26     5     0     1   -25.0   56.085  104.915   5326.8    468.3
     1     1    10     4    26     4     0     2   -26.0   56.641  104.214   5390.1    471.5
     1     1    10     4    26     3     0     3   -27.0   57.228  103.360   5467.5    467.8
     1     1    10     4    26     2     0     2   -28.0   57.821  102.347   5511.0    468.0
     1     1    10     4    26     1     0     1   -29.0   58.405  101.191   5517.4    471.9
     1     1    10     4    26     0     0     0   -30.0   58.996   99.868   5567.8    472.0
     1     1    10     4    25    23     0     1   -31.0   59.602   98.364   5612.2    464.9
     1     1    10     4    25    22     0     2   -32.0   60.187   96.617   5658.7    458.1
     1     1    10     4    25    21     0     3   -33.0   60.744   94.695   5761.7    452.3
     1     1    10     4    25    20     0     2   -34.0   61.284   92.670   5850.1    453.5
     1     1    10     4    25    19     0     1   -35.0   61.779   90.512   5858.2    458.3
     1     1    10     4    25    18     0     0   -36.0   62.200   88.203   5900.9    458.3
     1     1    10     4    25    17     0     1   -37.0   62.546   85.658   5929.6    459.4
     1     1    10     4    25    16     0     2   -38.0   62.821   82.864   5913.3    459.3
     1     1    10     4    25    15     0     3   -39.0   62.983   79.914   5842.0    464.4
     1     1    10     4    25    14     0     2   -40.0   63.062   76.861   5797.5    469.1
     1     1    10     4    25    13     0     1   -41.0   63.067   73.706   5878.4    463.2
     1     1    10     4    25    12     0     0   -42.0   62.962   70.503   5961.6    457.3
     1     1    10     4    25    11     0     1   -43.0   62.772   67.236   6053.0    451.9
     1     1    10     4    25    10     0     2   -44.0   62.549   63.991   6138.5    448.5
     1     1    10     4    25     9     0     3   -45.0   62.227   60.834   6227.4    440.7
     1     1    10     4    25     8     0     2   -46.0   61.762   57.936   6426.9    419.0
     1     1    10     4    25     7     0     1   -47.0   61.254   55.120   6642.9    411.0
     1     1    10     4    25     6     0     0   -48.0   60.652   52.576   6792.6    399.9
     1     1    10     4    25     5     0     1   -49.0   59.988   50.260   6960.5    390.0
     1     1    10     4    25     4     0     2   -50.0   59.262   48.087   7070.6    384.5
     1     1    10     4    25     3     0     3   -51.0   58.464   46.185   7059.0    386.6
     1     1    10     4    25     2     0     2   -52.0   57.626   44.455   6978.7    392.9
     1     1    10     4    25     1     0     1   -53.0   56.722   42.788   6849.8    401.2
     1     1    10     4    25     0     0     0   -54.0   55.816   41.201   6566.7    417.6
     1     1    10     4    24    23     0     1   -55.0   54.941   39.606   6152.0    445.6
     1     1    10     4    24    22     0     2   -56.0   54.214   37.940   5788.4    464.7
     1     1    10     4    24    21     0     3   -57.0   53.575   36.345   5343.5    496.3
     1     1    10     4    24    20     0     2   -58.0   53.044   34.818   5021.3    520.7
     1     1    10     4    24    19     0     1   -59.0   52.673   33.296   4804.3    539.6
     1     1    10     4    24    18     0     0   -60.0   52.367   31.841   4680.9    551.1
     1     1    10     4    24    17     0     1   -61.0   52.167   30.402   4584.5    560.3
     1     1    10     4    24    16     0     2   -62.0   52.102   28.928   4524.6    566.0
     1     1    10     4    24    15     0     3   -63.0   52.143   27.404   4515.9    565.3
     1     1    10     4    24    14     0     2   -64.0   52.272   25.834   4530.0    562.7
     1     1    10     4    24    13     0     1   -65.0   52.467   24.254   4560.6    558.0
     1     1    10     4    24    12     0     0   -66.0   52.743   22.658   4580.6    557.9
     1     1    10     4    24    11     0     1   -67.0   53.064   21.002   4592.7    558.7
     1     1    10     4    24    10     0     2   -68.0   53.404   19.406   4631.7    556.3
     1     1    10     4    24     9     0     3   -69.0   53.786   17.851   4654.2    551.2
     1     1    10     4    24     8     0     2   -70.0   54.208   16.244   4727.7    549.6
     1     1    10     4    24     7     0     1   -71.0   54.664   14.671   4834.1    546.1
     1     1    10     4    24     6     0     0   -72.0   55.125   13.069   4849.6    544.4
     1     1    10     4    24     5     0     1   -73.0   55.563   11.518   4857.7    543.4
     1     1    10     4    24     4     0     2   -74.0   56.010    9.977   4925.3    536.8
     1     1    10     4    24     3     0     3   -75.0   56.459    8.468   4970.6    533.8
     1     1    10     4    24     2     0     2   -76.0   56.927    6.974   5078.6    526.6
     1     1    10     4    24     1     0     1   -77.0   57.410    5.477   5137.3    521.2
     1     1    10     4    24     0     0     0   -78.0   57.877    3.990   5171.4    520.5
     1     1    10     4    23    23     0     1   -79.0   58.359    2.468   5269.7    511.5
     1     1    10     4    23    22     0     2   -80.0   58.839    0.905   5334.5    507.0
     1     1    10     4    23    21     0     3   -81.0   59.333   -0.715   5388.8    502.7
     1     1    10     4    23    20     0     2   -82.0   59.747   -2.462   5392.5    501.8
     1     1    10     4    23    19     0     1   -83.0   60.110   -4.361   5362.4    503.3
     1     1    10     4    23    18     0     0   -84.0   60.386   -6.218   5299.8    507.8
     1     1    10     4    23    17     0     1   -85.0   60.528   -8.005   5251.2    511.2
     1     1    10     4    23    16     0     2   -86.0   60.557   -9.717   5207.8    514.4
     1     1    10     4    23    15     0     3   -87.0   60.507  -11.339   5145.3    518.8
     1     1    10     4    23    14     0     2   -88.0   60.406  -12.823   5059.6    525.4
     1     1    10     4    23    13     0     1   -89.0   60.293  -14.184   5012.7    528.6
     1     1    10     4    23    12     0     0   -90.0   60.178  -15.468   4977.7    531.1
     1     1    10     4    23    11     0     1   -91.0   60.084  -16.688   4909.5    535.1
     1     1    10     4    23    10     0     2   -92.0   60.028  -17.856   4780.2    546.1
     1     1    10     4    23     9     0     3   -93.0   60.001  -18.996   4754.0    549.3
     1     1    10     4    23     8     0     2   -94.0   59.993  -20.109   4780.2    544.8
     1     1    10     4    23     7     0     1   -95.0   59.991  -21.156   4748.5    547.9
     1     1    10     4    23     6     0     0   -96.0   59.995  -22.139   4747.1    548.6
