     7     1
    GDAS    10     3    22     0     0
    GDAS    10     4     8     0     0
    GDAS    10     4    15     0     0
    GDAS    10     4    22     0     0
    GDAS    10     4    29     0     0
    GDAS    10     4     1     0     0
    GDAS    10     3    29     0     0
     1 BACKWARD OMEGA   
    10     4    21     0   39.977  116.381  3000.0
     1 PRESSURE
     1     1    10     4    21     0     0     0     0.0   39.977  116.381   2767.0    705.1
     1     1    10     4    20    23     0     1    -1.0   39.745  116.500   2626.1    728.4
     1     1    10     4    20    22     0     2    -2.0   39.561  116.695   2537.6    742.3
     1     1    10     4    20    21     0     3    -3.0   39.418  116.932   2483.8    751.0
     1     1    10     4    20    20     0     2    -4.0   39.308  117.186   2433.6    754.3
     1     1    10     4    20    19     0     1    -5.0   39.228  117.443   2373.0    760.6
     1     1    10     4    20    18     0     0    -6.0   39.177  117.683   2309.9    767.1
     1     1    10     4    20    17     0     1    -7.0   39.160  117.902   2265.5    773.3
     1     1    10     4    20    16     0     2    -8.0   39.174  118.086   2252.5    774.0
     1     1    10     4    20    15     0     3    -9.0   39.203  118.228   2262.1    772.8
     1     1    10     4    20    14     0     2   -10.0   39.231  118.315   2271.7    769.9
     1     1    10     4    20    13     0     1   -11.0   39.249  118.348   2263.1    770.6
     1     1    10     4    20    12     0     0   -12.0   39.255  118.338   2237.9    773.0
     1     1    10     4    20    11     0     1   -13.0   39.270  118.315   2219.8    776.2
     1     1    10     4    20    10     0     2   -14.0   39.310  118.291   2226.9    774.7
     1     1    10     4    20     9     0     3   -15.0   39.371  118.255   2259.8    770.7
     1     1    10     4    20     8     0     2   -16.0   39.442  118.200   2306.1    763.9
     1     1    10     4    20     7     0     1   -17.0   39.513  118.126   2350.0    758.7
     1     1    10     4    20     6     0     0   -18.0   39.586  118.039   2385.4    754.0
     1     1    10     4    20     5     0     1   -19.0   39.662  117.935   2424.1    751.4
     1     1    10     4    20     4     0     2   -20.0   39.744  117.806   2482.2    746.2
     1     1    10     4    20     3     0     3   -21.0   39.840  117.650   2562.7    739.3
     1     1    10     4    20     2     0     2   -22.0   39.955  117.454   2641.8    730.7
     1     1    10     4    20     1     0     1   -23.0   40.093  117.207   2685.3    723.3
     1     1    10     4    20     0     0     0   -24.0   40.252  116.912   2686.4    712.0
     1     1    10     4    19    23     0     1   -25.0   40.419  116.549   2653.8    692.8
     1     1    10     4    19    22     0     2   -26.0   40.586  116.088   2600.6    668.2
     1     1    10     4    19    21     0     3   -27.0   40.734  115.525   2513.6    646.5
     1     1    10     4    19    20     0     2   -28.0   40.842  114.893   2441.7    637.9
     1     1    10     4    19    19     0     1   -29.0   40.903  114.262   2447.2    639.1
     1     1    10     4    19    18     0     0   -30.0   40.918  113.666   2493.0    626.9
     1     1    10     4    19    17     0     1   -31.0   40.889  113.111   2513.7    611.9
     1     1    10     4    19    16     0     2   -32.0   40.833  112.611   2498.0    613.8
     1     1    10     4    19    15     0     3   -33.0   40.772  112.186   2469.4    618.8
     1     1    10     4    19    14     0     2   -34.0   40.735  111.816   2435.2    621.2
     1     1    10     4    19    13     0     1   -35.0   40.756  111.470   2384.6    625.2
     1     1    10     4    19    12     0     0   -36.0   40.853  111.145   2296.5    627.2
     1     1    10     4    19    11     0     1   -37.0   40.998  110.798   2163.2    633.3
     1     1    10     4    19    10     0     2   -38.0   41.124  110.388   2101.0    650.4
     1     1    10     4    19     9     0     3   -39.0   41.232  109.931   2152.7    650.9
     1     1    10     4    19     8     0     2   -40.0   41.322  109.453   2224.2    650.1
     1     1    10     4    19     7     0     1   -41.0   41.386  108.982   2290.1    656.9
     1     1    10     4    19     6     0     0   -42.0   41.437  108.504   2366.1    652.6
     1     1    10     4    19     5     0     1   -43.0   41.473  108.007   2406.4    652.5
     1     1    10     4    19     4     0     2   -44.0   41.503  107.459   2399.9    648.5
     1     1    10     4    19     3     0     3   -45.0   41.543  106.809   2370.8    648.6
     1     1    10     4    19     2     0     2   -46.0   41.581  106.110   2342.5    660.6
     1     1    10     4    19     1     0     1   -47.0   41.601  105.431   2337.2    664.1
     1     1    10     4    19     0     0     0   -48.0   41.598  104.756   2365.3    660.2
     1     1    10     4    18    23     0     1   -49.0   41.597  104.096   2447.5    650.4
     1     1    10     4    18    22     0     2   -50.0   41.598  103.474   2533.4    635.9
     1     1    10     4    18    21     0     3   -51.0   41.579  102.894   2530.8    635.4
     1     1    10     4    18    20     0     2   -52.0   41.544  102.387   2466.7    650.6
     1     1    10     4    18    19     0     1   -53.0   41.517  101.970   2399.5    664.8
     1     1    10     4    18    18     0     0   -54.0   41.498  101.607   2345.1    670.4
     1     1    10     4    18    17     0     1   -55.0   41.470  101.274   2285.3    677.3
     1     1    10     4    18    16     0     2   -56.0   41.411  100.969   2238.4    684.8
     1     1    10     4    18    15     0     3   -57.0   41.307  100.696   2222.8    682.5
     1     1    10     4    18    14     0     2   -58.0   41.171  100.448   2213.0    676.9
     1     1    10     4    18    13     0     1   -59.0   41.034  100.238   2159.3    675.8
     1     1    10     4    18    12     0     0   -60.0   40.924  100.088   2060.7    681.6
     1     1    10     4    18    11     0     1   -61.0   40.853   99.951   1965.2    689.5
     1     1    10     4    18    10     0     2   -62.0   40.811   99.767   1894.4    691.8
     1     1    10     4    18     9     0     3   -63.0   40.790   99.525   1839.7    692.5
     1     1    10     4    18     8     0     2   -64.0   40.776   99.242   1810.7    692.7
     1     1    10     4    18     7     0     1   -65.0   40.774   98.929   1838.3    687.6
     1     1    10     4    18     6     0     0   -66.0   40.795   98.580   1932.1    675.6
     1     1    10     4    18     5     0     1   -67.0   40.832   98.187   2033.6    658.9
     1     1    10     4    18     4     0     2   -68.0   40.894   97.752   2081.7    646.9
     1     1    10     4    18     3     0     3   -69.0   41.015   97.273   2054.6    636.4
     1     1    10     4    18     2     0     2   -70.0   41.153   96.766   1973.6    637.7
     1     1    10     4    18     1     0     1   -71.0   41.268   96.258   1907.4    644.4
     1     1    10     4    18     0     0     0   -72.0   41.379   95.761   1880.6    649.8
     1     1    10     4    17    23     0     1   -73.0   41.471   95.287   1826.4    662.9
     1     1    10     4    17    22     0     2   -74.0   41.549   94.891   1721.5    691.0
     1     1    10     4    17    21     0     3   -75.0   41.658   94.552   1627.0    714.4
     1     1    10     4    17    20     0     2   -76.0   41.801   94.250   1580.4    735.2
     1     1    10     4    17    19     0     1   -77.0   41.957   93.975   1599.2    748.5
     1     1    10     4    17    18     0     0   -78.0   42.097   93.706   1649.1    737.8
     1     1    10     4    17    17     0     1   -79.0   42.203   93.472   1689.0    730.6
     1     1    10     4    17    16     0     2   -80.0   42.290   93.315   1683.4    735.9
     1     1    10     4    17    15     0     3   -81.0   42.367   93.228   1656.2    742.7
     1     1    10     4    17    14     0     2   -82.0   42.452   93.178   1649.0    749.2
     1     1    10     4    17    13     0     1   -83.0   42.558   93.133   1719.5    748.6
     1     1    10     4    17    12     0     0   -84.0   42.686   93.084   1918.6    738.6
     1     1    10     4    17    11     0     1   -85.0   42.815   92.977   2222.5    718.3
     1     1    10     4    17    10     0     2   -86.0   42.927   92.779   2523.7    691.4
     1     1    10     4    17     9     0     3   -87.0   43.004   92.521   2729.7    673.1
     1     1    10     4    17     8     0     2   -88.0   43.060   92.248   2816.8    663.0
     1     1    10     4    17     7     0     1   -89.0   43.123   91.973   2831.6    661.6
     1     1    10     4    17     6     0     0   -90.0   43.215   91.694   2869.4    658.9
     1     1    10     4    17     5     0     1   -91.0   43.330   91.379   2966.6    643.6
     1     1    10     4    17     4     0     2   -92.0   43.483   91.003   3123.9    625.9
     1     1    10     4    17     3     0     3   -93.0   43.711   90.514   3278.4    597.5
     1     1    10     4    17     2     0     2   -94.0   44.002   89.912   3300.8    593.4
     1     1    10     4    17     1     0     1   -95.0   44.302   89.225   3060.9    591.9
     1     1    10     4    17     0     0     0   -96.0   44.587   88.511   2810.4    642.4
