     7     1
    GDAS    10     3    22     0     0
    GDAS    10     4     8     0     0
    GDAS    10     4    15     0     0
    GDAS    10     4    22     0     0
    GDAS    10     4    29     0     0
    GDAS    10     4     1     0     0
    GDAS    10     3    29     0     0
     1 BACKWARD OMEGA   
    10     4    14    18   39.977  116.381  4200.0
     1 PRESSURE
     1     1    10     4    14    18     0     0     0.0   39.977  116.381   3963.5    596.9
     1     1    10     4    14    17     0     1    -1.0   40.161  116.016   3903.0    579.9
     1     1    10     4    14    16     0     2    -2.0   40.388  115.562   3826.9    554.9
     1     1    10     4    14    15     0     3    -3.0   40.623  114.983   3866.2    527.5
     1     1    10     4    14    14     0     2    -4.0   40.867  114.303   4008.6    508.5
     1     1    10     4    14    13     0     1    -5.0   41.132  113.586   4034.7    495.1
     1     1    10     4    14    12     0     0    -6.0   41.403  112.844   3973.4    497.7
     1     1    10     4    14    11     0     1    -7.0   41.665  112.111   3965.2    507.2
     1     1    10     4    14    10     0     2    -8.0   41.912  111.406   4019.6    508.0
     1     1    10     4    14     9     0     3    -9.0   42.145  110.740   4047.4    511.4
     1     1    10     4    14     8     0     2   -10.0   42.372  110.110   4019.6    513.5
     1     1    10     4    14     7     0     1   -11.0   42.600  109.510   3984.0    517.9
     1     1    10     4    14     6     0     0   -12.0   42.826  108.928   3968.9    522.2
     1     1    10     4    14     5     0     1   -13.0   43.027  108.386   4004.6    532.8
     1     1    10     4    14     4     0     2   -14.0   43.212  107.903   4045.2    533.9
     1     1    10     4    14     3     0     3   -15.0   43.421  107.451   4082.0    523.4
     1     1    10     4    14     2     0     2   -16.0   43.645  106.976   4116.9    510.5
     1     1    10     4    14     1     0     1   -17.0   43.864  106.451   4130.4    502.0
     1     1    10     4    14     0     0     0   -18.0   44.089  105.888   4126.4    497.9
     1     1    10     4    13    23     0     1   -19.0   44.301  105.324   4119.0    500.2
     1     1    10     4    13    22     0     2   -20.0   44.476  104.783   4097.7    503.5
     1     1    10     4    13    21     0     3   -21.0   44.614  104.265   4062.2    507.1
     1     1    10     4    13    20     0     2   -22.0   44.729  103.773   4025.1    510.9
     1     1    10     4    13    19     0     1   -23.0   44.833  103.308   4008.2    513.4
     1     1    10     4    13    18     0     0   -24.0   44.930  102.866   4009.4    511.8
     1     1    10     4    13    17     0     1   -25.0   45.035  102.414   3986.1    499.5
     1     1    10     4    13    16     0     2   -26.0   45.162  101.913   3935.0    487.2
     1     1    10     4    13    15     0     3   -27.0   45.293  101.390   3900.5    487.6
     1     1    10     4    13    14     0     2   -28.0   45.427  100.861   3857.9    488.3
     1     1    10     4    13    13     0     1   -29.0   45.565  100.332   3817.4    494.1
     1     1    10     4    13    12     0     0   -30.0   45.699   99.812   3795.3    501.0
     1     1    10     4    13    11     0     1   -31.0   45.850   99.262   3823.2    499.0
     1     1    10     4    13    10     0     2   -32.0   46.041   98.638   3930.7    493.3
     1     1    10     4    13     9     0     3   -33.0   46.264   97.924   4000.3    474.8
     1     1    10     4    13     8     0     2   -34.0   46.480   97.123   3963.7    464.5
     1     1    10     4    13     7     0     1   -35.0   46.667   96.299   3911.9    472.2
     1     1    10     4    13     6     0     0   -36.0   46.819   95.512   3886.5    487.1
     1     1    10     4    13     5     0     1   -37.0   46.957   94.782   3902.2    497.8
     1     1    10     4    13     4     0     2   -38.0   47.106   94.080   3953.4    502.5
     1     1    10     4    13     3     0     3   -39.0   47.277   93.369   4003.8    490.8
     1     1    10     4    13     2     0     2   -40.0   47.463   92.595   4035.1    475.8
     1     1    10     4    13     1     0     1   -41.0   47.661   91.765   3987.6    470.1
     1     1    10     4    13     0     0     0   -42.0   47.867   90.831   3921.1    445.4
     1     1    10     4    12    23     0     1   -43.0   48.049   89.730   3910.3    431.8
     1     1    10     4    12    22     0     2   -44.0   48.198   88.648   4053.0    450.0
     1     1    10     4    12    21     0     3   -45.0   48.338   87.602   4277.3    466.1
     1     1    10     4    12    20     0     2   -46.0   48.472   86.594   4449.1    481.9
     1     1    10     4    12    19     0     1   -47.0   48.572   85.613   4551.3    490.4
     1     1    10     4    12    18     0     0   -48.0   48.641   84.650   4648.9    500.7
     1     1    10     4    12    17     0     1   -49.0   48.681   83.741   4732.7    512.8
     1     1    10     4    12    16     0     2   -50.0   48.700   82.876   4777.1    505.8
     1     1    10     4    12    15     0     3   -51.0   48.698   82.048   4782.7    500.0
     1     1    10     4    12    14     0     2   -52.0   48.675   81.235   4750.2    506.2
     1     1    10     4    12    13     0     1   -53.0   48.639   80.417   4711.1    512.2
     1     1    10     4    12    12     0     0   -54.0   48.602   79.592   4666.6    515.3
     1     1    10     4    12    11     0     1   -55.0   48.545   78.768   4638.0    513.3
     1     1    10     4    12    10     0     2   -56.0   48.459   77.950   4581.2    515.5
     1     1    10     4    12     9     0     3   -57.0   48.358   77.151   4518.3    516.8
     1     1    10     4    12     8     0     2   -58.0   48.231   76.390   4505.2    520.2
     1     1    10     4    12     7     0     1   -59.0   48.070   75.667   4480.5    525.0
     1     1    10     4    12     6     0     0   -60.0   47.886   74.964   4453.3    526.0
     1     1    10     4    12     5     0     1   -61.0   47.696   74.265   4467.3    530.0
     1     1    10     4    12     4     0     2   -62.0   47.512   73.555   4505.9    527.7
     1     1    10     4    12     3     0     3   -63.0   47.342   72.825   4588.8    520.6
     1     1    10     4    12     2     0     2   -64.0   47.172   72.064   4653.4    515.9
     1     1    10     4    12     1     0     1   -65.0   46.981   71.285   4641.1    525.4
     1     1    10     4    12     0     0     0   -66.0   46.775   70.493   4635.9    532.5
     1     1    10     4    11    23     0     1   -67.0   46.550   69.724   4667.6    536.0
     1     1    10     4    11    22     0     2   -68.0   46.298   69.008   4707.0    539.5
     1     1    10     4    11    21     0     3   -69.0   46.028   68.322   4732.9    539.1
     1     1    10     4    11    20     0     2   -70.0   45.759   67.647   4751.7    540.5
     1     1    10     4    11    19     0     1   -71.0   45.496   66.979   4751.6    544.1
     1     1    10     4    11    18     0     0   -72.0   45.241   66.312   4759.3    547.5
     1     1    10     4    11    17     0     1   -73.0   45.000   65.643   4793.2    545.8
     1     1    10     4    11    16     0     2   -74.0   44.776   64.969   4857.2    539.7
     1     1    10     4    11    15     0     3   -75.0   44.569   64.295   4942.8    535.1
     1     1    10     4    11    14     0     2   -76.0   44.375   63.637   5023.0    529.9
     1     1    10     4    11    13     0     1   -77.0   44.184   62.990   5099.9    525.1
     1     1    10     4    11    12     0     0   -78.0   44.003   62.349   5159.3    521.8
     1     1    10     4    11    11     0     1   -79.0   43.833   61.713   5200.1    521.0
     1     1    10     4    11    10     0     2   -80.0   43.663   61.082   5241.3    518.0
     1     1    10     4    11     9     0     3   -81.0   43.490   60.447   5286.1    515.5
     1     1    10     4    11     8     0     2   -82.0   43.324   59.803   5335.3    511.5
     1     1    10     4    11     7     0     1   -83.0   43.169   59.160   5389.0    508.0
     1     1    10     4    11     6     0     0   -84.0   43.010   58.520   5445.7    501.6
     1     1    10     4    11     5     0     1   -85.0   42.851   57.877   5509.0    495.1
     1     1    10     4    11     4     0     2   -86.0   42.713   57.235   5575.6    490.5
     1     1    10     4    11     3     0     3   -87.0   42.605   56.603   5613.6    485.3
     1     1    10     4    11     2     0     2   -88.0   42.514   55.986   5613.5    481.9
     1     1    10     4    11     1     0     1   -89.0   42.424   55.378   5615.6    482.9
     1     1    10     4    11     0     0     0   -90.0   42.345   54.763   5643.6    482.7
     1     1    10     4    10    23     0     1   -91.0   42.281   54.140   5717.8    480.0
     1     1    10     4    10    22     0     2   -92.0   42.226   53.511   5841.0    475.5
     1     1    10     4    10    21     0     3   -93.0   42.187   52.873   6020.7    468.2
     1     1    10     4    10    20     0     2   -94.0   42.154   52.210   6189.8    453.6
     1     1    10     4    10    19     0     1   -95.0   42.115   51.528   6284.3    449.5
     1     1    10     4    10    18     0     0   -96.0   42.074   50.840   6259.1    453.1
