     5     1
    GDAS    10     3     1     0     0
    GDAS    10     3     8     0     0
    GDAS    10     3    15     0     0
    GDAS    10     3    22     0     0
    GDAS    10     3    29     0     0
     1 BACKWARD OMEGA   
    10     3    29     0   39.977  116.381  7000.0
     1 PRESSURE
     1     1    10     3    29     0     0     0     0.0   39.977  116.381   6761.9    416.0
     1     1    10     3    28    23     0     1    -1.0   40.062  115.709   6668.7    396.6
     1     1    10     3    28    22     0     2    -2.0   40.169  115.018   6529.7    373.4
     1     1    10     3    28    21     0     3    -3.0   40.286  114.357   6569.8    371.2
     1     1    10     3    28    20     0     2    -4.0   40.413  113.714   6590.4    366.2
     1     1    10     3    28    19     0     1    -5.0   40.548  113.051   6545.6    360.1
     1     1    10     3    28    18     0     0    -6.0   40.673  112.381   6467.9    360.3
     1     1    10     3    28    17     0     1    -7.0   40.788  111.740   6382.6    365.5
     1     1    10     3    28    16     0     2    -8.0   40.890  111.138   6318.3    366.3
     1     1    10     3    28    15     0     3    -9.0   40.963  110.555   6311.8    367.4
     1     1    10     3    28    14     0     2   -10.0   41.025  109.950   6360.6    368.0
     1     1    10     3    28    13     0     1   -11.0   41.095  109.335   6446.3    374.0
     1     1    10     3    28    12     0     0   -12.0   41.149  108.752   6491.4    379.7
     1     1    10     3    28    11     0     1   -13.0   41.193  108.194   6522.8    384.0
     1     1    10     3    28    10     0     2   -14.0   41.252  107.626   6511.6    378.7
     1     1    10     3    28     9     0     3   -15.0   41.305  107.044   6464.8    373.0
     1     1    10     3    28     8     0     2   -16.0   41.347  106.444   6456.7    375.7
     1     1    10     3    28     7     0     1   -17.0   41.394  105.832   6464.8    377.4
     1     1    10     3    28     6     0     0   -18.0   41.442  105.257   6455.8    381.5
     1     1    10     3    28     5     0     1   -19.0   41.495  104.702   6413.3    384.9
     1     1    10     3    28     4     0     2   -20.0   41.564  104.128   6359.2    385.6
     1     1    10     3    28     3     0     3   -21.0   41.657  103.544   6321.8    387.8
     1     1    10     3    28     2     0     2   -22.0   41.763  102.951   6313.7    389.2
     1     1    10     3    28     1     0     1   -23.0   41.871  102.354   6373.5    393.1
     1     1    10     3    28     0     0     0   -24.0   41.990  101.749   6490.3    392.6
     1     1    10     3    27    23     0     1   -25.0   42.115  101.101   6611.2    380.7
     1     1    10     3    27    22     0     2   -26.0   42.234  100.387   6703.4    371.5
     1     1    10     3    27    21     0     3   -27.0   42.354   99.612   6721.9    367.0
     1     1    10     3    27    20     0     2   -28.0   42.462   98.801   6712.3    360.8
     1     1    10     3    27    19     0     1   -29.0   42.559   97.957   6796.5    349.6
     1     1    10     3    27    18     0     0   -30.0   42.651   97.057   6805.9    340.4
     1     1    10     3    27    17     0     1   -31.0   42.716   96.173   6789.2    350.6
     1     1    10     3    27    16     0     2   -32.0   42.753   95.313   6733.0    341.8
     1     1    10     3    27    15     0     3   -33.0   42.782   94.387   6675.9    335.7
     1     1    10     3    27    14     0     2   -34.0   42.770   93.432   6797.3    363.4
     1     1    10     3    27    13     0     1   -35.0   42.700   92.559   6895.8    384.8
     1     1    10     3    27    12     0     0   -36.0   42.602   91.723   6872.8    384.2
     1     1    10     3    27    11     0     1   -37.0   42.460   90.910   6737.8    383.7
     1     1    10     3    27    10     0     2   -38.0   42.313   90.086   6589.5    388.2
     1     1    10     3    27     9     0     3   -39.0   42.171   89.236   6575.8    388.4
     1     1    10     3    27     8     0     2   -40.0   42.005   88.358   6534.6    375.6
     1     1    10     3    27     7     0     1   -41.0   41.801   87.482   6626.3    376.3
     1     1    10     3    27     6     0     0   -42.0   41.584   86.650   6810.3    372.0
     1     1    10     3    27     5     0     1   -43.0   41.366   85.873   6863.0    369.7
     1     1    10     3    27     4     0     2   -44.0   41.135   85.154   6742.7    375.0
     1     1    10     3    27     3     0     3   -45.0   40.872   84.516   6616.7    387.1
     1     1    10     3    27     2     0     2   -46.0   40.618   83.945   6516.1    391.7
     1     1    10     3    27     1     0     1   -47.0   40.405   83.410   6396.3    397.2
     1     1    10     3    27     0     0     0   -48.0   40.224   82.890   6262.5    404.0
     1     1    10     3    26    23     0     1   -49.0   40.037   82.361   6105.8    409.9
     1     1    10     3    26    22     0     2   -50.0   39.827   81.823   5863.1    420.1
     1     1    10     3    26    21     0     3   -51.0   39.620   81.283   5558.7    439.9
     1     1    10     3    26    20     0     2   -52.0   39.426   80.729   5309.2    458.7
     1     1    10     3    26    19     0     1   -53.0   39.204   80.166   5137.9    465.1
     1     1    10     3    26    18     0     0   -54.0   38.868   79.604   4933.5    470.2
     1     1    10     3    26    17     0     1   -55.0   38.526   79.126   4713.5    486.3
     1     1    10     3    26    16     0     2   -56.0   38.254   78.709   4531.7    496.4
     1     1    10     3    26    15     0     3   -57.0   38.012   78.357   4419.4    503.2
     1     1    10     3    26    14     0     2   -58.0   37.784   77.989   4233.8    481.9
     1     1    10     3    26    13     0     1   -59.0   37.547   77.553   4059.4    462.0
     1     1    10     3    26    12     0     0   -60.0   37.273   77.022   4167.3    417.4
     1     1    10     3    26    11     0     1   -61.0   36.964   76.379   4393.6    339.8
     1     1    10     3    26    10     0     2   -62.0   36.576   75.653   4505.5    305.2
     1     1    10     3    26     9     0     3   -63.0   36.114   74.953   4461.1    327.0
     1     1    10     3    26     8     0     2   -64.0   35.650   74.371   4229.6    369.8
     1     1    10     3    26     7     0     1   -65.0   35.213   73.906   3946.4    403.3
     1     1    10     3    26     6     0     0   -66.0   34.826   73.615   3774.6    451.9
     1     1    10     3    26     5     0     1   -67.0   34.507   73.489   3696.1    498.4
     1     1    10     3    26     4     0     2   -68.0   34.253   73.482   3637.4    528.7
     1     1    10     3    26     3     0     3   -69.0   34.047   73.571   3560.1    548.5
     1     1    10     3    26     2     0     2   -70.0   33.872   73.688   3457.0    562.9
     1     1    10     3    26     1     0     1   -71.0   33.727   73.782   3379.8    577.0
     1     1    10     3    26     0     0     0   -72.0   33.613   73.853   3356.7    587.2
     1     1    10     3    25    23     0     1   -73.0   33.490   73.908   3374.5    594.7
     1     1    10     3    25    22     0     2   -74.0   33.329   73.961   3416.1    607.9
     1     1    10     3    25    21     0     3   -75.0   33.132   74.025   3463.9    624.5
     1     1    10     3    25    20     0     2   -76.0   32.926   74.105   3505.9    635.2
     1     1    10     3    25    19     0     1   -77.0   32.731   74.185   3536.0    631.4
     1     1    10     3    25    18     0     0   -78.0   32.542   74.262   3563.9    631.2
     1     1    10     3    25    17     0     1   -79.0   32.370   74.344   3559.0    631.9
     1     1    10     3    25    16     0     2   -80.0   32.223   74.436   3500.8    640.4
     1     1    10     3    25    15     0     3   -81.0   32.093   74.548   3405.0    652.6
     1     1    10     3    25    14     0     2   -82.0   31.961   74.668   3313.8    666.9
     1     1    10     3    25    13     0     1   -83.0   31.823   74.766   3264.7    671.8
     1     1    10     3    25    12     0     0   -84.0   31.691   74.827   3271.4    670.9
     1     1    10     3    25    11     0     1   -85.0   31.573   74.840   3312.0    666.3
     1     1    10     3    25    10     0     2   -86.0   31.470   74.798   3360.9    662.0
     1     1    10     3    25     9     0     3   -87.0   31.381   74.706   3404.3    658.4
     1     1    10     3    25     8     0     2   -88.0   31.298   74.589   3432.9    656.5
     1     1    10     3    25     7     0     1   -89.0   31.217   74.473   3445.5    656.3
     1     1    10     3    25     6     0     0   -90.0   31.144   74.362   3442.2    657.3
     1     1    10     3    25     5     0     1   -91.0   31.111   74.251   3433.8    658.8
     1     1    10     3    25     4     0     2   -92.0   31.144   74.140   3432.4    658.9
     1     1    10     3    25     3     0     3   -93.0   31.246   74.031   3437.4    658.0
     1     1    10     3    25     2     0     2   -94.0   31.379   73.922   3453.3    657.0
     1     1    10     3    25     1     0     1   -95.0   31.507   73.809   3491.4    654.5
     1     1    10     3    25     0     0     0   -96.0   31.633   73.696   3561.0    649.5
