     7     1
    GDAS    10     3    22     0     0
    GDAS    10     4     8     0     0
    GDAS    10     4    15     0     0
    GDAS    10     4    22     0     0
    GDAS    10     4    29     0     0
    GDAS    10     4     1     0     0
    GDAS    10     3    29     0     0
     1 BACKWARD OMEGA   
    10     4     6     0   39.977  116.381  8600.0
     1 PRESSURE
     1     1    10     4     6     0     0     0     0.0   39.977  116.381   8354.6    318.5
     1     1    10     4     5    23     0     1    -1.0   40.285  114.624   8108.7    284.0
     1     1    10     4     5    22     0     2    -2.0   40.627  112.907   8189.0    270.0
     1     1    10     4     5    21     0     3    -3.0   41.010  111.317   8241.7    261.8
     1     1    10     4     5    20     0     2    -4.0   41.439  109.844   8438.0    262.5
     1     1    10     4     5    19     0     1    -5.0   41.895  108.415   8548.0    260.6
     1     1    10     4     5    18     0     0    -6.0   42.390  107.035   8678.9    265.1
     1     1    10     4     5    17     0     1    -7.0   42.884  105.653   8690.7    255.3
     1     1    10     4     5    16     0     2    -8.0   43.282  104.318   8659.3    251.3
     1     1    10     4     5    15     0     3    -9.0   43.650  103.016   8666.4    251.3
     1     1    10     4     5    14     0     2   -10.0   43.998  101.769   8856.0    256.7
     1     1    10     4     5    13     0     1   -11.0   44.299  100.584   8787.2    253.7
     1     1    10     4     5    12     0     0   -12.0   44.598   99.458   8633.6    246.3
     1     1    10     4     5    11     0     1   -13.0   44.898   98.351   8491.6    230.8
     1     1    10     4     5    10     0     2   -14.0   45.168   97.275   8604.6    235.0
     1     1    10     4     5     9     0     3   -15.0   45.456   96.183   8616.0    241.2
     1     1    10     4     5     8     0     2   -16.0   45.740   95.058   8621.3    246.5
     1     1    10     4     5     7     0     1   -17.0   45.978   93.957   8358.3    232.2
     1     1    10     4     5     6     0     0   -18.0   46.184   92.879   8455.9    238.5
     1     1    10     4     5     5     0     1   -19.0   46.364   91.808   8504.0    244.0
     1     1    10     4     5     4     0     2   -20.0   46.499   90.786   8506.1    244.1
     1     1    10     4     5     3     0     3   -21.0   46.594   89.807   8695.4    256.2
     1     1    10     4     5     2     0     2   -22.0   46.682   88.867   8882.6    270.4
     1     1    10     4     5     1     0     1   -23.0   46.772   87.955   8957.1    279.0
     1     1    10     4     5     0     0     0   -24.0   46.856   87.060   8851.6    276.6
     1     1    10     4     4    23     0     1   -25.0   46.936   86.181   8560.0    257.5
     1     1    10     4     4    22     0     2   -26.0   47.014   85.325   8456.9    246.6
     1     1    10     4     4    21     0     3   -27.0   47.079   84.480   8599.0    253.7
     1     1    10     4     4    20     0     2   -28.0   47.134   83.644   8721.7    262.4
     1     1    10     4     4    19     0     1   -29.0   47.187   82.850   8753.2    266.4
     1     1    10     4     4    18     0     0   -30.0   47.235   82.102   8790.0    270.5
     1     1    10     4     4    17     0     1   -31.0   47.291   81.374   8864.9    276.1
     1     1    10     4     4    16     0     2   -32.0   47.365   80.643   8924.2    280.3
     1     1    10     4     4    15     0     3   -33.0   47.448   79.904   8952.7    282.9
     1     1    10     4     4    14     0     2   -34.0   47.534   79.157   8923.1    282.2
     1     1    10     4     4    13     0     1   -35.0   47.622   78.404   8883.0    282.5
     1     1    10     4     4    12     0     0   -36.0   47.709   77.638   8833.2    283.5
     1     1    10     4     4    11     0     1   -37.0   47.797   76.882   8751.8    285.7
     1     1    10     4     4    10     0     2   -38.0   47.887   76.159   8707.7    289.7
     1     1    10     4     4     9     0     3   -39.0   47.969   75.438   8650.4    289.4
     1     1    10     4     4     8     0     2   -40.0   48.051   74.731   8611.5    287.6
     1     1    10     4     4     7     0     1   -41.0   48.146   74.059   8602.8    288.5
     1     1    10     4     4     6     0     0   -42.0   48.249   73.428   8582.8    288.2
     1     1    10     4     4     5     0     1   -43.0   48.359   72.809   8579.3    289.2
     1     1    10     4     4     4     0     2   -44.0   48.479   72.183   8592.2    293.2
     1     1    10     4     4     3     0     3   -45.0   48.604   71.563   8594.3    297.0
     1     1    10     4     4     2     0     2   -46.0   48.736   70.952   8593.2    300.3
     1     1    10     4     4     1     0     1   -47.0   48.885   70.343   8598.7    301.2
     1     1    10     4     4     0     0     0   -48.0   49.053   69.731   8620.5    301.2
     1     1    10     4     3    23     0     1   -49.0   49.239   69.124   8657.7    300.4
     1     1    10     4     3    22     0     2   -50.0   49.424   68.507   8669.5    298.7
     1     1    10     4     3    21     0     3   -51.0   49.579   67.848   8680.5    297.7
     1     1    10     4     3    20     0     2   -52.0   49.687   67.179   8698.8    298.1
     1     1    10     4     3    19     0     1   -53.0   49.754   66.548   8743.3    301.1
     1     1    10     4     3    18     0     0   -54.0   49.778   65.955   8811.1    303.4
     1     1    10     4     3    17     0     1   -55.0   49.760   65.377   8873.7    301.9
     1     1    10     4     3    16     0     2   -56.0   49.691   64.797   8943.4    300.1
     1     1    10     4     3    15     0     3   -57.0   49.560   64.228   9016.7    298.1
     1     1    10     4     3    14     0     2   -58.0   49.367   63.703   9066.9    295.3
     1     1    10     4     3    13     0     1   -59.0   49.131   63.236   9075.4    294.8
     1     1    10     4     3    12     0     0   -60.0   48.862   62.808   9052.3    296.6
     1     1    10     4     3    11     0     1   -61.0   48.564   62.435   9023.8    299.3
     1     1    10     4     3    10     0     2   -62.0   48.246   62.126   9010.7    299.9
     1     1    10     4     3     9     0     3   -63.0   47.922   61.832   9004.3    299.6
     1     1    10     4     3     8     0     2   -64.0   47.592   61.544   8996.7    298.9
     1     1    10     4     3     7     0     1   -65.0   47.257   61.268   8989.9    298.9
     1     1    10     4     3     6     0     0   -66.0   46.930   60.982   8992.2    298.9
     1     1    10     4     3     5     0     1   -67.0   46.629   60.689   8993.6    298.5
     1     1    10     4     3     4     0     2   -68.0   46.366   60.385   8981.8    299.9
     1     1    10     4     3     3     0     3   -69.0   46.150   60.052   8961.3    301.9
     1     1    10     4     3     2     0     2   -70.0   45.956   59.684   8944.1    303.8
     1     1    10     4     3     1     0     1   -71.0   45.764   59.283   8935.1    303.6
     1     1    10     4     3     0     0     0   -72.0   45.583   58.843   8925.3    303.1
     1     1    10     4     2    23     0     1   -73.0   45.411   58.393   8908.4    302.5
     1     1    10     4     2    22     0     2   -74.0   45.252   57.977   8896.5    301.8
     1     1    10     4     2    21     0     3   -75.0   45.109   57.612   8913.4    301.6
     1     1    10     4     2    20     0     2   -76.0   44.986   57.279   8939.2    299.8
     1     1    10     4     2    19     0     1   -77.0   44.891   56.947   8961.3    298.9
     1     1    10     4     2    18     0     0   -78.0   44.824   56.614   8979.6    299.5
     1     1    10     4     2    17     0     1   -79.0   44.776   56.281   8998.8    300.6
     1     1    10     4     2    16     0     2   -80.0   44.743   55.943   9029.5    300.2
     1     1    10     4     2    15     0     3   -81.0   44.720   55.603   9059.3    298.4
     1     1    10     4     2    14     0     2   -82.0   44.698   55.271   9085.0    295.9
     1     1    10     4     2    13     0     1   -83.0   44.678   54.956   9094.3    295.0
     1     1    10     4     2    12     0     0   -84.0   44.657   54.656   9092.4    295.7
     1     1    10     4     2    11     0     1   -85.0   44.624   54.387   9076.1    297.3
     1     1    10     4     2    10     0     2   -86.0   44.573   54.171   9053.4    298.6
     1     1    10     4     2     9     0     3   -87.0   44.512   54.008   9024.3    299.9
     1     1    10     4     2     8     0     2   -88.0   44.453   53.879   8996.8    301.3
     1     1    10     4     2     7     0     1   -89.0   44.405   53.762   8980.3    301.8
     1     1    10     4     2     6     0     0   -90.0   44.371   53.653   8974.6    302.0
     1     1    10     4     2     5     0     1   -91.0   44.362   53.567   8984.5    301.8
     1     1    10     4     2     4     0     2   -92.0   44.392   53.518   9015.2    300.8
     1     1    10     4     2     3     0     3   -93.0   44.468   53.497   9064.7    299.1
     1     1    10     4     2     2     0     2   -94.0   44.561   53.492   9109.5    296.8
     1     1    10     4     2     1     0     1   -95.0   44.641   53.501   9132.1    296.5
     1     1    10     4     2     0     0     0   -96.0   44.708   53.524   9135.6    296.9
