     7     1
    GDAS    10     3    22     0     0
    GDAS    10     4     8     0     0
    GDAS    10     4    15     0     0
    GDAS    10     4    22     0     0
    GDAS    10     4    29     0     0
    GDAS    10     4     1     0     0
    GDAS    10     3    29     0     0
     1 BACKWARD OMEGA   
    10     4    24     6   39.977  116.381  4200.0
     1 PRESSURE
     1     1    10     4    24     6     0     0     0.0   39.977  116.381   3963.1    604.1
     1     1    10     4    24     5     0     1    -1.0   40.144  115.962   4002.0    577.9
     1     1    10     4    24     4     0     2    -2.0   40.344  115.473   3974.6    545.9
     1     1    10     4    24     3     0     3    -3.0   40.585  114.891   3945.9    524.4
     1     1    10     4    24     2     0     2    -4.0   40.846  114.253   3982.8    521.4
     1     1    10     4    24     1     0     1    -5.0   41.096  113.563   4006.3    507.6
     1     1    10     4    24     0     0     0    -6.0   41.332  112.819   3987.9    502.4
     1     1    10     4    23    23     0     1    -7.0   41.556  112.072   3975.9    508.7
     1     1    10     4    23    22     0     2    -8.0   41.752  111.335   3996.6    514.5
     1     1    10     4    23    21     0     3    -9.0   41.912  110.584   4053.8    515.8
     1     1    10     4    23    20     0     2   -10.0   42.063  109.818   4095.0    509.1
     1     1    10     4    23    19     0     1   -11.0   42.210  109.066   4109.6    507.8
     1     1    10     4    23    18     0     0   -12.0   42.351  108.323   4122.5    513.9
     1     1    10     4    23    17     0     1   -13.0   42.488  107.606   4109.7    522.7
     1     1    10     4    23    16     0     2   -14.0   42.636  106.904   4060.4    527.5
     1     1    10     4    23    15     0     3   -15.0   42.802  106.177   3990.8    529.7
     1     1    10     4    23    14     0     2   -16.0   42.995  105.381   3930.6    513.2
     1     1    10     4    23    13     0     1   -17.0   43.204  104.516   3949.3    509.7
     1     1    10     4    23    12     0     0   -18.0   43.408  103.626   4023.6    508.3
     1     1    10     4    23    11     0     1   -19.0   43.601  102.699   4047.5    507.3
     1     1    10     4    23    10     0     2   -20.0   43.759  101.732   4127.1    515.6
     1     1    10     4    23     9     0     3   -21.0   43.877  100.690   4309.9    506.5
     1     1    10     4    23     8     0     2   -22.0   43.979   99.588   4343.4    495.8
     1     1    10     4    23     7     0     1   -23.0   44.069   98.500   4255.5    501.5
     1     1    10     4    23     6     0     0   -24.0   44.152   97.445   4230.9    502.6
     1     1    10     4    23     5     0     1   -25.0   44.249   96.406   4182.8    510.2
     1     1    10     4    23     4     0     2   -26.0   44.358   95.379   4161.8    529.3
     1     1    10     4    23     3     0     3   -27.0   44.474   94.352   4205.1    514.5
     1     1    10     4    23     2     0     2   -28.0   44.582   93.367   4102.6    505.0
     1     1    10     4    23     1     0     1   -29.0   44.692   92.437   3969.0    517.3
     1     1    10     4    23     0     0     0   -30.0   44.819   91.543   3883.9    532.1
     1     1    10     4    22    23     0     1   -31.0   44.957   90.690   3820.4    542.6
     1     1    10     4    22    22     0     2   -32.0   45.120   89.901   3719.1    560.7
     1     1    10     4    22    21     0     3   -33.0   45.310   89.139   3623.3    585.0
     1     1    10     4    22    20     0     2   -34.0   45.501   88.396   3548.4    602.1
     1     1    10     4    22    19     0     1   -35.0   45.663   87.700   3501.6    616.4
     1     1    10     4    22    18     0     0   -36.0   45.786   87.058   3439.7    628.1
     1     1    10     4    22    17     0     1   -37.0   45.878   86.498   3344.1    644.9
     1     1    10     4    22    16     0     2   -38.0   45.966   86.029   3239.2    664.2
     1     1    10     4    22    15     0     3   -39.0   46.070   85.624   3135.9    657.2
     1     1    10     4    22    14     0     2   -40.0   46.198   85.241   3100.4    634.9
     1     1    10     4    22    13     0     1   -41.0   46.348   84.861   3121.1    606.9
     1     1    10     4    22    12     0     0   -42.0   46.513   84.505   3173.2    586.2
     1     1    10     4    22    11     0     1   -43.0   46.690   84.175   3234.4    575.8
     1     1    10     4    22    10     0     2   -44.0   46.883   83.859   3276.9    574.8
     1     1    10     4    22     9     0     3   -45.0   47.093   83.550   3285.6    582.0
     1     1    10     4    22     8     0     2   -46.0   47.301   83.246   3278.2    601.0
     1     1    10     4    22     7     0     1   -47.0   47.496   82.949   3262.3    619.8
     1     1    10     4    22     6     0     0   -48.0   47.686   82.656   3260.4    628.9
     1     1    10     4    22     5     0     1   -49.0   47.886   82.354   3294.9    626.3
     1     1    10     4    22     4     0     2   -50.0   48.107   82.025   3354.1    611.2
     1     1    10     4    22     3     0     3   -51.0   48.346   81.667   3435.3    605.8
     1     1    10     4    22     2     0     2   -52.0   48.589   81.281   3495.5    606.1
     1     1    10     4    22     1     0     1   -53.0   48.823   80.857   3533.4    609.7
     1     1    10     4    22     0     0     0   -54.0   49.045   80.396   3556.1    613.9
     1     1    10     4    21    23     0     1   -55.0   49.250   79.918   3592.9    617.6
     1     1    10     4    21    22     0     2   -56.0   49.430   79.440   3647.6    612.9
     1     1    10     4    21    21     0     3   -57.0   49.590   78.962   3709.5    607.8
     1     1    10     4    21    20     0     2   -58.0   49.738   78.488   3751.1    604.4
     1     1    10     4    21    19     0     1   -59.0   49.876   78.015   3760.8    605.7
     1     1    10     4    21    18     0     0   -60.0   50.010   77.538   3737.9    603.9
     1     1    10     4    21    17     0     1   -61.0   50.145   77.054   3717.8    603.4
     1     1    10     4    21    16     0     2   -62.0   50.287   76.562   3736.8    604.5
     1     1    10     4    21    15     0     3   -63.0   50.444   76.069   3783.0    603.4
     1     1    10     4    21    14     0     2   -64.0   50.609   75.558   3836.7    600.3
     1     1    10     4    21    13     0     1   -65.0   50.774   75.006   3887.2    597.6
     1     1    10     4    21    12     0     0   -66.0   50.949   74.423   3948.1    594.2
     1     1    10     4    21    11     0     1   -67.0   51.128   73.808   3998.9    588.2
     1     1    10     4    21    10     0     2   -68.0   51.310   73.160   4022.7    585.9
     1     1    10     4    21     9     0     3   -69.0   51.504   72.502   4055.5    589.4
     1     1    10     4    21     8     0     2   -70.0   51.701   71.828   4113.3    587.5
     1     1    10     4    21     7     0     1   -71.0   51.888   71.133   4197.0    579.0
     1     1    10     4    21     6     0     0   -72.0   52.080   70.448   4310.2    570.3
     1     1    10     4    21     5     0     1   -73.0   52.293   69.782   4425.5    560.5
     1     1    10     4    21     4     0     2   -74.0   52.534   69.129   4537.6    552.4
     1     1    10     4    21     3     0     3   -75.0   52.820   68.483   4662.6    542.4
     1     1    10     4    21     2     0     2   -76.0   53.159   67.818   4823.4    534.7
     1     1    10     4    21     1     0     1   -77.0   53.540   67.125   5035.2    526.6
     1     1    10     4    21     0     0     0   -78.0   53.953   66.418   5279.5    510.6
     1     1    10     4    20    23     0     1   -79.0   54.372   65.682   5531.2    491.8
     1     1    10     4    20    22     0     2   -80.0   54.753   64.901   5737.9    479.8
     1     1    10     4    20    21     0     3   -81.0   55.077   64.057   5861.2    468.7
     1     1    10     4    20    20     0     2   -82.0   55.380   63.162   5982.6    461.3
     1     1    10     4    20    19     0     1   -83.0   55.655   62.210   6068.7    454.3
     1     1    10     4    20    18     0     0   -84.0   55.867   61.233   6106.7    448.9
     1     1    10     4    20    17     0     1   -85.0   56.049   60.274   6086.3    440.7
     1     1    10     4    20    16     0     2   -86.0   56.194   59.300   6079.6    442.9
     1     1    10     4    20    15     0     3   -87.0   56.278   58.306   6110.3    444.4
     1     1    10     4    20    14     0     2   -88.0   56.371   57.306   6177.1    442.6
     1     1    10     4    20    13     0     1   -89.0   56.463   56.258   6277.8    440.7
     1     1    10     4    20    12     0     0   -90.0   56.497   55.149   6381.2    436.8
     1     1    10     4    20    11     0     1   -91.0   56.524   53.985   6409.3    435.2
     1     1    10     4    20    10     0     2   -92.0   56.534   52.828   6408.5    434.9
     1     1    10     4    20     9     0     3   -93.0   56.472   51.716   6465.3    431.4
     1     1    10     4    20     8     0     2   -94.0   56.390   50.572   6523.9    427.5
     1     1    10     4    20     7     0     1   -95.0   56.337   49.362   6523.7    427.6
     1     1    10     4    20     6     0     0   -96.0   56.266   48.128   6517.4    428.6
