     7     1
    GDAS    10     3    22     0     0
    GDAS    10     4     8     0     0
    GDAS    10     4    15     0     0
    GDAS    10     4    22     0     0
    GDAS    10     4    29     0     0
    GDAS    10     4     1     0     0
    GDAS    10     3    29     0     0
     1 BACKWARD OMEGA   
    10     4    17    12   39.977  116.381  9600.0
     1 PRESSURE
     1     1    10     4    17    12     0     0     0.0   39.977  116.381   9355.0    282.8
     1     1    10     4    17    11     0     1    -1.0   40.020  114.353   8784.1    268.4
     1     1    10     4    17    10     0     2    -2.0   40.096  112.223   8750.0    259.2
     1     1    10     4    17     9     0     3    -3.0   40.156  110.101   8828.6    259.5
     1     1    10     4    17     8     0     2    -4.0   40.152  107.985   8936.0    258.2
     1     1    10     4    17     7     0     1    -5.0   40.176  106.080   9125.1    257.4
     1     1    10     4    17     6     0     0    -6.0   40.247  104.288   9191.5    244.3
     1     1    10     4    17     5     0     1    -7.0   40.266  102.639   9216.2    245.6
     1     1    10     4    17     4     0     2    -8.0   40.319  101.072   9257.1    249.6
     1     1    10     4    17     3     0     3    -9.0   40.435   99.457   9302.9    244.6
     1     1    10     4    17     2     0     2   -10.0   40.551   97.852   9232.0    236.4
     1     1    10     4    17     1     0     1   -11.0   40.694   96.292   9133.4    230.4
     1     1    10     4    17     0     0     0   -12.0   40.854   94.808   9250.1    237.1
     1     1    10     4    16    23     0     1   -13.0   41.010   93.394   9335.5    243.1
     1     1    10     4    16    22     0     2   -14.0   41.220   91.973   9455.0    248.2
     1     1    10     4    16    21     0     3   -15.0   41.518   90.532   9495.0    247.5
     1     1    10     4    16    20     0     2   -16.0   41.873   88.999   9591.4    240.6
     1     1    10     4    16    19     0     1   -17.0   42.202   87.360   9482.9    233.0
     1     1    10     4    16    18     0     0   -18.0   42.531   85.645   9126.1    212.4
     1     1    10     4    16    17     0     1   -19.0   42.845   83.841   9058.0    212.8
     1     1    10     4    16    16     0     2   -20.0   43.074   81.923   9121.4    216.5
     1     1    10     4    16    15     0     3   -21.0   43.116   80.056   9042.5    228.7
     1     1    10     4    16    14     0     2   -22.0   43.069   78.268   8864.7    220.2
     1     1    10     4    16    13     0     1   -23.0   43.014   76.478   8867.7    223.2
     1     1    10     4    16    12     0     0   -24.0   42.922   74.740   9305.5    250.4
     1     1    10     4    16    11     0     1   -25.0   42.788   73.049   9264.6    250.4
     1     1    10     4    16    10     0     2   -26.0   42.638   71.346   9123.6    247.9
     1     1    10     4    16     9     0     3   -27.0   42.473   69.624   9304.8    261.7
     1     1    10     4    16     8     0     2   -28.0   42.235   67.941   9460.2    281.5
     1     1    10     4    16     7     0     1   -29.0   42.006   66.281   9373.5    285.6
     1     1    10     4    16     6     0     0   -30.0   41.770   64.679   9272.4    289.9
     1     1    10     4    16     5     0     1   -31.0   41.534   63.101   9217.0    297.5
     1     1    10     4    16     4     0     2   -32.0   41.301   61.567   9163.6    300.0
     1     1    10     4    16     3     0     3   -33.0   41.094   60.013   9135.2    299.8
     1     1    10     4    16     2     0     2   -34.0   40.913   58.368   9169.4    300.6
     1     1    10     4    16     1     0     1   -35.0   40.771   56.738   9154.9    301.4
     1     1    10     4    16     0     0     0   -36.0   40.656   55.117   9078.8    302.0
     1     1    10     4    15    23     0     1   -37.0   40.571   53.521   9106.9    305.2
     1     1    10     4    15    22     0     2   -38.0   40.523   51.940   9242.0    301.4
     1     1    10     4    15    21     0     3   -39.0   40.513   50.319   9387.4    294.5
     1     1    10     4    15    20     0     2   -40.0   40.570   48.685   9256.7    274.5
     1     1    10     4    15    19     0     1   -41.0   40.653   47.058   9315.4    277.9
     1     1    10     4    15    18     0     0   -42.0   40.751   45.419   9117.3    255.0
     1     1    10     4    15    17     0     1   -43.0   40.940   43.677   8950.3    227.0
     1     1    10     4    15    16     0     2   -44.0   41.184   41.974   9206.7    235.4
     1     1    10     4    15    15     0     3   -45.0   41.497   40.326   9743.3    260.0
     1     1    10     4    15    14     0     2   -46.0   41.855   38.673   9845.8    268.5
     1     1    10     4    15    13     0     1   -47.0   42.158   36.941   9967.3    268.1
     1     1    10     4    15    12     0     0   -48.0   42.438   35.223  10049.9    259.9
     1     1    10     4    15    11     0     1   -49.0   42.676   33.485  10145.4    253.4
