     7     1
    GDAS    10     3    22     0     0
    GDAS    10     4     8     0     0
    GDAS    10     4    15     0     0
    GDAS    10     4    22     0     0
    GDAS    10     4    29     0     0
    GDAS    10     4     1     0     0
    GDAS    10     3    29     0     0
     1 BACKWARD OMEGA   
    10     4    17    12   39.977  116.381  5400.0
     1 PRESSURE
     1     1    10     4    17    12     0     0     0.0   39.977  116.381   5161.6    515.7
     1     1    10     4    17    11     0     1    -1.0   39.992  115.595   5001.2    494.0
     1     1    10     4    17    10     0     2    -2.0   40.107  114.678   4860.2    469.8
     1     1    10     4    17     9     0     3    -3.0   40.228  113.608   4858.6    463.9
     1     1    10     4    17     8     0     2    -4.0   40.310  112.549   4624.3    472.3
     1     1    10     4    17     7     0     1    -5.0   40.356  111.519   4373.4    488.7
     1     1    10     4    17     6     0     0    -6.0   40.354  110.516   3954.8    520.6
     1     1    10     4    17     5     0     1    -7.0   40.351  109.646   3452.9    561.6
     1     1    10     4    17     4     0     2    -8.0   40.376  108.899   3208.1    583.8
     1     1    10     4    17     3     0     3    -9.0   40.354  108.162   2840.3    610.9
     1     1    10     4    17     2     0     2   -10.0   40.329  107.442   2381.0    655.5
     1     1    10     4    17     1     0     1   -11.0   40.335  106.771   2224.3    671.6
     1     1    10     4    17     0     0     0   -12.0   40.272  106.107   2112.3    675.1
     1     1    10     4    16    23     0     1   -13.0   40.209  105.434   1969.7    689.1
     1     1    10     4    16    22     0     2   -14.0   40.216  104.792   1903.6    684.7
     1     1    10     4    16    21     0     3   -15.0   40.221  104.163   1890.6    680.6
     1     1    10     4    16    20     0     2   -16.0   40.248  103.453   1907.4    677.5
     1     1    10     4    16    19     0     1   -17.0   40.317  102.736   1896.3    681.4
     1     1    10     4    16    18     0     0   -18.0   40.380  102.096   1838.5    697.0
     1     1    10     4    16    17     0     1   -19.0   40.449  101.516   1756.5    711.3
     1     1    10     4    16    16     0     2   -20.0   40.547  100.962   1658.0    721.3
     1     1    10     4    16    15     0     3   -21.0   40.679  100.452   1496.9    732.3
     1     1    10     4    16    14     0     2   -22.0   40.826   99.997   1383.7    750.0
     1     1    10     4    16    13     0     1   -23.0   40.940   99.546   1427.4    737.7
     1     1    10     4    16    12     0     0   -24.0   41.005   99.036   1597.7    706.0
     1     1    10     4    16    11     0     1   -25.0   41.058   98.493   1740.1    680.5
     1     1    10     4    16    10     0     2   -26.0   41.104   97.961   1763.3    679.7
     1     1    10     4    16     9     0     3   -27.0   41.153   97.421   1782.1    670.2
     1     1    10     4    16     8     0     2   -28.0   41.236   96.875   1817.2    651.7
     1     1    10     4    16     7     0     1   -29.0   41.337   96.358   1789.5    649.2
     1     1    10     4    16     6     0     0   -30.0   41.431   95.890   1693.8    660.2
     1     1    10     4    16     5     0     1   -31.0   41.525   95.446   1616.5    684.4
     1     1    10     4    16     4     0     2   -32.0   41.625   95.002   1583.5    704.3
     1     1    10     4    16     3     0     3   -33.0   41.726   94.591   1547.8    720.5
     1     1    10     4    16     2     0     2   -34.0   41.825   94.255   1503.4    740.6
     1     1    10     4    16     1     0     1   -35.0   41.928   93.992   1465.6    756.3
     1     1    10     4    16     0     0     0   -36.0   42.036   93.783   1426.2    760.9
     1     1    10     4    15    23     0     1   -37.0   42.149   93.582   1379.6    759.4
     1     1    10     4    15    22     0     2   -38.0   42.277   93.369   1329.5    767.3
     1     1    10     4    15    21     0     3   -39.0   42.423   93.143   1307.8    781.6
     1     1    10     4    15    20     0     2   -40.0   42.576   92.910   1311.4    792.9
     1     1    10     4    15    19     0     1   -41.0   42.725   92.692   1319.6    797.5
     1     1    10     4    15    18     0     0   -42.0   42.876   92.505   1333.1    802.2
     1     1    10     4    15    17     0     1   -43.0   43.029   92.332   1360.1    803.0
     1     1    10     4    15    16     0     2   -44.0   43.182   92.134   1390.2    783.5
     1     1    10     4    15    15     0     3   -45.0   43.336   91.905   1428.7    765.7
     1     1    10     4    15    14     0     2   -46.0   43.470   91.645   1468.5    751.5
     1     1    10     4    15    13     0     1   -47.0   43.571   91.367   1490.9    744.4
     1     1    10     4    15    12     0     0   -48.0   43.654   91.086   1478.8    743.4
     1     1    10     4    15    11     0     1   -49.0   43.726   90.807   1476.5    748.2
     1     1    10     4    15    10     0     2   -50.0   43.793   90.512   1547.5    746.2
     1     1    10     4    15     9     0     3   -51.0   43.863   90.170   1744.5    738.5
     1     1    10     4    15     8     0     2   -52.0   43.966   89.734   1957.3    700.2
     1     1    10     4    15     7     0     1   -53.0   44.098   89.234   2025.5    669.9
     1     1    10     4    15     6     0     0   -54.0   44.228   88.753   2012.4    676.7
     1     1    10     4    15     5     0     1   -55.0   44.340   88.317   2000.4    693.1
     1     1    10     4    15     4     0     2   -56.0   44.437   87.894   2001.0    706.0
     1     1    10     4    15     3     0     3   -57.0   44.524   87.475   2020.7    729.0
     1     1    10     4    15     2     0     2   -58.0   44.588   87.072   2081.1    743.3
     1     1    10     4    15     1     0     1   -59.0   44.629   86.670   2138.8    729.9
     1     1    10     4    15     0     0     0   -60.0   44.656   86.242   2165.8    718.0
     1     1    10     4    14    23     0     1   -61.0   44.675   85.800   2169.5    712.0
     1     1    10     4    14    22     0     2   -62.0   44.682   85.369   2167.7    707.2
     1     1    10     4    14    21     0     3   -63.0   44.678   84.955   2151.0    701.0
     1     1    10     4    14    20     0     2   -64.0   44.674   84.543   2088.9    695.7
     1     1    10     4    14    19     0     1   -65.0   44.673   84.129   1977.8    697.5
     1     1    10     4    14    18     0     0   -66.0   44.673   83.734   1859.8    713.1
     1     1    10     4    14    17     0     1   -67.0   44.656   83.380   1737.2    729.2
     1     1    10     4    14    16     0     2   -68.0   44.611   83.072   1588.9    741.3
     1     1    10     4    14    15     0     3   -69.0   44.539   82.825   1422.9    746.8
     1     1    10     4    14    14     0     2   -70.0   44.456   82.629   1293.7    749.4
     1     1    10     4    14    13     0     1   -71.0   44.376   82.449   1219.5    746.8
     1     1    10     4    14    12     0     0   -72.0   44.292   82.268   1169.2    744.7
     1     1    10     4    14    11     0     1   -73.0   44.204   82.116   1116.8    746.2
     1     1    10     4    14    10     0     2   -74.0   44.122   82.024   1082.2    750.1
     1     1    10     4    14     9     0     3   -75.0   44.057   81.976   1113.3    748.3
     1     1    10     4    14     8     0     2   -76.0   44.015   81.891   1170.9    740.9
     1     1    10     4    14     7     0     1   -77.0   44.005   81.724   1225.6    747.1
     1     1    10     4    14     6     0     0   -78.0   44.028   81.475   1279.7    757.6
     1     1    10     4    14     5     0     1   -79.0   44.067   81.158   1357.9    766.7
     1     1    10     4    14     4     0     2   -80.0   44.099   80.776   1454.1    767.6
     1     1    10     4    14     3     0     3   -81.0   44.101   80.358   1523.4    775.6
     1     1    10     4    14     2     0     2   -82.0   44.064   79.965   1545.5    796.5
     1     1    10     4    14     1     0     1   -83.0   43.994   79.638   1474.2    798.9
     1     1    10     4    14     0     0     0   -84.0   43.908   79.404   1298.1    794.0
     1     1    10     4    13    23     0     1   -85.0   43.812   79.246   1087.8    798.4
     1     1    10     4    13    22     0     2   -86.0   43.712   79.121    907.3    801.7
     1     1    10     4    13    21     0     3   -87.0   43.608   78.991    796.4    797.4
     1     1    10     4    13    20     0     2   -88.0   43.491   78.820    752.9    781.7
     1     1    10     4    13    19     0     1   -89.0   43.361   78.600    731.2    755.7
     1     1    10     4    13    18     0     0   -90.0   43.223   78.347    657.3    726.8
     1     1    10     4    13    17     0     1   -91.0   43.083   78.098    473.4    704.0
     1     1    10     4    13    16     0     2   -92.0   42.951   77.897    304.3    705.5
     1     1    10     4    13    15     0     3   -93.0   42.838   77.720    239.1    707.6
     1     1    10     4    13    14     0     2   -94.0   42.764   77.515    255.7    696.3
     1     1    10     4    13    13     0     1   -95.0   42.761   77.293    266.8    692.7
     1     1    10     4    13    12     0     0   -96.0   42.843   77.072    224.2    693.9
