     7     1
    GDAS    10     3    22     0     0
    GDAS    10     4     8     0     0
    GDAS    10     4    15     0     0
    GDAS    10     4    22     0     0
    GDAS    10     4    29     0     0
    GDAS    10     4     1     0     0
    GDAS    10     3    29     0     0
     1 BACKWARD OMEGA   
    10     4    30    18   39.977  116.381  8200.0
     1 PRESSURE
     1     1    10     4    30    18     0     0     0.0   39.977  116.381   7962.1    347.6
     1     1    10     4    30    17     0     1    -1.0   40.416  115.995   7764.2    333.4
     1     1    10     4    30    16     0     2    -2.0   40.892  115.643   7562.3    321.3
     1     1    10     4    30    15     0     3    -3.0   41.391  115.318   7506.7    317.4
     1     1    10     4    30    14     0     2    -4.0   41.905  115.032   7537.5    312.4
     1     1    10     4    30    13     0     1    -5.0   42.429  114.787   7632.7    311.6
     1     1    10     4    30    12     0     0    -6.0   42.947  114.521   7768.5    313.5
     1     1    10     4    30    11     0     1    -7.0   43.467  114.254   7871.2    310.9
     1     1    10     4    30    10     0     2    -8.0   43.989  114.017   7943.2    307.9
     1     1    10     4    30     9     0     3    -9.0   44.511  113.747   7925.2    302.0
     1     1    10     4    30     8     0     2   -10.0   45.036  113.473   7908.8    301.0
     1     1    10     4    30     7     0     1   -11.0   45.564  113.254   7962.8    302.7
     1     1    10     4    30     6     0     0   -12.0   46.102  113.034   8021.5    301.8
     1     1    10     4    30     5     0     1   -13.0   46.658  112.824   8066.2    299.7
     1     1    10     4    30     4     0     2   -14.0   47.233  112.675   8104.2    298.8
     1     1    10     4    30     3     0     3   -15.0   47.825  112.529   8145.0    299.2
     1     1    10     4    30     2     0     2   -16.0   48.438  112.357   8164.7    298.5
     1     1    10     4    30     1     0     1   -17.0   49.078  112.162   8206.8    294.2
     1     1    10     4    30     0     0     0   -18.0   49.726  111.900   8166.5    284.1
     1     1    10     4    29    23     0     1   -19.0   50.365  111.580   8157.4    286.1
     1     1    10     4    29    22     0     2   -20.0   50.973  111.218   8220.2    292.3
     1     1    10     4    29    21     0     3   -21.0   51.545  110.798   8269.1    293.9
     1     1    10     4    29    20     0     2   -22.0   52.116  110.338   8345.3    295.0
     1     1    10     4    29    19     0     1   -23.0   52.688  109.809   8331.1    285.9
     1     1    10     4    29    18     0     0   -24.0   53.231  109.182   8386.4    290.3
     1     1    10     4    29    17     0     1   -25.0   53.737  108.489   8429.3    299.7
     1     1    10     4    29    16     0     2   -26.0   54.215  107.744   8357.6    297.3
     1     1    10     4    29    15     0     3   -27.0   54.667  106.976   8396.2    300.3
     1     1    10     4    29    14     0     2   -28.0   55.120  106.154   8475.2    294.9
     1     1    10     4    29    13     0     1   -29.0   55.567  105.168   8578.7    295.2
     1     1    10     4    29    12     0     0   -30.0   55.980  104.134   8578.0    299.0
     1     1    10     4    29    11     0     1   -31.0   56.372  103.067   8613.5    303.7
     1     1    10     4    29    10     0     2   -32.0   56.717  101.889   8629.0    303.7
     1     1    10     4    29     9     0     3   -33.0   57.003  100.688   8622.8    304.6
     1     1    10     4    29     8     0     2   -34.0   57.252   99.453   8631.6    307.0
     1     1    10     4    29     7     0     1   -35.0   57.471   98.130   8651.7    309.2
     1     1    10     4    29     6     0     0   -36.0   57.684   96.757   8689.8    306.7
     1     1    10     4    29     5     0     1   -37.0   57.873   95.291   8771.4    304.5
     1     1    10     4    29     4     0     2   -38.0   58.010   93.771   8860.6    304.5
     1     1    10     4    29     3     0     3   -39.0   58.125   92.215   8830.0    305.4
     1     1    10     4    29     2     0     2   -40.0   58.194   90.584   8794.3    308.5
     1     1    10     4    29     1     0     1   -41.0   58.219   88.880   8857.2    305.9
     1     1    10     4    29     0     0     0   -42.0   58.165   87.053   8950.9    300.4
     1     1    10     4    28    23     0     1   -43.0   57.991   85.107   9060.6    296.4
     1     1    10     4    28    22     0     2   -44.0   57.737   83.041   9026.0    299.2
     1     1    10     4    28    21     0     3   -45.0   57.362   80.858   8959.0    300.2
     1     1    10     4    28    20     0     2   -46.0   56.796   78.711   8794.5    307.5
     1     1    10     4    28    19     0     1   -47.0   56.103   76.564   8771.3    308.9
     1     1    10     4    28    18     0     0   -48.0   55.305   74.404   8851.8    304.8
     1     1    10     4    28    17     0     1   -49.0   54.365   72.218   9067.4    293.1
     1     1    10     4    28    16     0     2   -50.0   53.251   70.119   8973.0    289.0
     1     1    10     4    28    15     0     3   -51.0   52.022   68.179   8773.1    297.7
     1     1    10     4    28    14     0     2   -52.0   50.713   66.277   8623.1    306.5
     1     1    10     4    28    13     0     1   -53.0   49.351   64.435   8261.4    330.6
     1     1    10     4    28    12     0     0   -54.0   48.019   62.581   7799.7    359.5
     1     1    10     4    28    11     0     1   -55.0   46.797   60.639   7421.3    377.1
     1     1    10     4    28    10     0     2   -56.0   45.754   58.636   7254.2    387.6
     1     1    10     4    28     9     0     3   -57.0   44.906   56.628   7222.3    390.8
     1     1    10     4    28     8     0     2   -58.0   44.345   54.666   7319.2    383.7
     1     1    10     4    28     7     0     1   -59.0   43.924   52.800   7442.6    378.2
     1     1    10     4    28     6     0     0   -60.0   43.664   51.113   7595.7    376.9
     1     1    10     4    28     5     0     1   -61.0   43.529   49.613   7718.2    374.0
     1     1    10     4    28     4     0     2   -62.0   43.435   48.233   7797.2    370.8
     1     1    10     4    28     3     0     3   -63.0   43.355   46.986   7731.1    356.5
     1     1    10     4    28     2     0     2   -64.0   43.208   45.778   7613.2    338.8
     1     1    10     4    28     1     0     1   -65.0   42.937   44.570   7517.8    315.0
     1     1    10     4    28     0     0     0   -66.0   42.609   43.501   7525.9    298.8
     1     1    10     4    27    23     0     1   -67.0   42.261   42.588   7890.7    313.9
     1     1    10     4    27    22     0     2   -68.0   41.929   41.766   8306.2    328.2
     1     1    10     4    27    21     0     3   -69.0   41.631   41.029   8435.0    318.8
     1     1    10     4    27    20     0     2   -70.0   41.351   40.346   8539.0    309.4
     1     1    10     4    27    19     0     1   -71.0   41.098   39.658   8599.7    308.1
     1     1    10     4    27    18     0     0   -72.0   40.868   38.978   8513.5    302.6
     1     1    10     4    27    17     0     1   -73.0   40.648   38.371   8427.4    302.0
     1     1    10     4    27    16     0     2   -74.0   40.402   37.887   8336.0    294.4
     1     1    10     4    27    15     0     3   -75.0   40.128   37.492   8209.2    284.7
     1     1    10     4    27    14     0     2   -76.0   39.844   37.143   8090.6    281.6
     1     1    10     4    27    13     0     1   -77.0   39.564   36.837   7927.0    287.4
     1     1    10     4    27    12     0     0   -78.0   39.264   36.576   7652.9    299.5
     1     1    10     4    27    11     0     1   -79.0   38.949   36.337   7276.3    318.4
     1     1    10     4    27    10     0     2   -80.0   38.659   36.131   6935.5    341.8
     1     1    10     4    27     9     0     3   -81.0   38.400   35.971   6664.7    355.3
     1     1    10     4    27     8     0     2   -82.0   38.159   35.810   6421.9    365.5
     1     1    10     4    27     7     0     1   -83.0   37.931   35.614   6209.9    381.7
     1     1    10     4    27     6     0     0   -84.0   37.710   35.408   6103.9    403.5
     1     1    10     4    27     5     0     1   -85.0   37.500   35.193   6017.8    419.2
     1     1    10     4    27     4     0     2   -86.0   37.312   34.947   5911.2    435.0
     1     1    10     4    27     3     0     3   -87.0   37.139   34.664   5766.1    439.1
     1     1    10     4    27     2     0     2   -88.0   36.963   34.351   5573.0    433.6
     1     1    10     4    27     1     0     1   -89.0   36.770   34.017   5384.2    441.3
     1     1    10     4    27     0     0     0   -90.0   36.558   33.666   5309.2    470.5
     1     1    10     4    26    23     0     1   -91.0   36.347   33.313   5310.6    491.9
     1     1    10     4    26    22     0     2   -92.0   36.166   32.964   5377.7    497.3
     1     1    10     4    26    21     0     3   -93.0   36.019   32.621   5458.0    504.1
     1     1    10     4    26    20     0     2   -94.0   35.891   32.289   5479.3    508.8
     1     1    10     4    26    19     0     1   -95.0   35.772   31.956   5498.2    512.4
     1     1    10     4    26    18     0     0   -96.0   35.657   31.611   5526.2    512.0
