     7     1
    GDAS    10     3    22     0     0
    GDAS    10     4     8     0     0
    GDAS    10     4    15     0     0
    GDAS    10     4    22     0     0
    GDAS    10     4    29     0     0
    GDAS    10     4     1     0     0
    GDAS    10     3    29     0     0
     1 BACKWARD OMEGA   
    10     4    19    12   39.977  116.381  2000.0
     1 PRESSURE
     1     1    10     4    19    12     0     0     0.0   39.977  116.381   1765.7    798.1
     1     1    10     4    19    11     0     1    -1.0   40.030  116.402   1760.0    795.2
     1     1    10     4    19    10     0     2    -2.0   40.088  116.409   1732.3    793.3
     1     1    10     4    19     9     0     3    -3.0   40.149  116.415   1679.5    793.3
     1     1    10     4    19     8     0     2    -4.0   40.220  116.438   1607.4    797.2
     1     1    10     4    19     7     0     1    -5.0   40.307  116.478   1523.5    800.9
     1     1    10     4    19     6     0     0    -6.0   40.413  116.530   1419.8    805.6
     1     1    10     4    19     5     0     1    -7.0   40.530  116.584   1309.6    811.8
     1     1    10     4    19     4     0     2    -8.0   40.654  116.635   1215.4    815.0
     1     1    10     4    19     3     0     3    -9.0   40.797  116.700   1139.8    815.4
     1     1    10     4    19     2     0     2   -10.0   40.962  116.794   1072.7    813.3
     1     1    10     4    19     1     0     1   -11.0   41.151  116.919   1021.5    814.9
     1     1    10     4    19     0     0     0   -12.0   41.360  117.040   1019.8    808.1
     1     1    10     4    18    23     0     1   -13.0   41.548  117.100   1061.5    791.4
     1     1    10     4    18    22     0     2   -14.0   41.693  117.075   1119.3    776.8
     1     1    10     4    18    21     0     3   -15.0   41.799  116.973   1192.2    762.1
     1     1    10     4    18    20     0     2   -16.0   41.876  116.818   1286.8    747.0
     1     1    10     4    18    19     0     1   -17.0   41.932  116.624   1407.3    729.7
     1     1    10     4    18    18     0     0   -18.0   41.960  116.385   1543.8    711.8
     1     1    10     4    18    17     0     1   -19.0   41.955  116.108   1646.1    694.9
     1     1    10     4    18    16     0     2   -20.0   41.928  115.825   1674.4    691.9
     1     1    10     4    18    15     0     3   -21.0   41.897  115.562   1635.5    696.8
     1     1    10     4    18    14     0     2   -22.0   41.887  115.321   1578.1    706.0
     1     1    10     4    18    13     0     1   -23.0   41.916  115.078   1561.8    709.0
     1     1    10     4    18    12     0     0   -24.0   41.985  114.813   1615.1    703.9
     1     1    10     4    18    11     0     1   -25.0   42.070  114.500   1700.5    692.0
     1     1    10     4    18    10     0     2   -26.0   42.155  114.149   1756.9    688.7
     1     1    10     4    18     9     0     3   -27.0   42.238  113.782   1819.0    689.1
     1     1    10     4    18     8     0     2   -28.0   42.314  113.404   1914.6    683.1
     1     1    10     4    18     7     0     1   -29.0   42.392  113.013   2019.1    675.8
     1     1    10     4    18     6     0     0   -30.0   42.481  112.610   2071.8    670.5
     1     1    10     4    18     5     0     1   -31.0   42.576  112.174   2060.6    677.2
     1     1    10     4    18     4     0     2   -32.0   42.677  111.693   2046.8    685.1
     1     1    10     4    18     3     0     3   -33.0   42.796  111.182   2066.5    688.8
     1     1    10     4    18     2     0     2   -34.0   42.912  110.655   2093.1    683.7
     1     1    10     4    18     1     0     1   -35.0   43.010  110.108   2106.7    680.4
     1     1    10     4    18     0     0     0   -36.0   43.108  109.530   2109.8    678.2
     1     1    10     4    17    23     0     1   -37.0   43.203  108.964   2077.0    680.6
     1     1    10     4    17    22     0     2   -38.0   43.285  108.464   2018.6    695.2
     1     1    10     4    17    21     0     3   -39.0   43.356  108.024   1937.9    705.7
     1     1    10     4    17    20     0     2   -40.0   43.412  107.616   1816.3    709.8
     1     1    10     4    17    19     0     1   -41.0   43.447  107.224   1683.2    717.3
     1     1    10     4    17    18     0     0   -42.0   43.469  106.828   1581.2    721.6
     1     1    10     4    17    17     0     1   -43.0   43.498  106.428   1502.1    720.4
     1     1    10     4    17    16     0     2   -44.0   43.553  106.047   1450.0    721.7
     1     1    10     4    17    15     0     3   -45.0   43.619  105.683   1460.4    716.6
     1     1    10     4    17    14     0     2   -46.0   43.685  105.322   1470.9    705.2
     1     1    10     4    17    13     0     1   -47.0   43.772  104.970   1340.4    708.7
     1     1    10     4    17    12     0     0   -48.0   43.907  104.644   1004.0    742.0
     1     1    10     4    17    11     0     1   -49.0   44.112  104.354    650.3    795.3
     1     1    10     4    17    10     0     2   -50.0   44.327  104.103    458.3    817.6
     1     1    10     4    17     9     0     3   -51.0   44.513  103.878    372.8    822.9
     1     1    10     4    17     8     0     2   -52.0   44.678  103.645    339.2    825.6
     1     1    10     4    17     7     0     1   -53.0   44.842  103.377    339.6    828.9
     1     1    10     4    17     6     0     0   -54.0   45.019  103.062    384.9    829.5
     1     1    10     4    17     5     0     1   -55.0   45.212  102.693    465.3    799.3
     1     1    10     4    17     4     0     2   -56.0   45.406  102.290    548.4    765.2
     1     1    10     4    17     3     0     3   -57.0   45.592  101.892    627.4    738.6
     1     1    10     4    17     2     0     2   -58.0   45.774  101.495    708.4    724.2
     1     1    10     4    17     1     0     1   -59.0   45.979  101.056    806.1    710.2
     1     1    10     4    17     0     0     0   -60.0   46.231  100.551    942.6    699.3
     1     1    10     4    16    23     0     1   -61.0   46.510  100.013   1068.7    679.5
     1     1    10     4    16    22     0     2   -62.0   46.796   99.394   1190.7    657.4
     1     1    10     4    16    21     0     3   -63.0   47.081   98.617   1360.8    631.7
     1     1    10     4    16    20     0     2   -64.0   47.316   97.754   1483.6    616.8
     1     1    10     4    16    19     0     1   -65.0   47.497   96.959   1471.4    634.9
     1     1    10     4    16    18     0     0   -66.0   47.664   96.228   1322.9    665.3
     1     1    10     4    16    17     0     1   -67.0   47.852   95.522   1157.5    697.1
     1     1    10     4    16    16     0     2   -68.0   48.047   94.826    978.9    725.2
     1     1    10     4    16    15     0     3   -69.0   48.195   94.161    766.5    773.4
     1     1    10     4    16    14     0     2   -70.0   48.265   93.550    612.2    809.3
     1     1    10     4    16    13     0     1   -71.0   48.271   92.978    633.0    815.2
     1     1    10     4    16    12     0     0   -72.0   48.230   92.413    835.8    777.8
     1     1    10     4    16    11     0     1   -73.0   48.207   91.750   1190.0    720.3
     1     1    10     4    16    10     0     2   -74.0   48.272   90.678   1696.2    612.5
     1     1    10     4    16     9     0     3   -75.0   48.323   89.270   1977.1    581.1
     1     1    10     4    16     8     0     2   -76.0   48.359   87.807   2148.8    609.2
     1     1    10     4    16     7     0     1   -77.0   48.381   86.475   2193.0    669.4
     1     1    10     4    16     6     0     0   -78.0   48.336   85.294   2183.4    711.1
     1     1    10     4    16     5     0     1   -79.0   48.225   84.142   2234.0    725.5
     1     1    10     4    16     4     0     2   -80.0   48.087   82.970   2215.2    740.6
     1     1    10     4    16     3     0     3   -81.0   47.904   81.693   2236.5    691.8
     1     1    10     4    16     2     0     2   -82.0   47.718   80.449   2167.5    714.1
     1     1    10     4    16     1     0     1   -83.0   47.574   79.350   2066.9    735.0
     1     1    10     4    16     0     0     0   -84.0   47.451   78.286   2003.4    739.4
     1     1    10     4    15    23     0     1   -85.0   47.349   77.257   1974.6    742.8
     1     1    10     4    15    22     0     2   -86.0   47.270   76.266   1964.1    751.1
     1     1    10     4    15    21     0     3   -87.0   47.219   75.311   1956.3    752.9
     1     1    10     4    15    20     0     2   -88.0   47.194   74.349   1970.1    748.4
     1     1    10     4    15    19     0     1   -89.0   47.183   73.351   1985.5    738.3
     1     1    10     4    15    18     0     0   -90.0   47.164   72.334   2023.7    733.4
     1     1    10     4    15    17     0     1   -91.0   47.147   71.364   2042.5    737.7
     1     1    10     4    15    16     0     2   -92.0   47.158   70.473   2030.7    746.9
     1     1    10     4    15    15     0     3   -93.0   47.209   69.695   2029.8    753.2
     1     1    10     4    15    14     0     2   -94.0   47.261   68.984   2004.3    759.6
     1     1    10     4    15    13     0     1   -95.0   47.316   68.287   1958.3    763.3
     1     1    10     4    15    12     0     0   -96.0   47.408   67.613   1919.9    763.4
