     7     1
    GDAS    10     3    22     0     0
    GDAS    10     4     8     0     0
    GDAS    10     4    15     0     0
    GDAS    10     4    22     0     0
    GDAS    10     4    29     0     0
    GDAS    10     4     1     0     0
    GDAS    10     3    29     0     0
     1 BACKWARD OMEGA   
    10     4    16     0   39.977  116.381  1400.0
     1 PRESSURE
     1     1    10     4    16     0     0     0     0.0   39.977  116.381   1164.7    858.0
     1     1    10     4    15    23     0     1    -1.0   40.104  116.203   1197.2    837.7
     1     1    10     4    15    22     0     2    -2.0   40.199  115.953   1225.4    816.7
     1     1    10     4    15    21     0     3    -3.0   40.283  115.631   1237.5    785.8
     1     1    10     4    15    20     0     2    -4.0   40.377  115.289   1230.1    761.4
     1     1    10     4    15    19     0     1    -5.0   40.490  114.971   1224.6    744.1
     1     1    10     4    15    18     0     0    -6.0   40.609  114.672   1230.4    742.5
     1     1    10     4    15    17     0     1    -7.0   40.737  114.371   1243.1    740.8
     1     1    10     4    15    16     0     2    -8.0   40.902  114.065   1264.1    735.4
     1     1    10     4    15    15     0     3    -9.0   41.107  113.770   1292.3    726.1
     1     1    10     4    15    14     0     2   -10.0   41.328  113.465   1308.9    716.4
     1     1    10     4    15    13     0     1   -11.0   41.568  113.132   1286.8    717.1
     1     1    10     4    15    12     0     0   -12.0   41.844  112.770   1219.9    726.2
     1     1    10     4    15    11     0     1   -13.0   42.114  112.395   1125.8    744.8
     1     1    10     4    15    10     0     2   -14.0   42.344  112.029   1037.5    761.6
     1     1    10     4    15     9     0     3   -15.0   42.539  111.675    972.2    778.5
     1     1    10     4    15     8     0     2   -16.0   42.712  111.325    939.4    788.6
     1     1    10     4    15     7     0     1   -17.0   42.867  110.969    931.1    793.6
     1     1    10     4    15     6     0     0   -18.0   43.008  110.595    926.7    792.2
     1     1    10     4    15     5     0     1   -19.0   43.141  110.222    917.8    792.8
     1     1    10     4    15     4     0     2   -20.0   43.267  109.872    908.5    795.3
     1     1    10     4    15     3     0     3   -21.0   43.385  109.547    895.3    798.9
     1     1    10     4    15     2     0     2   -22.0   43.509  109.238    876.3    804.1
     1     1    10     4    15     1     0     1   -23.0   43.645  108.938    855.7    810.7
     1     1    10     4    15     0     0     0   -24.0   43.792  108.641    847.5    814.5
     1     1    10     4    14    23     0     1   -25.0   43.947  108.340    865.5    810.4
     1     1    10     4    14    22     0     2   -26.0   44.104  108.030    895.3    799.5
     1     1    10     4    14    21     0     3   -27.0   44.263  107.707    922.6    790.2
     1     1    10     4    14    20     0     2   -28.0   44.422  107.391    946.7    784.1
     1     1    10     4    14    19     0     1   -29.0   44.572  107.091    954.2    779.9
     1     1    10     4    14    18     0     0   -30.0   44.707  106.790    926.2    780.6
     1     1    10     4    14    17     0     1   -31.0   44.835  106.503    882.2    785.1
     1     1    10     4    14    16     0     2   -32.0   44.957  106.243    845.0    786.9
     1     1    10     4    14    15     0     3   -33.0   45.066  106.001    811.2    785.5
     1     1    10     4    14    14     0     2   -34.0   45.181  105.773    785.2    787.3
     1     1    10     4    14    13     0     1   -35.0   45.316  105.553    777.0    786.6
     1     1    10     4    14    12     0     0   -36.0   45.463  105.327    796.5    782.7
     1     1    10     4    14    11     0     1   -37.0   45.598  105.089    838.2    775.1
     1     1    10     4    14    10     0     2   -38.0   45.703  104.845    890.8    767.6
     1     1    10     4    14     9     0     3   -39.0   45.775  104.606    955.6    760.2
     1     1    10     4    14     8     0     2   -40.0   45.813  104.372   1024.9    752.8
     1     1    10     4    14     7     0     1   -41.0   45.815  104.141   1085.5    747.5
     1     1    10     4    14     6     0     0   -42.0   45.781  103.925   1125.3    742.7
     1     1    10     4    14     5     0     1   -43.0   45.732  103.723   1147.0    738.7
     1     1    10     4    14     4     0     2   -44.0   45.691  103.529   1166.3    734.9
     1     1    10     4    14     3     0     3   -45.0   45.663  103.346   1190.8    730.7
     1     1    10     4    14     2     0     2   -46.0   45.648  103.175   1228.1    725.5
     1     1    10     4    14     1     0     1   -47.0   45.639  103.019   1283.1    718.4
     1     1    10     4    14     0     0     0   -48.0   45.638  102.872   1352.0    706.7
     1     1    10     4    13    23     0     1   -49.0   45.642  102.731   1418.1    693.3
     1     1    10     4    13    22     0     2   -50.0   45.640  102.593   1466.5    683.5
     1     1    10     4    13    21     0     3   -51.0   45.625  102.450   1500.9    675.4
     1     1    10     4    13    20     0     2   -52.0   45.598  102.304   1532.6    669.1
     1     1    10     4    13    19     0     1   -53.0   45.558  102.157   1571.9    662.0
     1     1    10     4    13    18     0     0   -54.0   45.496  102.019   1622.4    655.2
     1     1    10     4    13    17     0     1   -55.0   45.421  101.898   1674.7    652.0
     1     1    10     4    13    16     0     2   -56.0   45.345  101.802   1711.1    652.4
     1     1    10     4    13    15     0     3   -57.0   45.264  101.732   1732.0    654.0
     1     1    10     4    13    14     0     2   -58.0   45.187  101.667   1749.4    656.9
     1     1    10     4    13    13     0     1   -59.0   45.122  101.589   1775.1    657.6
     1     1    10     4    13    12     0     0   -60.0   45.068  101.497   1810.3    657.1
     1     1    10     4    13    11     0     1   -61.0   45.027  101.374   1855.5    655.0
     1     1    10     4    13    10     0     2   -62.0   45.000  101.197   1912.4    651.8
     1     1    10     4    13     9     0     3   -63.0   44.983  100.958   1981.6    646.8
     1     1    10     4    13     8     0     2   -64.0   44.984  100.677   2029.3    637.8
     1     1    10     4    13     7     0     1   -65.0   45.001  100.376   2035.6    633.3
     1     1    10     4    13     6     0     0   -66.0   45.021  100.053   2001.3    632.9
     1     1    10     4    13     5     0     1   -67.0   45.048   99.719   1936.7    631.8
     1     1    10     4    13     4     0     2   -68.0   45.098   99.378   1866.2    630.0
     1     1    10     4    13     3     0     3   -69.0   45.166   99.030   1796.5    629.3
     1     1    10     4    13     2     0     2   -70.0   45.244   98.679   1749.4    630.6
     1     1    10     4    13     1     0     1   -71.0   45.331   98.321   1742.5    629.0
     1     1    10     4    13     0     0     0   -72.0   45.427   97.951   1765.4    628.5
     1     1    10     4    12    23     0     1   -73.0   45.524   97.578   1783.7    633.2
     1     1    10     4    12    22     0     2   -74.0   45.618   97.225   1768.4    637.7
     1     1    10     4    12    21     0     3   -75.0   45.711   96.885   1743.5    639.4
     1     1    10     4    12    20     0     2   -76.0   45.801   96.546   1739.9    642.1
     1     1    10     4    12    19     0     1   -77.0   45.890   96.192   1773.5    639.8
     1     1    10     4    12    18     0     0   -78.0   45.985   95.821   1834.4    637.9
     1     1    10     4    12    17     0     1   -79.0   46.081   95.472   1914.2    642.4
     1     1    10     4    12    16     0     2   -80.0   46.182   95.165   2011.9    643.1
     1     1    10     4    12    15     0     3   -81.0   46.297   94.881   2125.7    633.6
     1     1    10     4    12    14     0     2   -82.0   46.441   94.588   2242.4    613.0
     1     1    10     4    12    13     0     1   -83.0   46.621   94.277   2351.8    602.0
     1     1    10     4    12    12     0     0   -84.0   46.840   93.960   2439.8    602.1
     1     1    10     4    12    11     0     1   -85.0   47.089   93.656   2502.8    602.0
     1     1    10     4    12    10     0     2   -86.0   47.359   93.346   2586.9    598.4
     1     1    10     4    12     9     0     3   -87.0   47.642   93.030   2708.4    596.3
     1     1    10     4    12     8     0     2   -88.0   47.932   92.732   2855.1    595.3
     1     1    10     4    12     7     0     1   -89.0   48.244   92.437   3013.2    583.6
     1     1    10     4    12     6     0     0   -90.0   48.605   92.097   3163.1    558.4
     1     1    10     4    12     5     0     1   -91.0   49.021   91.691   3287.9    533.2
     1     1    10     4    12     4     0     2   -92.0   49.492   91.211   3417.8    513.3
     1     1    10     4    12     3     0     3   -93.0   50.031   90.619   3600.9    482.7
     1     1    10     4    12     2     0     2   -94.0   50.613   89.925   3822.1    466.1
     1     1    10     4    12     1     0     1   -95.0   51.196   89.269   3960.5    465.9
     1     1    10     4    12     0     0     0   -96.0   51.782   88.694   4152.6    484.0
