     7     1
    GDAS    10     3    22     0     0
    GDAS    10     4     8     0     0
    GDAS    10     4    15     0     0
    GDAS    10     4    22     0     0
    GDAS    10     4    29     0     0
    GDAS    10     4     1     0     0
    GDAS    10     3    29     0     0
     1 BACKWARD OMEGA   
    10     4    10    18   39.977  116.381  5800.0
     1 PRESSURE
     1     1    10     4    10    18     0     0     0.0   39.977  116.381   5559.6    481.6
     1     1    10     4    10    17     0     1    -1.0   39.836  115.080   5284.4    449.5
     1     1    10     4    10    16     0     2    -2.0   39.734  113.563   5097.4    449.5
     1     1    10     4    10    15     0     3    -3.0   39.741  111.970   5134.6    432.3
     1     1    10     4    10    14     0     2    -4.0   39.726  110.491   5136.9    450.0
     1     1    10     4    10    13     0     1    -5.0   39.702  109.045   5168.0    438.1
     1     1    10     4    10    12     0     0    -6.0   39.751  107.531   5126.8    443.0
     1     1    10     4    10    11     0     1    -7.0   39.798  106.056   5032.1    459.9
     1     1    10     4    10    10     0     2    -8.0   39.849  104.570   4966.2    447.7
     1     1    10     4    10     9     0     3    -9.0   40.057  102.948   5199.4    428.5
     1     1    10     4    10     8     0     2   -10.0   40.263  101.229   5462.1    424.3
     1     1    10     4    10     7     0     1   -11.0   40.405   99.484   5467.6    421.7
     1     1    10     4    10     6     0     0   -12.0   40.642   97.629   5324.9    407.8
     1     1    10     4    10     5     0     1   -13.0   40.850   95.668   5261.0    408.0
     1     1    10     4    10     4     0     2   -14.0   41.002   93.824   5311.8    427.8
     1     1    10     4    10     3     0     3   -15.0   41.226   92.025   5353.2    442.2
     1     1    10     4    10     2     0     2   -16.0   41.432   90.298   5181.3    453.1
     1     1    10     4    10     1     0     1   -17.0   41.633   88.583   5079.8    454.1
     1     1    10     4    10     0     0     0   -18.0   41.871   86.755   5142.7    455.7
     1     1    10     4     9    23     0     1   -19.0   42.123   85.056   4915.2    430.8
     1     1    10     4     9    22     0     2   -20.0   42.437   83.323   4922.6    411.2
     1     1    10     4     9    21     0     3   -21.0   42.776   81.552   4917.9    396.6
     1     1    10     4     9    20     0     2   -22.0   43.064   79.868   4675.2    424.6
     1     1    10     4     9    19     0     1   -23.0   43.289   78.423   4311.0    458.0
     1     1    10     4     9    18     0     0   -24.0   43.525   77.216   3966.3    506.0
     1     1    10     4     9    17     0     1   -25.0   43.760   76.240   3885.2    557.2
     1     1    10     4     9    16     0     2   -26.0   43.932   75.360   3765.9    576.0
     1     1    10     4     9    15     0     3   -27.0   44.050   74.523   3706.8    586.4
     1     1    10     4     9    14     0     2   -28.0   44.132   73.771   3711.1    598.2
     1     1    10     4     9    13     0     1   -29.0   44.176   73.109   3707.0    609.0
     1     1    10     4     9    12     0     0   -30.0   44.192   72.519   3667.0    615.5
     1     1    10     4     9    11     0     1   -31.0   44.193   71.979   3605.6    624.8
     1     1    10     4     9    10     0     2   -32.0   44.190   71.461   3521.5    632.1
     1     1    10     4     9     9     0     3   -33.0   44.166   70.957   3406.8    643.2
     1     1    10     4     9     8     0     2   -34.0   44.129   70.495   3307.3    657.6
     1     1    10     4     9     7     0     1   -35.0   44.099   70.085   3259.2    663.1
     1     1    10     4     9     6     0     0   -36.0   44.079   69.709   3239.1    659.6
     1     1    10     4     9     5     0     1   -37.0   44.083   69.345   3240.9    652.2
     1     1    10     4     9     4     0     2   -38.0   44.123   68.983   3252.4    645.3
     1     1    10     4     9     3     0     3   -39.0   44.206   68.625   3289.3    643.0
     1     1    10     4     9     2     0     2   -40.0   44.319   68.258   3335.8    638.7
     1     1    10     4     9     1     0     1   -41.0   44.430   67.869   3364.2    642.1
     1     1    10     4     9     0     0     0   -42.0   44.531   67.468   3360.3    651.8
     1     1    10     4     8    23     0     1   -43.0   44.605   67.101   3336.0    663.2
     1     1    10     4     8    22     0     2   -44.0   44.640   66.778   3327.9    666.5
     1     1    10     4     8    21     0     3   -45.0   44.628   66.478   3339.8    666.1
     1     1    10     4     8    20     0     2   -46.0   44.593   66.187   3352.6    664.7
     1     1    10     4     8    19     0     1   -47.0   44.565   65.910   3348.7    665.6
     1     1    10     4     8    18     0     0   -48.0   44.546   65.648   3332.1    667.7
     1     1    10     4     8    17     0     1   -49.0   44.535   65.391   3327.0    669.6
     1     1    10     4     8    16     0     2   -50.0   44.529   65.125   3343.7    667.6
     1     1    10     4     8    15     0     3   -51.0   44.524   64.855   3371.2    665.2
     1     1    10     4     8    14     0     2   -52.0   44.527   64.575   3393.5    663.1
     1     1    10     4     8    13     0     1   -53.0   44.539   64.288   3400.4    663.5
     1     1    10     4     8    12     0     0   -54.0   44.557   64.007   3396.4    664.8
     1     1    10     4     8    11     0     1   -55.0   44.584   63.715   3396.4    665.6
     1     1    10     4     8    10     0     2   -56.0   44.624   63.392   3413.0    663.4
     1     1    10     4     8     9     0     3   -57.0   44.685   63.050   3440.4    660.2
     1     1    10     4     8     8     0     2   -58.0   44.769   62.689   3477.0    657.6
     1     1    10     4     8     7     0     1   -59.0   44.876   62.305   3524.7    655.3
     1     1    10     4     8     6     0     0   -60.0   45.016   61.908   3590.2    651.1
     1     1    10     4     8     5     0     1   -61.0   45.175   61.513   3661.7    643.5
     1     1    10     4     8     4     0     2   -62.0   45.335   61.130   3724.0    637.4
     1     1    10     4     8     3     0     3   -63.0   45.499   60.764   3778.6    633.0
     1     1    10     4     8     2     0     2   -64.0   45.676   60.412   3845.6    628.6
     1     1    10     4     8     1     0     1   -65.0   45.878   60.074   3941.8    620.0
     1     1    10     4     8     0     0     0   -66.0   46.108   59.758   4058.5    607.7
     1     1    10     4     7    23     0     1   -67.0   46.356   59.439   4192.8    593.7
     1     1    10     4     7    22     0     2   -68.0   46.624   59.119   4358.5    578.6
     1     1    10     4     7    21     0     3   -69.0   46.917   58.844   4584.8    559.9
     1     1    10     4     7    20     0     2   -70.0   47.226   58.644   4871.7    535.7
     1     1    10     4     7    19     0     1   -71.0   47.530   58.518   5178.3    510.9
     1     1    10     4     7    18     0     0   -72.0   47.830   58.482   5490.4    487.3
     1     1    10     4     7    17     0     1   -73.0   48.111   58.589   5797.7    464.5
     1     1    10     4     7    16     0     2   -74.0   48.353   58.850   6078.8    444.5
     1     1    10     4     7    15     0     3   -75.0   48.544   59.210   6321.9    428.6
     1     1    10     4     7    14     0     2   -76.0   48.652   59.591   6511.3    417.7
     1     1    10     4     7    13     0     1   -77.0   48.654   59.936   6620.1    412.8
     1     1    10     4     7    12     0     0   -78.0   48.554   60.227   6633.0    412.3
     1     1    10     4     7    11     0     1   -79.0   48.374   60.451   6575.9    417.1
     1     1    10     4     7    10     0     2   -80.0   48.131   60.593   6453.5    424.0
     1     1    10     4     7     9     0     3   -81.0   47.825   60.618   6242.8    436.8
     1     1    10     4     7     8     0     2   -82.0   47.482   60.503   6013.4    455.5
     1     1    10     4     7     7     0     1   -83.0   47.122   60.238   5831.0    466.5
     1     1    10     4     7     6     0     0   -84.0   46.757   59.804   5718.5    475.6
     1     1    10     4     7     5     0     1   -85.0   46.416   59.191   5600.9    480.6
     1     1    10     4     7     4     0     2   -86.0   46.137   58.413   5416.6    492.5
     1     1    10     4     7     3     0     3   -87.0   45.967   57.494   5245.8    507.0
     1     1    10     4     7     2     0     2   -88.0   45.934   56.532   5149.0    515.8
     1     1    10     4     7     1     0     1   -89.0   46.021   55.648   5105.6    520.4
     1     1    10     4     7     0     0     0   -90.0   46.205   54.920   5097.7    523.5
     1     1    10     4     6    23     0     1   -91.0   46.469   54.383   5096.6    524.3
     1     1    10     4     6    22     0     2   -92.0   46.816   54.036   5110.7    524.7
     1     1    10     4     6    21     0     3   -93.0   47.237   53.869   5157.3    521.4
     1     1    10     4     6    20     0     2   -94.0   47.685   53.893   5228.0    514.4
     1     1    10     4     6    19     0     1   -95.0   48.130   54.097   5300.7    507.7
     1     1    10     4     6    18     0     0   -96.0   48.555   54.480   5364.5    499.8
