     5     1
    GDAS    10     3     1     0     0
    GDAS    10     3     8     0     0
    GDAS    10     3    15     0     0
    GDAS    10     3    22     0     0
    GDAS    10     3    29     0     0
     1 BACKWARD OMEGA   
    10     3    31    18   39.977  116.381  7200.0
     1 PRESSURE
     1     1    10     3    31    18     0     0     0.0   39.977  116.381   6957.1    393.8
     1     1    10     3    31    17     0     1    -1.0   39.361  114.448   6505.8    383.5
     1     1    10     3    31    16     0     2    -2.0   38.768  112.655   6230.4    375.6
     1     1    10     3    31    15     0     3    -3.0   38.298  110.949   6255.4    383.0
     1     1    10     3    31    14     0     2    -4.0   37.983  109.338   6380.0    378.5
     1     1    10     3    31    13     0     1    -5.0   37.703  107.789   6382.8    367.6
     1     1    10     3    31    12     0     0    -6.0   37.427  106.309   6380.9    363.8
     1     1    10     3    31    11     0     1    -7.0   37.202  104.912   6194.5    364.3
     1     1    10     3    31    10     0     2    -8.0   36.978  103.602   5900.3    344.9
     1     1    10     3    31     9     0     3    -9.0   36.696  102.407   5839.7    325.5
     1     1    10     3    31     8     0     2   -10.0   36.433  101.165   5998.2    298.7
     1     1    10     3    31     7     0     1   -11.0   36.185  100.038   5719.9    308.2
     1     1    10     3    31     6     0     0   -12.0   35.931   99.019   5231.3    287.7
     1     1    10     3    31     5     0     1   -13.0   35.696   98.059   5146.9    312.1
     1     1    10     3    31     4     0     2   -14.0   35.499   97.114   5003.9    309.0
     1     1    10     3    31     3     0     3   -15.0   35.342   96.173   4825.5    304.0
     1     1    10     3    31     2     0     2   -16.0   35.199   95.281   4663.7    306.7
     1     1    10     3    31     1     0     1   -17.0   35.057   94.459   4515.0    311.9
     1     1    10     3    31     0     0     0   -18.0   34.949   93.693   4368.3    317.5
     1     1    10     3    30    23     0     1   -19.0   34.872   92.955   4214.1    317.7
     1     1    10     3    30    22     0     2   -20.0   34.815   92.246   4053.1    318.7
     1     1    10     3    30    21     0     3   -21.0   34.781   91.570   3897.5    322.1
     1     1    10     3    30    20     0     2   -22.0   34.765   90.920   3761.9    326.8
     1     1    10     3    30    19     0     1   -23.0   34.760   90.281   3618.7    331.2
     1     1    10     3    30    18     0     0   -24.0   34.780   89.660   3413.1    340.6
     1     1    10     3    30    17     0     1   -25.0   34.828   89.042   3275.2    352.6
     1     1    10     3    30    16     0     2   -26.0   34.880   88.411   3263.4    349.6
     1     1    10     3    30    15     0     3   -27.0   34.951   87.812   3202.5    349.6
     1     1    10     3    30    14     0     2   -28.0   35.029   87.235   2977.5    359.9
     1     1    10     3    30    13     0     1   -29.0   35.087   86.649   2688.4    383.5
     1     1    10     3    30    12     0     0   -30.0   35.132   86.047   2491.3    393.9
     1     1    10     3    30    11     0     1   -31.0   35.177   85.456   2301.1    396.7
     1     1    10     3    30    10     0     2   -32.0   35.205   84.906   2020.6    408.4
     1     1    10     3    30     9     0     3   -33.0   35.217   84.390   1630.4    433.2
     1     1    10     3    30     8     0     2   -34.0   35.246   83.907   1275.3    464.0
     1     1    10     3    30     7     0     1   -35.0   35.282   83.447   1068.3    469.9
     1     1    10     3    30     6     0     0   -36.0   35.291   82.988    958.7    467.6
     1     1    10     3    30     5     0     1   -37.0   35.285   82.514    903.7    475.1
     1     1    10     3    30     4     0     2   -38.0   35.278   82.024    896.5    480.5
     1     1    10     3    30     3     0     3   -39.0   35.274   81.508    964.0    481.5
     1     1    10     3    30     2     0     2   -40.0   35.283   80.937   1097.3    476.1
     1     1    10     3    30     1     0     1   -41.0   35.275   80.319   1124.8    467.6
     1     1    10     3    30     0     0     0   -42.0   35.189   79.689   1004.5    474.9
     1     1    10     3    29    23     0     1   -43.0   35.030   78.980   1201.6    468.9
     1     1    10     3    29    22     0     2   -44.0   34.903   78.328   1908.2    406.2
     1     1    10     3    29    21     0     3   -45.0   34.775   77.734   2596.7    373.2
     1     1    10     3    29    20     0     2   -46.0   34.633   77.075   2738.2    374.2
     1     1    10     3    29    19     0     1   -47.0   34.476   76.383   2425.7    435.4
     1     1    10     3    29    18     0     0   -48.0   34.297   75.720   2285.8    473.4
     1     1    10     3    29    17     0     1   -49.0   34.120   75.137   2284.4    525.9
     1     1    10     3    29    16     0     2   -50.0   33.960   74.631   2183.8    584.3
     1     1    10     3    29    15     0     3   -51.0   33.803   74.165   2068.2    646.7
     1     1    10     3    29    14     0     2   -52.0   33.642   73.753   1972.6    698.2
     1     1    10     3    29    13     0     1   -53.0   33.482   73.433   1842.2    738.5
     1     1    10     3    29    12     0     0   -54.0   33.327   73.204   1641.7    773.0
     1     1    10     3    29    11     0     1   -55.0   33.201   73.053   1348.6    809.5
     1     1    10     3    29    10     0     2   -56.0   33.104   72.955   1038.1    849.9
     1     1    10     3    29     9     0     3   -57.0   33.010   72.890    776.0    881.9
     1     1    10     3    29     8     0     2   -58.0   32.932   72.851    597.3    903.3
     1     1    10     3    29     7     0     1   -59.0   32.887   72.841    481.0    914.5
     1     1    10     3    29     6     0     0   -60.0   32.872   72.862    395.1    923.4
     1     1    10     3    29     5     0     1   -61.0   32.885   72.912    321.1    930.2
     1     1    10     3    29     4     0     2   -62.0   32.927   72.987    249.7    937.3
     1     1    10     3    29     3     0     3   -63.0   33.003   73.073    185.8    942.8
     1     1    10     3    29     2     0     2   -64.0   33.089   73.166    153.8    943.5
     1     1    10     3    29     1     0     1   -65.0   33.164   73.274    162.4    935.7
     1     1    10     3    29     0     0     0   -66.0   33.231   73.396    204.5    922.9
     1     1    10     3    28    23     0     1   -67.0   33.301   73.521    269.2    906.4
     1     1    10     3    28    22     0     2   -68.0   33.379   73.631    341.7    886.5
     1     1    10     3    28    21     0     3   -69.0   33.456   73.714    415.8    867.2
     1     1    10     3    28    20     0     2   -70.0   33.530   73.755    487.6    848.3
     1     1    10     3    28    19     0     1   -71.0   33.597   73.748    545.3    834.3
     1     1    10     3    28    18     0     0   -72.0   33.653   73.705    576.1    827.0
     1     1    10     3    28    17     0     1   -73.0   33.710   73.664    609.7    823.2
     1     1    10     3    28    16     0     2   -74.0   33.777   73.655    692.9    808.5
     1     1    10     3    28    15     0     3   -75.0   33.852   73.679    840.2    784.6
     1     1    10     3    28    14     0     2   -76.0   33.934   73.689    996.5    754.5
     1     1    10     3    28    13     0     1   -77.0   34.032   73.651   1094.2    737.8
     1     1    10     3    28    12     0     0   -78.0   34.149   73.574   1136.8    726.2
     1     1    10     3    28    11     0     1   -79.0   34.252   73.467   1144.0    721.8
     1     1    10     3    28    10     0     2   -80.0   34.319   73.342   1113.6    725.5
     1     1    10     3    28     9     0     3   -81.0   34.353   73.196   1016.3    741.0
     1     1    10     3    28     8     0     2   -82.0   34.374   73.030    871.5    770.1
     1     1    10     3    28     7     0     1   -83.0   34.400   72.864    739.8    791.2
     1     1    10     3    28     6     0     0   -84.0   34.433   72.716    652.8    803.9
     1     1    10     3    28     5     0     1   -85.0   34.474   72.600    611.0    807.7
     1     1    10     3    28     4     0     2   -86.0   34.514   72.524    597.9    806.2
     1     1    10     3    28     3     0     3   -87.0   34.554   72.483    599.3    801.8
     1     1    10     3    28     2     0     2   -88.0   34.594   72.461    611.0    796.2
     1     1    10     3    28     1     0     1   -89.0   34.639   72.445    636.5    788.4
     1     1    10     3    28     0     0     0   -90.0   34.686   72.434    679.6    778.4
     1     1    10     3    27    23     0     1   -91.0   34.728   72.422    731.7    767.6
     1     1    10     3    27    22     0     2   -92.0   34.762   72.406    781.6    759.8
     1     1    10     3    27    21     0     3   -93.0   34.788   72.382    828.0    754.0
     1     1    10     3    27    20     0     2   -94.0   34.815   72.354    897.8    749.1
     1     1    10     3    27    19     0     1   -95.0   34.843   72.311   1014.9    738.1
     1     1    10     3    27    18     0     0   -96.0   34.863   72.249   1166.3    726.5
