     7     1
    GDAS    10     3    22     0     0
    GDAS    10     4     8     0     0
    GDAS    10     4    15     0     0
    GDAS    10     4    22     0     0
    GDAS    10     4    29     0     0
    GDAS    10     4     1     0     0
    GDAS    10     3    29     0     0
     1 BACKWARD OMEGA   
    10     4     3    12   39.977  116.381  7200.0
     1 PRESSURE
     1     1    10     4     3    12     0     0     0.0   39.977  116.381   6958.6    395.1
     1     1    10     4     3    11     0     1    -1.0   40.137  115.127   6786.4    356.6
     1     1    10     4     3    10     0     2    -2.0   40.277  113.831   6842.0    343.4
     1     1    10     4     3     9     0     3    -3.0   40.402  112.637   6614.7    350.0
     1     1    10     4     3     8     0     2    -4.0   40.544  111.429   6697.5    342.5
     1     1    10     4     3     7     0     1    -5.0   40.678  110.206   6720.3    339.3
     1     1    10     4     3     6     0     0    -6.0   40.780  109.074   6685.7    355.5
     1     1    10     4     3     5     0     1    -7.0   40.879  107.990   6688.5    368.5
     1     1    10     4     3     4     0     2    -8.0   41.010  106.865   6582.8    353.8
     1     1    10     4     3     3     0     3    -9.0   41.171  105.750   6590.7    356.8
     1     1    10     4     3     2     0     2   -10.0   41.346  104.667   6572.7    366.1
     1     1    10     4     3     1     0     1   -11.0   41.544  103.586   6523.5    366.2
     1     1    10     4     3     0     0     0   -12.0   41.787  102.534   6574.2    368.2
     1     1    10     4     2    23     0     1   -13.0   42.024  101.549   6609.1    372.6
     1     1    10     4     2    22     0     2   -14.0   42.209  100.615   6505.8    375.2
     1     1    10     4     2    21     0     3   -15.0   42.379   99.681   6480.4    371.9
     1     1    10     4     2    20     0     2   -16.0   42.562   98.734   6438.3    364.1
     1     1    10     4     2    19     0     1   -17.0   42.739   97.806   6390.9    360.6
     1     1    10     4     2    18     0     0   -18.0   42.902   96.920   6345.8    361.1
     1     1    10     4     2    17     0     1   -19.0   43.069   96.069   6468.4    371.7
     1     1    10     4     2    16     0     2   -20.0   43.251   95.224   6444.5    357.4
     1     1    10     4     2    15     0     3   -21.0   43.445   94.392   6437.5    357.2
     1     1    10     4     2    14     0     2   -22.0   43.637   93.581   6435.1    361.6
     1     1    10     4     2    13     0     1   -23.0   43.817   92.782   6386.6    353.1
     1     1    10     4     2    12     0     0   -24.0   43.981   91.996   6358.1    349.1
     1     1    10     4     2    11     0     1   -25.0   44.124   91.267   6436.9    358.9
     1     1    10     4     2    10     0     2   -26.0   44.232   90.605   6530.0    368.0
     1     1    10     4     2     9     0     3   -27.0   44.290   89.988   6628.3    374.4
     1     1    10     4     2     8     0     2   -28.0   44.325   89.391   6592.5    365.6
     1     1    10     4     2     7     0     1   -29.0   44.361   88.821   6552.4    366.1
     1     1    10     4     2     6     0     0   -30.0   44.369   88.293   6559.7    371.3
     1     1    10     4     2     5     0     1   -31.0   44.373   87.790   6598.6    377.0
     1     1    10     4     2     4     0     2   -32.0   44.405   87.309   6643.3    389.6
     1     1    10     4     2     3     0     3   -33.0   44.461   86.868   6599.9    398.9
     1     1    10     4     2     2     0     2   -34.0   44.523   86.456   6483.6    400.7
     1     1    10     4     2     1     0     1   -35.0   44.574   86.054   6409.9    398.9
     1     1    10     4     2     0     0     0   -36.0   44.608   85.666   6376.8    397.6
     1     1    10     4     1    23     0     1   -37.0   44.640   85.286   6371.9    395.2
     1     1    10     4     1    22     0     2   -38.0   44.680   84.906   6380.7    394.0
     1     1    10     4     1    21     0     3   -39.0   44.722   84.529   6387.7    393.1
     1     1    10     4     1    20     0     2   -40.0   44.766   84.160   6403.8    394.1
     1     1    10     4     1    19     0     1   -41.0   44.814   83.800   6472.2    397.9
     1     1    10     4     1    18     0     0   -42.0   44.861   83.447   6587.0    401.1
     1     1    10     4     1    17     0     1   -43.0   44.902   83.107   6718.1    400.9
     1     1    10     4     1    16     0     2   -44.0   44.935   82.779   6799.5    392.8
     1     1    10     4     1    15     0     3   -45.0   44.964   82.459   6829.6    382.7
     1     1    10     4     1    14     0     2   -46.0   44.986   82.159   6811.9    374.2
     1     1    10     4     1    13     0     1   -47.0   44.999   81.890   6709.6    365.3
     1     1    10     4     1    12     0     0   -48.0   45.002   81.650   6533.8    354.6
     1     1    10     4     1    11     0     1   -49.0   44.998   81.399   6360.4    343.6
     1     1    10     4     1    10     0     2   -50.0   44.992   81.094   6199.0    325.4
     1     1    10     4     1     9     0     3   -51.0   44.988   80.740   6137.8    317.3
     1     1    10     4     1     8     0     2   -52.0   44.991   80.371   6123.5    312.7
     1     1    10     4     1     7     0     1   -53.0   44.997   80.022   6115.4    307.7
     1     1    10     4     1     6     0     0   -54.0   45.009   79.709   6242.2    319.1
     1     1    10     4     1     5     0     1   -55.0   45.027   79.436   6360.9    330.5
     1     1    10     4     1     4     0     2   -56.0   45.042   79.194   6454.3    341.4
     1     1    10     4     1     3     0     3   -57.0   45.051   78.981   6535.8    350.5
     1     1    10     4     1     2     0     2   -58.0   45.052   78.788   6632.7    358.4
     1     1    10     4     1     1     0     1   -59.0   45.052   78.607   6761.7    362.6
     1     1    10     4     1     0     0     0   -60.0   45.054   78.434   6912.5    365.1
     1     1    10     3    31    23     0     1   -61.0   45.068   78.279   7062.9    366.3
     1     1    10     3    31    22     0     2   -62.0   45.096   78.159   7195.6    367.0
     1     1    10     3    31    21     0     3   -63.0   45.133   78.075   7312.1    366.2
     1     1    10     3    31    20     0     2   -64.0   45.186   78.007   7406.6    364.7
     1     1    10     3    31    19     0     1   -65.0   45.263   77.941   7454.8    363.3
     1     1    10     3    31    18     0     0   -66.0   45.363   77.884   7474.9    363.2
     1     1    10     3    31    17     0     1   -67.0   45.483   77.833   7490.8    364.3
     1     1    10     3    31    16     0     2   -68.0   45.618   77.784   7520.1    363.5
     1     1    10     3    31    15     0     3   -69.0   45.768   77.745   7559.4    362.1
     1     1    10     3    31    14     0     2   -70.0   45.922   77.723   7604.1    360.3
     1     1    10     3    31    13     0     1   -71.0   46.077   77.705   7648.6    357.7
     1     1    10     3    31    12     0     0   -72.0   46.237   77.681   7697.1    354.0
     1     1    10     3    31    11     0     1   -73.0   46.419   77.631   7748.3    349.3
     1     1    10     3    31    10     0     2   -74.0   46.631   77.540   7799.3    345.3
     1     1    10     3    31     9     0     3   -75.0   46.867   77.416   7862.8    340.8
     1     1    10     3    31     8     0     2   -76.0   47.116   77.269   7936.4    335.2
     1     1    10     3    31     7     0     1   -77.0   47.368   77.103   8001.6    329.2
     1     1    10     3    31     6     0     0   -78.0   47.620   76.916   8057.1    323.8
     1     1    10     3    31     5     0     1   -79.0   47.887   76.729   8100.7    318.9
     1     1    10     3    31     4     0     2   -80.0   48.181   76.558   8118.7    315.1
     1     1    10     3    31     3     0     3   -81.0   48.506   76.399   8111.0    311.7
     1     1    10     3    31     2     0     2   -82.0   48.866   76.245   8089.2    307.8
     1     1    10     3    31     1     0     1   -83.0   49.264   76.089   8124.1    307.8
     1     1    10     3    31     0     0     0   -84.0   49.717   75.924   8212.3    310.0
     1     1    10     3    30    23     0     1   -85.0   50.233   75.732   8329.3    312.4
     1     1    10     3    30    22     0     2   -86.0   50.800   75.471   8465.4    314.4
     1     1    10     3    30    21     0     3   -87.0   51.394   75.105   8579.4    313.8
     1     1    10     3    30    20     0     2   -88.0   51.992   74.628   8667.8    314.1
     1     1    10     3    30    19     0     1   -89.0   52.581   74.050   8726.3    314.0
     1     1    10     3    30    18     0     0   -90.0   53.153   73.380   8795.8    312.3
     1     1    10     3    30    17     0     1   -91.0   53.689   72.630   8836.1    308.8
     1     1    10     3    30    16     0     2   -92.0   54.165   71.807   8860.4    309.9
     1     1    10     3    30    15     0     3   -93.0   54.589   70.926   8886.6    307.8
     1     1    10     3    30    14     0     2   -94.0   54.982   70.034   8917.6    304.7
     1     1    10     3    30    13     0     1   -95.0   55.343   69.142   8942.0    304.9
     1     1    10     3    30    12     0     0   -96.0   55.667   68.215   8920.9    305.0
