     5     1
    GDAS    10     3     1     0     0
    GDAS    10     3     8     0     0
    GDAS    10     3    15     0     0
    GDAS    10     3    22     0     0
    GDAS    10     3    29     0     0
     1 BACKWARD OMEGA   
    10     3    19    12   39.977  116.381  4200.0
     1 PRESSURE
     1     1    10     3    19    12     0     0     0.0   39.977  116.381   3958.9    594.1
     1     1    10     3    19    11     0     1    -1.0   40.139  115.052   3909.5    529.5
     1     1    10     3    19    10     0     2    -2.0   40.313  113.368   4105.3    505.3
     1     1    10     3    19     9     0     3    -3.0   40.385  111.461   4356.4    478.7
     1     1    10     3    19     8     0     2    -4.0   40.388  109.551   4280.5    492.5
     1     1    10     3    19     7     0     1    -5.0   40.454  107.668   4328.4    500.3
     1     1    10     3    19     6     0     0    -6.0   40.583  105.740   4450.7    485.8
     1     1    10     3    19     5     0     1    -7.0   40.783  103.739   4531.4    483.0
     1     1    10     3    19     4     0     2    -8.0   41.105  101.658   4662.8    484.7
     1     1    10     3    19     3     0     3    -9.0   41.366   99.750   4258.5    511.8
     1     1    10     3    19     2     0     2   -10.0   41.647   97.844   3939.0    509.1
     1     1    10     3    19     1     0     1   -11.0   41.996   95.833   3923.5    483.1
     1     1    10     3    19     0     0     0   -12.0   42.339   93.937   3821.6    533.4
     1     1    10     3    18    23     0     1   -13.0   42.613   92.449   3405.1    613.5
     1     1    10     3    18    22     0     2   -14.0   42.850   91.295   3141.3    651.1
     1     1    10     3    18    21     0     3   -15.0   43.069   90.277   3143.5    632.0
     1     1    10     3    18    20     0     2   -16.0   43.332   89.254   3046.9    647.3
     1     1    10     3    18    19     0     1   -17.0   43.598   88.140   3030.8    601.8
     1     1    10     3    18    18     0     0   -18.0   43.779   86.906   3341.8    577.8
     1     1    10     3    18    17     0     1   -19.0   43.910   85.691   3449.3    533.1
     1     1    10     3    18    16     0     2   -20.0   44.078   84.323   3417.4    487.7
     1     1    10     3    18    15     0     3   -21.0   44.216   82.999   3336.4    542.1
     1     1    10     3    18    14     0     2   -22.0   44.273   81.871   3185.6    584.1
     1     1    10     3    18    13     0     1   -23.0   44.268   80.655   3138.6    601.4
     1     1    10     3    18    12     0     0   -24.0   44.197   79.466   3066.7    627.3
     1     1    10     3    18    11     0     1   -25.0   44.103   78.445   2827.5    660.2
     1     1    10     3    18    10     0     2   -26.0   43.932   77.543   2573.2    679.8
     1     1    10     3    18     9     0     3   -27.0   43.768   76.881   2227.9    695.6
     1     1    10     3    18     8     0     2   -28.0   43.664   76.341   2142.4    703.7
     1     1    10     3    18     7     0     1   -29.0   43.534   75.775   2176.4    685.1
     1     1    10     3    18     6     0     0   -30.0   43.370   75.174   2164.5    680.2
     1     1    10     3    18     5     0     1   -31.0   43.190   74.636   2097.7    708.0
     1     1    10     3    18     4     0     2   -32.0   43.007   74.183   2067.2    734.7
     1     1    10     3    18     3     0     3   -33.0   42.826   73.656   2057.0    704.9
     1     1    10     3    18     2     0     2   -34.0   42.652   72.933   1940.4    671.0
     1     1    10     3    18     1     0     1   -35.0   42.461   72.168   1657.4    680.1
     1     1    10     3    18     0     0     0   -36.0   42.263   71.305   1319.0    659.1
     1     1    10     3    17    23     0     1   -37.0   42.029   70.377   1136.3    691.2
     1     1    10     3    17    22     0     2   -38.0   41.768   69.810   1057.0    766.8
     1     1    10     3    17    21     0     3   -39.0   41.601   69.464   1041.2    812.2
     1     1    10     3    17    20     0     2   -40.0   41.505   69.221   1044.2    839.4
     1     1    10     3    17    19     0     1   -41.0   41.465   69.056   1042.2    860.0
     1     1    10     3    17    18     0     0   -42.0   41.459   68.929   1035.2    868.2
     1     1    10     3    17    17     0     1   -43.0   41.490   68.821   1029.6    869.0
     1     1    10     3    17    16     0     2   -44.0   41.566   68.729   1032.5    868.5
     1     1    10     3    17    15     0     3   -45.0   41.680   68.648   1045.7    866.5
     1     1    10     3    17    14     0     2   -46.0   41.806   68.559   1059.9    862.9
     1     1    10     3    17    13     0     1   -47.0   41.924   68.447   1062.4    861.6
     1     1    10     3    17    12     0     0   -48.0   42.037   68.303   1048.3    863.6
     1     1    10     3    17    11     0     1   -49.0   42.148   68.085   1009.2    870.0
     1     1    10     3    17    10     0     2   -50.0   42.280   67.777    939.9    880.3
     1     1    10     3    17     9     0     3   -51.0   42.444   67.402    865.7    892.9
     1     1    10     3    17     8     0     2   -52.0   42.622   67.003    832.4    898.9
     1     1    10     3    17     7     0     1   -53.0   42.796   66.612    831.2    895.0
     1     1    10     3    17     6     0     0   -54.0   42.967   66.199    842.4    891.9
     1     1    10     3    17     5     0     1   -55.0   43.124   65.721    866.5    888.9
     1     1    10     3    17     4     0     2   -56.0   43.259   65.170    895.4    886.0
     1     1    10     3    17     3     0     3   -57.0   43.373   64.550    940.6    882.5
     1     1    10     3    17     2     0     2   -58.0   43.475   63.887   1012.4    873.5
     1     1    10     3    17     1     0     1   -59.0   43.576   63.185   1072.3    867.6
     1     1    10     3    17     0     0     0   -60.0   43.676   62.437   1127.9    869.6
     1     1    10     3    16    23     0     1   -61.0   43.753   61.607   1235.0    859.1
     1     1    10     3    16    22     0     2   -62.0   43.779   60.686   1343.0    848.1
     1     1    10     3    16    21     0     3   -63.0   43.746   59.718   1439.0    838.1
     1     1    10     3    16    20     0     2   -64.0   43.704   58.810   1532.1    828.0
     1     1    10     3    16    19     0     1   -65.0   43.650   57.891   1694.7    806.2
     1     1    10     3    16    18     0     0   -66.0   43.588   56.913   1951.3    777.1
     1     1    10     3    16    17     0     1   -67.0   43.527   55.898   2174.2    751.3
     1     1    10     3    16    16     0     2   -68.0   43.414   54.828   2326.4    737.6
     1     1    10     3    16    15     0     3   -69.0   43.347   53.750   2514.5    726.5
     1     1    10     3    16    14     0     2   -70.0   43.286   52.721   2745.4    703.4
     1     1    10     3    16    13     0     1   -71.0   43.132   51.744   2899.3    697.8
     1     1    10     3    16    12     0     0   -72.0   42.934   50.869   2904.5    699.8
     1     1    10     3    16    11     0     1   -73.0   42.732   50.128   2866.7    704.3
     1     1    10     3    16    10     0     2   -74.0   42.503   49.499   2815.4    712.4
     1     1    10     3    16     9     0     3   -75.0   42.262   49.021   2765.8    725.9
     1     1    10     3    16     8     0     2   -76.0   41.953   48.603   2637.4    702.2
     1     1    10     3    16     7     0     1   -77.0   41.546   48.032   2372.6    651.2
     1     1    10     3    16     6     0     0   -78.0   41.125   47.398   2168.0    692.0
     1     1    10     3    16     5     0     1   -79.0   40.742   46.876   2168.7    745.6
     1     1    10     3    16     4     0     2   -80.0   40.276   46.261   2164.1    641.8
     1     1    10     3    16     3     0     3   -81.0   39.591   45.104   1967.8    635.4
     1     1    10     3    16     2     0     2   -82.0   38.939   43.998   1876.0    605.8
     1     1    10     3    16     1     0     1   -83.0   38.109   42.794   1647.4    638.1
     1     1    10     3    16     0     0     0   -84.0   37.598   42.063   1153.2    778.6
     1     1    10     3    15    23     0     1   -85.0   37.362   41.515    836.8    842.1
     1     1    10     3    15    22     0     2   -86.0   37.211   40.905    747.0    870.0
     1     1    10     3    15    21     0     3   -87.0   37.067   40.220    764.8    864.1
     1     1    10     3    15    20     0     2   -88.0   36.922   39.535    784.7    859.3
     1     1    10     3    15    19     0     1   -89.0   36.748   38.862    807.6    861.1
     1     1    10     3    15    18     0     0   -90.0   36.548   38.204    872.8    860.5
     1     1    10     3    15    17     0     1   -91.0   36.330   37.547    950.5    848.8
     1     1    10     3    15    16     0     2   -92.0   36.081   36.876   1025.3    846.8
     1     1    10     3    15    15     0     3   -93.0   35.810   36.252   1039.5    849.9
     1     1    10     3    15    14     0     2   -94.0   35.558   35.736    979.2    872.8
     1     1    10     3    15    13     0     1   -95.0   35.342   35.323    886.7    896.9
     1     1    10     3    15    12     0     0   -96.0   35.170   35.002    790.2    916.5
