     7     1
    GDAS    10     3    22     0     0
    GDAS    10     4     8     0     0
    GDAS    10     4    15     0     0
    GDAS    10     4    22     0     0
    GDAS    10     4    29     0     0
    GDAS    10     4     1     0     0
    GDAS    10     3    29     0     0
     1 BACKWARD OMEGA   
    10     4    15    18   39.977  116.381  3400.0
     1 PRESSURE
     1     1    10     4    15    18     0     0     0.0   39.977  116.381   3162.8    664.3
     1     1    10     4    15    17     0     1    -1.0   40.144  115.931   3310.3    619.2
     1     1    10     4    15    16     0     2    -2.0   40.336  115.440   3306.1    586.7
     1     1    10     4    15    15     0     3    -3.0   40.540  114.904   3333.7    566.3
     1     1    10     4    15    14     0     2    -4.0   40.753  114.318   3435.8    552.7
     1     1    10     4    15    13     0     1    -5.0   40.959  113.734   3442.6    540.7
     1     1    10     4    15    12     0     0    -6.0   41.171  113.192   3365.6    541.6
     1     1    10     4    15    11     0     1    -7.0   41.385  112.661   3291.7    547.9
     1     1    10     4    15    10     0     2    -8.0   41.572  112.108   3209.5    556.7
     1     1    10     4    15     9     0     3    -9.0   41.723  111.556   3131.1    569.4
     1     1    10     4    15     8     0     2   -10.0   41.860  111.032   3105.1    582.1
     1     1    10     4    15     7     0     1   -11.0   42.012  110.523   3096.2    579.8
     1     1    10     4    15     6     0     0   -12.0   42.185  110.028   3022.3    582.0
     1     1    10     4    15     5     0     1   -13.0   42.375  109.548   2921.6    595.9
     1     1    10     4    15     4     0     2   -14.0   42.587  109.054   2852.9    602.5
     1     1    10     4    15     3     0     3   -15.0   42.813  108.542   2836.9    616.0
     1     1    10     4    15     2     0     2   -16.0   43.022  108.048   2870.7    628.6
     1     1    10     4    15     1     0     1   -17.0   43.222  107.596   2868.3    618.0
     1     1    10     4    15     0     0     0   -18.0   43.440  107.185   2823.9    614.5
     1     1    10     4    14    23     0     1   -19.0   43.695  106.787   2792.4    610.5
     1     1    10     4    14    22     0     2   -20.0   44.003  106.368   2812.3    601.2
     1     1    10     4    14    21     0     3   -21.0   44.356  105.932   2880.1    593.7
     1     1    10     4    14    20     0     2   -22.0   44.720  105.504   2949.8    591.2
     1     1    10     4    14    19     0     1   -23.0   45.084  105.074   3001.4    591.0
     1     1    10     4    14    18     0     0   -24.0   45.454  104.638   3034.1    582.6
     1     1    10     4    14    17     0     1   -25.0   45.820  104.193   3078.0    574.4
     1     1    10     4    14    16     0     2   -26.0   46.179  103.745   3117.0    561.1
     1     1    10     4    14    15     0     3   -27.0   46.536  103.302   3145.7    549.6
     1     1    10     4    14    14     0     2   -28.0   46.887  102.847   3161.1    541.2
     1     1    10     4    14    13     0     1   -29.0   47.231  102.367   3175.0    536.1
     1     1    10     4    14    12     0     0   -30.0   47.580  101.876   3210.2    533.1
     1     1    10     4    14    11     0     1   -31.0   47.920  101.397   3257.9    528.8
     1     1    10     4    14    10     0     2   -32.0   48.249  100.948   3326.8    523.3
     1     1    10     4    14     9     0     3   -33.0   48.588  100.520   3422.3    515.7
     1     1    10     4    14     8     0     2   -34.0   48.930  100.089   3524.5    506.8
     1     1    10     4    14     7     0     1   -35.0   49.264   99.650   3602.7    497.1
     1     1    10     4    14     6     0     0   -36.0   49.592   99.201   3692.2    490.7
     1     1    10     4    14     5     0     1   -37.0   49.905   98.729   3787.8    480.1
     1     1    10     4    14     4     0     2   -38.0   50.194   98.235   3831.1    467.9
     1     1    10     4    14     3     0     3   -39.0   50.467   97.741   3849.3    471.6
     1     1    10     4    14     2     0     2   -40.0   50.732   97.262   3897.2    489.0
     1     1    10     4    14     1     0     1   -41.0   50.994   96.795   3994.1    502.8
     1     1    10     4    14     0     0     0   -42.0   51.258   96.316   4061.2    496.0
     1     1    10     4    13    23     0     1   -43.0   51.528   95.801   4102.2    490.3
     1     1    10     4    13    22     0     2   -44.0   51.811   95.249   4125.3    489.1
     1     1    10     4    13    21     0     3   -45.0   52.114   94.654   4213.6    495.6
     1     1    10     4    13    20     0     2   -46.0   52.404   93.994   4338.9    499.8
     1     1    10     4    13    19     0     1   -47.0   52.647   93.258   4412.6    502.5
     1     1    10     4    13    18     0     0   -48.0   52.841   92.459   4471.6    510.9
     1     1    10     4    13    17     0     1   -49.0   52.982   91.652   4506.3    521.8
     1     1    10     4    13    16     0     2   -50.0   53.088   90.889   4490.1    529.3
     1     1    10     4    13    15     0     3   -51.0   53.197   90.123   4419.1    522.6
     1     1    10     4    13    14     0     2   -52.0   53.306   89.323   4334.2    519.8
     1     1    10     4    13    13     0     1   -53.0   53.393   88.518   4248.5    535.4
     1     1    10     4    13    12     0     0   -54.0   53.456   87.732   4191.8    557.0
     1     1    10     4    13    11     0     1   -55.0   53.467   86.980   4124.1    571.0
     1     1    10     4    13    10     0     2   -56.0   53.413   86.265   4043.5    578.8
     1     1    10     4    13     9     0     3   -57.0   53.323   85.568   3966.4    586.6
     1     1    10     4    13     8     0     2   -58.0   53.204   84.908   3878.3    594.9
     1     1    10     4    13     7     0     1   -59.0   53.056   84.328   3798.3    608.1
     1     1    10     4    13     6     0     0   -60.0   52.893   83.825   3730.0    616.2
     1     1    10     4    13     5     0     1   -61.0   52.731   83.386   3671.0    619.3
     1     1    10     4    13     4     0     2   -62.0   52.574   83.016   3622.0    623.4
     1     1    10     4    13     3     0     3   -63.0   52.421   82.708   3580.9    627.1
     1     1    10     4    13     2     0     2   -64.0   52.277   82.422   3540.1    629.9
     1     1    10     4    13     1     0     1   -65.0   52.138   82.134   3490.8    634.3
     1     1    10     4    13     0     0     0   -66.0   52.009   81.855   3433.4    638.8
     1     1    10     4    12    23     0     1   -67.0   51.881   81.585   3374.7    642.4
     1     1    10     4    12    22     0     2   -68.0   51.745   81.305   3324.3    645.2
     1     1    10     4    12    21     0     3   -69.0   51.604   80.996   3271.5    649.2
     1     1    10     4    12    20     0     2   -70.0   51.459   80.689   3214.3    656.1
     1     1    10     4    12    19     0     1   -71.0   51.303   80.422   3161.5    661.8
     1     1    10     4    12    18     0     0   -72.0   51.130   80.186   3119.2    666.1
     1     1    10     4    12    17     0     1   -73.0   50.953   79.979   3080.7    668.7
     1     1    10     4    12    16     0     2   -74.0   50.788   79.820   3035.1    672.8
     1     1    10     4    12    15     0     3   -75.0   50.637   79.711   2980.4    677.5
     1     1    10     4    12    14     0     2   -76.0   50.494   79.624   2927.6    682.2
     1     1    10     4    12    13     0     1   -77.0   50.352   79.527   2887.9    684.9
     1     1    10     4    12    12     0     0   -78.0   50.211   79.426   2866.5    685.6
     1     1    10     4    12    11     0     1   -79.0   50.062   79.349   2859.3    683.7
     1     1    10     4    12    10     0     2   -80.0   49.900   79.316   2853.6    680.2
     1     1    10     4    12     9     0     3   -81.0   49.731   79.310   2840.9    675.6
     1     1    10     4    12     8     0     2   -82.0   49.569   79.303   2818.9    673.0
     1     1    10     4    12     7     0     1   -83.0   49.422   79.293   2793.9    671.3
     1     1    10     4    12     6     0     0   -84.0   49.287   79.292   2773.9    669.5
     1     1    10     4    12     5     0     1   -85.0   49.163   79.304   2753.2    666.8
     1     1    10     4    12     4     0     2   -86.0   49.043   79.339   2720.1    666.3
     1     1    10     4    12     3     0     3   -87.0   48.923   79.404   2677.4    669.2
     1     1    10     4    12     2     0     2   -88.0   48.809   79.477   2636.8    674.1
     1     1    10     4    12     1     0     1   -89.0   48.710   79.541   2607.9    676.7
     1     1    10     4    12     0     0     0   -90.0   48.622   79.605   2592.4    678.2
     1     1    10     4    11    23     0     1   -91.0   48.543   79.667   2582.1    678.2
     1     1    10     4    11    22     0     2   -92.0   48.469   79.722   2564.5    679.3
     1     1    10     4    11    21     0     3   -93.0   48.397   79.778   2533.0    681.5
     1     1    10     4    11    20     0     2   -94.0   48.332   79.841   2504.7    685.6
     1     1    10     4    11    19     0     1   -95.0   48.281   79.910   2499.8    686.0
     1     1    10     4    11    18     0     0   -96.0   48.245   79.981   2519.4    684.4
