     5     1
    GDAS    10     3     1     0     0
    GDAS    10     3     8     0     0
    GDAS    10     3    15     0     0
    GDAS    10     3    22     0     0
    GDAS    10     3    29     0     0
     1 BACKWARD OMEGA   
    10     3    18     6   39.977  116.381  2400.0
     1 PRESSURE
     1     1    10     3    18     6     0     0     0.0   39.977  116.381   2162.0    751.7
     1     1    10     3    18     5     0     1    -1.0   40.056  115.708   2201.9    713.2
     1     1    10     3    18     4     0     2    -2.0   40.278  114.988   2266.2    650.8
     1     1    10     3    18     3     0     3    -3.0   40.602  114.297   2345.4    638.0
     1     1    10     3    18     2     0     2    -4.0   40.964  113.621   2353.9    626.0
     1     1    10     3    18     1     0     1    -5.0   41.387  112.920   2344.6    620.0
     1     1    10     3    18     0     0     0    -6.0   41.821  112.209   2334.9    626.6
     1     1    10     3    17    23     0     1    -7.0   42.207  111.492   2307.3    643.7
     1     1    10     3    17    22     0     2    -8.0   42.535  110.768   2246.5    658.5
     1     1    10     3    17    21     0     3    -9.0   42.809  110.046   2171.4    666.6
     1     1    10     3    17    20     0     2   -10.0   43.054  109.336   2126.5    672.6
     1     1    10     3    17    19     0     1   -11.0   43.287  108.648   2112.9    682.9
     1     1    10     3    17    18     0     0   -12.0   43.506  107.972   2092.4    688.6
     1     1    10     3    17    17     0     1   -13.0   43.736  107.285   2058.2    679.4
     1     1    10     3    17    16     0     2   -14.0   44.007  106.569   2048.0    666.5
     1     1    10     3    17    15     0     3   -15.0   44.277  105.862   2081.4    661.6
     1     1    10     3    17    14     0     2   -16.0   44.529  105.183   2149.4    657.1
     1     1    10     3    17    13     0     1   -17.0   44.771  104.526   2189.1    654.2
     1     1    10     3    17    12     0     0   -18.0   44.995  103.913   2188.5    658.4
     1     1    10     3    17    11     0     1   -19.0   45.227  103.329   2176.5    654.2
     1     1    10     3    17    10     0     2   -20.0   45.497  102.723   2183.3    634.7
     1     1    10     3    17     9     0     3   -21.0   45.820  102.054   2221.8    595.5
     1     1    10     3    17     8     0     2   -22.0   46.195  101.320   2282.9    576.8
     1     1    10     3    17     7     0     1   -23.0   46.599  100.531   2316.9    564.9
     1     1    10     3    17     6     0     0   -24.0   47.019   99.681   2289.1    551.5
     1     1    10     3    17     5     0     1   -25.0   47.442   98.826   2266.0    557.8
     1     1    10     3    17     4     0     2   -26.0   47.873   97.988   2331.1    548.3
     1     1    10     3    17     3     0     3   -27.0   48.281   97.175   2446.7    555.8
     1     1    10     3    17     2     0     2   -28.0   48.634   96.396   2530.8    569.5
     1     1    10     3    17     1     0     1   -29.0   48.946   95.649   2574.5    576.2
     1     1    10     3    17     0     0     0   -30.0   49.216   94.955   2614.7    596.2
     1     1    10     3    16    23     0     1   -31.0   49.435   94.312   2646.2    615.3
     1     1    10     3    16    22     0     2   -32.0   49.608   93.701   2690.3    630.3
     1     1    10     3    16    21     0     3   -33.0   49.751   93.115   2833.9    637.8
     1     1    10     3    16    20     0     2   -34.0   49.891   92.492   3019.1    603.8
     1     1    10     3    16    19     0     1   -35.0   50.067   91.748   3192.3    556.9
     1     1    10     3    16    18     0     0   -36.0   50.316   90.821   3310.0    519.4
     1     1    10     3    16    17     0     1   -37.0   50.584   89.712   3326.5    503.7
     1     1    10     3    16    16     0     2   -38.0   50.842   88.452   3426.3    500.7
     1     1    10     3    16    15     0     3   -39.0   51.081   87.232   3509.2    520.9
     1     1    10     3    16    14     0     2   -40.0   51.257   86.111   3565.4    550.0
     1     1    10     3    16    13     0     1   -41.0   51.350   85.033   3584.8    561.1
     1     1    10     3    16    12     0     0   -42.0   51.402   83.933   3648.5    569.0
     1     1    10     3    16    11     0     1   -43.0   51.422   82.887   3755.9    586.1
     1     1    10     3    16    10     0     2   -44.0   51.416   81.963   3835.8    596.1
     1     1    10     3    16     9     0     3   -45.0   51.404   81.066   3926.7    593.8
     1     1    10     3    16     8     0     2   -46.0   51.399   80.150   4047.3    588.3
     1     1    10     3    16     7     0     1   -47.0   51.407   79.183   4194.2    579.3
     1     1    10     3    16     6     0     0   -48.0   51.417   78.148   4297.1    572.2
     1     1    10     3    16     5     0     1   -49.0   51.430   77.038   4403.4    565.2
     1     1    10     3    16     4     0     2   -50.0   51.448   75.800   4535.7    549.0
     1     1    10     3    16     3     0     3   -51.0   51.460   74.383   4584.5    536.5
     1     1    10     3    16     2     0     2   -52.0   51.439   72.875   4506.2    537.2
     1     1    10     3    16     1     0     1   -53.0   51.383   71.348   4506.8    540.1
     1     1    10     3    16     0     0     0   -54.0   51.334   69.728   4595.4    534.5
     1     1    10     3    15    23     0     1   -55.0   51.260   68.040   4662.7    530.5
     1     1    10     3    15    22     0     2   -56.0   51.153   66.376   4737.1    528.0
     1     1    10     3    15    21     0     3   -57.0   51.041   64.724   4896.3    523.6
     1     1    10     3    15    20     0     2   -58.0   50.914   63.091   4949.5    514.9
     1     1    10     3    15    19     0     1   -59.0   50.778   61.462   4986.1    509.7
     1     1    10     3    15    18     0     0   -60.0   50.645   59.824   5050.5    504.1
     1     1    10     3    15    17     0     1   -61.0   50.512   58.190   5147.5    493.5
     1     1    10     3    15    16     0     2   -62.0   50.391   56.562   5299.6    487.0
     1     1    10     3    15    15     0     3   -63.0   50.287   54.926   5439.4    483.3
     1     1    10     3    15    14     0     2   -64.0   50.171   53.311   5624.7    476.5
     1     1    10     3    15    13     0     1   -65.0   50.069   51.736   5775.5    469.7
     1     1    10     3    15    12     0     0   -66.0   49.956   50.137   5888.0    462.2
     1     1    10     3    15    11     0     1   -67.0   49.810   48.460   6013.6    452.9
     1     1    10     3    15    10     0     2   -68.0   49.686   46.747   6130.8    443.6
     1     1    10     3    15     9     0     3   -69.0   49.552   44.981   6238.4    432.9
     1     1    10     3    15     8     0     2   -70.0   49.376   43.221   6340.9    423.5
     1     1    10     3    15     7     0     1   -71.0   49.207   41.518   6450.9    415.7
     1     1    10     3    15     6     0     0   -72.0   49.024   39.870   6557.2    410.8
     1     1    10     3    15     5     0     1   -73.0   48.842   38.238   6665.4    402.9
     1     1    10     3    15     4     0     2   -74.0   48.714   36.588   6805.0    394.4
     1     1    10     3    15     3     0     3   -75.0   48.615   34.934   6965.3    386.7
     1     1    10     3    15     2     0     2   -76.0   48.503   33.281   7078.0    379.5
     1     1    10     3    15     1     0     1   -77.0   48.441   31.668   7123.3    375.1
     1     1    10     3    15     0     0     0   -78.0   48.412   30.130   7150.4    372.7
     1     1    10     3    14    23     0     1   -79.0   48.371   28.665   7134.1    371.7
     1     1    10     3    14    22     0     2   -80.0   48.372   27.261   7139.4    372.6
     1     1    10     3    14    21     0     3   -81.0   48.443   25.937   7121.6    367.2
     1     1    10     3    14    20     0     2   -82.0   48.587   24.676   7044.8    358.5
     1     1    10     3    14    19     0     1   -83.0   48.810   23.452   7072.0    356.0
     1     1    10     3    14    18     0     0   -84.0   49.089   22.273   7122.6    359.5
     1     1    10     3    14    17     0     1   -85.0   49.405   21.115   7072.0    365.9
     1     1    10     3    14    16     0     2   -86.0   49.788   19.945   7064.6    366.0
     1     1    10     3    14    15     0     3   -87.0   50.270   18.758   7217.9    362.8
     1     1    10     3    14    14     0     2   -88.0   50.800   17.542   7264.5    366.6
     1     1    10     3    14    13     0     1   -89.0   51.354   16.305   7274.1    365.9
     1     1    10     3    14    12     0     0   -90.0   51.964   15.079   7327.3    370.3
     1     1    10     3    14    11     0     1   -91.0   52.616   13.879   7370.6    370.1
     1     1    10     3    14    10     0     2   -92.0   53.297   12.621   7409.1    367.9
     1     1    10     3    14     9     0     3   -93.0   54.015   11.326   7425.5    369.1
     1     1    10     3    14     8     0     2   -94.0   54.786   10.000   7419.7    369.0
     1     1    10     3    14     7     0     1   -95.0   55.570    8.621   7403.6    370.3
     1     1    10     3    14     6     0     0   -96.0   56.344    7.210   7402.5    371.1
