     5     1
    GDAS    10     3     1     0     0
    GDAS    10     3     8     0     0
    GDAS    10     3    15     0     0
    GDAS    10     3    22     0     0
    GDAS    10     3    29     0     0
     1 BACKWARD OMEGA   
    10     3    16     6   39.977  116.381  7200.0
     1 PRESSURE
     1     1    10     3    16     6     0     0     0.0   39.977  116.381   6952.5    390.3
     1     1    10     3    16     5     0     1    -1.0   40.570  114.361   6805.6    340.9
     1     1    10     3    16     4     0     2    -2.0   41.144  112.334   6715.3    332.6
     1     1    10     3    16     3     0     3    -3.0   41.681  110.380   6738.9    339.5
     1     1    10     3    16     2     0     2    -4.0   42.160  108.469   6701.3    344.9
     1     1    10     3    16     1     0     1    -5.0   42.596  106.719   6665.2    358.8
     1     1    10     3    16     0     0     0    -6.0   43.001  104.947   6462.0    345.6
     1     1    10     3    15    23     0     1    -7.0   43.308  103.100   6432.0    357.0
     1     1    10     3    15    22     0     2    -8.0   43.569  101.375   6365.6    366.6
     1     1    10     3    15    21     0     3    -9.0   43.742   99.654   6273.8    372.7
     1     1    10     3    15    20     0     2   -10.0   43.821   98.001   6179.4    381.1
     1     1    10     3    15    19     0     1   -11.0   43.909   96.425   6218.6    386.9
     1     1    10     3    15    18     0     0   -12.0   44.026   94.850   6309.7    417.1
     1     1    10     3    15    17     0     1   -13.0   44.135   93.293   6051.9    372.2
     1     1    10     3    15    16     0     2   -14.0   44.272   91.698   5965.6    382.3
     1     1    10     3    15    15     0     3   -15.0   44.415   90.043   6202.6    396.6
     1     1    10     3    15    14     0     2   -16.0   44.514   88.360   6150.4    399.0
     1     1    10     3    15    13     0     1   -17.0   44.655   86.834   6129.0    432.9
     1     1    10     3    15    12     0     0   -18.0   44.757   85.266   6105.0    422.0
     1     1    10     3    15    11     0     1   -19.0   44.831   83.722   6096.7    423.4
     1     1    10     3    15    10     0     2   -20.0   44.899   82.134   6254.4    402.4
     1     1    10     3    15     9     0     3   -21.0   45.013   80.284   6166.2    305.8
     1     1    10     3    15     8     0     2   -22.0   45.200   78.503   6760.3    371.9
     1     1    10     3    15     7     0     1   -23.0   45.424   76.897   7010.3    388.7
     1     1    10     3    15     6     0     0   -24.0   45.683   75.354   7083.6    383.5
     1     1    10     3    15     5     0     1   -25.0   45.959   73.838   7238.0    374.7
     1     1    10     3    15     4     0     2   -26.0   46.255   72.381   7314.3    361.8
     1     1    10     3    15     3     0     3   -27.0   46.614   71.008   7383.2    359.7
     1     1    10     3    15     2     0     2   -28.0   47.117   69.756   7514.0    356.2
     1     1    10     3    15     1     0     1   -29.0   47.489   68.555   7690.2    346.6
     1     1    10     3    15     0     0     0   -30.0   47.758   67.356   7811.4    336.1
     1     1    10     3    14    23     0     1   -31.0   48.138   66.135   7959.4    329.1
     1     1    10     3    14    22     0     2   -32.0   48.418   64.943   8155.9    330.3
     1     1    10     3    14    21     0     3   -33.0   48.528   63.876   8250.0    327.8
     1     1    10     3    14    20     0     2   -34.0   48.614   62.825   8320.1    325.7
     1     1    10     3    14    19     0     1   -35.0   48.741   61.656   8433.5    317.1
     1     1    10     3    14    18     0     0   -36.0   48.828   60.537   8491.4    311.0
     1     1    10     3    14    17     0     1   -37.0   48.853   59.510   8478.2    308.6
     1     1    10     3    14    16     0     2   -38.0   48.810   58.448   8440.6    307.6
     1     1    10     3    14    15     0     3   -39.0   48.734   57.401   8442.6    310.6
     1     1    10     3    14    14     0     2   -40.0   48.651   56.333   8461.5    312.4
     1     1    10     3    14    13     0     1   -41.0   48.534   55.219   8480.3    313.8
     1     1    10     3    14    12     0     0   -42.0   48.408   54.111   8520.0    315.6
     1     1    10     3    14    11     0     1   -43.0   48.287   52.990   8564.3    315.2
     1     1    10     3    14    10     0     2   -44.0   48.102   51.879   8594.0    313.8
     1     1    10     3    14     9     0     3   -45.0   47.859   50.843   8601.6    313.3
     1     1    10     3    14     8     0     2   -46.0   47.642   49.769   8606.0    313.2
     1     1    10     3    14     7     0     1   -47.0   47.424   48.683   8592.8    313.8
     1     1    10     3    14     6     0     0   -48.0   47.183   47.643   8581.2    314.4
     1     1    10     3    14     5     0     1   -49.0   46.955   46.584   8614.6    313.1
     1     1    10     3    14     4     0     2   -50.0   46.713   45.479   8668.0    309.7
     1     1    10     3    14     3     0     3   -51.0   46.422   44.341   8659.4    307.3
     1     1    10     3    14     2     0     2   -52.0   46.109   43.185   8655.0    308.8
     1     1    10     3    14     1     0     1   -53.0   45.809   42.055   8626.7    306.8
     1     1    10     3    14     0     0     0   -54.0   45.506   40.929   8586.3    307.3
     1     1    10     3    13    23     0     1   -55.0   45.189   39.865   8559.1    314.2
     1     1    10     3    13    22     0     2   -56.0   44.895   38.872   8504.0    316.0
     1     1    10     3    13    21     0     3   -57.0   44.637   37.832   8495.8    317.7
     1     1    10     3    13    20     0     2   -58.0   44.410   36.773   8498.5    320.6
     1     1    10     3    13    19     0     1   -59.0   44.196   35.727   8539.0    317.1
     1     1    10     3    13    18     0     0   -60.0   44.005   34.690   8618.4    315.6
     1     1    10     3    13    17     0     1   -61.0   43.816   33.654   8606.9    314.9
     1     1    10     3    13    16     0     2   -62.0   43.617   32.636   8581.9    316.7
     1     1    10     3    13    15     0     3   -63.0   43.435   31.681   8577.8    317.3
     1     1    10     3    13    14     0     2   -64.0   43.261   30.750   8617.3    315.9
     1     1    10     3    13    13     0     1   -65.0   43.084   29.828   8650.2    314.2
     1     1    10     3    13    12     0     0   -66.0   42.905   28.976   8634.2    315.2
     1     1    10     3    13    11     0     1   -67.0   42.752   28.162   8575.6    316.2
     1     1    10     3    13    10     0     2   -68.0   42.627   27.355   8502.2    312.1
     1     1    10     3    13     9     0     3   -69.0   42.487   26.549   8475.8    309.6
     1     1    10     3    13     8     0     2   -70.0   42.344   25.755   8449.3    310.0
     1     1    10     3    13     7     0     1   -71.0   42.243   24.994   8343.6    306.4
     1     1    10     3    13     6     0     0   -72.0   42.170   24.242   8167.9    293.7
     1     1    10     3    13     5     0     1   -73.0   42.098   23.432   8137.3    287.0
     1     1    10     3    13     4     0     2   -74.0   42.033   22.604   8228.7    291.9
     1     1    10     3    13     3     0     3   -75.0   41.978   21.862   8257.1    302.7
     1     1    10     3    13     2     0     2   -76.0   41.944   21.117   8074.5    296.4
     1     1    10     3    13     1     0     1   -77.0   41.926   20.340   8087.3    301.9
     1     1    10     3    13     0     0     0   -78.0   41.918   19.596   8215.1    316.8
     1     1    10     3    12    23     0     1   -79.0   41.922   18.878   8365.9    332.8
     1     1    10     3    12    22     0     2   -80.0   41.939   18.190   8325.4    330.2
     1     1    10     3    12    21     0     3   -81.0   41.971   17.555   8312.9    331.3
     1     1    10     3    12    20     0     2   -82.0   42.028   16.951   8332.5    332.8
     1     1    10     3    12    19     0     1   -83.0   42.117   16.357   8345.7    328.3
     1     1    10     3    12    18     0     0   -84.0   42.224   15.772   8358.8    324.9
     1     1    10     3    12    17     0     1   -85.0   42.328   15.231   8367.4    324.0
     1     1    10     3    12    16     0     2   -86.0   42.423   14.738   8323.9    319.8
     1     1    10     3    12    15     0     3   -87.0   42.513   14.278   8262.8    312.1
     1     1    10     3    12    14     0     2   -88.0   42.610   13.858   8247.6    308.0
     1     1    10     3    12    13     0     1   -89.0   42.733   13.503   8264.5    306.7
     1     1    10     3    12    12     0     0   -90.0   42.881   13.221   8280.5    303.8
     1     1    10     3    12    11     0     1   -91.0   43.039   12.987   8294.2    299.0
     1     1    10     3    12    10     0     2   -92.0   43.195   12.773   8344.3    301.8
     1     1    10     3    12     9     0     3   -93.0   43.359   12.597   8341.2    305.5
     1     1    10     3    12     8     0     2   -94.0   43.529   12.458   8320.5    309.9
     1     1    10     3    12     7     0     1   -95.0   43.702   12.339   8316.2    310.8
     1     1    10     3    12     6     0     0   -96.0   43.880   12.231   8332.6    309.5
