     7     1
    GDAS    10     3    22     0     0
    GDAS    10     4     8     0     0
    GDAS    10     4    15     0     0
    GDAS    10     4    22     0     0
    GDAS    10     4    29     0     0
    GDAS    10     4     1     0     0
    GDAS    10     3    29     0     0
     1 BACKWARD OMEGA   
    10     4     2    12   39.977  116.381  4800.0
     1 PRESSURE
     1     1    10     4     2    12     0     0     0.0   39.977  116.381   4557.7    549.0
     1     1    10     4     2    11     0     1    -1.0   40.728  115.386   4590.4    480.5
     1     1    10     4     2    10     0     2    -2.0   41.548  114.327   4869.3    445.1
     1     1    10     4     2     9     0     3    -3.0   42.420  113.242   5169.3    433.5
     1     1    10     4     2     8     0     2    -4.0   43.275  112.148   5380.0    434.4
     1     1    10     4     2     7     0     1    -5.0   44.102  111.060   5437.7    430.9
     1     1    10     4     2     6     0     0    -6.0   44.937  110.001   5540.3    429.4
     1     1    10     4     2     5     0     1    -7.0   45.785  108.924   5590.7    409.6
     1     1    10     4     2     4     0     2    -8.0   46.640  107.825   5609.4    399.1
     1     1    10     4     2     3     0     3    -9.0   47.526  106.723   5623.0    391.9
     1     1    10     4     2     2     0     2   -10.0   48.416  105.616   5866.4    396.6
     1     1    10     4     2     1     0     1   -11.0   49.260  104.471   5971.9    388.7
     1     1    10     4     2     0     0     0   -12.0   50.095  103.250   5935.4    374.0
     1     1    10     4     1    23     0     1   -13.0   50.897  101.955   5867.5    360.8
     1     1    10     4     1    22     0     2   -14.0   51.683  100.578   5844.0    347.9
     1     1    10     4     1    21     0     3   -15.0   52.505   99.022   5892.2    341.2
     1     1    10     4     1    20     0     2   -16.0   53.177   97.307   5901.5    372.7
     1     1    10     4     1    19     0     1   -17.0   53.678   95.549   5836.9    388.3
     1     1    10     4     1    18     0     0   -18.0   54.070   93.765   5893.3    429.7
     1     1    10     4     1    17     0     1   -19.0   54.307   92.028   5787.6    447.1
     1     1    10     4     1    16     0     2   -20.0   54.438   90.308   5546.5    447.8
     1     1    10     4     1    15     0     3   -21.0   54.562   88.612   5353.9    454.2
     1     1    10     4     1    14     0     2   -22.0   54.662   86.920   5334.4    487.3
     1     1    10     4     1    13     0     1   -23.0   54.708   85.294   5095.8    507.9
     1     1    10     4     1    12     0     0   -24.0   54.724   83.684   4984.4    518.8
     1     1    10     4     1    11     0     1   -25.0   54.739   82.101   4930.6    526.0
     1     1    10     4     1    10     0     2   -26.0   54.731   80.575   4819.3    534.9
     1     1    10     4     1     9     0     3   -27.0   54.686   79.092   4692.2    547.3
     1     1    10     4     1     8     0     2   -28.0   54.638   77.676   4534.3    561.2
     1     1    10     4     1     7     0     1   -29.0   54.590   76.342   4390.7    572.6
     1     1    10     4     1     6     0     0   -30.0   54.513   75.055   4232.9    585.9
     1     1    10     4     1     5     0     1   -31.0   54.424   73.815   4047.9    600.4
     1     1    10     4     1     4     0     2   -32.0   54.338   72.636   3872.1    616.4
     1     1    10     4     1     3     0     3   -33.0   54.227   71.494   3698.3    631.1
     1     1    10     4     1     2     0     2   -34.0   54.107   70.400   3558.8    641.7
     1     1    10     4     1     1     0     1   -35.0   54.000   69.368   3495.2    646.7
     1     1    10     4     1     0     0     0   -36.0   53.887   68.382   3489.9    645.6
     1     1    10     3    31    23     0     1   -37.0   53.796   67.455   3500.0    644.4
     1     1    10     3    31    22     0     2   -38.0   53.762   66.638   3488.0    646.3
     1     1    10     3    31    21     0     3   -39.0   53.759   65.954   3459.6    649.1
     1     1    10     3    31    20     0     2   -40.0   53.764   65.359   3441.4    653.4
     1     1    10     3    31    19     0     1   -41.0   53.772   64.793   3435.3    654.9
     1     1    10     3    31    18     0     0   -42.0   53.777   64.245   3434.7    655.2
     1     1    10     3    31    17     0     1   -43.0   53.779   63.709   3434.8    654.6
     1     1    10     3    31    16     0     2   -44.0   53.779   63.176   3428.8    654.0
     1     1    10     3    31    15     0     3   -45.0   53.774   62.648   3415.7    655.0
     1     1    10     3    31    14     0     2   -46.0   53.756   62.131   3406.3    656.5
     1     1    10     3    31    13     0     1   -47.0   53.721   61.635   3411.4    653.8
     1     1    10     3    31    12     0     0   -48.0   53.665   61.161   3439.9    648.1
     1     1    10     3    31    11     0     1   -49.0   53.588   60.713   3473.7    640.6
     1     1    10     3    31    10     0     2   -50.0   53.492   60.293   3493.0    636.4
     1     1    10     3    31     9     0     3   -51.0   53.377   59.903   3500.7    633.0
     1     1    10     3    31     8     0     2   -52.0   53.249   59.550   3499.9    630.6
     1     1    10     3    31     7     0     1   -53.0   53.116   59.234   3493.4    630.4
     1     1    10     3    31     6     0     0   -54.0   52.977   58.952   3482.2    631.3
     1     1    10     3    31     5     0     1   -55.0   52.843   58.708   3467.5    630.4
     1     1    10     3    31     4     0     2   -56.0   52.727   58.496   3462.5    629.2
     1     1    10     3    31     3     0     3   -57.0   52.629   58.307   3470.9    627.2
     1     1    10     3    31     2     0     2   -58.0   52.530   58.129   3488.2    624.0
     1     1    10     3    31     1     0     1   -59.0   52.410   57.958   3509.3    622.3
     1     1    10     3    31     0     0     0   -60.0   52.269   57.798   3532.5    622.9
     1     1    10     3    30    23     0     1   -61.0   52.110   57.678   3549.5    624.3
     1     1    10     3    30    22     0     2   -62.0   51.934   57.623   3561.0    625.8
     1     1    10     3    30    21     0     3   -63.0   51.745   57.632   3569.2    626.8
     1     1    10     3    30    20     0     2   -64.0   51.552   57.694   3582.5    627.5
     1     1    10     3    30    19     0     1   -65.0   51.367   57.799   3606.7    626.4
     1     1    10     3    30    18     0     0   -66.0   51.190   57.942   3640.5    624.3
     1     1    10     3    30    17     0     1   -67.0   51.024   58.100   3686.4    622.6
     1     1    10     3    30    16     0     2   -68.0   50.872   58.244   3738.6    619.5
     1     1    10     3    30    15     0     3   -69.0   50.735   58.366   3793.4    615.7
     1     1    10     3    30    14     0     2   -70.0   50.601   58.478   3841.6    611.6
     1     1    10     3    30    13     0     1   -71.0   50.456   58.597   3874.0    609.1
     1     1    10     3    30    12     0     0   -72.0   50.298   58.723   3890.4    607.8
     1     1    10     3    30    11     0     1   -73.0   50.139   58.865   3904.3    607.7
     1     1    10     3    30    10     0     2   -74.0   49.985   59.034   3931.7    605.6
     1     1    10     3    30     9     0     3   -75.0   49.838   59.223   3975.1    603.0
     1     1    10     3    30     8     0     2   -76.0   49.705   59.426   4020.9    599.8
     1     1    10     3    30     7     0     1   -77.0   49.590   59.647   4057.8    598.7
     1     1    10     3    30     6     0     0   -78.0   49.491   59.888   4084.3    598.8
     1     1    10     3    30     5     0     1   -79.0   49.407   60.137   4098.5    599.3
     1     1    10     3    30     4     0     2   -80.0   49.342   60.379   4104.2    599.3
     1     1    10     3    30     3     0     3   -81.0   49.293   60.614   4106.6    599.5
     1     1    10     3    30     2     0     2   -82.0   49.249   60.836   4109.3    599.5
     1     1    10     3    30     1     0     1   -83.0   49.198   61.043   4115.8    599.4
     1     1    10     3    30     0     0     0   -84.0   49.144   61.232   4129.1    599.6
     1     1    10     3    29    23     0     1   -85.0   49.089   61.410   4145.3    599.4
     1     1    10     3    29    22     0     2   -86.0   49.029   61.583   4159.9    599.4
     1     1    10     3    29    21     0     3   -87.0   48.966   61.753   4168.6    599.8
     1     1    10     3    29    20     0     2   -88.0   48.901   61.924   4171.9    600.8
     1     1    10     3    29    19     0     1   -89.0   48.838   62.097   4174.7    601.3
     1     1    10     3    29    18     0     0   -90.0   48.778   62.274   4180.5    601.2
     1     1    10     3    29    17     0     1   -91.0   48.726   62.448   4179.8    600.6
     1     1    10     3    29    16     0     2   -92.0   48.684   62.615   4161.0    602.3
     1     1    10     3    29    15     0     3   -93.0   48.650   62.776   4122.7    605.4
     1     1    10     3    29    14     0     2   -94.0   48.626   62.933   4085.3    610.2
     1     1    10     3    29    13     0     1   -95.0   48.612   63.084   4069.6    611.3
     1     1    10     3    29    12     0     0   -96.0   48.610   63.230   4077.5    610.3
