     7     1
    GDAS    10     3    22     0     0
    GDAS    10     4     8     0     0
    GDAS    10     4    15     0     0
    GDAS    10     4    22     0     0
    GDAS    10     4    29     0     0
    GDAS    10     4     1     0     0
    GDAS    10     3    29     0     0
     1 BACKWARD OMEGA   
    10     4    26     6   39.977  116.381  3000.0
     1 PRESSURE
     1     1    10     4    26     6     0     0     0.0   39.977  116.381   2764.9    691.6
     1     1    10     4    26     5     0     1    -1.0   39.845  116.104   2475.2    715.8
     1     1    10     4    26     4     0     2    -2.0   39.760  115.823   2204.5    730.2
     1     1    10     4    26     3     0     3    -3.0   39.707  115.555   1918.9    740.5
     1     1    10     4    26     2     0     2    -4.0   39.679  115.262   1660.6    754.5
     1     1    10     4    26     1     0     1    -5.0   39.713  114.845   1486.6    751.3
     1     1    10     4    26     0     0     0    -6.0   39.796  114.267   1499.0    739.8
     1     1    10     4    25    23     0     1    -7.0   39.856  113.625   1650.7    706.3
     1     1    10     4    25    22     0     2    -8.0   39.884  113.005   1719.5    687.9
     1     1    10     4    25    21     0     3    -9.0   39.910  112.399   1684.8    688.2
     1     1    10     4    25    20     0     2   -10.0   39.941  111.817   1602.1    696.5
     1     1    10     4    25    19     0     1   -11.0   39.954  111.272   1478.4    727.8
     1     1    10     4    25    18     0     0   -12.0   39.944  110.758   1361.2    750.5
     1     1    10     4    25    17     0     1   -13.0   39.962  110.243   1320.2    745.1
     1     1    10     4    25    16     0     2   -14.0   40.027  109.707   1297.6    734.1
     1     1    10     4    25    15     0     3   -15.0   40.063  109.157   1154.4    741.5
     1     1    10     4    25    14     0     2   -16.0   40.077  108.629    987.5    774.6
     1     1    10     4    25    13     0     1   -17.0   40.136  108.109    934.5    783.7
     1     1    10     4    25    12     0     0   -18.0   40.217  107.610    953.6    780.6
     1     1    10     4    25    11     0     1   -19.0   40.307  107.123    968.3    774.5
     1     1    10     4    25    10     0     2   -20.0   40.419  106.633    977.2    776.9
     1     1    10     4    25     9     0     3   -21.0   40.557  106.154   1018.7    772.2
     1     1    10     4    25     8     0     2   -22.0   40.712  105.679   1084.7    763.0
     1     1    10     4    25     7     0     1   -23.0   40.876  105.209   1169.5    763.9
     1     1    10     4    25     6     0     0   -24.0   41.036  104.763   1267.7    759.5
     1     1    10     4    25     5     0     1   -25.0   41.205  104.352   1307.8    747.0
     1     1    10     4    25     4     0     2   -26.0   41.401  104.003   1270.2    752.2
     1     1    10     4    25     3     0     3   -27.0   41.630  103.740   1220.0    760.5
     1     1    10     4    25     2     0     2   -28.0   41.883  103.579   1204.5    766.0
     1     1    10     4    25     1     0     1   -29.0   42.159  103.523   1259.1    758.6
     1     1    10     4    25     0     0     0   -30.0   42.482  103.592   1375.8    736.5
     1     1    10     4    24    23     0     1   -31.0   42.849  103.747   1512.2    708.8
     1     1    10     4    24    22     0     2   -32.0   43.222  103.907   1635.8    689.5
     1     1    10     4    24    21     0     3   -33.0   43.601  104.086   1721.4    681.2
     1     1    10     4    24    20     0     2   -34.0   44.016  104.311   1752.0    681.7
     1     1    10     4    24    19     0     1   -35.0   44.446  104.524   1744.3    691.6
     1     1    10     4    24    18     0     0   -36.0   44.858  104.724   1753.3    701.2
     1     1    10     4    24    17     0     1   -37.0   45.276  104.925   1777.3    693.4
     1     1    10     4    24    16     0     2   -38.0   45.733  105.111   1809.7    681.7
     1     1    10     4    24    15     0     3   -39.0   46.251  105.261   1879.4    671.4
     1     1    10     4    24    14     0     2   -40.0   46.782  105.319   1992.8    665.1
     1     1    10     4    24    13     0     1   -41.0   47.295  105.288   2147.4    657.5
     1     1    10     4    24    12     0     0   -42.0   47.764  105.214   2336.8    648.5
     1     1    10     4    24    11     0     1   -43.0   48.183  105.082   2537.2    638.2
     1     1    10     4    24    10     0     2   -44.0   48.558  104.888   2691.7    625.2
     1     1    10     4    24     9     0     3   -45.0   48.885  104.683   2740.4    620.3
     1     1    10     4    24     8     0     2   -46.0   49.177  104.482   2721.3    621.7
     1     1    10     4    24     7     0     1   -47.0   49.439  104.262   2688.0    618.5
     1     1    10     4    24     6     0     0   -48.0   49.676  104.031   2639.0    614.1
     1     1    10     4    24     5     0     1   -49.0   49.908  103.804   2566.4    615.5
     1     1    10     4    24     4     0     2   -50.0   50.162  103.607   2485.7    619.2
     1     1    10     4    24     3     0     3   -51.0   50.450  103.448   2452.5    613.9
     1     1    10     4    24     2     0     2   -52.0   50.773  103.299   2479.6    599.7
     1     1    10     4    24     1     0     1   -53.0   51.128  103.120   2561.9    590.3
     1     1    10     4    24     0     0     0   -54.0   51.502  102.897   2673.9    598.9
     1     1    10     4    23    23     0     1   -55.0   51.862  102.644   2758.2    602.1
     1     1    10     4    23    22     0     2   -56.0   52.198  102.388   2832.6    602.7
     1     1    10     4    23    21     0     3   -57.0   52.517  102.149   2910.4    612.3
     1     1    10     4    23    20     0     2   -58.0   52.819  101.903   2990.1    626.1
     1     1    10     4    23    19     0     1   -59.0   53.106  101.626   3048.7    623.1
     1     1    10     4    23    18     0     0   -60.0   53.383  101.344   3084.8    617.1
     1     1    10     4    23    17     0     1   -61.0   53.662  101.058   3092.8    621.4
     1     1    10     4    23    16     0     2   -62.0   53.948  100.754   3060.5    640.1
     1     1    10     4    23    15     0     3   -63.0   54.245  100.435   2984.7    649.1
     1     1    10     4    23    14     0     2   -64.0   54.552  100.113   2914.8    657.6
     1     1    10     4    23    13     0     1   -65.0   54.866   99.802   2864.9    662.6
     1     1    10     4    23    12     0     0   -66.0   55.191   99.497   2816.6    669.0
     1     1    10     4    23    11     0     1   -67.0   55.513   99.165   2766.4    679.2
     1     1    10     4    23    10     0     2   -68.0   55.824   98.805   2710.2    690.9
     1     1    10     4    23     9     0     3   -69.0   56.128   98.442   2638.2    701.7
     1     1    10     4    23     8     0     2   -70.0   56.429   98.097   2577.3    710.4
     1     1    10     4    23     7     0     1   -71.0   56.736   97.777   2555.5    714.1
     1     1    10     4    23     6     0     0   -72.0   57.059   97.471   2552.1    713.9
     1     1    10     4    23     5     0     1   -73.0   57.417   97.157   2538.6    711.5
     1     1    10     4    23     4     0     2   -74.0   57.820   96.805   2528.7    710.9
     1     1    10     4    23     3     0     3   -75.0   58.265   96.392   2533.6    706.6
     1     1    10     4    23     2     0     2   -76.0   58.733   95.922   2531.0    704.2
     1     1    10     4    23     1     0     1   -77.0   59.213   95.398   2513.7    702.7
     1     1    10     4    23     0     0     0   -78.0   59.716   94.827   2525.0    697.2
     1     1    10     4    22    23     0     1   -79.0   60.240   94.213   2610.2    686.1
     1     1    10     4    22    22     0     2   -80.0   60.771   93.539   2729.8    685.2
     1     1    10     4    22    21     0     3   -81.0   61.311   92.809   2804.2    683.2
     1     1    10     4    22    20     0     2   -82.0   61.865   92.057   2855.5    682.4
     1     1    10     4    22    19     0     1   -83.0   62.434   91.284   2912.8    675.0
     1     1    10     4    22    18     0     0   -84.0   63.025   90.458   3031.2    660.8
     1     1    10     4    22    17     0     1   -85.0   63.628   89.607   3108.7    655.7
     1     1    10     4    22    16     0     2   -86.0   64.229   88.729   3164.2    656.5
     1     1    10     4    22    15     0     3   -87.0   64.822   87.847   3295.9    658.3
     1     1    10     4    22    14     0     2   -88.0   65.398   86.939   3420.8    650.8
     1     1    10     4    22    13     0     1   -89.0   65.957   85.966   3498.8    641.6
     1     1    10     4    22    12     0     0   -90.0   66.507   84.930   3566.4    634.2
     1     1    10     4    22    11     0     1   -91.0   67.031   83.885   3624.5    629.9
     1     1    10     4    22    10     0     2   -92.0   67.509   82.829   3679.5    624.7
     1     1    10     4    22     9     0     3   -93.0   67.957   81.742   3737.0    617.2
     1     1    10     4    22     8     0     2   -94.0   68.388   80.631   3793.9    613.5
     1     1    10     4    22     7     0     1   -95.0   68.802   79.506   3837.2    609.9
     1     1    10     4    22     6     0     0   -96.0   69.207   78.334   3900.6    604.3
