     7     1
    GDAS    10     3    22     0     0
    GDAS    10     4     8     0     0
    GDAS    10     4    15     0     0
    GDAS    10     4    22     0     0
    GDAS    10     4    29     0     0
    GDAS    10     4     1     0     0
    GDAS    10     3    29     0     0
     1 BACKWARD OMEGA   
    10     4    29    18   39.977  116.381  7800.0
     1 PRESSURE
     1     1    10     4    29    18     0     0     0.0   39.977  116.381   7560.1    363.1
     1     1    10     4    29    17     0     1    -1.0   40.792  115.897   7441.5    327.4
     1     1    10     4    29    16     0     2    -2.0   41.614  115.537   7359.0    317.6
     1     1    10     4    29    15     0     3    -3.0   42.451  115.379   7407.3    316.2
     1     1    10     4    29    14     0     2    -4.0   43.354  115.376   7523.0    316.0
     1     1    10     4    29    13     0     1    -5.0   44.283  115.439   7644.8    312.6
     1     1    10     4    29    12     0     0    -6.0   45.244  115.589   7788.4    308.9
     1     1    10     4    29    11     0     1    -7.0   46.186  115.839   7902.7    310.0
     1     1    10     4    29    10     0     2    -8.0   47.038  116.105   8050.5    313.1
     1     1    10     4    29     9     0     3    -9.0   47.847  116.405   8181.9    309.7
     1     1    10     4    29     8     0     2   -10.0   48.646  116.767   8265.5    304.9
     1     1    10     4    29     7     0     1   -11.0   49.417  117.173   8286.3    301.3
     1     1    10     4    29     6     0     0   -12.0   50.142  117.643   8205.0    301.7
     1     1    10     4    29     5     0     1   -13.0   50.834  118.158   8117.0    303.4
     1     1    10     4    29     4     0     2   -14.0   51.490  118.695   8116.6    305.2
     1     1    10     4    29     3     0     3   -15.0   52.139  119.249   8110.8    305.4
     1     1    10     4    29     2     0     2   -16.0   52.781  119.821   8148.9    308.6
     1     1    10     4    29     1     0     1   -17.0   53.383  120.380   8172.4    305.8
     1     1    10     4    29     0     0     0   -18.0   54.007  120.974   8257.0    302.7
     1     1    10     4    28    23     0     1   -19.0   54.643  121.583   8355.0    296.3
     1     1    10     4    28    22     0     2   -20.0   55.236  122.132   8431.1    289.6
     1     1    10     4    28    21     0     3   -21.0   55.848  122.693   8492.8    285.7
     1     1    10     4    28    20     0     2   -22.0   56.462  123.164   8473.8    280.2
     1     1    10     4    28    19     0     1   -23.0   57.088  123.512   8473.0    280.6
     1     1    10     4    28    18     0     0   -24.0   57.796  123.792   8568.8    285.7
     1     1    10     4    28    17     0     1   -25.0   58.626  123.970   8640.0    285.0
     1     1    10     4    28    16     0     2   -26.0   59.602  123.988   8649.1    287.5
     1     1    10     4    28    15     0     3   -27.0   60.759  123.738   8672.9    291.4
     1     1    10     4    28    14     0     2   -28.0   61.999  123.054   8678.5    293.9
     1     1    10     4    28    13     0     1   -29.0   63.265  121.988   8659.4    298.2
     1     1    10     4    28    12     0     0   -30.0   64.601  120.335   8636.6    300.0
     1     1    10     4    28    11     0     1   -31.0   65.864  117.990   8537.9    299.6
     1     1    10     4    28    10     0     2   -32.0   66.896  115.154   8484.2    296.4
     1     1    10     4    28     9     0     3   -33.0   67.652  111.967   8511.2    298.6
     1     1    10     4    28     8     0     2   -34.0   68.132  108.428   8421.0    303.4
     1     1    10     4    28     7     0     1   -35.0   68.292  104.673   8270.8    310.0
     1     1    10     4    28     6     0     0   -36.0   68.217  100.928   7989.5    321.6
     1     1    10     4    28     5     0     1   -37.0   68.070   97.068   7539.4    322.2
     1     1    10     4    28     4     0     2   -38.0   67.810   93.074   7292.5    341.1
     1     1    10     4    28     3     0     3   -39.0   67.504   89.088   7213.0    368.0
     1     1    10     4    28     2     0     2   -40.0   67.241   85.091   7260.0    375.4
     1     1    10     4    28     1     0     1   -41.0   67.021   81.205   7469.7    369.6
     1     1    10     4    28     0     0     0   -42.0   66.798   77.673   7670.9    358.8
     1     1    10     4    27    23     0     1   -43.0   66.574   74.725   7763.2    353.3
     1     1    10     4    27    22     0     2   -44.0   66.354   72.186   7852.3    351.5
     1     1    10     4    27    21     0     3   -45.0   66.133   69.889   7893.2    348.0
     1     1    10     4    27    20     0     2   -46.0   65.890   67.752   7987.7    343.6
     1     1    10     4    27    19     0     1   -47.0   65.646   65.915   8115.3    339.3
     1     1    10     4    27    18     0     0   -48.0   65.389   64.274   8204.6    331.8
     1     1    10     4    27    17     0     1   -49.0   65.109   62.715   8326.1    323.2
     1     1    10     4    27    16     0     2   -50.0   64.797   61.161   8398.1    303.3
     1     1    10     4    27    15     0     3   -51.0   64.456   59.741   8557.5    293.8
     1     1    10     4    27    14     0     2   -52.0   64.093   58.487   8763.6    295.9
     1     1    10     4    27    13     0     1   -53.0   63.700   57.391   8889.6    295.7
     1     1    10     4    27    12     0     0   -54.0   63.266   56.544   8916.3    294.6
     1     1    10     4    27    11     0     1   -55.0   62.765   55.924   8874.3    295.9
     1     1    10     4    27    10     0     2   -56.0   62.226   55.530   8785.3    298.6
     1     1    10     4    27     9     0     3   -57.0   61.627   55.308   8681.4    304.3
     1     1    10     4    27     8     0     2   -58.0   60.917   55.227   8609.7    307.5
     1     1    10     4    27     7     0     1   -59.0   60.082   55.364   8594.6    307.0
     1     1    10     4    27     6     0     0   -60.0   59.153   55.674   8558.7    307.0
     1     1    10     4    27     5     0     1   -61.0   58.129   56.022   8429.8    311.8
     1     1    10     4    27     4     0     2   -62.0   57.012   56.338   8261.5    319.2
     1     1    10     4    27     3     0     3   -63.0   55.809   56.516   8173.1    323.9
     1     1    10     4    27     2     0     2   -64.0   54.572   56.515   8130.8    325.6
     1     1    10     4    27     1     0     1   -65.0   53.380   56.315   8103.9    323.9
     1     1    10     4    27     0     0     0   -66.0   52.231   55.863   8163.1    328.8
     1     1    10     4    26    23     0     1   -67.0   51.183   55.127   8246.5    324.9
     1     1    10     4    26    22     0     2   -68.0   50.306   54.091   8371.8    322.6
     1     1    10     4    26    21     0     3   -69.0   49.577   52.768   8498.7    320.9
     1     1    10     4    26    20     0     2   -70.0   48.978   51.268   8579.5    319.9
     1     1    10     4    26    19     0     1   -71.0   48.501   49.632   8657.9    316.2
     1     1    10     4    26    18     0     0   -72.0   48.155   47.902   8746.9    312.1
     1     1    10     4    26    17     0     1   -73.0   47.899   46.091   8780.9    311.1
     1     1    10     4    26    16     0     2   -74.0   47.746   44.277   8756.7    308.4
     1     1    10     4    26    15     0     3   -75.0   47.781   42.459   8758.9    309.4
     1     1    10     4    26    14     0     2   -76.0   47.992   40.637   8735.7    308.7
     1     1    10     4    26    13     0     1   -77.0   48.407   38.889   8715.5    307.4
     1     1    10     4    26    12     0     0   -78.0   49.023   37.158   8776.9    307.0
     1     1    10     4    26    11     0     1   -79.0   49.783   35.502   8810.5    303.9
     1     1    10     4    26    10     0     2   -80.0   50.664   33.966   8874.2    300.2
     1     1    10     4    26     9     0     3   -81.0   51.610   32.474   8947.7    298.2
     1     1    10     4    26     8     0     2   -82.0   52.582   31.049   9038.5    295.0
     1     1    10     4    26     7     0     1   -83.0   53.580   29.762   9166.3    287.7
     1     1    10     4    26     6     0     0   -84.0   54.571   28.576   9305.8    280.7
     1     1    10     4    26     5     0     1   -85.0   55.555   27.466   9463.8    275.0
     1     1    10     4    26     4     0     2   -86.0   56.521   26.435   9600.1    269.8
     1     1    10     4    26     3     0     3   -87.0   57.445   25.449   9681.7    268.0
     1     1    10     4    26     2     0     2   -88.0   58.351   24.479   9788.5    266.4
     1     1    10     4    26     1     0     1   -89.0   59.245   23.459   9870.9    263.2
     1     1    10     4    26     0     0     0   -90.0   60.112   22.342   9926.6    260.8
     1     1    10     4    25    23     0     1   -91.0   60.961   21.154   9982.6    257.9
     1     1    10     4    25    22     0     2   -92.0   61.779   19.858  10059.2    255.2
     1     1    10     4    25    21     0     3   -93.0   62.515   18.372  10083.3    252.4
     1     1    10     4    25    20     0     2   -94.0   63.166   16.682  10009.1    245.2
     1     1    10     4    25    19     0     1   -95.0   63.744   14.850   9951.0    241.1
     1     1    10     4    25    18     0     0   -96.0   64.219   12.876   9953.0    236.7
