     5     1
    GDAS    10     3     1     0     0
    GDAS    10     3     8     0     0
    GDAS    10     3    15     0     0
    GDAS    10     3    22     0     0
    GDAS    10     3    29     0     0
     1 BACKWARD OMEGA   
    10     3    31    18   39.977  116.381  5800.0
     1 PRESSURE
     1     1    10     3    31    18     0     0     0.0   39.977  116.381   5558.2    478.8
     1     1    10     3    31    17     0     1    -1.0   39.740  114.778   5147.5    455.8
     1     1    10     3    31    16     0     2    -2.0   39.609  113.004   5162.4    438.2
     1     1    10     3    31    15     0     3    -3.0   39.511  111.125   5472.6    427.0
     1     1    10     3    31    14     0     2    -4.0   39.537  109.261   5623.2    409.7
     1     1    10     3    31    13     0     1    -5.0   39.625  107.366   5935.2    393.4
     1     1    10     3    31    12     0     0    -6.0   39.691  105.480   6294.7    372.4
     1     1    10     3    31    11     0     1    -7.0   39.793  103.623   6428.2    359.0
     1     1    10     3    31    10     0     2    -8.0   40.024  101.838   6684.4    354.6
     1     1    10     3    31     9     0     3    -9.0   40.300  100.119   6904.8    341.1
     1     1    10     3    31     8     0     2   -10.0   40.618   98.525   7029.1    328.8
     1     1    10     3    31     7     0     1   -11.0   40.979   97.031   7018.0    311.1
     1     1    10     3    31     6     0     0   -12.0   41.327   95.558   7101.8    312.2
     1     1    10     3    31     5     0     1   -13.0   41.761   94.219   7385.1    326.5
     1     1    10     3    31     4     0     2   -14.0   42.344   93.024   7599.1    330.0
     1     1    10     3    31     3     0     3   -15.0   42.959   91.894   7715.7    339.0
     1     1    10     3    31     2     0     2   -16.0   43.607   90.819   7585.0    323.5
     1     1    10     3    31     1     0     1   -17.0   44.271   89.779   7539.1    322.5
     1     1    10     3    31     0     0     0   -18.0   44.953   88.792   7583.9    333.0
     1     1    10     3    30    23     0     1   -19.0   45.666   87.903   7660.4    337.7
     1     1    10     3    30    22     0     2   -20.0   46.396   87.101   7765.3    332.1
     1     1    10     3    30    21     0     3   -21.0   47.165   86.377   7658.4    305.9
     1     1    10     3    30    20     0     2   -22.0   47.981   85.735   7986.1    328.2
     1     1    10     3    30    19     0     1   -23.0   48.851   85.113   7721.4    300.8
     1     1    10     3    30    18     0     0   -24.0   49.803   84.536   7781.6    298.0
     1     1    10     3    30    17     0     1   -25.0   50.856   83.978   7846.5    294.0
     1     1    10     3    30    16     0     2   -26.0   51.927   83.378   8248.3    321.5
     1     1    10     3    30    15     0     3   -27.0   52.953   82.643   8322.1    320.9
     1     1    10     3    30    14     0     2   -28.0   53.992   81.800   8266.2    325.7
     1     1    10     3    30    13     0     1   -29.0   55.022   80.948   8185.1    331.4
     1     1    10     3    30    12     0     0   -30.0   55.997   79.990   8101.8    337.2
     1     1    10     3    30    11     0     1   -31.0   56.931   78.892   8015.7    340.8
     1     1    10     3    30    10     0     2   -32.0   57.843   77.733   7981.2    343.5
     1     1    10     3    30     9     0     3   -33.0   58.709   76.483   7959.5    345.4
     1     1    10     3    30     8     0     2   -34.0   59.533   75.061   7934.8    346.8
     1     1    10     3    30     7     0     1   -35.0   60.307   73.517   7910.4    348.5
     1     1    10     3    30     6     0     0   -36.0   61.013   71.800   7886.5    350.7
     1     1    10     3    30     5     0     1   -37.0   61.654   69.888   7832.3    352.7
     1     1    10     3    30     4     0     2   -38.0   62.231   67.872   7824.4    352.8
     1     1    10     3    30     3     0     3   -39.0   62.708   65.650   7796.4    353.4
     1     1    10     3    30     2     0     2   -40.0   63.093   63.262   7795.8    355.1
     1     1    10     3    30     1     0     1   -41.0   63.393   60.843   7794.6    353.4
     1     1    10     3    30     0     0     0   -42.0   63.558   58.395   7731.5    346.4
     1     1    10     3    29    23     0     1   -43.0   63.643   55.843   7846.7    346.6
     1     1    10     3    29    22     0     2   -44.0   63.629   53.464   7809.6    347.6
     1     1    10     3    29    21     0     3   -45.0   63.524   51.283   7769.0    349.9
     1     1    10     3    29    20     0     2   -46.0   63.321   49.198   7757.3    350.1
     1     1    10     3    29    19     0     1   -47.0   63.008   47.211   7758.2    351.4
     1     1    10     3    29    18     0     0   -48.0   62.627   45.421   7770.6    351.3
     1     1    10     3    29    17     0     1   -49.0   62.146   43.715   7810.9    351.3
     1     1    10     3    29    16     0     2   -50.0   61.531   42.089   7731.1    353.6
     1     1    10     3    29    15     0     3   -51.0   60.880   40.604   7628.6    357.0
     1     1    10     3    29    14     0     2   -52.0   60.173   39.214   7578.6    360.9
     1     1    10     3    29    13     0     1   -53.0   59.389   37.974   7471.3    367.8
     1     1    10     3    29    12     0     0   -54.0   58.603   36.844   7277.0    378.6
     1     1    10     3    29    11     0     1   -55.0   57.805   35.814   7022.1    392.4
     1     1    10     3    29    10     0     2   -56.0   56.983   34.959   6767.7    405.0
     1     1    10     3    29     9     0     3   -57.0   56.164   34.263   6521.5    417.3
     1     1    10     3    29     8     0     2   -58.0   55.379   33.629   6351.3    429.6
     1     1    10     3    29     7     0     1   -59.0   54.640   33.032   6265.2    435.1
     1     1    10     3    29     6     0     0   -60.0   53.937   32.511   6210.2    439.4
     1     1    10     3    29     5     0     1   -61.0   53.278   32.026   6145.6    445.2
     1     1    10     3    29     4     0     2   -62.0   52.677   31.536   6047.8    452.8
     1     1    10     3    29     3     0     3   -63.0   52.132   31.112   5929.1    462.4
     1     1    10     3    29     2     0     2   -64.0   51.621   30.769   5831.3    471.8
     1     1    10     3    29     1     0     1   -65.0   51.119   30.480   5782.6    474.9
     1     1    10     3    29     0     0     0   -66.0   50.629   30.259   5765.3    474.3
     1     1    10     3    28    23     0     1   -67.0   50.165   30.156   5751.2    472.5
     1     1    10     3    28    22     0     2   -68.0   49.739   30.175   5727.1    473.2
     1     1    10     3    28    21     0     3   -69.0   49.354   30.270   5693.8    475.2
     1     1    10     3    28    20     0     2   -70.0   49.012   30.392   5658.0    477.4
     1     1    10     3    28    19     0     1   -71.0   48.698   30.506   5631.3    480.1
     1     1    10     3    28    18     0     0   -72.0   48.409   30.618   5605.5    482.9
     1     1    10     3    28    17     0     1   -73.0   48.139   30.700   5587.6    485.6
     1     1    10     3    28    16     0     2   -74.0   47.871   30.714   5580.0    487.2
     1     1    10     3    28    15     0     3   -75.0   47.592   30.656   5570.8    489.1
     1     1    10     3    28    14     0     2   -76.0   47.296   30.565   5553.6    492.0
     1     1    10     3    28    13     0     1   -77.0   46.989   30.473   5538.7    494.9
     1     1    10     3    28    12     0     0   -78.0   46.666   30.367   5536.5    496.6
     1     1    10     3    28    11     0     1   -79.0   46.326   30.253   5539.9    496.6
     1     1    10     3    28    10     0     2   -80.0   45.980   30.151   5531.2    498.5
     1     1    10     3    28     9     0     3   -81.0   45.641   30.063   5500.5    501.1
     1     1    10     3    28     8     0     2   -82.0   45.312   29.965   5464.0    505.2
     1     1    10     3    28     7     0     1   -83.0   44.992   29.833   5443.5    507.0
     1     1    10     3    28     6     0     0   -84.0   44.687   29.668   5445.2    506.8
     1     1    10     3    28     5     0     1   -85.0   44.398   29.482   5445.2    505.0
     1     1    10     3    28     4     0     2   -86.0   44.140   29.291   5403.3    508.0
     1     1    10     3    28     3     0     3   -87.0   43.926   29.093   5307.1    515.4
     1     1    10     3    28     2     0     2   -88.0   43.741   28.885   5200.1    526.1
     1     1    10     3    28     1     0     1   -89.0   43.568   28.668   5136.9    530.1
     1     1    10     3    28     0     0     0   -90.0   43.414   28.440   5120.4    531.0
     1     1    10     3    27    23     0     1   -91.0   43.283   28.190   5119.9    529.1
     1     1    10     3    27    22     0     2   -92.0   43.163   27.909   5104.9    529.5
     1     1    10     3    27    21     0     3   -93.0   43.054   27.595   5080.4    527.6
     1     1    10     3    27    20     0     2   -94.0   42.962   27.259   5072.8    522.8
     1     1    10     3    27    19     0     1   -95.0   42.887   26.906   5080.6    516.1
     1     1    10     3    27    18     0     0   -96.0   42.834   26.531   5094.9    513.0
