     7     1
    GDAS    10     3    22     0     0
    GDAS    10     4     8     0     0
    GDAS    10     4    15     0     0
    GDAS    10     4    22     0     0
    GDAS    10     4    29     0     0
    GDAS    10     4     1     0     0
    GDAS    10     3    29     0     0
     1 BACKWARD OMEGA   
    10     4    23    18   39.977  116.381  6400.0
     1 PRESSURE
     1     1    10     4    23    18     0     0     0.0   39.977  116.381   6159.0    446.8
     1     1    10     4    23    17     0     1    -1.0   40.515  115.483   6200.9    395.0
     1     1    10     4    23    16     0     2    -2.0   41.083  114.535   6180.2    378.9
     1     1    10     4    23    15     0     3    -3.0   41.612  113.638   6142.4    377.3
     1     1    10     4    23    14     0     2    -4.0   42.119  112.748   6214.3    378.3
     1     1    10     4    23    13     0     1    -5.0   42.637  111.818   6461.7    374.2
     1     1    10     4    23    12     0     0    -6.0   43.151  110.851   6654.3    369.2
     1     1    10     4    23    11     0     1    -7.0   43.621  109.865   6721.9    369.6
     1     1    10     4    23    10     0     2    -8.0   44.025  108.881   6795.1    372.2
     1     1    10     4    23     9     0     3    -9.0   44.410  107.874   6822.1    359.3
     1     1    10     4    23     8     0     2   -10.0   44.779  106.850   6836.1    353.7
     1     1    10     4    23     7     0     1   -11.0   45.109  105.797   6814.2    349.3
     1     1    10     4    23     6     0     0   -12.0   45.423  104.688   6820.0    346.1
     1     1    10     4    23     5     0     1   -13.0   45.743  103.521   6787.5    341.0
     1     1    10     4    23     4     0     2   -14.0   46.065  102.237   6690.9    317.4
     1     1    10     4    23     3     0     3   -15.0   46.376  100.861   6632.0    310.6
     1     1    10     4    23     2     0     2   -16.0   46.666   99.444   6630.6    311.5
     1     1    10     4    23     1     0     1   -17.0   46.931   98.017   6470.4    307.5
     1     1    10     4    23     0     0     0   -18.0   47.207   96.569   6542.6    321.5
     1     1    10     4    22    23     0     1   -19.0   47.484   95.162   6569.5    337.0
     1     1    10     4    22    22     0     2   -20.0   47.760   93.837   6593.3    354.5
     1     1    10     4    22    21     0     3   -21.0   48.045   92.574   6594.5    358.3
     1     1    10     4    22    20     0     2   -22.0   48.379   91.291   6413.8    336.5
     1     1    10     4    22    19     0     1   -23.0   48.777   89.979   6242.3    329.5
     1     1    10     4    22    18     0     0   -24.0   49.219   88.719   6044.9    331.2
     1     1    10     4    22    17     0     1   -25.0   49.699   87.512   6045.7    337.5
     1     1    10     4    22    16     0     2   -26.0   50.225   86.293   6201.3    352.8
     1     1    10     4    22    15     0     3   -27.0   50.838   85.112   6335.0    370.7
     1     1    10     4    22    14     0     2   -28.0   51.512   83.969   6568.2    392.9
     1     1    10     4    22    13     0     1   -29.0   52.191   82.824   6790.1    412.2
     1     1    10     4    22    12     0     0   -30.0   52.904   81.662   6790.9    413.8
     1     1    10     4    22    11     0     1   -31.0   53.652   80.488   6840.9    412.0
     1     1    10     4    22    10     0     2   -32.0   54.422   79.247   6880.2    411.6
     1     1    10     4    22     9     0     3   -33.0   55.214   77.925   6912.8    410.3
     1     1    10     4    22     8     0     2   -34.0   56.044   76.540   6984.5    405.2
     1     1    10     4    22     7     0     1   -35.0   56.882   75.042   7089.6    399.2
     1     1    10     4    22     6     0     0   -36.0   57.733   73.388   7244.8    390.8
     1     1    10     4    22     5     0     1   -37.0   58.577   71.553   7419.7    380.1
     1     1    10     4    22     4     0     2   -38.0   59.366   69.546   7567.8    373.1
     1     1    10     4    22     3     0     3   -39.0   60.103   67.388   7658.8    368.0
     1     1    10     4    22     2     0     2   -40.0   60.731   65.041   7717.5    363.2
     1     1    10     4    22     1     0     1   -41.0   61.206   62.593   7715.1    361.9
     1     1    10     4    22     0     0     0   -42.0   61.556   60.051   7682.9    353.1
     1     1    10     4    21    23     0     1   -43.0   61.731   57.456   7689.5    357.8
     1     1    10     4    21    22     0     2   -44.0   61.731   55.058   7663.0    361.7
     1     1    10     4    21    21     0     3   -45.0   61.582   52.852   7623.8    363.0
     1     1    10     4    21    20     0     2   -46.0   61.323   50.835   7576.4    366.5
     1     1    10     4    21    19     0     1   -47.0   60.999   48.997   7472.8    369.8
     1     1    10     4    21    18     0     0   -48.0   60.614   47.359   7390.8    376.8
     1     1    10     4    21    17     0     1   -49.0   60.174   45.874   7327.7    379.3
     1     1    10     4    21    16     0     2   -50.0   59.706   44.544   7251.9    382.3
     1     1    10     4    21    15     0     3   -51.0   59.212   43.296   7154.2    388.0
     1     1    10     4    21    14     0     2   -52.0   58.698   42.156   7012.5    397.0
     1     1    10     4    21    13     0     1   -53.0   58.166   41.117   6842.0    408.0
     1     1    10     4    21    12     0     0   -54.0   57.635   40.182   6675.7    418.3
     1     1    10     4    21    11     0     1   -55.0   57.073   39.302   6540.9    424.4
     1     1    10     4    21    10     0     2   -56.0   56.467   38.505   6439.6    430.1
     1     1    10     4    21     9     0     3   -57.0   55.803   37.826   6382.5    431.6
     1     1    10     4    21     8     0     2   -58.0   55.119   37.261   6276.2    434.4
     1     1    10     4    21     7     0     1   -59.0   54.453   36.811   6100.4    447.5
     1     1    10     4    21     6     0     0   -60.0   53.813   36.403   5926.3    458.5
     1     1    10     4    21     5     0     1   -61.0   53.178   36.039   5783.8    468.7
     1     1    10     4    21     4     0     2   -62.0   52.516   35.740   5658.8    476.6
     1     1    10     4    21     3     0     3   -63.0   51.831   35.495   5547.6    484.6
     1     1    10     4    21     2     0     2   -64.0   51.154   35.313   5437.1    492.8
     1     1    10     4    21     1     0     1   -65.0   50.490   35.172   5373.0    503.0
     1     1    10     4    21     0     0     0   -66.0   49.820   35.045   5417.2    502.4
     1     1    10     4    20    23     0     1   -67.0   49.161   34.922   5474.4    495.5
     1     1    10     4    20    22     0     2   -68.0   48.510   34.788   5467.9    497.9
     1     1    10     4    20    21     0     3   -69.0   47.845   34.602   5466.8    499.9
     1     1    10     4    20    20     0     2   -70.0   47.168   34.378   5505.5    499.9
     1     1    10     4    20    19     0     1   -71.0   46.483   34.138   5537.6    498.4
     1     1    10     4    20    18     0     0   -72.0   45.789   33.877   5512.2    497.0
     1     1    10     4    20    17     0     1   -73.0   45.102   33.605   5468.1    498.3
     1     1    10     4    20    16     0     2   -74.0   44.401   33.292   5548.4    502.9
     1     1    10     4    20    15     0     3   -75.0   43.660   32.915   5662.3    493.6
     1     1    10     4    20    14     0     2   -76.0   42.919   32.495   5729.8    488.6
     1     1    10     4    20    13     0     1   -77.0   42.190   32.065   5753.9    485.7
     1     1    10     4    20    12     0     0   -78.0   41.469   31.618   5625.3    471.7
     1     1    10     4    20    11     0     1   -79.0   40.770   31.128   5553.4    469.3
     1     1    10     4    20    10     0     2   -80.0   40.083   30.584   5431.1    456.2
     1     1    10     4    20     9     0     3   -81.0   39.408   29.966   5191.9    455.1
     1     1    10     4    20     8     0     2   -82.0   38.793   29.275   4902.6    478.9
     1     1    10     4    20     7     0     1   -83.0   38.277   28.570   4672.0    524.6
     1     1    10     4    20     6     0     0   -84.0   37.819   27.865   4537.0    553.0
     1     1    10     4    20     5     0     1   -85.0   37.383   27.167   4495.9    573.6
     1     1    10     4    20     4     0     2   -86.0   36.957   26.469   4434.2    585.7
     1     1    10     4    20     3     0     3   -87.0   36.538   25.724   4370.4    592.7
     1     1    10     4    20     2     0     2   -88.0   36.146   24.922   4302.5    599.3
     1     1    10     4    20     1     0     1   -89.0   35.783   24.091   4232.2    602.5
     1     1    10     4    20     0     0     0   -90.0   35.442   23.223   4247.0    602.2
     1     1    10     4    19    23     0     1   -91.0   35.126   22.333   4282.2    599.0
     1     1    10     4    19    22     0     2   -92.0   34.820   21.435   4296.4    599.4
     1     1    10     4    19    21     0     3   -93.0   34.534   20.561   4313.0    598.9
     1     1    10     4    19    20     0     2   -94.0   34.269   19.684   4305.0    600.1
     1     1    10     4    19    19     0     1   -95.0   34.022   18.785   4284.2    601.5
     1     1    10     4    19    18     0     0   -96.0   33.806   17.884   4251.4    603.2
