     5     1
    GDAS    10     3     1     0     0
    GDAS    10     3     8     0     0
    GDAS    10     3    15     0     0
    GDAS    10     3    22     0     0
    GDAS    10     3    29     0     0
     1 BACKWARD OMEGA   
    10     3    27    12   39.977  116.381  5600.0
     1 PRESSURE
     1     1    10     3    27    12     0     0     0.0   39.977  116.381   5361.3    493.0
     1     1    10     3    27    11     0     1    -1.0   40.283  115.718   5246.2    470.6
     1     1    10     3    27    10     0     2    -2.0   40.633  115.042   5247.0    429.2
     1     1    10     3    27     9     0     3    -3.0   40.992  114.338   5177.4    420.1
     1     1    10     3    27     8     0     2    -4.0   41.313  113.660   4986.5    439.8
     1     1    10     3    27     7     0     1    -5.0   41.611  113.029   4892.2    442.2
     1     1    10     3    27     6     0     0    -6.0   41.883  112.420   4831.3    444.8
     1     1    10     3    27     5     0     1    -7.0   42.136  111.840   4756.9    458.2
     1     1    10     3    27     4     0     2    -8.0   42.390  111.306   4721.9    470.8
     1     1    10     3    27     3     0     3    -9.0   42.648  110.812   4713.3    475.4
     1     1    10     3    27     2     0     2   -10.0   42.905  110.335   4713.3    474.9
     1     1    10     3    27     1     0     1   -11.0   43.160  109.858   4707.2    476.0
     1     1    10     3    27     0     0     0   -12.0   43.410  109.380   4689.7    481.3
     1     1    10     3    26    23     0     1   -13.0   43.650  108.907   4669.6    488.3
     1     1    10     3    26    22     0     2   -14.0   43.861  108.437   4632.8    490.5
     1     1    10     3    26    21     0     3   -15.0   44.023  107.960   4558.5    489.1
     1     1    10     3    26    20     0     2   -16.0   44.163  107.491   4489.6    490.8
     1     1    10     3    26    19     0     1   -17.0   44.308  107.044   4462.1    487.5
     1     1    10     3    26    18     0     0   -18.0   44.446  106.613   4444.9    485.3
     1     1    10     3    26    17     0     1   -19.0   44.585  106.195   4417.4    484.4
     1     1    10     3    26    16     0     2   -20.0   44.734  105.790   4392.0    486.4
     1     1    10     3    26    15     0     3   -21.0   44.881  105.403   4371.3    489.6
     1     1    10     3    26    14     0     2   -22.0   45.023  105.021   4340.9    493.5
     1     1    10     3    26    13     0     1   -23.0   45.166  104.624   4284.7    494.6
     1     1    10     3    26    12     0     0   -24.0   45.307  104.210   4208.2    497.4
     1     1    10     3    26    11     0     1   -25.0   45.443  103.800   4120.9    501.2
     1     1    10     3    26    10     0     2   -26.0   45.566  103.411   4042.7    501.4
     1     1    10     3    26     9     0     3   -27.0   45.665  103.036   3983.5    498.5
     1     1    10     3    26     8     0     2   -28.0   45.743  102.671   3900.9    489.9
     1     1    10     3    26     7     0     1   -29.0   45.803  102.321   3771.4    485.7
     1     1    10     3    26     6     0     0   -30.0   45.838  101.995   3573.1    487.7
     1     1    10     3    26     5     0     1   -31.0   45.859  101.667   3373.5    506.0
     1     1    10     3    26     4     0     2   -32.0   45.886  101.311   3210.1    517.4
     1     1    10     3    26     3     0     3   -33.0   45.914  100.935   3073.2    527.9
     1     1    10     3    26     2     0     2   -34.0   45.958  100.563   2962.9    545.8
     1     1    10     3    26     1     0     1   -35.0   46.030  100.206   2870.2    562.3
     1     1    10     3    26     0     0     0   -36.0   46.132   99.832   2800.3    567.6
     1     1    10     3    25    23     0     1   -37.0   46.250   99.417   2758.9    563.7
     1     1    10     3    25    22     0     2   -38.0   46.371   98.960   2753.7    559.4
     1     1    10     3    25    21     0     3   -39.0   46.488   98.458   2772.8    550.4
     1     1    10     3    25    20     0     2   -40.0   46.609   97.926   2777.7    538.9
     1     1    10     3    25    19     0     1   -41.0   46.733   97.381   2775.7    540.3
     1     1    10     3    25    18     0     0   -42.0   46.856   96.826   2777.2    546.2
     1     1    10     3    25    17     0     1   -43.0   46.986   96.288   2751.5    551.4
     1     1    10     3    25    16     0     2   -44.0   47.134   95.801   2709.3    563.6
     1     1    10     3    25    15     0     3   -45.0   47.297   95.373   2681.7    576.8
     1     1    10     3    25    14     0     2   -46.0   47.470   94.976   2648.3    584.5
     1     1    10     3    25    13     0     1   -47.0   47.647   94.568   2601.3    599.3
     1     1    10     3    25    12     0     0   -48.0   47.816   94.129   2572.1    615.8
     1     1    10     3    25    11     0     1   -49.0   47.977   93.691   2520.4    625.4
     1     1    10     3    25    10     0     2   -50.0   48.126   93.290   2426.3    638.2
     1     1    10     3    25     9     0     3   -51.0   48.253   92.907   2333.0    652.2
     1     1    10     3    25     8     0     2   -52.0   48.363   92.513   2280.4    650.5
     1     1    10     3    25     7     0     1   -53.0   48.460   92.085   2276.3    637.0
     1     1    10     3    25     6     0     0   -54.0   48.542   91.617   2275.9    615.1
     1     1    10     3    25     5     0     1   -55.0   48.616   91.095   2280.5    594.8
     1     1    10     3    25     4     0     2   -56.0   48.674   90.520   2289.4    579.0
     1     1    10     3    25     3     0     3   -57.0   48.687   89.907   2274.7    566.6
     1     1    10     3    25     2     0     2   -58.0   48.662   89.254   2270.3    564.2
     1     1    10     3    25     1     0     1   -59.0   48.611   88.575   2274.9    564.7
     1     1    10     3    25     0     0     0   -60.0   48.519   87.911   2242.6    582.4
     1     1    10     3    24    23     0     1   -61.0   48.419   87.311   2175.5    631.9
     1     1    10     3    24    22     0     2   -62.0   48.331   86.793   2093.8    675.9
     1     1    10     3    24    21     0     3   -63.0   48.232   86.363   2024.3    710.5
     1     1    10     3    24    20     0     2   -64.0   48.126   86.026   1986.6    740.2
     1     1    10     3    24    19     0     1   -65.0   48.014   85.787   1963.8    759.1
     1     1    10     3    24    18     0     0   -66.0   47.895   85.620   1917.3    753.7
     1     1    10     3    24    17     0     1   -67.0   47.776   85.470   1863.6    745.5
     1     1    10     3    24    16     0     2   -68.0   47.665   85.316   1811.4    736.8
     1     1    10     3    24    15     0     3   -69.0   47.563   85.165   1769.2    727.5
     1     1    10     3    24    14     0     2   -70.0   47.476   85.010   1735.8    717.3
     1     1    10     3    24    13     0     1   -71.0   47.398   84.846   1711.2    712.3
     1     1    10     3    24    12     0     0   -72.0   47.315   84.679   1698.3    707.1
     1     1    10     3    24    11     0     1   -73.0   47.219   84.493   1695.3    701.4
     1     1    10     3    24    10     0     2   -74.0   47.103   84.273   1694.7    696.5
     1     1    10     3    24     9     0     3   -75.0   46.968   84.035   1683.6    697.7
     1     1    10     3    24     8     0     2   -76.0   46.825   83.822   1670.0    704.1
     1     1    10     3    24     7     0     1   -77.0   46.688   83.653   1670.1    706.6
     1     1    10     3    24     6     0     0   -78.0   46.559   83.520   1677.6    708.6
     1     1    10     3    24     5     0     1   -79.0   46.447   83.407   1685.7    710.7
     1     1    10     3    24     4     0     2   -80.0   46.355   83.309   1690.3    713.1
     1     1    10     3    24     3     0     3   -81.0   46.281   83.227   1690.5    715.8
     1     1    10     3    24     2     0     2   -82.0   46.219   83.152   1694.2    718.7
     1     1    10     3    24     1     0     1   -83.0   46.165   83.069   1708.1    720.1
     1     1    10     3    24     0     0     0   -84.0   46.116   82.976   1732.7    721.2
     1     1    10     3    23    23     0     1   -85.0   46.069   82.878   1764.3    722.6
     1     1    10     3    23    22     0     2   -86.0   46.020   82.786   1799.2    724.1
     1     1    10     3    23    21     0     3   -87.0   45.970   82.702   1837.3    725.4
     1     1    10     3    23    20     0     2   -88.0   45.920   82.624   1866.6    726.5
     1     1    10     3    23    19     0     1   -89.0   45.874   82.550   1878.8    729.0
     1     1    10     3    23    18     0     0   -90.0   45.832   82.484   1873.7    732.4
     1     1    10     3    23    17     0     1   -91.0   45.800   82.403   1850.2    736.9
     1     1    10     3    23    16     0     2   -92.0   45.785   82.286   1812.8    743.2
     1     1    10     3    23    15     0     3   -93.0   45.781   82.135   1772.3    750.1
     1     1    10     3    23    14     0     2   -94.0   45.784   81.951   1744.0    753.9
     1     1    10     3    23    13     0     1   -95.0   45.793   81.724   1730.8    747.0
     1     1    10     3    23    12     0     0   -96.0   45.803   81.443   1735.8    737.2
