     7     1
    GDAS    10     3    22     0     0
    GDAS    10     4     8     0     0
    GDAS    10     4    15     0     0
    GDAS    10     4    22     0     0
    GDAS    10     4    29     0     0
    GDAS    10     4     1     0     0
    GDAS    10     3    29     0     0
     1 BACKWARD OMEGA   
    10     4    19     6   39.977  116.381  6600.0
     1 PRESSURE
     1     1    10     4    19     6     0     0     0.0   39.977  116.381   6358.9    437.9
     1     1    10     4    19     5     0     1    -1.0   39.884  115.032   6254.1    397.3
     1     1    10     4    19     4     0     2    -2.0   39.816  113.566   6425.9    376.9
     1     1    10     4    19     3     0     3    -3.0   39.816  112.126   6468.3    363.2
     1     1    10     4    19     2     0     2    -4.0   39.834  110.799   6516.6    377.8
     1     1    10     4    19     1     0     1    -5.0   39.900  109.480   6426.2    373.3
     1     1    10     4    19     0     0     0    -6.0   39.974  108.184   6383.5    373.3
     1     1    10     4    18    23     0     1    -7.0   40.060  106.982   6360.1    381.1
     1     1    10     4    18    22     0     2    -8.0   40.212  105.789   6454.1    379.0
     1     1    10     4    18    21     0     3    -9.0   40.392  104.546   6580.7    361.6
     1     1    10     4    18    20     0     2   -10.0   40.579  103.227   6633.1    357.9
     1     1    10     4    18    19     0     1   -11.0   40.776  101.893   6715.2    365.7
     1     1    10     4    18    18     0     0   -12.0   41.004  100.580   6925.6    358.2
     1     1    10     4    18    17     0     1   -13.0   41.327   99.159   6974.2    340.1
     1     1    10     4    18    16     0     2   -14.0   41.688   97.526   6868.9    331.9
     1     1    10     4    18    15     0     3   -15.0   42.097   95.637   6932.3    321.4
     1     1    10     4    18    14     0     2   -16.0   42.390   93.851   7081.8    336.7
     1     1    10     4    18    13     0     1   -17.0   42.566   92.194   7197.9    360.4
     1     1    10     4    18    12     0     0   -18.0   42.685   90.571   7058.1    367.3
     1     1    10     4    18    11     0     1   -19.0   42.789   89.019   6939.2    393.8
     1     1    10     4    18    10     0     2   -20.0   42.847   87.405   6309.6    326.3
     1     1    10     4    18     9     0     3   -21.0   42.954   85.125   6087.1    307.8
     1     1    10     4    18     8     0     2   -22.0   43.026   82.857   6175.7    312.2
     1     1    10     4    18     7     0     1   -23.0   43.021   80.714   6292.0    340.0
     1     1    10     4    18     6     0     0   -24.0   43.029   78.573   6216.6    332.9
     1     1    10     4    18     5     0     1   -25.0   42.970   76.457   6250.1    328.0
     1     1    10     4    18     4     0     2   -26.0   42.891   74.568   6532.1    376.6
     1     1    10     4    18     3     0     3   -27.0   42.812   72.837   6400.2    384.2
     1     1    10     4    18     2     0     2   -28.0   42.752   71.198   6356.9    387.8
     1     1    10     4    18     1     0     1   -29.0   42.746   69.684   6539.2    398.4
     1     1    10     4    18     0     0     0   -30.0   42.769   68.350   6650.7    424.7
     1     1    10     4    17    23     0     1   -31.0   42.835   67.123   6631.9    429.2
     1     1    10     4    17    22     0     2   -32.0   42.974   65.950   6670.0    424.8
     1     1    10     4    17    21     0     3   -33.0   43.173   64.806   6580.9    429.2
     1     1    10     4    17    20     0     2   -34.0   43.444   63.708   6418.1    445.1
     1     1    10     4    17    19     0     1   -35.0   43.808   62.583   6546.1    441.7
     1     1    10     4    17    18     0     0   -36.0   44.227   61.369   6829.5    424.9
     1     1    10     4    17    17     0     1   -37.0   44.653   60.140   7085.6    409.6
     1     1    10     4    17    16     0     2   -38.0   45.069   58.935   7172.2    403.9
     1     1    10     4    17    15     0     3   -39.0   45.472   57.739   7195.1    398.8
     1     1    10     4    17    14     0     2   -40.0   45.886   56.568   7301.7    395.9
     1     1    10     4    17    13     0     1   -41.0   46.286   55.391   7459.8    387.9
     1     1    10     4    17    12     0     0   -42.0   46.654   54.177   7608.5    382.0
     1     1    10     4    17    11     0     1   -43.0   47.011   52.964   7735.9    374.5
     1     1    10     4    17    10     0     2   -44.0   47.310   51.793   7825.4    370.6
     1     1    10     4    17     9     0     3   -45.0   47.545   50.609   7887.5    365.6
     1     1    10     4    17     8     0     2   -46.0   47.734   49.373   7989.2    360.2
     1     1    10     4    17     7     0     1   -47.0   47.849   48.089   8118.0    352.3
     1     1    10     4    17     6     0     0   -48.0   47.898   46.718   8287.0    344.5
     1     1    10     4    17     5     0     1   -49.0   47.877   45.257   8465.4    330.6
     1     1    10     4    17     4     0     2   -50.0   47.755   43.824   8378.4    331.4
     1     1    10     4    17     3     0     3   -51.0   47.494   42.431   8230.0    341.7
     1     1    10     4    17     2     0     2   -52.0   47.134   41.044   8080.4    350.0
     1     1    10     4    17     1     0     1   -53.0   46.726   39.670   7964.1    357.4
     1     1    10     4    17     0     0     0   -54.0   46.250   38.341   7946.5    358.8
     1     1    10     4    16    23     0     1   -55.0   45.774   37.025   7940.3    360.2
     1     1    10     4    16    22     0     2   -56.0   45.354   35.819   7924.4    361.1
     1     1    10     4    16    21     0     3   -57.0   44.966   34.752   7871.8    353.9
     1     1    10     4    16    20     0     2   -58.0   44.612   33.733   7910.1    356.7
     1     1    10     4    16    19     0     1   -59.0   44.292   32.701   7965.7    359.9
     1     1    10     4    16    18     0     0   -60.0   44.000   31.684   7929.5    361.4
     1     1    10     4    16    17     0     1   -61.0   43.745   30.668   7880.1    365.0
     1     1    10     4    16    16     0     2   -62.0   43.510   29.644   7855.8    366.5
     1     1    10     4    16    15     0     3   -63.0   43.264   28.620   7844.1    366.8
     1     1    10     4    16    14     0     2   -64.0   43.021   27.605   7855.6    361.8
     1     1    10     4    16    13     0     1   -65.0   42.827   26.573   7921.9    346.7
     1     1    10     4    16    12     0     0   -66.0   42.617   25.531   7974.0    339.8
     1     1    10     4    16    11     0     1   -67.0   42.369   24.496   7907.0    327.6
     1     1    10     4    16    10     0     2   -68.0   42.142   23.463   7887.3    311.4
     1     1    10     4    16     9     0     3   -69.0   41.937   22.460   8080.5    315.9
     1     1    10     4    16     8     0     2   -70.0   41.752   21.500   8135.1    312.7
     1     1    10     4    16     7     0     1   -71.0   41.592   20.552   8156.3    308.3
     1     1    10     4    16     6     0     0   -72.0   41.429   19.613   8351.9    324.0
     1     1    10     4    16     5     0     1   -73.0   41.234   18.687   8409.0    340.1
     1     1    10     4    16     4     0     2   -74.0   41.020   17.786   8302.1    341.4
     1     1    10     4    16     3     0     3   -75.0   40.793   16.921   8256.0    340.5
     1     1    10     4    16     2     0     2   -76.0   40.571   16.092   8150.2    329.9
     1     1    10     4    16     1     0     1   -77.0   40.372   15.275   8159.4    336.1
     1     1    10     4    16     0     0     0   -78.0   40.186   14.478   8235.5    343.7
     1     1    10     4    15    23     0     1   -79.0   40.020   13.695   8293.5    344.6
     1     1    10     4    15    22     0     2   -80.0   39.894   12.872   8313.5    343.0
     1     1    10     4    15    21     0     3   -81.0   39.785   11.995   8255.5    345.0
     1     1    10     4    15    20     0     2   -82.0   39.675   11.110   8200.8    350.5
     1     1    10     4    15    19     0     1   -83.0   39.555   10.231   8060.5    351.1
     1     1    10     4    15    18     0     0   -84.0   39.394    9.360   7849.5    357.2
     1     1    10     4    15    17     0     1   -85.0   39.187    8.502   7735.0    369.1
     1     1    10     4    15    16     0     2   -86.0   38.981    7.674   7684.6    374.4
     1     1    10     4    15    15     0     3   -87.0   38.756    6.900   7601.5    380.7
     1     1    10     4    15    14     0     2   -88.0   38.521    6.155   7533.0    384.7
     1     1    10     4    15    13     0     1   -89.0   38.307    5.432   7518.5    385.7
     1     1    10     4    15    12     0     0   -90.0   38.104    4.741   7530.4    387.1
     1     1    10     4    15    11     0     1   -91.0   37.885    4.075   7567.1    382.4
     1     1    10     4    15    10     0     2   -92.0   37.652    3.410   7604.4    381.2
     1     1    10     4    15     9     0     3   -93.0   37.434    2.737   7623.2    383.1
     1     1    10     4    15     8     0     2   -94.0   37.228    2.088   7621.9    380.3
     1     1    10     4    15     7     0     1   -95.0   37.025    1.488   7664.0    380.3
     1     1    10     4    15     6     0     0   -96.0   36.819    0.884   7682.0    373.8
