     7     1
    GDAS    10     3    22     0     0
    GDAS    10     4     8     0     0
    GDAS    10     4    15     0     0
    GDAS    10     4    22     0     0
    GDAS    10     4    29     0     0
    GDAS    10     4     1     0     0
    GDAS    10     3    29     0     0
     1 BACKWARD OMEGA   
    10     4    21    12   39.977  116.381  8600.0
     1 PRESSURE
     1     1    10     4    21    12     0     0     0.0   39.977  116.381   8358.1    328.1
     1     1    10     4    21    11     0     1    -1.0   39.532  114.668   8003.4    314.5
     1     1    10     4    21    10     0     2    -2.0   39.070  112.718   7819.6    299.8
     1     1    10     4    21     9     0     3    -3.0   38.598  110.602   7848.3    308.6
     1     1    10     4    21     8     0     2    -4.0   38.113  108.531   7672.4    311.3
     1     1    10     4    21     7     0     1    -5.0   37.667  106.435   7525.9    314.0
     1     1    10     4    21     6     0     0    -6.0   37.248  104.458   7257.5    309.9
     1     1    10     4    21     5     0     1    -7.0   36.915  102.315   6750.9    278.6
     1     1    10     4    21     4     0     2    -8.0   36.765  100.088   6530.9    275.1
     1     1    10     4    21     3     0     3    -9.0   36.736   97.973   6403.0    278.5
     1     1    10     4    21     2     0     2   -10.0   36.787   95.928   6415.9    290.4
     1     1    10     4    21     1     0     1   -11.0   36.920   93.933   6505.4    297.2
     1     1    10     4    21     0     0     0   -12.0   37.108   91.963   6185.8    277.1
     1     1    10     4    20    23     0     1   -13.0   37.377   90.032   5978.4    272.9
     1     1    10     4    20    22     0     2   -14.0   37.657   88.104   5831.1    268.4
     1     1    10     4    20    21     0     3   -15.0   37.891   86.308   6258.7    332.4
     1     1    10     4    20    20     0     2   -16.0   38.064   84.949   6499.9    378.8
     1     1    10     4    20    19     0     1   -17.0   38.241   83.760   6513.3    378.1
     1     1    10     4    20    18     0     0   -18.0   38.412   82.624   6528.1    380.4
     1     1    10     4    20    17     0     1   -19.0   38.580   81.544   6552.7    380.0
     1     1    10     4    20    16     0     2   -20.0   38.754   80.501   6593.2    376.7
     1     1    10     4    20    15     0     3   -21.0   38.930   79.508   6587.0    376.6
     1     1    10     4    20    14     0     2   -22.0   39.110   78.559   6482.6    383.4
     1     1    10     4    20    13     0     1   -23.0   39.302   77.667   6314.0    388.8
     1     1    10     4    20    12     0     0   -24.0   39.518   76.827   6080.2    392.3
     1     1    10     4    20    11     0     1   -25.0   39.776   76.038   5877.0    368.5
     1     1    10     4    20    10     0     2   -26.0   40.093   75.290   5796.0    329.9
     1     1    10     4    20     9     0     3   -27.0   40.528   74.736   5998.3    317.2
     1     1    10     4    20     8     0     2   -28.0   41.024   74.446   6352.5    316.3
     1     1    10     4    20     7     0     1   -29.0   41.561   74.324   6720.3    300.4
     1     1    10     4    20     6     0     0   -30.0   42.161   74.321   7346.0    279.9
     1     1    10     4    20     5     0     1   -31.0   42.781   74.443   8248.7    285.6
     1     1    10     4    20     4     0     2   -32.0   43.416   74.694   8749.1    281.5
     1     1    10     4    20     3     0     3   -33.0   44.102   75.000   9051.1    273.4
     1     1    10     4    20     2     0     2   -34.0   44.828   75.256   9406.7    275.6
     1     1    10     4    20     1     0     1   -35.0   45.563   75.445   9647.9    267.5
     1     1    10     4    20     0     0     0   -36.0   46.333   75.542   9801.8    260.6
     1     1    10     4    19    23     0     1   -37.0   47.100   75.472   9897.9    255.3
     1     1    10     4    19    22     0     2   -38.0   47.845   75.282   9890.2    245.7
     1     1    10     4    19    21     0     3   -39.0   48.571   75.011   9837.4    238.8
     1     1    10     4    19    20     0     2   -40.0   49.274   74.658   9838.3    241.6
     1     1    10     4    19    19     0     1   -41.0   49.967   74.207   9923.9    247.6
     1     1    10     4    19    18     0     0   -42.0   50.650   73.616   9962.0    249.7
     1     1    10     4    19    17     0     1   -43.0   51.319   72.848  10016.6    250.6
     1     1    10     4    19    16     0     2   -44.0   51.982   71.899  10103.9    250.6
