     7     1
    GDAS    10     3    22     0     0
    GDAS    10     4     8     0     0
    GDAS    10     4    15     0     0
    GDAS    10     4    22     0     0
    GDAS    10     4    29     0     0
    GDAS    10     4     1     0     0
    GDAS    10     3    29     0     0
     1 BACKWARD OMEGA   
    10     4     7    18   39.977  116.381  5600.0
     1 PRESSURE
     1     1    10     4     7    18     0     0     0.0   39.977  116.381   5360.5    498.6
     1     1    10     4     7    17     0     1    -1.0   40.127  115.501   5196.9    469.2
     1     1    10     4     7    16     0     2    -2.0   40.334  114.658   5171.8    445.6
     1     1    10     4     7    15     0     3    -3.0   40.578  113.853   5301.3    433.1
     1     1    10     4     7    14     0     2    -4.0   40.850  113.048   5329.1    417.4
     1     1    10     4     7    13     0     1    -5.0   41.147  112.232   5444.2    409.7
     1     1    10     4     7    12     0     0    -6.0   41.458  111.393   5595.8    403.7
     1     1    10     4     7    11     0     1    -7.0   41.776  110.525   5697.6    405.0
     1     1    10     4     7    10     0     2    -8.0   42.146  109.693   5761.9    402.5
     1     1    10     4     7     9     0     3    -9.0   42.553  108.904   5815.6    403.0
     1     1    10     4     7     8     0     2   -10.0   42.942  108.081   5930.2    413.3
     1     1    10     4     7     7     0     1   -11.0   43.351  107.197   5929.0    404.4
     1     1    10     4     7     6     0     0   -12.0   43.819  106.282   5835.6    397.9
     1     1    10     4     7     5     0     1   -13.0   44.280  105.326   5868.1    395.6
     1     1    10     4     7     4     0     2   -14.0   44.741  104.260   6057.8    386.1
     1     1    10     4     7     3     0     3   -15.0   45.234  103.069   6122.4    376.7
     1     1    10     4     7     2     0     2   -16.0   45.763  101.782   5850.4    358.3
     1     1    10     4     7     1     0     1   -17.0   46.312  100.384   5952.6    348.3
     1     1    10     4     7     0     0     0   -18.0   46.876   98.795   5899.6    339.6
     1     1    10     4     6    23     0     1   -19.0   47.443   96.955   6127.3    329.7
     1     1    10     4     6    22     0     2   -20.0   47.977   94.941   6392.9    340.6
     1     1    10     4     6    21     0     3   -21.0   48.396   93.026   6373.7    367.9
     1     1    10     4     6    20     0     2   -22.0   48.732   91.092   5971.5    355.4
     1     1    10     4     6    19     0     1   -23.0   49.100   88.801   5933.3    328.5
     1     1    10     4     6    18     0     0   -24.0   49.431   86.412   6119.4    343.0
     1     1    10     4     6    17     0     1   -25.0   49.607   84.284   6186.1    389.4
     1     1    10     4     6    16     0     2   -26.0   49.694   82.370   6163.3    424.1
     1     1    10     4     6    15     0     3   -27.0   49.755   80.761   5970.2    445.1
     1     1    10     4     6    14     0     2   -28.0   49.770   79.320   5733.9    461.1
     1     1    10     4     6    13     0     1   -29.0   49.696   77.923   5566.8    463.6
     1     1    10     4     6    12     0     0   -30.0   49.547   76.605   5458.5    456.5
     1     1    10     4     6    11     0     1   -31.0   49.342   75.408   5415.1    454.0
     1     1    10     4     6    10     0     2   -32.0   49.083   74.403   5374.5    457.5
     1     1    10     4     6     9     0     3   -33.0   48.776   73.588   5311.2    468.9
     1     1    10     4     6     8     0     2   -34.0   48.462   72.892   5232.5    476.1
     1     1    10     4     6     7     0     1   -35.0   48.159   72.332   5215.6    482.2
     1     1    10     4     6     6     0     0   -36.0   47.880   71.893   5289.4    480.5
     1     1    10     4     6     5     0     1   -37.0   47.657   71.453   5446.9    475.5
     1     1    10     4     6     4     0     2   -38.0   47.519   70.907   5674.2    466.7
     1     1    10     4     6     3     0     3   -39.0   47.479   70.344   5804.8    452.0
     1     1    10     4     6     2     0     2   -40.0   47.467   69.858   5701.9    462.2
     1     1    10     4     6     1     0     1   -41.0   47.410   69.415   5492.0    485.4
     1     1    10     4     6     0     0     0   -42.0   47.341   68.922   5328.4    499.7
     1     1    10     4     5    23     0     1   -43.0   47.220   68.416   5205.1    507.5
     1     1    10     4     5    22     0     2   -44.0   47.010   67.909   5086.4    514.6
     1     1    10     4     5    21     0     3   -45.0   46.755   67.304   4896.1    526.2
     1     1    10     4     5    20     0     2   -46.0   46.462   66.660   4731.5    552.5
     1     1    10     4     5    19     0     1   -47.0   46.102   66.097   4659.8    559.5
     1     1    10     4     5    18     0     0   -48.0   45.740   65.506   4540.2    565.4
     1     1    10     4     5    17     0     1   -49.0   45.387   64.883   4432.4    580.2
     1     1    10     4     5    16     0     2   -50.0   44.996   64.344   4345.8    581.9
     1     1    10     4     5    15     0     3   -51.0   44.593   63.726   4164.3    595.9
     1     1    10     4     5    14     0     2   -52.0   44.149   63.070   3943.0    619.7
     1     1    10     4     5    13     0     1   -53.0   43.648   62.528   3774.8    635.1
     1     1    10     4     5    12     0     0   -54.0   43.098   61.937   3618.7    645.0
     1     1    10     4     5    11     0     1   -55.0   42.573   61.348   3474.6    661.6
     1     1    10     4     5    10     0     2   -56.0   42.120   60.890   3377.5    669.5
     1     1    10     4     5     9     0     3   -57.0   41.689   60.462   3258.8    671.9
     1     1    10     4     5     8     0     2   -58.0   41.305   60.086   3092.5    687.7
     1     1    10     4     5     7     0     1   -59.0   40.998   59.740   2941.2    703.6
     1     1    10     4     5     6     0     0   -60.0   40.746   59.404   2832.2    715.6
     1     1    10     4     5     5     0     1   -61.0   40.536   59.062   2772.4    721.0
     1     1    10     4     5     4     0     2   -62.0   40.355   58.694   2739.5    722.6
     1     1    10     4     5     3     0     3   -63.0   40.184   58.299   2694.1    727.3
     1     1    10     4     5     2     0     2   -64.0   40.007   57.911   2631.3    736.4
     1     1    10     4     5     1     0     1   -65.0   39.828   57.555   2576.6    741.5
     1     1    10     4     5     0     0     0   -66.0   39.658   57.219   2545.0    743.7
     1     1    10     4     4    23     0     1   -67.0   39.501   56.886   2534.5    744.0
     1     1    10     4     4    22     0     2   -68.0   39.360   56.541   2532.4    739.3
     1     1    10     4     4    21     0     3   -69.0   39.239   56.193   2527.0    734.4
     1     1    10     4     4    20     0     2   -70.0   39.132   55.843   2528.4    731.8
     1     1    10     4     4    19     0     1   -71.0   39.032   55.492   2559.9    731.0
     1     1    10     4     4    18     0     0   -72.0   38.949   55.136   2622.2    726.7
     1     1    10     4     4    17     0     1   -73.0   38.870   54.769   2694.0    724.5
     1     1    10     4     4    16     0     2   -74.0   38.785   54.394   2736.5    725.9
     1     1    10     4     4    15     0     3   -75.0   38.711   54.032   2720.2    732.1
     1     1    10     4     4    14     0     2   -76.0   38.636   53.705   2665.7    740.1
     1     1    10     4     4    13     0     1   -77.0   38.552   53.393   2646.0    743.6
     1     1    10     4     4    12     0     0   -78.0   38.485   53.028   2701.7    740.7
     1     1    10     4     4    11     0     1   -79.0   38.415   52.588   2805.8    730.2
     1     1    10     4     4    10     0     2   -80.0   38.317   52.105   2912.5    723.9
     1     1    10     4     4     9     0     3   -81.0   38.198   51.573   2956.4    710.1
     1     1    10     4     4     8     0     2   -82.0   38.042   51.044   2878.9    706.9
     1     1    10     4     4     7     0     1   -83.0   37.860   50.584   2841.2    725.7
     1     1    10     4     4     6     0     0   -84.0   37.692   50.128   2954.1    710.3
     1     1    10     4     4     5     0     1   -85.0   37.577   49.550   3090.0    657.1
     1     1    10     4     4     4     0     2   -86.0   37.535   48.747   3100.8    600.8
     1     1    10     4     4     3     0     3   -87.0   37.529   47.638   3007.2    552.3
     1     1    10     4     4     2     0     2   -88.0   37.461   46.431   2968.6    570.2
     1     1    10     4     4     1     0     1   -89.0   37.286   45.260   3033.6    572.7
     1     1    10     4     4     0     0     0   -90.0   37.027   44.118   3046.0    584.9
     1     1    10     4     3    23     0     1   -91.0   36.780   43.189   2837.6    662.2
     1     1    10     4     3    22     0     2   -92.0   36.589   42.463   2649.9    698.4
     1     1    10     4     3    21     0     3   -93.0   36.421   41.770   2516.4    719.1
     1     1    10     4     3    20     0     2   -94.0   36.229   41.045   2345.8    725.0
     1     1    10     4     3    19     0     1   -95.0   36.034   40.300   2082.9    756.1
     1     1    10     4     3    18     0     0   -96.0   35.854   39.550   1885.0    788.9
