     5     1
    GDAS    10     3     1     0     0
    GDAS    10     3     8     0     0
    GDAS    10     3    15     0     0
    GDAS    10     3    22     0     0
    GDAS    10     3    29     0     0
     1 BACKWARD OMEGA   
    10     3    24    12   39.977  116.381  6000.0
     1 PRESSURE
     1     1    10     3    24    12     0     0     0.0   39.977  116.381   5758.1    459.7
     1     1    10     3    24    11     0     1    -1.0   39.984  114.983   5482.9    413.6
     1     1    10     3    24    10     0     2    -2.0   40.029  113.423   5358.4    423.4
     1     1    10     3    24     9     0     3    -3.0   40.141  111.813   5384.1    410.8
     1     1    10     3    24     8     0     2    -4.0   40.277  110.246   5329.3    419.3
     1     1    10     3    24     7     0     1    -5.0   40.463  108.717   5385.9    423.6
     1     1    10     3    24     6     0     0    -6.0   40.731  107.212   5496.2    414.0
     1     1    10     3    24     5     0     1    -7.0   41.071  105.706   5536.5    408.5
     1     1    10     3    24     4     0     2    -8.0   41.495  104.239   5786.6    401.3
     1     1    10     3    24     3     0     3    -9.0   41.978  102.794   6000.8    391.6
     1     1    10     3    24     2     0     2   -10.0   42.508  101.413   6079.9    378.2
     1     1    10     3    24     1     0     1   -11.0   43.084  100.168   6052.9    375.6
     1     1    10     3    24     0     0     0   -12.0   43.745   99.030   6229.8    370.7
     1     1    10     3    23    23     0     1   -13.0   44.433   97.981   6354.2    337.0
     1     1    10     3    23    22     0     2   -14.0   45.118   97.048   6478.8    324.6
     1     1    10     3    23    21     0     3   -15.0   45.824   96.181   6502.2    320.8
     1     1    10     3    23    20     0     2   -16.0   46.572   95.439   6581.3    323.6
     1     1    10     3    23    19     0     1   -17.0   47.383   94.891   6704.7    322.3
     1     1    10     3    23    18     0     0   -18.0   48.246   94.433   6921.4    318.5
     1     1    10     3    23    17     0     1   -19.0   49.159   94.107   7164.9    313.7
     1     1    10     3    23    16     0     2   -20.0   50.117   93.875   7283.1    319.9
     1     1    10     3    23    15     0     3   -21.0   51.116   93.602   7249.5    303.3
     1     1    10     3    23    14     0     2   -22.0   52.162   93.348   7509.2    307.8
     1     1    10     3    23    13     0     1   -23.0   53.212   93.070   7659.5    315.9
     1     1    10     3    23    12     0     0   -24.0   54.250   92.724   7769.8    325.1
     1     1    10     3    23    11     0     1   -25.0   55.289   92.362   7737.5    322.5
     1     1    10     3    23    10     0     2   -26.0   56.309   91.923   7795.5    325.1
     1     1    10     3    23     9     0     3   -27.0   57.292   91.415   7881.6    328.7
     1     1    10     3    23     8     0     2   -28.0   58.270   90.836   7912.8    328.9
     1     1    10     3    23     7     0     1   -29.0   59.225   90.151   7903.4    329.2
     1     1    10     3    23     6     0     0   -30.0   60.168   89.363   7887.1    332.1
     1     1    10     3    23     5     0     1   -31.0   61.125   88.454   7845.7    331.8
     1     1    10     3    23     4     0     2   -32.0   62.048   87.389   7827.3    329.9
     1     1    10     3    23     3     0     3   -33.0   62.941   86.112   7856.3    331.8
     1     1    10     3    23     2     0     2   -34.0   63.801   84.519   7831.8    332.9
     1     1    10     3    23     1     0     1   -35.0   64.545   82.687   7739.7    339.3
     1     1    10     3    23     0     0     0   -36.0   65.147   80.589   7574.1    349.0
     1     1    10     3    22    23     0     1   -37.0   65.662   78.171   7375.3    359.8
     1     1    10     3    22    22     0     2   -38.0   66.116   75.492   7169.5    367.4
     1     1    10     3    22    21     0     3   -39.0   66.512   72.675   7051.4    377.3
     1     1    10     3    22    20     0     2   -40.0   66.827   69.709   6974.0    380.2
     1     1    10     3    22    19     0     1   -41.0   67.048   66.676   6900.4    373.0
     1     1    10     3    22    18     0     0   -42.0   67.219   63.552   6889.4    375.3
     1     1    10     3    22    17     0     1   -43.0   67.255   60.373   6964.1    373.8
     1     1    10     3    22    16     0     2   -44.0   67.159   57.121   7042.6    370.6
     1     1    10     3    22    15     0     3   -45.0   66.973   53.735   7121.2    366.5
     1     1    10     3    22    14     0     2   -46.0   66.636   50.512   7158.1    362.8
     1     1    10     3    22    13     0     1   -47.0   66.154   47.482   7189.0    363.3
     1     1    10     3    22    12     0     0   -48.0   65.569   44.564   7203.7    363.9
     1     1    10     3    22    11     0     1   -49.0   64.886   41.941   7205.4    360.5
     1     1    10     3    22    10     0     2   -50.0   64.204   39.635   7189.0    364.1
     1     1    10     3    22     9     0     3   -51.0   63.550   37.575   7136.2    367.0
     1     1    10     3    22     8     0     2   -52.0   62.961   35.786   7086.9    368.8
     1     1    10     3    22     7     0     1   -53.0   62.485   34.206   7035.3    374.6
     1     1    10     3    22     6     0     0   -54.0   62.124   32.800   6951.5    377.4
     1     1    10     3    22     5     0     1   -55.0   61.847   31.463   6865.3    385.7
     1     1    10     3    22     4     0     2   -56.0   61.669   30.236   6791.2    393.8
     1     1    10     3    22     3     0     3   -57.0   61.566   29.081   6766.4    395.8
     1     1    10     3    22     2     0     2   -58.0   61.524   27.902   6783.0    393.7
     1     1    10     3    22     1     0     1   -59.0   61.549   26.718   6792.6    392.6
     1     1    10     3    22     0     0     0   -60.0   61.633   25.555   6771.1    393.2
     1     1    10     3    21    23     0     1   -61.0   61.757   24.334   6708.4    396.2
     1     1    10     3    21    22     0     2   -62.0   61.911   23.053   6640.7    400.6
     1     1    10     3    21    21     0     3   -63.0   62.118   21.721   6610.6    407.9
     1     1    10     3    21    20     0     2   -64.0   62.401   20.343   6622.1    410.9
     1     1    10     3    21    19     0     1   -65.0   62.742   18.853   6677.2    405.6
     1     1    10     3    21    18     0     0   -66.0   63.171   17.259   6678.9    392.9
     1     1    10     3    21    17     0     1   -67.0   63.656   15.526   6776.7    379.2
     1     1    10     3    21    16     0     2   -68.0   64.176   13.703   6833.2    361.4
     1     1    10     3    21    15     0     3   -69.0   64.763   11.857   7117.3    369.2
     1     1    10     3    21    14     0     2   -70.0   65.400    9.948   7316.0    368.0
     1     1    10     3    21    13     0     1   -71.0   66.078    8.086   7404.5    363.9
     1     1    10     3    21    12     0     0   -72.0   66.772    6.204   7511.3    357.1
     1     1    10     3    21    11     0     1   -73.0   67.479    4.285   7561.5    354.6
     1     1    10     3    21    10     0     2   -74.0   68.205    2.275   7638.1    349.9
     1     1    10     3    21     9     0     3   -75.0   68.904    0.142   7687.4    347.7
     1     1    10     3    21     8     0     2   -76.0   69.594   -1.994   7692.9    346.8
     1     1    10     3    21     7     0     1   -77.0   70.267   -4.158   7678.7    347.7
     1     1    10     3    21     6     0     0   -78.0   70.897   -6.368   7685.6    346.9
     1     1    10     3    21     5     0     1   -79.0   71.524   -8.542   7708.6    345.5
     1     1    10     3    21     4     0     2   -80.0   72.145  -10.721   7748.0    344.0
     1     1    10     3    21     3     0     3   -81.0   72.743  -12.938   7802.2    341.3
     1     1    10     3    21     2     0     2   -82.0   73.313  -15.228   7877.5    337.2
     1     1    10     3    21     1     0     1   -83.0   73.848  -17.615   7954.3    334.5
     1     1    10     3    21     0     0     0   -84.0   74.336  -20.108   7946.9    323.6
     1     1    10     3    20    23     0     1   -85.0   74.743  -22.691   7696.4    289.3
     1     1    10     3    20    22     0     2   -86.0   75.061  -25.082   7514.3    262.1
     1     1    10     3    20    21     0     3   -87.0   75.319  -27.277   7515.4    260.7
     1     1    10     3    20    20     0     2   -88.0   75.521  -29.436   7444.9    254.2
     1     1    10     3    20    19     0     1   -89.0   75.664  -31.556   7406.3    247.6
     1     1    10     3    20    18     0     0   -90.0   75.756  -33.637   7381.6    246.6
     1     1    10     3    20    17     0     1   -91.0   75.789  -35.711   7364.8    244.8
     1     1    10     3    20    16     0     2   -92.0   75.756  -37.767   7361.4    242.8
     1     1    10     3    20    15     0     3   -93.0   75.655  -39.762   7331.7    240.3
     1     1    10     3    20    14     0     2   -94.0   75.487  -41.616   7314.9    236.8
     1     1    10     3    20    13     0     1   -95.0   75.259  -43.252   7315.6    235.9
     1     1    10     3    20    12     0     0   -96.0   74.985  -44.637   7321.6    238.9
