     7     1
    GDAS    10     3    22     0     0
    GDAS    10     4     8     0     0
    GDAS    10     4    15     0     0
    GDAS    10     4    22     0     0
    GDAS    10     4    29     0     0
    GDAS    10     4     1     0     0
    GDAS    10     3    29     0     0
     1 BACKWARD OMEGA   
    10     4     1     0   39.977  116.381  3400.0
     1 PRESSURE
     1     1    10     4     1     0     0     0     0.0   39.977  116.381   3160.9    660.2
     1     1    10     3    31    23     0     1    -1.0   40.295  115.583   3414.5    588.7
     1     1    10     3    31    22     0     2    -2.0   40.616  114.382   3702.2    527.0
     1     1    10     3    31    21     0     3    -3.0   40.948  113.052   3827.9    501.3
     1     1    10     3    31    20     0     2    -4.0   41.324  111.650   4168.2    480.2
     1     1    10     3    31    19     0     1    -5.0   41.737  110.235   4527.3    463.6
     1     1    10     3    31    18     0     0    -6.0   42.166  108.816   4753.9    451.9
     1     1    10     3    31    17     0     1    -7.0   42.626  107.484   5036.8    448.8
     1     1    10     3    31    16     0     2    -8.0   43.092  106.228   5119.0    433.3
     1     1    10     3    31    15     0     3    -9.0   43.544  104.966   5129.2    420.8
     1     1    10     3    31    14     0     2   -10.0   43.996  103.747   5222.2    414.3
     1     1    10     3    31    13     0     1   -11.0   44.456  102.634   5298.2    413.4
     1     1    10     3    31    12     0     0   -12.0   44.950  101.585   5314.0    399.0
     1     1    10     3    31    11     0     1   -13.0   45.480  100.617   5303.6    390.6
     1     1    10     3    31    10     0     2   -14.0   46.046   99.710   5408.0    388.9
     1     1    10     3    31     9     0     3   -15.0   46.641   98.812   5390.8    364.9
     1     1    10     3    31     8     0     2   -16.0   47.268   97.951   5296.8    349.7
     1     1    10     3    31     7     0     1   -17.0   47.924   97.152   5342.0    354.9
     1     1    10     3    31     6     0     0   -18.0   48.593   96.369   5483.6    366.5
     1     1    10     3    31     5     0     1   -19.0   49.275   95.662   5581.7    374.1
     1     1    10     3    31     4     0     2   -20.0   49.942   95.027   5731.2    401.1
     1     1    10     3    31     3     0     3   -21.0   50.555   94.415   5668.5    403.5
     1     1    10     3    31     2     0     2   -22.0   51.148   93.810   5645.4    391.9
     1     1    10     3    31     1     0     1   -23.0   51.745   93.213   5708.3    395.8
     1     1    10     3    31     0     0     0   -24.0   52.317   92.630   5688.0    405.7
     1     1    10     3    30    23     0     1   -25.0   52.861   92.074   5671.1    429.4
     1     1    10     3    30    22     0     2   -26.0   53.397   91.514   5661.0    445.3
     1     1    10     3    30    21     0     3   -27.0   53.931   90.913   5624.8    446.8
     1     1    10     3    30    20     0     2   -28.0   54.471   90.291   5586.8    442.8
     1     1    10     3    30    19     0     1   -29.0   55.019   89.669   5571.4    448.1
     1     1    10     3    30    18     0     0   -30.0   55.558   89.042   5493.9    458.9
     1     1    10     3    30    17     0     1   -31.0   56.058   88.441   5433.1    482.4
     1     1    10     3    30    16     0     2   -32.0   56.529   87.877   5374.3    489.8
     1     1    10     3    30    15     0     3   -33.0   56.998   87.317   5380.3    492.9
     1     1    10     3    30    14     0     2   -34.0   57.473   86.755   5389.2    488.0
     1     1    10     3    30    13     0     1   -35.0   57.952   86.198   5378.2    489.6
     1     1    10     3    30    12     0     0   -36.0   58.427   85.637   5345.9    493.3
     1     1    10     3    30    11     0     1   -37.0   58.897   85.080   5314.1    496.6
     1     1    10     3    30    10     0     2   -38.0   59.369   84.523   5297.2    496.8
     1     1    10     3    30     9     0     3   -39.0   59.845   83.944   5285.4    497.4
     1     1    10     3    30     8     0     2   -40.0   60.319   83.357   5262.5    498.4
     1     1    10     3    30     7     0     1   -41.0   60.789   82.782   5225.8    501.2
     1     1    10     3    30     6     0     0   -42.0   61.253   82.202   5180.7    506.0
     1     1    10     3    30     5     0     1   -43.0   61.711   81.590   5141.2    510.0
     1     1    10     3    30     4     0     2   -44.0   62.171   80.926   5109.7    510.5
     1     1    10     3    30     3     0     3   -45.0   62.633   80.190   5075.0    510.4
     1     1    10     3    30     2     0     2   -46.0   63.076   79.394   5043.7    514.4
     1     1    10     3    30     1     0     1   -47.0   63.502   78.587   5018.2    518.9
     1     1    10     3    30     0     0     0   -48.0   63.910   77.758   4999.6    521.0
     1     1    10     3    29    23     0     1   -49.0   64.291   76.877   4980.5    522.9
     1     1    10     3    29    22     0     2   -50.0   64.647   75.950   4953.0    524.1
     1     1    10     3    29    21     0     3   -51.0   64.961   74.995   4915.7    526.6
     1     1    10     3    29    20     0     2   -52.0   65.249   73.996   4872.7    530.0
     1     1    10     3    29    19     0     1   -53.0   65.530   72.941   4853.4    533.7
     1     1    10     3    29    18     0     0   -54.0   65.783   71.835   4838.8    534.0
     1     1    10     3    29    17     0     1   -55.0   66.010   70.643   4821.5    534.7
     1     1    10     3    29    16     0     2   -56.0   66.222   69.347   4796.9    535.4
     1     1    10     3    29    15     0     3   -57.0   66.413   67.985   4767.9    537.8
     1     1    10     3    29    14     0     2   -58.0   66.593   66.559   4708.5    534.7
     1     1    10     3    29    13     0     1   -59.0   66.775   65.069   4678.2    528.1
     1     1    10     3    29    12     0     0   -60.0   66.927   63.553   4716.5    529.9
     1     1    10     3    29    11     0     1   -61.0   67.050   62.045   4729.9    536.1
     1     1    10     3    29    10     0     2   -62.0   67.184   60.529   4702.6    535.9
     1     1    10     3    29     9     0     3   -63.0   67.311   59.025   4703.2    537.2
     1     1    10     3    29     8     0     2   -64.0   67.431   57.529   4692.6    537.2
     1     1    10     3    29     7     0     1   -65.0   67.544   56.021   4664.5    537.9
     1     1    10     3    29     6     0     0   -66.0   67.636   54.530   4640.8    542.7
     1     1    10     3    29     5     0     1   -67.0   67.697   53.068   4602.3    548.5
     1     1    10     3    29     4     0     2   -68.0   67.716   51.629   4542.2    551.4
     1     1    10     3    29     3     0     3   -69.0   67.684   50.250   4484.7    554.5
     1     1    10     3    29     2     0     2   -70.0   67.608   48.942   4424.2    559.5
     1     1    10     3    29     1     0     1   -71.0   67.495   47.713   4360.3    567.5
     1     1    10     3    29     0     0     0   -72.0   67.351   46.559   4291.4    574.7
     1     1    10     3    28    23     0     1   -73.0   67.181   45.491   4226.8    578.9
     1     1    10     3    28    22     0     2   -74.0   66.984   44.511   4138.8    585.8
     1     1    10     3    28    21     0     3   -75.0   66.769   43.552   4016.6    596.7
     1     1    10     3    28    20     0     2   -76.0   66.542   42.618   3895.7    605.9
     1     1    10     3    28    19     0     1   -77.0   66.287   41.722   3769.7    615.3
     1     1    10     3    28    18     0     0   -78.0   66.000   40.790   3678.5    625.7
     1     1    10     3    28    17     0     1   -79.0   65.668   39.904   3612.1    630.6
     1     1    10     3    28    16     0     2   -80.0   65.293   39.107   3485.9    641.8
     1     1    10     3    28    15     0     3   -81.0   64.925   38.260   3351.8    651.7
     1     1    10     3    28    14     0     2   -82.0   64.535   37.457   3237.9    659.9
     1     1    10     3    28    13     0     1   -83.0   64.067   36.733   3010.3    681.9
     1     1    10     3    28    12     0     0   -84.0   63.614   35.986   2785.3    703.7
     1     1    10     3    28    11     0     1   -85.0   63.151   35.369   2631.0    707.7
     1     1    10     3    28    10     0     2   -86.0   62.648   34.820   2459.3    728.1
     1     1    10     3    28     9     0     3   -87.0   62.183   34.279   2362.0    745.0
     1     1    10     3    28     8     0     2   -88.0   61.746   33.816   2286.1    740.4
     1     1    10     3    28     7     0     1   -89.0   61.304   33.401   2178.4    757.3
     1     1    10     3    28     6     0     0   -90.0   60.870   32.953   2167.1    768.7
     1     1    10     3    28     5     0     1   -91.0   60.427   32.495   2193.3    756.1
     1     1    10     3    28     4     0     2   -92.0   59.961   32.091   2044.7    764.1
     1     1    10     3    28     3     0     3   -93.0   59.519   31.725   1830.7    799.3
     1     1    10     3    28     2     0     2   -94.0   59.083   31.342   1741.0    812.2
     1     1    10     3    28     1     0     1   -95.0   58.631   30.974   1734.1    803.5
     1     1    10     3    28     0     0     0   -96.0   58.185   30.621   1682.7    808.0
