     7     1
    GDAS    10     3    22     0     0
    GDAS    10     4     8     0     0
    GDAS    10     4    15     0     0
    GDAS    10     4    22     0     0
    GDAS    10     4    29     0     0
    GDAS    10     4     1     0     0
    GDAS    10     3    29     0     0
     1 BACKWARD OMEGA   
    10     4     7     0   39.977  116.381  4600.0
     1 PRESSURE
     1     1    10     4     7     0     0     0     0.0   39.977  116.381   4361.2    571.0
     1     1    10     4     6    23     0     1    -1.0   40.340  115.742   4311.7    530.1
     1     1    10     4     6    22     0     2    -2.0   40.738  114.951   4354.6    498.5
     1     1    10     4     6    21     0     3    -3.0   41.165  114.022   4525.8    474.6
     1     1    10     4     6    20     0     2    -4.0   41.577  113.044   4504.3    468.3
     1     1    10     4     6    19     0     1    -5.0   41.965  112.043   4478.3    475.6
     1     1    10     4     6    18     0     0    -6.0   42.326  111.026   4484.7    492.4
     1     1    10     4     6    17     0     1    -7.0   42.660  110.007   4467.0    491.4
     1     1    10     4     6    16     0     2    -8.0   42.963  109.019   4443.1    493.2
     1     1    10     4     6    15     0     3    -9.0   43.220  108.084   4441.2    509.5
     1     1    10     4     6    14     0     2   -10.0   43.434  107.183   4320.6    506.7
     1     1    10     4     6    13     0     1   -11.0   43.627  106.279   4190.0    504.7
     1     1    10     4     6    12     0     0   -12.0   43.820  105.351   4172.4    498.9
     1     1    10     4     6    11     0     1   -13.0   44.012  104.413   4264.1    490.5
     1     1    10     4     6    10     0     2   -14.0   44.180  103.523   4265.6    486.9
     1     1    10     4     6     9     0     3   -15.0   44.354  102.648   4209.6    493.9
     1     1    10     4     6     8     0     2   -16.0   44.531  101.762   4232.2    493.2
     1     1    10     4     6     7     0     1   -17.0   44.686  100.860   4323.8    483.4
     1     1    10     4     6     6     0     0   -18.0   44.818   99.941   4401.1    463.4
     1     1    10     4     6     5     0     1   -19.0   44.948   99.009   4358.0    442.7
     1     1    10     4     6     4     0     2   -20.0   45.106   98.083   4223.4    434.8
     1     1    10     4     6     3     0     3   -21.0   45.289   97.190   4261.0    458.7
     1     1    10     4     6     2     0     2   -22.0   45.484   96.311   4334.6    459.3
     1     1    10     4     6     1     0     1   -23.0   45.694   95.440   4442.1    457.4
     1     1    10     4     6     0     0     0   -24.0   45.918   94.591   4522.5    443.4
     1     1    10     4     5    23     0     1   -25.0   46.167   93.700   4484.8    427.8
     1     1    10     4     5    22     0     2   -26.0   46.414   92.792   4528.6    433.9
     1     1    10     4     5    21     0     3   -27.0   46.663   91.860   4488.2    424.4
     1     1    10     4     5    20     0     2   -28.0   46.929   90.865   4480.8    406.4
     1     1    10     4     5    19     0     1   -29.0   47.181   89.910   4707.4    433.7
     1     1    10     4     5    18     0     0   -30.0   47.399   89.044   4814.4    449.2
     1     1    10     4     5    17     0     1   -31.0   47.605   88.226   4850.8    457.5
     1     1    10     4     5    16     0     2   -32.0   47.812   87.461   4901.9    468.3
     1     1    10     4     5    15     0     3   -33.0   48.011   86.741   5011.9    484.2
     1     1    10     4     5    14     0     2   -34.0   48.199   86.026   5075.3    483.3
     1     1    10     4     5    13     0     1   -35.0   48.375   85.297   5101.3    476.7
     1     1    10     4     5    12     0     0   -36.0   48.523   84.577   5127.1    479.0
     1     1    10     4     5    11     0     1   -37.0   48.641   83.876   5172.8    486.4
     1     1    10     4     5    10     0     2   -38.0   48.745   83.196   5157.0    481.0
     1     1    10     4     5     9     0     3   -39.0   48.852   82.531   5140.1    479.3
     1     1    10     4     5     8     0     2   -40.0   48.969   81.878   5170.0    481.3
     1     1    10     4     5     7     0     1   -41.0   49.098   81.237   5227.5    482.2
     1     1    10     4     5     6     0     0   -42.0   49.239   80.609   5274.7    483.9
     1     1    10     4     5     5     0     1   -43.0   49.393   79.998   5313.6    485.4
     1     1    10     4     5     4     0     2   -44.0   49.555   79.400   5321.9    483.8
     1     1    10     4     5     3     0     3   -45.0   49.722   78.814   5318.2    484.3
     1     1    10     4     5     2     0     2   -46.0   49.886   78.242   5314.8    486.6
     1     1    10     4     5     1     0     1   -47.0   50.043   77.675   5306.9    484.9
     1     1    10     4     5     0     0     0   -48.0   50.195   77.116   5294.1    481.9
     1     1    10     4     4    23     0     1   -49.0   50.344   76.574   5307.0    483.4
     1     1    10     4     4    22     0     2   -50.0   50.490   76.054   5337.3    483.1
     1     1    10     4     4    21     0     3   -51.0   50.629   75.554   5374.0    481.8
     1     1    10     4     4    20     0     2   -52.0   50.766   75.079   5409.9    480.3
     1     1    10     4     4    19     0     1   -53.0   50.908   74.633   5450.1    479.1
     1     1    10     4     4    18     0     0   -54.0   51.056   74.207   5489.8    476.8
     1     1    10     4     4    17     0     1   -55.0   51.221   73.782   5521.6    474.7
     1     1    10     4     4    16     0     2   -56.0   51.406   73.345   5544.9    474.5
     1     1    10     4     4    15     0     3   -57.0   51.610   72.893   5573.9    475.4
     1     1    10     4     4    14     0     2   -58.0   51.815   72.432   5607.4    475.7
     1     1    10     4     4    13     0     1   -59.0   52.002   71.962   5627.2    474.4
     1     1    10     4     4    12     0     0   -60.0   52.173   71.486   5631.8    473.2
     1     1    10     4     4    11     0     1   -61.0   52.322   71.038   5630.5    472.8
     1     1    10     4     4    10     0     2   -62.0   52.444   70.638   5638.3    472.1
     1     1    10     4     4     9     0     3   -63.0   52.542   70.277   5647.9    470.7
     1     1    10     4     4     8     0     2   -64.0   52.638   69.950   5661.4    469.0
     1     1    10     4     4     7     0     1   -65.0   52.747   69.655   5684.5    467.3
     1     1    10     4     4     6     0     0   -66.0   52.870   69.387   5716.8    464.9
     1     1    10     4     4     5     0     1   -67.0   53.013   69.118   5753.1    461.7
     1     1    10     4     4     4     0     2   -68.0   53.183   68.831   5794.4    461.6
     1     1    10     4     4     3     0     3   -69.0   53.377   68.539   5826.7    462.5
     1     1    10     4     4     2     0     2   -70.0   53.578   68.252   5851.2    464.3
     1     1    10     4     4     1     0     1   -71.0   53.775   67.971   5876.5    465.5
     1     1    10     4     4     0     0     0   -72.0   53.968   67.686   5908.8    466.1
     1     1    10     4     3    23     0     1   -73.0   54.164   67.414   5940.6    464.1
     1     1    10     4     3    22     0     2   -74.0   54.373   67.177   5970.6    462.4
     1     1    10     4     3    21     0     3   -75.0   54.597   66.978   5996.2    461.2
     1     1    10     4     3    20     0     2   -76.0   54.832   66.795   6023.4    460.1
     1     1    10     4     3    19     0     1   -77.0   55.075   66.603   6059.9    457.5
     1     1    10     4     3    18     0     0   -78.0   55.323   66.399   6101.4    454.4
     1     1    10     4     3    17     0     1   -79.0   55.580   66.209   6141.9    451.7
     1     1    10     4     3    16     0     2   -80.0   55.856   66.056   6182.8    450.2
     1     1    10     4     3    15     0     3   -81.0   56.154   65.942   6234.8    448.1
     1     1    10     4     3    14     0     2   -82.0   56.473   65.835   6283.9    445.1
     1     1    10     4     3    13     0     1   -83.0   56.815   65.708   6312.7    444.1
     1     1    10     4     3    12     0     0   -84.0   57.189   65.574   6320.9    443.7
     1     1    10     4     3    11     0     1   -85.0   57.571   65.429   6331.8    443.6
     1     1    10     4     3    10     0     2   -86.0   57.933   65.263   6373.9    440.8
     1     1    10     4     3     9     0     3   -87.0   58.279   65.062   6438.4    435.7
     1     1    10     4     3     8     0     2   -88.0   58.623   64.815   6495.8    430.9
     1     1    10     4     3     7     0     1   -89.0   58.984   64.527   6551.7    428.5
     1     1    10     4     3     6     0     0   -90.0   59.367   64.198   6633.7    423.6
     1     1    10     4     3     5     0     1   -91.0   59.768   63.800   6716.9    416.3
     1     1    10     4     3     4     0     2   -92.0   60.180   63.321   6737.7    413.0
     1     1    10     4     3     3     0     3   -93.0   60.612   62.792   6670.4    417.5
     1     1    10     4     3     2     0     2   -94.0   61.063   62.229   6583.9    424.7
     1     1    10     4     3     1     0     1   -95.0   61.532   61.605   6584.6    428.1
     1     1    10     4     3     0     0     0   -96.0   62.023   60.883   6701.5    421.3
