     7     1
    GDAS    10     3    22     0     0
    GDAS    10     4     8     0     0
    GDAS    10     4    15     0     0
    GDAS    10     4    22     0     0
    GDAS    10     4    29     0     0
    GDAS    10     4     1     0     0
    GDAS    10     3    29     0     0
     1 BACKWARD OMEGA   
    10     4     9    12   39.977  116.381  2200.0
     1 PRESSURE
     1     1    10     4     9    12     0     0     0.0   39.977  116.381   1962.6    772.3
     1     1    10     4     9    11     0     1    -1.0   40.104  115.836   1998.2    737.6
     1     1    10     4     9    10     0     2    -2.0   40.209  115.223   1925.5    686.5
     1     1    10     4     9     9     0     3    -3.0   40.309  114.621   1704.2    697.6
     1     1    10     4     9     8     0     2    -4.0   40.415  114.030   1531.0    724.1
     1     1    10     4     9     7     0     1    -5.0   40.526  113.381   1498.1    714.0
     1     1    10     4     9     6     0     0    -6.0   40.664  112.640   1570.5    692.6
     1     1    10     4     9     5     0     1    -7.0   40.814  111.859   1615.4    681.0
     1     1    10     4     9     4     0     2    -8.0   40.951  111.057   1600.3    675.2
     1     1    10     4     9     3     0     3    -9.0   41.084  110.200   1696.1    677.2
     1     1    10     4     9     2     0     2   -10.0   41.223  109.262   1876.7    678.2
     1     1    10     4     9     1     0     1   -11.0   41.388  108.260   1887.1    693.4
     1     1    10     4     9     0     0     0   -12.0   41.599  107.152   1983.4    677.5
     1     1    10     4     8    23     0     1   -13.0   41.807  106.053   1962.8    691.5
     1     1    10     4     8    22     0     2   -14.0   42.025  105.028   1885.3    703.3
     1     1    10     4     8    21     0     3   -15.0   42.280  103.882   2114.4    663.2
     1     1    10     4     8    20     0     2   -16.0   42.523  102.738   2241.6    652.5
     1     1    10     4     8    19     0     1   -17.0   42.765  101.544   2323.4    633.0
     1     1    10     4     8    18     0     0   -18.0   42.984  100.184   2553.0    613.3
     1     1    10     4     8    17     0     1   -19.0   43.174   98.895   2717.2    608.9
     1     1    10     4     8    16     0     2   -20.0   43.368   97.702   2930.0    588.4
     1     1    10     4     8    15     0     3   -21.0   43.579   96.516   2947.7    597.5
     1     1    10     4     8    14     0     2   -22.0   43.803   95.329   2948.4    633.9
     1     1    10     4     8    13     0     1   -23.0   44.111   94.075   3207.3    593.2
     1     1    10     4     8    12     0     0   -24.0   44.408   92.692   3342.6    540.1
     1     1    10     4     8    11     0     1   -25.0   44.709   91.306   3650.4    536.6
     1     1    10     4     8    10     0     2   -26.0   45.046   89.951   3837.3    539.1
     1     1    10     4     8     9     0     3   -27.0   45.381   88.671   4021.0    551.6
     1     1    10     4     8     8     0     2   -28.0   45.666   87.464   4108.5    560.2
     1     1    10     4     8     7     0     1   -29.0   45.890   86.311   4034.4    579.8
     1     1    10     4     8     6     0     0   -30.0   46.081   85.222   3612.1    591.2
     1     1    10     4     8     5     0     1   -31.0   46.285   84.110   3470.7    559.2
     1     1    10     4     8     4     0     2   -32.0   46.500   82.961   3743.0    538.3
     1     1    10     4     8     3     0     3   -33.0   46.711   81.883   3794.5    560.6
     1     1    10     4     8     2     0     2   -34.0   46.914   80.890   3782.2    586.8
     1     1    10     4     8     1     0     1   -35.0   47.116   79.955   3751.5    603.1
     1     1    10     4     8     0     0     0   -36.0   47.330   79.071   3739.9    595.6
     1     1    10     4     7    23     0     1   -37.0   47.549   78.210   3768.6    584.5
     1     1    10     4     7    22     0     2   -38.0   47.773   77.357   3770.7    580.0
     1     1    10     4     7    21     0     3   -39.0   48.008   76.499   3759.7    578.4
     1     1    10     4     7    20     0     2   -40.0   48.234   75.680   3737.5    575.7
     1     1    10     4     7    19     0     1   -41.0   48.433   74.910   3713.1    570.6
     1     1    10     4     7    18     0     0   -42.0   48.616   74.175   3718.1    572.9
     1     1    10     4     7    17     0     1   -43.0   48.793   73.488   3737.3    576.2
     1     1    10     4     7    16     0     2   -44.0   48.975   72.861   3780.5    580.8
     1     1    10     4     7    15     0     3   -45.0   49.167   72.301   3843.7    583.4
     1     1    10     4     7    14     0     2   -46.0   49.373   71.798   3897.5    581.8
     1     1    10     4     7    13     0     1   -47.0   49.592   71.336   3918.9    583.0
     1     1    10     4     7    12     0     0   -48.0   49.829   70.916   3916.3    586.1
     1     1    10     4     7    11     0     1   -49.0   50.061   70.571   3912.9    591.2
     1     1    10     4     7    10     0     2   -50.0   50.263   70.301   3920.8    591.7
     1     1    10     4     7     9     0     3   -51.0   50.436   70.066   3933.6    591.1
     1     1    10     4     7     8     0     2   -52.0   50.593   69.841   3946.8    590.0
     1     1    10     4     7     7     0     1   -53.0   50.745   69.619   3962.3    588.7
     1     1    10     4     7     6     0     0   -54.0   50.894   69.394   3983.9    586.9
     1     1    10     4     7     5     0     1   -55.0   51.037   69.186   4003.8    584.4
     1     1    10     4     7     4     0     2   -56.0   51.178   69.014   4010.1    583.8
     1     1    10     4     7     3     0     3   -57.0   51.326   68.857   3999.1    584.8
     1     1    10     4     7     2     0     2   -58.0   51.480   68.710   3968.4    587.5
     1     1    10     4     7     1     0     1   -59.0   51.626   68.574   3926.6    591.7
     1     1    10     4     7     0     0     0   -60.0   51.758   68.425   3892.5    595.0
     1     1    10     4     6    23     0     1   -61.0   51.860   68.275   3871.5    596.2
     1     1    10     4     6    22     0     2   -62.0   51.916   68.157   3851.4    596.8
     1     1    10     4     6    21     0     3   -63.0   51.921   68.083   3819.1    598.8
     1     1    10     4     6    20     0     2   -64.0   51.895   68.060   3770.0    603.1
     1     1    10     4     6    19     0     1   -65.0   51.859   68.079   3702.5    608.9
     1     1    10     4     6    18     0     0   -66.0   51.813   68.136   3613.5    616.5
     1     1    10     4     6    17     0     1   -67.0   51.759   68.228   3501.2    626.0
     1     1    10     4     6    16     0     2   -68.0   51.697   68.350   3368.8    637.6
     1     1    10     4     6    15     0     3   -69.0   51.626   68.502   3225.5    650.5
     1     1    10     4     6    14     0     2   -70.0   51.526   68.679   3074.2    663.5
     1     1    10     4     6    13     0     1   -71.0   51.377   68.890   2919.8    677.5
     1     1    10     4     6    12     0     0   -72.0   51.167   69.150   2787.4    690.1
     1     1    10     4     6    11     0     1   -73.0   50.898   69.423   2654.6    698.7
     1     1    10     4     6    10     0     2   -74.0   50.599   69.647   2473.2    714.5
     1     1    10     4     6     9     0     3   -75.0   50.283   69.816   2271.7    737.2
     1     1    10     4     6     8     0     2   -76.0   49.954   69.974   2125.6    754.7
     1     1    10     4     6     7     0     1   -77.0   49.608   70.116   2055.6    755.4
     1     1    10     4     6     6     0     0   -78.0   49.243   70.233   2057.7    752.7
     1     1    10     4     6     5     0     1   -79.0   48.912   70.350   2096.8    741.6
     1     1    10     4     6     4     0     2   -80.0   48.655   70.486   2116.3    739.8
     1     1    10     4     6     3     0     3   -81.0   48.463   70.654   2112.6    740.8
     1     1    10     4     6     2     0     2   -82.0   48.309   70.827   2129.8    741.0
     1     1    10     4     6     1     0     1   -83.0   48.168   70.971   2157.0    736.6
     1     1    10     4     6     0     0     0   -84.0   48.037   71.102   2179.6    732.7
     1     1    10     4     5    23     0     1   -85.0   47.915   71.192   2200.8    730.3
     1     1    10     4     5    22     0     2   -86.0   47.807   71.211   2225.1    728.3
     1     1    10     4     5    21     0     3   -87.0   47.713   71.169   2251.5    727.0
     1     1    10     4     5    20     0     2   -88.0   47.634   71.092   2283.8    726.0
     1     1    10     4     5    19     0     1   -89.0   47.573   71.000   2327.3    723.7
     1     1    10     4     5    18     0     0   -90.0   47.530   70.899   2386.5    720.0
     1     1    10     4     5    17     0     1   -91.0   47.503   70.788   2457.8    713.9
     1     1    10     4     5    16     0     2   -92.0   47.491   70.670   2532.2    708.4
     1     1    10     4     5    15     0     3   -93.0   47.498   70.548   2607.7    702.8
     1     1    10     4     5    14     0     2   -94.0   47.520   70.420   2679.1    697.6
     1     1    10     4     5    13     0     1   -95.0   47.551   70.286   2746.0    693.3
     1     1    10     4     5    12     0     0   -96.0   47.591   70.148   2813.8    689.0
