     7     1
    GDAS    10     3    22     0     0
    GDAS    10     4     8     0     0
    GDAS    10     4    15     0     0
    GDAS    10     4    22     0     0
    GDAS    10     4    29     0     0
    GDAS    10     4     1     0     0
    GDAS    10     3    29     0     0
     1 BACKWARD OMEGA   
    10     4    25     6   39.977  116.381  1400.0
     1 PRESSURE
     1     1    10     4    25     6     0     0     0.0   39.977  116.381   1167.6    857.2
     1     1    10     4    25     5     0     1    -1.0   39.599  116.320    958.3    892.8
     1     1    10     4    25     4     0     2    -2.0   39.231  116.204    824.3    914.2
     1     1    10     4    25     3     0     3    -3.0   38.834  116.043    744.3    928.9
     1     1    10     4    25     2     0     2    -4.0   38.393  115.868    707.4    928.4
     1     1    10     4    25     1     0     1    -5.0   37.897  115.693    708.1    929.4
     1     1    10     4    25     0     0     0    -6.0   37.369  115.527    720.0    929.9
     1     1    10     4    24    23     0     1    -7.0   36.848  115.390    724.6    931.1
     1     1    10     4    24    22     0     2    -8.0   36.355  115.289    710.4    930.3
     1     1    10     4    24    21     0     3    -9.0   35.889  115.240    665.3    933.6
     1     1    10     4    24    20     0     2   -10.0   35.436  115.249    609.0    940.2
     1     1    10     4    24    19     0     1   -11.0   34.999  115.320    568.4    944.1
     1     1    10     4    24    18     0     0   -12.0   34.576  115.455    551.6    947.7
     1     1    10     4    24    17     0     1   -13.0   34.175  115.639    551.7    947.6
     1     1    10     4    24    16     0     2   -14.0   33.805  115.860    558.7    947.0
     1     1    10     4    24    15     0     3   -15.0   33.462  116.119    567.9    947.5
     1     1    10     4    24    14     0     2   -16.0   33.157  116.402    580.7    947.8
     1     1    10     4    24    13     0     1   -17.0   32.901  116.687    594.5    946.8
     1     1    10     4    24    12     0     0   -18.0   32.692  116.974    606.4    946.5
     1     1    10     4    24    11     0     1   -19.0   32.514  117.255    619.5    945.6
     1     1    10     4    24    10     0     2   -20.0   32.358  117.515    637.0    943.4
     1     1    10     4    24     9     0     3   -21.0   32.227  117.750    658.5    940.1
     1     1    10     4    24     8     0     2   -22.0   32.115  117.959    686.8    936.4
     1     1    10     4    24     7     0     1   -23.0   32.013  118.141    726.2    932.5
     1     1    10     4    24     6     0     0   -24.0   31.922  118.290    773.3    928.4
     1     1    10     4    24     5     0     1   -25.0   31.832  118.434    820.7    923.6
     1     1    10     4    24     4     0     2   -26.0   31.731  118.604    865.3    919.6
     1     1    10     4    24     3     0     3   -27.0   31.618  118.798    914.1    914.5
     1     1    10     4    24     2     0     2   -28.0   31.519  119.008    978.2    907.2
     1     1    10     4    24     1     0     1   -29.0   31.468  119.220   1055.1    897.6
     1     1    10     4    24     0     0     0   -30.0   31.472  119.434   1136.7    889.1
     1     1    10     4    23    23     0     1   -31.0   31.521  119.633   1210.0    879.7
     1     1    10     4    23    22     0     2   -32.0   31.602  119.801   1263.0    873.9
     1     1    10     4    23    21     0     3   -33.0   31.716  119.935   1296.7    870.3
     1     1    10     4    23    20     0     2   -34.0   31.851  120.034   1316.7    869.2
     1     1    10     4    23    19     0     1   -35.0   31.995  120.093   1328.4    868.8
     1     1    10     4    23    18     0     0   -36.0   32.144  120.115   1338.9    868.5
     1     1    10     4    23    17     0     1   -37.0   32.290  120.115   1352.1    867.0
     1     1    10     4    23    16     0     2   -38.0   32.432  120.101   1363.0    865.7
     1     1    10     4    23    15     0     3   -39.0   32.575  120.075   1367.0    865.1
     1     1    10     4    23    14     0     2   -40.0   32.720  120.030   1372.1    865.3
     1     1    10     4    23    13     0     1   -41.0   32.871  119.949   1384.8    863.3
     1     1    10     4    23    12     0     0   -42.0   33.026  119.830   1405.7    861.0
     1     1    10     4    23    11     0     1   -43.0   33.171  119.702   1449.7    857.5
     1     1    10     4    23    10     0     2   -44.0   33.300  119.587   1519.5    849.4
     1     1    10     4    23     9     0     3   -45.0   33.428  119.480   1608.2    839.5
     1     1    10     4    23     8     0     2   -46.0   33.561  119.368   1696.7    828.5
     1     1    10     4    23     7     0     1   -47.0   33.697  119.250   1763.8    821.6
     1     1    10     4    23     6     0     0   -48.0   33.828  119.133   1800.0    817.3
     1     1    10     4    23     5     0     1   -49.0   33.954  119.007   1804.2    817.4
     1     1    10     4    23     4     0     2   -50.0   34.085  118.861   1782.7    819.2
     1     1    10     4    23     3     0     3   -51.0   34.235  118.698   1741.9    822.8
     1     1    10     4    23     2     0     2   -52.0   34.396  118.526   1701.2    827.0
     1     1    10     4    23     1     0     1   -53.0   34.559  118.347   1674.1    827.6
     1     1    10     4    23     0     0     0   -54.0   34.720  118.161   1658.6    826.7
     1     1    10     4    22    23     0     1   -55.0   34.870  117.973   1630.6    824.3
     1     1    10     4    22    22     0     2   -56.0   35.011  117.781   1574.3    829.5
     1     1    10     4    22    21     0     3   -57.0   35.152  117.580   1508.3    835.5
     1     1    10     4    22    20     0     2   -58.0   35.298  117.381   1469.3    841.5
     1     1    10     4    22    19     0     1   -59.0   35.445  117.193   1479.8    840.8
     1     1    10     4    22    18     0     0   -60.0   35.584  117.011   1549.6    835.6
     1     1    10     4    22    17     0     1   -61.0   35.735  116.805   1645.9    822.2
     1     1    10     4    22    16     0     2   -62.0   35.926  116.576   1741.9    814.1
     1     1    10     4    22    15     0     3   -63.0   36.151  116.348   1829.5    805.7
     1     1    10     4    22    14     0     2   -64.0   36.393  116.094   1781.8    802.6
     1     1    10     4    22    13     0     1   -65.0   36.665  115.828   1563.2    833.9
     1     1    10     4    22    12     0     0   -66.0   36.996  115.577   1312.5    870.4
     1     1    10     4    22    11     0     1   -67.0   37.335  115.360   1138.4    896.0
     1     1    10     4    22    10     0     2   -68.0   37.611  115.123    996.8    904.6
     1     1    10     4    22     9     0     3   -69.0   37.843  114.802    827.3    911.0
     1     1    10     4    22     8     0     2   -70.0   38.065  114.403    797.6    897.7
     1     1    10     4    22     7     0     1   -71.0   38.307  113.951    981.5    830.7
     1     1    10     4    22     6     0     0   -72.0   38.577  113.445   1201.1    762.8
     1     1    10     4    22     5     0     1   -73.0   38.873  112.912   1339.4    730.1
     1     1    10     4    22     4     0     2   -74.0   39.168  112.395   1423.6    712.4
     1     1    10     4    22     3     0     3   -75.0   39.421  111.896   1459.2    709.8
     1     1    10     4    22     2     0     2   -76.0   39.654  111.431   1470.2    727.0
     1     1    10     4    22     1     0     1   -77.0   39.894  111.027   1453.1    745.3
     1     1    10     4    22     0     0     0   -78.0   40.149  110.669   1384.2    737.8
     1     1    10     4    21    23     0     1   -79.0   40.397  110.333   1296.2    734.6
     1     1    10     4    21    22     0     2   -80.0   40.609  109.962   1216.7    733.5
     1     1    10     4    21    21     0     3   -81.0   40.785  109.519   1114.9    749.5
     1     1    10     4    21    20     0     2   -82.0   40.941  109.051   1001.2    779.8
     1     1    10     4    21    19     0     1   -83.0   41.078  108.613    923.0    798.4
     1     1    10     4    21    18     0     0   -84.0   41.193  108.196    900.4    805.4
     1     1    10     4    21    17     0     1   -85.0   41.299  107.772    929.6    795.5
     1     1    10     4    21    16     0     2   -86.0   41.405  107.308   1010.4    777.1
     1     1    10     4    21    15     0     3   -87.0   41.499  106.794   1140.9    761.9
     1     1    10     4    21    14     0     2   -88.0   41.581  106.280   1259.2    753.6
     1     1    10     4    21    13     0     1   -89.0   41.660  105.789   1328.7    755.8
     1     1    10     4    21    12     0     0   -90.0   41.750  105.297   1374.3    752.7
     1     1    10     4    21    11     0     1   -91.0   41.860  104.796   1406.1    746.8
     1     1    10     4    21    10     0     2   -92.0   41.991  104.290   1454.0    741.6
     1     1    10     4    21     9     0     3   -93.0   42.143  103.797   1499.1    727.9
     1     1    10     4    21     8     0     2   -94.0   42.305  103.338   1494.0    724.6
     1     1    10     4    21     7     0     1   -95.0   42.468  102.917   1470.0    731.8
     1     1    10     4    21     6     0     0   -96.0   42.637  102.551   1489.6    726.6
