     5     1
    GDAS    10     3     1     0     0
    GDAS    10     3     8     0     0
    GDAS    10     3    15     0     0
    GDAS    10     3    22     0     0
    GDAS    10     3    29     0     0
     1 BACKWARD OMEGA   
    10     3    15     6   39.977  116.381  3000.0
     1 PRESSURE
     1     1    10     3    15     6     0     0     0.0   39.977  116.381   2760.8    694.1
     1     1    10     3    15     5     0     1    -1.0   40.544  115.764   3104.4    601.3
     1     1    10     3    15     4     0     2    -2.0   41.040  114.917   3478.4    540.5
     1     1    10     3    15     3     0     3    -3.0   41.427  113.934   3729.6    513.3
     1     1    10     3    15     2     0     2    -4.0   41.805  112.969   3863.3    502.0
     1     1    10     3    15     1     0     1    -5.0   42.210  112.031   4056.1    496.3
     1     1    10     3    15     0     0     0    -6.0   42.609  111.155   4240.2    497.5
     1     1    10     3    14    23     0     1    -7.0   42.989  110.331   4318.0    493.9
     1     1    10     3    14    22     0     2    -8.0   43.370  109.545   4425.4    491.7
     1     1    10     3    14    21     0     3    -9.0   43.757  108.830   4643.2    481.4
     1     1    10     3    14    20     0     2   -10.0   44.147  108.179   4712.7    465.7
     1     1    10     3    14    19     0     1   -11.0   44.559  107.587   4734.6    468.0
     1     1    10     3    14    18     0     0   -12.0   45.056  107.019   4913.9    457.7
     1     1    10     3    14    17     0     1   -13.0   45.574  106.446   5095.6    423.4
     1     1    10     3    14    16     0     2   -14.0   46.044  105.894   5226.5    409.4
     1     1    10     3    14    15     0     3   -15.0   46.512  105.390   5345.7    403.0
     1     1    10     3    14    14     0     2   -16.0   46.972  104.976   5432.9    398.3
     1     1    10     3    14    13     0     1   -17.0   47.411  104.663   5526.5    398.0
     1     1    10     3    14    12     0     0   -18.0   47.842  104.436   5664.1    396.9
     1     1    10     3    14    11     0     1   -19.0   48.261  104.256   5771.9    391.4
     1     1    10     3    14    10     0     2   -20.0   48.666  104.068   5823.7    385.1
     1     1    10     3    14     9     0     3   -21.0   49.061  103.891   5848.9    379.0
     1     1    10     3    14     8     0     2   -22.0   49.436  103.730   5871.2    375.2
     1     1    10     3    14     7     0     1   -23.0   49.786  103.593   5904.2    371.3
     1     1    10     3    14     6     0     0   -24.0   50.131  103.503   5951.9    365.4
     1     1    10     3    14     5     0     1   -25.0   50.467  103.446   6004.3    355.4
     1     1    10     3    14     4     0     2   -26.0   50.781  103.398   6072.6    345.6
     1     1    10     3    14     3     0     3   -27.0   51.064  103.350   6178.1    337.9
     1     1    10     3    14     2     0     2   -28.0   51.304  103.274   6331.3    338.5
     1     1    10     3    14     1     0     1   -29.0   51.494  103.152   6439.5    339.2
     1     1    10     3    14     0     0     0   -30.0   51.638  102.989   6501.6    338.6
     1     1    10     3    13    23     0     1   -31.0   51.754  102.817   6523.9    337.7
     1     1    10     3    13    22     0     2   -32.0   51.856  102.662   6523.1    336.7
     1     1    10     3    13    21     0     3   -33.0   51.937  102.527   6510.2    335.0
     1     1    10     3    13    20     0     2   -34.0   51.995  102.374   6489.9    332.2
     1     1    10     3    13    19     0     1   -35.0   52.033  102.163   6472.6    327.4
     1     1    10     3    13    18     0     0   -36.0   52.049  101.891   6462.1    320.7
     1     1    10     3    13    17     0     1   -37.0   52.040  101.557   6452.9    313.2
     1     1    10     3    13    16     0     2   -38.0   52.019  101.166   6439.9    305.2
     1     1    10     3    13    15     0     3   -39.0   51.998  100.731   6459.4    299.8
     1     1    10     3    13    14     0     2   -40.0   51.958  100.290   6475.5    298.9
     1     1    10     3    13    13     0     1   -41.0   51.890   99.853   6456.1    301.0
     1     1    10     3    13    12     0     0   -42.0   51.816   99.398   6440.2    301.3
     1     1    10     3    13    11     0     1   -43.0   51.737   98.881   6475.1    299.3
     1     1    10     3    13    10     0     2   -44.0   51.642   98.317   6561.2    302.7
     1     1    10     3    13     9     0     3   -45.0   51.527   97.752   6615.1    309.3
     1     1    10     3    13     8     0     2   -46.0   51.399   97.120   6641.0    319.7
     1     1    10     3    13     7     0     1   -47.0   51.279   96.380   6578.6    327.9
     1     1    10     3    13     6     0     0   -48.0   51.190   95.566   6538.5    335.0
     1     1    10     3    13     5     0     1   -49.0   51.058   94.683   6531.1    339.5
     1     1    10     3    13     4     0     2   -50.0   50.807   93.711   6543.1    332.2
     1     1    10     3    13     3     0     3   -51.0   50.467   92.811   6595.3    337.6
     1     1    10     3    13     2     0     2   -52.0   50.120   91.987   6471.5    338.5
     1     1    10     3    13     1     0     1   -53.0   49.832   91.012   6139.2    323.0
     1     1    10     3    13     0     0     0   -54.0   49.582   89.750   6024.6    315.2
     1     1    10     3    12    23     0     1   -55.0   49.320   88.367   5844.0    314.7
     1     1    10     3    12    22     0     2   -56.0   49.062   86.953   5905.7    324.6
     1     1    10     3    12    21     0     3   -57.0   48.863   85.546   6073.7    356.9
     1     1    10     3    12    20     0     2   -58.0   48.672   84.135   6301.6    389.3
     1     1    10     3    12    19     0     1   -59.0   48.480   82.792   6217.7    398.2
     1     1    10     3    12    18     0     0   -60.0   48.331   81.498   6066.1    397.7
     1     1    10     3    12    17     0     1   -61.0   48.243   80.178   6048.9    402.8
     1     1    10     3    12    16     0     2   -62.0   48.222   78.846   6014.0    406.3
     1     1    10     3    12    15     0     3   -63.0   48.262   77.523   5979.9    406.0
     1     1    10     3    12    14     0     2   -64.0   48.372   76.256   5962.4    404.1
     1     1    10     3    12    13     0     1   -65.0   48.534   75.002   5947.4    400.0
     1     1    10     3    12    12     0     0   -66.0   48.752   73.748   6022.1    399.5
     1     1    10     3    12    11     0     1   -67.0   49.067   72.584   6134.8    402.6
     1     1    10     3    12    10     0     2   -68.0   49.457   71.515   6234.6    403.7
     1     1    10     3    12     9     0     3   -69.0   49.858   70.542   6309.5    403.5
     1     1    10     3    12     8     0     2   -70.0   50.220   69.650   6362.5    402.6
     1     1    10     3    12     7     0     1   -71.0   50.586   68.791   6399.7    400.0
     1     1    10     3    12     6     0     0   -72.0   50.974   68.001   6464.0    397.1
     1     1    10     3    12     5     0     1   -73.0   51.322   67.268   6520.4    393.6
     1     1    10     3    12     4     0     2   -74.0   51.636   66.573   6561.6    391.4
     1     1    10     3    12     3     0     3   -75.0   51.943   65.929   6605.4    390.3
     1     1    10     3    12     2     0     2   -76.0   52.219   65.327   6644.3    389.0
     1     1    10     3    12     1     0     1   -77.0   52.446   64.755   6676.6    387.8
     1     1    10     3    12     0     0     0   -78.0   52.626   64.238   6701.3    386.5
     1     1    10     3    11    23     0     1   -79.0   52.759   63.760   6716.4    385.1
     1     1    10     3    11    22     0     2   -80.0   52.854   63.299   6723.0    384.1
     1     1    10     3    11    21     0     3   -81.0   52.912   62.867   6727.0    383.5
     1     1    10     3    11    20     0     2   -82.0   52.941   62.439   6724.9    382.9
     1     1    10     3    11    19     0     1   -83.0   52.954   61.987   6709.6    382.9
     1     1    10     3    11    18     0     0   -84.0   52.955   61.517   6674.8    383.3
     1     1    10     3    11    17     0     1   -85.0   52.934   61.014   6631.8    384.8
     1     1    10     3    11    16     0     2   -86.0   52.879   60.465   6590.1    385.2
     1     1    10     3    11    15     0     3   -87.0   52.780   59.875   6565.7    384.8
     1     1    10     3    11    14     0     2   -88.0   52.669   59.204   6545.0    385.2
     1     1    10     3    11    13     0     1   -89.0   52.595   58.429   6462.8    384.6
     1     1    10     3    11    12     0     0   -90.0   52.548   57.597   6347.1    391.2
     1     1    10     3    11    11     0     1   -91.0   52.535   56.710   6300.2    402.4
     1     1    10     3    11    10     0     2   -92.0   52.559   55.702   6302.6    412.1
     1     1    10     3    11     9     0     3   -93.0   52.583   54.553   6245.7    415.9
     1     1    10     3    11     8     0     2   -94.0   52.702   53.304   6192.2    423.1
     1     1    10     3    11     7     0     1   -95.0   52.967   51.970   6123.7    429.4
     1     1    10     3    11     6     0     0   -96.0   53.362   50.557   6011.5    438.2
