     7     1
    GDAS    10     3    22     0     0
    GDAS    10     4     8     0     0
    GDAS    10     4    15     0     0
    GDAS    10     4    22     0     0
    GDAS    10     4    29     0     0
    GDAS    10     4     1     0     0
    GDAS    10     3    29     0     0
     1 BACKWARD OMEGA   
    10     4     4     6   39.977  116.381  3000.0
     1 PRESSURE
     1     1    10     4     4     6     0     0     0.0   39.977  116.381   2763.5    698.4
     1     1    10     4     4     5     0     1    -1.0   40.072  115.973   2873.7    665.8
     1     1    10     4     4     4     0     2    -2.0   40.179  115.468   2850.6    629.8
     1     1    10     4     4     3     0     3    -3.0   40.302  114.856   2791.4    608.8
     1     1    10     4     4     2     0     2    -4.0   40.433  114.193   2827.0    609.4
     1     1    10     4     4     1     0     1    -5.0   40.563  113.507   2887.0    591.9
     1     1    10     4     4     0     0     0    -6.0   40.706  112.802   2924.8    576.6
     1     1    10     4     3    23     0     1    -7.0   40.836  112.107   2918.5    571.4
     1     1    10     4     3    22     0     2    -8.0   40.938  111.479   2835.7    574.8
     1     1    10     4     3    21     0     3    -9.0   41.038  110.940   2711.4    582.3
     1     1    10     4     3    20     0     2   -10.0   41.156  110.471   2630.7    600.8
     1     1    10     4     3    19     0     1   -11.0   41.295  110.010   2635.0    605.4
     1     1    10     4     3    18     0     0   -12.0   41.454  109.545   2681.7    607.3
     1     1    10     4     3    17     0     1   -13.0   41.628  109.072   2691.7    608.2
     1     1    10     4     3    16     0     2   -14.0   41.819  108.572   2655.7    611.5
     1     1    10     4     3    15     0     3   -15.0   42.035  108.037   2604.7    614.3
     1     1    10     4     3    14     0     2   -16.0   42.220  107.465   2611.2    629.8
     1     1    10     4     3    13     0     1   -17.0   42.344  106.887   2664.8    629.4
     1     1    10     4     3    12     0     0   -18.0   42.435  106.355   2686.6    626.4
     1     1    10     4     3    11     0     1   -19.0   42.517  105.875   2647.3    628.6
     1     1    10     4     3    10     0     2   -20.0   42.611  105.398   2610.5    621.2
     1     1    10     4     3     9     0     3   -21.0   42.713  104.888   2629.4    606.4
     1     1    10     4     3     8     0     2   -22.0   42.833  104.345   2686.0    599.4
     1     1    10     4     3     7     0     1   -23.0   42.986  103.776   2746.8    595.8
     1     1    10     4     3     6     0     0   -24.0   43.177  103.187   2809.9    594.6
     1     1    10     4     3     5     0     1   -25.0   43.386  102.580   2831.9    588.9
     1     1    10     4     3     4     0     2   -26.0   43.584  101.982   2831.0    597.9
     1     1    10     4     3     3     0     3   -27.0   43.763  101.397   2827.9    606.8
     1     1    10     4     3     2     0     2   -28.0   43.931  100.824   2867.8    613.7
     1     1    10     4     3     1     0     1   -29.0   44.099  100.218   2933.7    593.1
     1     1    10     4     3     0     0     0   -30.0   44.256   99.546   2953.0    574.7
     1     1    10     4     2    23     0     1   -31.0   44.406   98.833   2887.5    567.8
     1     1    10     4     2    22     0     2   -32.0   44.554   98.075   2804.9    557.7
     1     1    10     4     2    21     0     3   -33.0   44.697   97.300   2813.8    567.2
     1     1    10     4     2    20     0     2   -34.0   44.845   96.564   2846.6    572.2
     1     1    10     4     2    19     0     1   -35.0   45.006   95.849   2864.4    569.9
     1     1    10     4     2    18     0     0   -36.0   45.168   95.128   2900.6    557.9
     1     1    10     4     2    17     0     1   -37.0   45.332   94.411   2938.2    554.8
     1     1    10     4     2    16     0     2   -38.0   45.508   93.711   2910.7    551.3
     1     1    10     4     2    15     0     3   -39.0   45.692   92.997   2900.8    555.0
     1     1    10     4     2    14     0     2   -40.0   45.886   92.278   2977.5    568.8
     1     1    10     4     2    13     0     1   -41.0   46.077   91.572   3074.8    571.1
     1     1    10     4     2    12     0     0   -42.0   46.245   90.869   3139.0    560.6
     1     1    10     4     2    11     0     1   -43.0   46.387   90.181   3203.9    562.3
     1     1    10     4     2    10     0     2   -44.0   46.501   89.544   3254.1    578.6
     1     1    10     4     2     9     0     3   -45.0   46.579   88.976   3273.1    599.7
     1     1    10     4     2     8     0     2   -46.0   46.642   88.489   3254.1    615.9
     1     1    10     4     2     7     0     1   -47.0   46.706   88.072   3243.8    627.7
     1     1    10     4     2     6     0     0   -48.0   46.764   87.702   3222.3    628.4
     1     1    10     4     2     5     0     1   -49.0   46.819   87.358   3201.1    624.7
     1     1    10     4     2     4     0     2   -50.0   46.880   87.036   3182.5    620.1
     1     1    10     4     2     3     0     3   -51.0   46.952   86.725   3133.7    601.8
     1     1    10     4     2     2     0     2   -52.0   47.035   86.408   3081.7    583.0
     1     1    10     4     2     1     0     1   -53.0   47.129   86.075   3058.6    570.3
     1     1    10     4     2     0     0     0   -54.0   47.230   85.731   3068.6    572.2
     1     1    10     4     1    23     0     1   -55.0   47.332   85.392   3071.6    580.7
     1     1    10     4     1    22     0     2   -56.0   47.437   85.078   3057.0    593.7
     1     1    10     4     1    21     0     3   -57.0   47.545   84.802   3048.3    612.4
     1     1    10     4     1    20     0     2   -58.0   47.649   84.571   3046.8    627.6
     1     1    10     4     1    19     0     1   -59.0   47.744   84.383   3048.6    639.0
     1     1    10     4     1    18     0     0   -60.0   47.833   84.232   3052.2    647.6
     1     1    10     4     1    17     0     1   -61.0   47.925   84.115   3061.2    655.4
     1     1    10     4     1    16     0     2   -62.0   48.029   84.031   3076.8    659.6
     1     1    10     4     1    15     0     3   -63.0   48.145   83.963   3092.7    655.9
     1     1    10     4     1    14     0     2   -64.0   48.270   83.887   3112.3    651.0
     1     1    10     4     1    13     0     1   -65.0   48.401   83.792   3127.1    646.6
     1     1    10     4     1    12     0     0   -66.0   48.540   83.682   3138.1    641.9
     1     1    10     4     1    11     0     1   -67.0   48.672   83.565   3156.2    636.8
     1     1    10     4     1    10     0     2   -68.0   48.783   83.449   3188.1    629.6
     1     1    10     4     1     9     0     3   -69.0   48.873   83.332   3228.2    622.1
     1     1    10     4     1     8     0     2   -70.0   48.960   83.216   3276.7    614.5
     1     1    10     4     1     7     0     1   -71.0   49.063   83.100   3341.6    607.3
     1     1    10     4     1     6     0     0   -72.0   49.184   82.976   3421.0    602.0
     1     1    10     4     1     5     0     1   -73.0   49.325   82.829   3503.8    599.2
     1     1    10     4     1     4     0     2   -74.0   49.486   82.651   3581.2    599.1
     1     1    10     4     1     3     0     3   -75.0   49.665   82.450   3656.0    601.1
     1     1    10     4     1     2     0     2   -76.0   49.852   82.233   3725.8    605.1
     1     1    10     4     1     1     0     1   -77.0   50.043   82.005   3786.3    610.4
     1     1    10     4     1     0     0     0   -78.0   50.240   81.757   3817.6    606.4
     1     1    10     3    31    23     0     1   -79.0   50.450   81.481   3843.8    604.2
     1     1    10     3    31    22     0     2   -80.0   50.674   81.186   3864.4    604.5
     1     1    10     3    31    21     0     3   -81.0   50.906   80.869   3880.7    606.6
     1     1    10     3    31    20     0     2   -82.0   51.143   80.528   3897.3    607.8
     1     1    10     3    31    19     0     1   -83.0   51.387   80.165   3917.8    608.3
     1     1    10     3    31    18     0     0   -84.0   51.636   79.780   3932.0    609.6
     1     1    10     3    31    17     0     1   -85.0   51.893   79.357   3936.6    612.2
     1     1    10     3    31    16     0     2   -86.0   52.164   78.870   3942.8    614.2
     1     1    10     3    31    15     0     3   -87.0   52.445   78.314   3958.9    613.9
     1     1    10     3    31    14     0     2   -88.0   52.720   77.694   3976.2    612.5
     1     1    10     3    31    13     0     1   -89.0   52.973   77.022   3980.6    612.8
     1     1    10     3    31    12     0     0   -90.0   53.200   76.305   3968.8    613.7
     1     1    10     3    31    11     0     1   -91.0   53.390   75.577   3945.8    616.5
     1     1    10     3    31    10     0     2   -92.0   53.543   74.879   3919.5    619.8
     1     1    10     3    31     9     0     3   -93.0   53.671   74.213   3890.1    622.1
     1     1    10     3    31     8     0     2   -94.0   53.786   73.557   3859.4    623.7
     1     1    10     3    31     7     0     1   -95.0   53.899   72.893   3830.4    626.4
     1     1    10     3    31     6     0     0   -96.0   54.010   72.220   3802.9    630.1
