     7     1
    GDAS    10     3    22     0     0
    GDAS    10     4     8     0     0
    GDAS    10     4    15     0     0
    GDAS    10     4    22     0     0
    GDAS    10     4    29     0     0
    GDAS    10     4     1     0     0
    GDAS    10     3    29     0     0
     1 BACKWARD OMEGA   
    10     4    13    18   39.977  116.381  4400.0
     1 PRESSURE
     1     1    10     4    13    18     0     0     0.0   39.977  116.381   4160.1    582.3
     1     1    10     4    13    17     0     1    -1.0   40.413  115.606   4118.2    534.6
     1     1    10     4    13    16     0     2    -2.0   40.881  114.610   4174.7    501.4
     1     1    10     4    13    15     0     3    -3.0   41.407  113.489   4374.6    477.8
     1     1    10     4    13    14     0     2    -4.0   41.944  112.285   4550.0    468.5
     1     1    10     4    13    13     0     1    -5.0   42.475  111.092   4762.3    472.5
     1     1    10     4    13    12     0     0    -6.0   43.035  109.925   4932.0    462.4
     1     1    10     4    13    11     0     1    -7.0   43.606  108.758   5119.8    459.4
     1     1    10     4    13    10     0     2    -8.0   44.175  107.528   5279.7    440.0
     1     1    10     4    13     9     0     3    -9.0   44.771  106.181   5465.2    419.5
     1     1    10     4    13     8     0     2   -10.0   45.371  104.757   5603.7    408.4
     1     1    10     4    13     7     0     1   -11.0   45.938  103.241   5641.3    389.6
     1     1    10     4    13     6     0     0   -12.0   46.472  101.525   5542.9    363.9
     1     1    10     4    13     5     0     1   -13.0   46.946   99.622   5577.8    348.0
     1     1    10     4    13     4     0     2   -14.0   47.306   97.698   5699.4    342.5
     1     1    10     4    13     3     0     3   -15.0   47.611   95.902   5950.6    354.2
     1     1    10     4    13     2     0     2   -16.0   47.888   94.224   6253.4    364.3
     1     1    10     4    13     1     0     1   -17.0   48.117   92.618   6438.4    360.7
     1     1    10     4    13     0     0     0   -18.0   48.282   90.970   6244.4    327.7
     1     1    10     4    12    23     0     1   -19.0   48.272   89.184   6264.8    314.8
     1     1    10     4    12    22     0     2   -20.0   48.204   87.468   6628.9    344.8
     1     1    10     4    12    21     0     3   -21.0   48.151   85.812   7020.8    370.6
     1     1    10     4    12    20     0     2   -22.0   48.020   84.145   7303.0    367.1
     1     1    10     4    12    19     0     1   -23.0   47.738   82.565   7279.0    353.3
     1     1    10     4    12    18     0     0   -24.0   47.361   81.053   7299.5    354.0
     1     1    10     4    12    17     0     1   -25.0   46.876   79.547   7408.4    364.7
     1     1    10     4    12    16     0     2   -26.0   46.275   78.142   7431.5    360.8
     1     1    10     4    12    15     0     3   -27.0   45.585   76.836   7405.7    366.9
     1     1    10     4    12    14     0     2   -28.0   44.830   75.690   7210.4    375.1
     1     1    10     4    12    13     0     1   -29.0   44.108   74.638   6929.0    375.0
     1     1    10     4    12    12     0     0   -30.0   43.355   73.685   6978.8    377.9
     1     1    10     4    12    11     0     1   -31.0   42.650   72.843   6769.8    345.0
     1     1    10     4    12    10     0     2   -32.0   42.105   71.994   6239.0    322.6
     1     1    10     4    12     9     0     3   -33.0   41.669   71.201   6020.0    339.4
     1     1    10     4    12     8     0     2   -34.0   41.280   70.386   6084.8    370.3
     1     1    10     4    12     7     0     1   -35.0   40.882   69.571   6203.8    400.7
     1     1    10     4    12     6     0     0   -36.0   40.523   68.738   6411.5    418.3
     1     1    10     4    12     5     0     1   -37.0   40.248   67.875   6423.8    412.2
     1     1    10     4    12     4     0     2   -38.0   40.076   66.996   6385.7    406.0
     1     1    10     4    12     3     0     3   -39.0   39.968   66.132   6442.1    408.4
     1     1    10     4    12     2     0     2   -40.0   39.896   65.243   6589.7    416.0
     1     1    10     4    12     1     0     1   -41.0   39.865   64.307   6678.9    417.5
     1     1    10     4    12     0     0     0   -42.0   39.861   63.382   6696.4    419.7
     1     1    10     4    11    23     0     1   -43.0   39.873   62.444   6699.5    420.4
     1     1    10     4    11    22     0     2   -44.0   39.887   61.457   6724.6    417.7
     1     1    10     4    11    21     0     3   -45.0   39.879   60.459   6757.4    416.7
     1     1    10     4    11    20     0     2   -46.0   39.873   59.450   6786.2    415.2
     1     1    10     4    11    19     0     1   -47.0   39.907   58.422   6760.8    420.1
     1     1    10     4    11    18     0     0   -48.0   39.960   57.430   6728.8    424.5
     1     1    10     4    11    17     0     1   -49.0   40.047   56.430   6786.0    418.2
     1     1    10     4    11    16     0     2   -50.0   40.170   55.365   6840.5    411.4
     1     1    10     4    11    15     0     3   -51.0   40.305   54.230   6840.7    410.8
     1     1    10     4    11    14     0     2   -52.0   40.460   53.045   6941.4    416.1
     1     1    10     4    11    13     0     1   -53.0   40.643   51.833   7029.4    410.1
     1     1    10     4    11    12     0     0   -54.0   40.809   50.582   7136.1    403.5
     1     1    10     4    11    11     0     1   -55.0   40.968   49.301   7047.1    381.0
     1     1    10     4    11    10     0     2   -56.0   41.143   47.910   6748.9    345.3
     1     1    10     4    11     9     0     3   -57.0   41.276   46.559   6961.2    365.2
     1     1    10     4    11     8     0     2   -58.0   41.386   45.226   6931.1    354.3
     1     1    10     4    11     7     0     1   -59.0   41.466   43.815   6845.9    332.0
     1     1    10     4    11     6     0     0   -60.0   41.522   42.482   6956.8    344.2
     1     1    10     4    11     5     0     1   -61.0   41.558   41.292   7216.0    358.8
     1     1    10     4    11     4     0     2   -62.0   41.571   40.235   7331.8    370.4
     1     1    10     4    11     3     0     3   -63.0   41.593   39.264   7365.8    374.3
     1     1    10     4    11     2     0     2   -64.0   41.615   38.343   7381.0    375.6
     1     1    10     4    11     1     0     1   -65.0   41.620   37.461   7384.3    376.5
     1     1    10     4    11     0     0     0   -66.0   41.632   36.632   7361.4    376.0
     1     1    10     4    10    23     0     1   -67.0   41.656   35.862   7329.3    372.9
     1     1    10     4    10    22     0     2   -68.0   41.685   35.148   7317.8    368.5
     1     1    10     4    10    21     0     3   -69.0   41.716   34.476   7301.8    360.7
     1     1    10     4    10    20     0     2   -70.0   41.743   33.827   7310.0    354.3
     1     1    10     4    10    19     0     1   -71.0   41.777   33.193   7384.6    358.9
     1     1    10     4    10    18     0     0   -72.0   41.834   32.582   7466.2    365.6
     1     1    10     4    10    17     0     1   -73.0   41.912   31.996   7560.5    371.4
     1     1    10     4    10    16     0     2   -74.0   42.013   31.439   7617.8    371.8
     1     1    10     4    10    15     0     3   -75.0   42.148   30.911   7646.3    369.9
     1     1    10     4    10    14     0     2   -76.0   42.303   30.407   7688.6    368.8
     1     1    10     4    10    13     0     1   -77.0   42.471   29.912   7762.1    365.4
     1     1    10     4    10    12     0     0   -78.0   42.653   29.413   7874.7    360.7
     1     1    10     4    10    11     0     1   -79.0   42.847   28.887   7993.2    352.7
     1     1    10     4    10    10     0     2   -80.0   43.056   28.337   8084.4    346.7
     1     1    10     4    10     9     0     3   -81.0   43.268   27.791   8122.9    341.0
     1     1    10     4    10     8     0     2   -82.0   43.475   27.278   8121.4    337.6
     1     1    10     4    10     7     0     1   -83.0   43.688   26.809   8130.9    337.6
     1     1    10     4    10     6     0     0   -84.0   43.929   26.372   8183.5    337.9
     1     1    10     4    10     5     0     1   -85.0   44.204   25.947   8251.0    332.9
     1     1    10     4    10     4     0     2   -86.0   44.511   25.516   8313.5    323.6
     1     1    10     4    10     3     0     3   -87.0   44.851   25.050   8379.2    311.5
     1     1    10     4    10     2     0     2   -88.0   45.189   24.543   8511.4    302.4
     1     1    10     4    10     1     0     1   -89.0   45.503   24.026   8634.6    297.6
     1     1    10     4    10     0     0     0   -90.0   45.804   23.507   8668.4    293.8
     1     1    10     4     9    23     0     1   -91.0   46.085   22.958   8656.5    294.4
     1     1    10     4     9    22     0     2   -92.0   46.354   22.381   8733.5    303.4
     1     1    10     4     9    21     0     3   -93.0   46.639   21.774   8839.7    308.7
     1     1    10     4     9    20     0     2   -94.0   46.930   21.093   8929.8    306.1
     1     1    10     4     9    19     0     1   -95.0   47.218   20.360   8977.9    303.4
     1     1    10     4     9    18     0     0   -96.0   47.494   19.611   8969.1    301.6
