     7     1
    GDAS    10     3    22     0     0
    GDAS    10     4     8     0     0
    GDAS    10     4    15     0     0
    GDAS    10     4    22     0     0
    GDAS    10     4    29     0     0
    GDAS    10     4     1     0     0
    GDAS    10     3    29     0     0
     1 BACKWARD OMEGA   
    10     4    13     6   39.977  116.381  4800.0
     1 PRESSURE
     1     1    10     4    13     6     0     0     0.0   39.977  116.381   4556.3    547.1
     1     1    10     4    13     5     0     1    -1.0   40.698  115.045   4599.8    472.4
     1     1    10     4    13     4     0     2    -2.0   41.553  113.347   4896.0    437.4
     1     1    10     4    13     3     0     3    -3.0   42.448  111.714   5149.0    436.7
     1     1    10     4    13     2     0     2    -4.0   43.311  110.264   5380.3    433.1
     1     1    10     4    13     1     0     1    -5.0   44.141  108.868   5568.5    429.3
     1     1    10     4    13     0     0     0    -6.0   44.974  107.421   5617.4    416.4
     1     1    10     4    12    23     0     1    -7.0   45.823  105.927   5669.9    393.5
     1     1    10     4    12    22     0     2    -8.0   46.663  104.451   5776.0    381.2
     1     1    10     4    12    21     0     3    -9.0   47.473  102.988   5851.0    372.0
     1     1    10     4    12    20     0     2   -10.0   48.225  101.533   5875.6    366.5
     1     1    10     4    12    19     0     1   -11.0   48.981  100.084   5931.5    357.1
     1     1    10     4    12    18     0     0   -12.0   49.721   98.572   6000.9    342.6
     1     1    10     4    12    17     0     1   -13.0   50.392   96.965   6062.9    345.7
     1     1    10     4    12    16     0     2   -14.0   51.026   95.459   6262.8    367.1
     1     1    10     4    12    15     0     3   -15.0   51.639   94.054   6416.1    363.5
     1     1    10     4    12    14     0     2   -16.0   52.226   92.685   6569.5    359.8
     1     1    10     4    12    13     0     1   -17.0   52.763   91.319   6773.4    364.6
     1     1    10     4    12    12     0     0   -18.0   53.258   90.003   6920.2    360.5
     1     1    10     4    12    11     0     1   -19.0   53.729   88.651   6986.7    355.2
     1     1    10     4    12    10     0     2   -20.0   54.163   87.360   7206.2    366.3
     1     1    10     4    12     9     0     3   -21.0   54.570   86.116   7319.5    363.4
     1     1    10     4    12     8     0     2   -22.0   54.955   84.926   7390.1    364.2
     1     1    10     4    12     7     0     1   -23.0   55.317   83.782   7454.1    362.5
     1     1    10     4    12     6     0     0   -24.0   55.671   82.687   7526.2    361.7
     1     1    10     4    12     5     0     1   -25.0   56.017   81.616   7581.2    357.3
     1     1    10     4    12     4     0     2   -26.0   56.349   80.563   7630.2    355.3
     1     1    10     4    12     3     0     3   -27.0   56.666   79.552   7654.2    353.7
     1     1    10     4    12     2     0     2   -28.0   56.951   78.565   7664.6    353.6
     1     1    10     4    12     1     0     1   -29.0   57.207   77.583   7689.3    353.4
     1     1    10     4    12     0     0     0   -30.0   57.448   76.616   7730.9    351.3
     1     1    10     4    11    23     0     1   -31.0   57.662   75.657   7774.2    348.8
     1     1    10     4    11    22     0     2   -32.0   57.851   74.684   7797.5    347.8
     1     1    10     4    11    21     0     3   -33.0   58.027   73.688   7796.6    348.4
     1     1    10     4    11    20     0     2   -34.0   58.175   72.694   7787.6    350.0
     1     1    10     4    11    19     0     1   -35.0   58.311   71.718   7789.9    349.7
     1     1    10     4    11    18     0     0   -36.0   58.443   70.750   7822.1    348.8
     1     1    10     4    11    17     0     1   -37.0   58.562   69.778   7845.9    348.1
     1     1    10     4    11    16     0     2   -38.0   58.684   68.816   7858.9    349.2
     1     1    10     4    11    15     0     3   -39.0   58.815   67.877   7860.3    349.6
     1     1    10     4    11    14     0     2   -40.0   58.928   66.937   7856.4    349.7
     1     1    10     4    11    13     0     1   -41.0   59.036   65.963   7831.7    349.4
     1     1    10     4    11    12     0     0   -42.0   59.152   64.960   7793.8    351.7
     1     1    10     4    11    11     0     1   -43.0   59.258   63.946   7740.7    354.4
     1     1    10     4    11    10     0     2   -44.0   59.366   62.920   7679.4    356.6
     1     1    10     4    11     9     0     3   -45.0   59.472   61.872   7608.8    360.7
     1     1    10     4    11     8     0     2   -46.0   59.563   60.849   7513.5    365.6
     1     1    10     4    11     7     0     1   -47.0   59.665   59.856   7387.1    365.5
     1     1    10     4    11     6     0     0   -48.0   59.797   58.863   7243.2    359.8
     1     1    10     4    11     5     0     1   -49.0   59.959   57.897   7237.2    368.2
     1     1    10     4    11     4     0     2   -50.0   60.156   56.984   7246.0    378.2
     1     1    10     4    11     3     0     3   -51.0   60.384   56.121   7159.5    383.1
     1     1    10     4    11     2     0     2   -52.0   60.634   55.267   7052.9    390.2
     1     1    10     4    11     1     0     1   -53.0   60.901   54.386   6941.7    396.9
     1     1    10     4    11     0     0     0   -54.0   61.175   53.494   6825.5    403.6
     1     1    10     4    10    23     0     1   -55.0   61.464   52.588   6740.9    408.9
     1     1    10     4    10    22     0     2   -56.0   61.769   51.635   6687.9    413.9
     1     1    10     4    10    21     0     3   -57.0   62.086   50.628   6624.2    418.5
     1     1    10     4    10    20     0     2   -58.0   62.411   49.614   6571.9    421.0
     1     1    10     4    10    19     0     1   -59.0   62.740   48.603   6553.5    421.4
     1     1    10     4    10    18     0     0   -60.0   63.061   47.557   6554.2    422.1
     1     1    10     4    10    17     0     1   -61.0   63.368   46.503   6554.9    422.4
     1     1    10     4    10    16     0     2   -62.0   63.656   45.468   6563.0    423.3
     1     1    10     4    10    15     0     3   -63.0   63.911   44.434   6579.8    425.1
     1     1    10     4    10    14     0     2   -64.0   64.131   43.395   6587.5    425.5
     1     1    10     4    10    13     0     1   -65.0   64.324   42.365   6603.8    425.0
     1     1    10     4    10    12     0     0   -66.0   64.486   41.332   6628.7    424.5
     1     1    10     4    10    11     0     1   -67.0   64.619   40.312   6647.1    424.0
     1     1    10     4    10    10     0     2   -68.0   64.729   39.332   6660.9    424.0
     1     1    10     4    10     9     0     3   -69.0   64.823   38.379   6666.1    423.1
     1     1    10     4    10     8     0     2   -70.0   64.894   37.437   6670.6    422.3
     1     1    10     4    10     7     0     1   -71.0   64.931   36.500   6695.6    421.5
     1     1    10     4    10     6     0     0   -72.0   64.936   35.568   6732.5    420.4
     1     1    10     4    10     5     0     1   -73.0   64.907   34.672   6753.0    418.4
     1     1    10     4    10     4     0     2   -74.0   64.848   33.848   6744.1    416.4
     1     1    10     4    10     3     0     3   -75.0   64.766   33.096   6715.6    415.4
     1     1    10     4    10     2     0     2   -76.0   64.670   32.391   6687.8    416.2
     1     1    10     4    10     1     0     1   -77.0   64.566   31.699   6669.5    416.1
     1     1    10     4    10     0     0     0   -78.0   64.453   30.996   6670.3    414.6
     1     1    10     4     9    23     0     1   -79.0   64.319   30.288   6694.5    411.7
     1     1    10     4     9    22     0     2   -80.0   64.147   29.598   6735.8    409.1
     1     1    10     4     9    21     0     3   -81.0   63.939   28.952   6786.9    406.8
     1     1    10     4     9    20     0     2   -82.0   63.702   28.366   6808.0    405.1
     1     1    10     4     9    19     0     1   -83.0   63.440   27.825   6788.4    408.0
     1     1    10     4     9    18     0     0   -84.0   63.164   27.312   6748.2    412.2
     1     1    10     4     9    17     0     1   -85.0   62.880   26.848   6696.1    415.7
     1     1    10     4     9    16     0     2   -86.0   62.582   26.429   6637.5    419.4
     1     1    10     4     9    15     0     3   -87.0   62.265   26.019   6592.5    422.9
     1     1    10     4     9    14     0     2   -88.0   61.932   25.598   6551.9    423.5
     1     1    10     4     9    13     0     1   -89.0   61.582   25.161   6499.8    426.7
     1     1    10     4     9    12     0     0   -90.0   61.222   24.709   6447.1    431.0
     1     1    10     4     9    11     0     1   -91.0   60.867   24.265   6390.2    434.9
     1     1    10     4     9    10     0     2   -92.0   60.527   23.838   6337.5    441.4
     1     1    10     4     9     9     0     3   -93.0   60.202   23.396   6299.6    445.7
     1     1    10     4     9     8     0     2   -94.0   59.887   22.925   6251.8    448.8
     1     1    10     4     9     7     0     1   -95.0   59.578   22.436   6174.5    454.4
     1     1    10     4     9     6     0     0   -96.0   59.289   21.942   6069.8    461.8
