     5     1
    GDAS    10     3     1     0     0
    GDAS    10     3     8     0     0
    GDAS    10     3    15     0     0
    GDAS    10     3    22     0     0
    GDAS    10     3    29     0     0
     1 BACKWARD OMEGA   
    10     3    17    18   39.977  116.381  5000.0
     1 PRESSURE
     1     1    10     3    17    18     0     0     0.0   39.977  116.381   4759.7    532.5
     1     1    10     3    17    17     0     1    -1.0   40.552  115.637   4729.2    484.7
     1     1    10     3    17    16     0     2    -2.0   41.173  114.877   4768.0    452.5
     1     1    10     3    17    15     0     3    -3.0   41.785  114.149   4756.3    450.2
     1     1    10     3    17    14     0     2    -4.0   42.373  113.446   4809.7    459.2
     1     1    10     3    17    13     0     1    -5.0   42.951  112.752   4938.0    462.6
     1     1    10     3    17    12     0     0    -6.0   43.533  112.057   5004.8    457.7
     1     1    10     3    17    11     0     1    -7.0   44.099  111.381   5028.9    457.7
     1     1    10     3    17    10     0     2    -8.0   44.640  110.739   5060.1    459.0
     1     1    10     3    17     9     0     3    -9.0   45.179  110.117   5070.7    456.4
     1     1    10     3    17     8     0     2   -10.0   45.714  109.511   5070.8    449.2
     1     1    10     3    17     7     0     1   -11.0   46.247  108.911   5088.3    438.8
     1     1    10     3    17     6     0     0   -12.0   46.780  108.295   5122.8    431.5
     1     1    10     3    17     5     0     1   -13.0   47.305  107.686   5144.6    420.5
     1     1    10     3    17     4     0     2   -14.0   47.827  107.114   5166.5    410.7
     1     1    10     3    17     3     0     3   -15.0   48.336  106.565   5246.8    421.0
     1     1    10     3    17     2     0     2   -16.0   48.825  106.014   5340.6    436.7
     1     1    10     3    17     1     0     1   -17.0   49.282  105.463   5368.6    439.0
     1     1    10     3    17     0     0     0   -18.0   49.713  104.924   5376.9    434.9
     1     1    10     3    16    23     0     1   -19.0   50.119  104.382   5344.2    421.7
     1     1    10     3    16    22     0     2   -20.0   50.491  103.834   5290.2    409.8
     1     1    10     3    16    21     0     3   -21.0   50.832  103.282   5235.2    401.6
     1     1    10     3    16    20     0     2   -22.0   51.152  102.742   5239.0    399.6
     1     1    10     3    16    19     0     1   -23.0   51.453  102.240   5261.4    399.9
     1     1    10     3    16    18     0     0   -24.0   51.727  101.783   5250.2    395.1
     1     1    10     3    16    17     0     1   -25.0   51.992  101.341   5239.6    385.4
     1     1    10     3    16    16     0     2   -26.0   52.262  100.891   5282.2    385.4
     1     1    10     3    16    15     0     3   -27.0   52.532  100.436   5302.6    387.6
     1     1    10     3    16    14     0     2   -28.0   52.797   99.966   5288.3    385.0
     1     1    10     3    16    13     0     1   -29.0   53.057   99.455   5328.3    387.2
     1     1    10     3    16    12     0     0   -30.0   53.293   98.907   5403.4    394.7
     1     1    10     3    16    11     0     1   -31.0   53.509   98.337   5462.3    401.6
     1     1    10     3    16    10     0     2   -32.0   53.707   97.750   5460.8    400.9
     1     1    10     3    16     9     0     3   -33.0   53.855   97.153   5409.2    392.3
     1     1    10     3    16     8     0     2   -34.0   53.979   96.552   5404.1    391.7
     1     1    10     3    16     7     0     1   -35.0   54.092   95.950   5442.8    401.0
     1     1    10     3    16     6     0     0   -36.0   54.180   95.344   5482.7    419.3
     1     1    10     3    16     5     0     1   -37.0   54.272   94.726   5483.3    436.4
     1     1    10     3    16     4     0     2   -38.0   54.366   94.100   5461.1    449.5
     1     1    10     3    16     3     0     3   -39.0   54.448   93.467   5435.7    457.8
     1     1    10     3    16     2     0     2   -40.0   54.525   92.813   5433.6    462.6
     1     1    10     3    16     1     0     1   -41.0   54.576   92.120   5443.9    465.9
     1     1    10     3    16     0     0     0   -42.0   54.600   91.366   5499.9    466.9
     1     1    10     3    15    23     0     1   -43.0   54.608   90.578   5621.8    449.1
     1     1    10     3    15    22     0     2   -44.0   54.556   89.846   5602.3    439.1
     1     1    10     3    15    21     0     3   -45.0   54.490   89.172   5396.4    437.1
     1     1    10     3    15    20     0     2   -46.0   54.454   88.488   5238.4    467.0
     1     1    10     3    15    19     0     1   -47.0   54.420   87.746   5229.7    482.2
     1     1    10     3    15    18     0     0   -48.0   54.387   86.928   5293.6    487.4
     1     1    10     3    15    17     0     1   -49.0   54.358   86.074   5284.7    483.5
     1     1    10     3    15    16     0     2   -50.0   54.314   85.253   5218.2    491.9
     1     1    10     3    15    15     0     3   -51.0   54.296   84.447   5117.5    501.4
     1     1    10     3    15    14     0     2   -52.0   54.303   83.636   5017.7    510.4
     1     1    10     3    15    13     0     1   -53.0   54.316   82.802   4924.7    519.3
     1     1    10     3    15    12     0     0   -54.0   54.376   81.932   4888.2    522.6
     1     1    10     3    15    11     0     1   -55.0   54.439   81.081   4868.3    522.6
     1     1    10     3    15    10     0     2   -56.0   54.468   80.258   4836.5    525.4
     1     1    10     3    15     9     0     3   -57.0   54.486   79.434   4848.4    525.4
     1     1    10     3    15     8     0     2   -58.0   54.456   78.652   4852.4    526.6
     1     1    10     3    15     7     0     1   -59.0   54.411   77.948   4840.4    527.6
     1     1    10     3    15     6     0     0   -60.0   54.363   77.326   4830.9    528.9
     1     1    10     3    15     5     0     1   -61.0   54.311   76.759   4828.5    529.2
     1     1    10     3    15     4     0     2   -62.0   54.257   76.206   4834.7    527.9
     1     1    10     3    15     3     0     3   -63.0   54.193   75.645   4838.6    527.0
     1     1    10     3    15     2     0     2   -64.0   54.118   75.066   4825.0    529.1
     1     1    10     3    15     1     0     1   -65.0   54.024   74.474   4796.1    531.4
     1     1    10     3    15     0     0     0   -66.0   53.870   73.861   4766.3    532.6
     1     1    10     3    14    23     0     1   -67.0   53.681   73.232   4734.5    535.2
     1     1    10     3    14    22     0     2   -68.0   53.492   72.598   4724.0    537.4
     1     1    10     3    14    21     0     3   -69.0   53.266   71.938   4763.7    532.6
     1     1    10     3    14    20     0     2   -70.0   53.002   71.230   4807.1    519.6
     1     1    10     3    14    19     0     1   -71.0   52.722   70.471   4826.9    513.2
     1     1    10     3    14    18     0     0   -72.0   52.411   69.641   4843.1    511.8
     1     1    10     3    14    17     0     1   -73.0   52.071   68.784   4854.1    513.6
     1     1    10     3    14    16     0     2   -74.0   51.697   67.925   4855.9    513.8
     1     1    10     3    14    15     0     3   -75.0   51.287   67.101   4915.2    513.0
     1     1    10     3    14    14     0     2   -76.0   50.852   66.290   5010.0    507.5
     1     1    10     3    14    13     0     1   -77.0   50.441   65.464   5126.9    505.6
     1     1    10     3    14    12     0     0   -78.0   50.033   64.577   5223.9    501.9
     1     1    10     3    14    11     0     1   -79.0   49.637   63.649   5240.3    502.8
     1     1    10     3    14    10     0     2   -80.0   49.270   62.657   5199.2    505.0
     1     1    10     3    14     9     0     3   -81.0   48.844   61.609   4923.0    524.6
     1     1    10     3    14     8     0     2   -82.0   48.415   60.596   4651.3    544.5
     1     1    10     3    14     7     0     1   -83.0   47.986   59.645   4483.3    551.4
     1     1    10     3    14     6     0     0   -84.0   47.544   58.781   4190.6    575.0
     1     1    10     3    14     5     0     1   -85.0   47.179   57.971   3906.7    601.7
     1     1    10     3    14     4     0     2   -86.0   46.880   57.304   3673.4    626.8
     1     1    10     3    14     3     0     3   -87.0   46.636   56.750   3479.8    646.0
     1     1    10     3    14     2     0     2   -88.0   46.440   56.207   3340.6    660.0
     1     1    10     3    14     1     0     1   -89.0   46.277   55.643   3250.3    666.8
     1     1    10     3    14     0     0     0   -90.0   46.120   55.140   3138.2    676.3
     1     1    10     3    13    23     0     1   -91.0   46.000   54.691   3017.0    693.0
     1     1    10     3    13    22     0     2   -92.0   45.929   54.240   2958.3    702.0
     1     1    10     3    13    21     0     3   -93.0   45.891   53.774   3002.5    699.7
     1     1    10     3    13    20     0     2   -94.0   45.885   53.278   3105.5    688.2
     1     1    10     3    13    19     0     1   -95.0   45.897   52.738   3199.4    679.7
     1     1    10     3    13    18     0     0   -96.0   45.907   52.133   3267.6    674.5
