     7     1
    GDAS    10     3    22     0     0
    GDAS    10     4     8     0     0
    GDAS    10     4    15     0     0
    GDAS    10     4    22     0     0
    GDAS    10     4    29     0     0
    GDAS    10     4     1     0     0
    GDAS    10     3    29     0     0
     1 BACKWARD OMEGA   
    10     4    30    18   39.977  116.381  7000.0
     1 PRESSURE
     1     1    10     4    30    18     0     0     0.0   39.977  116.381   6763.0    413.2
     1     1    10     4    30    17     0     1    -1.0   40.309  116.050   6656.5    396.2
     1     1    10     4    30    16     0     2    -2.0   40.706  115.743   6485.1    383.8
     1     1    10     4    30    15     0     3    -3.0   41.155  115.477   6425.5    376.0
     1     1    10     4    30    14     0     2    -4.0   41.622  115.236   6456.7    366.3
     1     1    10     4    30    13     0     1    -5.0   42.086  114.998   6496.0    364.3
     1     1    10     4    30    12     0     0    -6.0   42.551  114.753   6582.6    366.1
     1     1    10     4    30    11     0     1    -7.0   43.021  114.514   6710.7    367.4
     1     1    10     4    30    10     0     2    -8.0   43.494  114.282   6810.1    363.2
     1     1    10     4    30     9     0     3    -9.0   43.968  114.036   6883.4    359.8
     1     1    10     4    30     8     0     2   -10.0   44.445  113.790   6890.1    353.9
     1     1    10     4    30     7     0     1   -11.0   44.926  113.564   6883.8    349.5
     1     1    10     4    30     6     0     0   -12.0   45.402  113.346   6914.8    352.0
     1     1    10     4    30     5     0     1   -13.0   45.866  113.134   6946.5    353.0
     1     1    10     4    30     4     0     2   -14.0   46.320  112.946   6959.1    353.3
     1     1    10     4    30     3     0     3   -15.0   46.770  112.791   6939.6    353.9
     1     1    10     4    30     2     0     2   -16.0   47.217  112.654   6919.1    357.1
     1     1    10     4    30     1     0     1   -17.0   47.661  112.519   6921.0    358.7
     1     1    10     4    30     0     0     0   -18.0   48.098  112.394   6909.7    359.5
     1     1    10     4    29    23     0     1   -19.0   48.539  112.282   6911.5    360.1
     1     1    10     4    29    22     0     2   -20.0   48.986  112.180   7004.9    354.8
     1     1    10     4    29    21     0     3   -21.0   49.422  112.071   7091.0    340.2
     1     1    10     4    29    20     0     2   -22.0   49.861  111.939   7097.6    331.4
     1     1    10     4    29    19     0     1   -23.0   50.299  111.791   7102.0    335.3
     1     1    10     4    29    18     0     0   -24.0   50.719  111.646   7130.7    341.2
     1     1    10     4    29    17     0     1   -25.0   51.135  111.467   7162.5    344.4
     1     1    10     4    29    16     0     2   -26.0   51.549  111.203   7179.6    344.9
     1     1    10     4    29    15     0     3   -27.0   51.933  110.889   7228.4    348.2
     1     1    10     4    29    14     0     2   -28.0   52.313  110.529   7262.7    342.7
     1     1    10     4    29    13     0     1   -29.0   52.686  110.096   7268.3    333.9
     1     1    10     4    29    12     0     0   -30.0   53.001  109.635   7272.1    332.4
     1     1    10     4    29    11     0     1   -31.0   53.295  109.177   7344.3    343.3
     1     1    10     4    29    10     0     2   -32.0   53.588  108.720   7444.6    349.3
     1     1    10     4    29     9     0     3   -33.0   53.852  108.300   7552.5    342.1
     1     1    10     4    29     8     0     2   -34.0   54.111  107.896   7567.4    330.6
     1     1    10     4    29     7     0     1   -35.0   54.366  107.435   7526.7    337.7
     1     1    10     4    29     6     0     0   -36.0   54.586  106.934   7618.8    341.7
     1     1    10     4    29     5     0     1   -37.0   54.824  106.407   7699.6    329.0
     1     1    10     4    29     4     0     2   -38.0   55.052  105.790   7656.3    333.2
     1     1    10     4    29     3     0     3   -39.0   55.213  105.060   7717.9    341.4
     1     1    10     4    29     2     0     2   -40.0   55.400  104.288   7763.8    334.2
     1     1    10     4    29     1     0     1   -41.0   55.587  103.508   7763.5    340.0
     1     1    10     4    29     0     0     0   -42.0   55.714  102.637   7793.3    342.5
     1     1    10     4    28    23     0     1   -43.0   55.859  101.750   7759.5    344.7
     1     1    10     4    28    22     0     2   -44.0   55.986  100.895   7709.0    348.3
     1     1    10     4    28    21     0     3   -45.0   56.061  100.047   7682.9    350.9
     1     1    10     4    28    20     0     2   -46.0   56.152   99.192   7717.8    355.0
     1     1    10     4    28    19     0     1   -47.0   56.247   98.300   7800.0    350.8
     1     1    10     4    28    18     0     0   -48.0   56.325   97.400   7864.5    348.0
     1     1    10     4    28    17     0     1   -49.0   56.410   96.494   7931.3    345.5
     1     1    10     4    28    16     0     2   -50.0   56.455   95.555   7956.2    344.3
     1     1    10     4    28    15     0     3   -51.0   56.499   94.618   7896.9    347.1
     1     1    10     4    28    14     0     2   -52.0   56.596   93.679   7877.7    348.7
     1     1    10     4    28    13     0     1   -53.0   56.657   92.683   7921.5    346.7
     1     1    10     4    28    12     0     0   -54.0   56.703   91.616   7928.0    345.9
     1     1    10     4    28    11     0     1   -55.0   56.757   90.497   7941.6    348.9
     1     1    10     4    28    10     0     2   -56.0   56.712   89.387   7960.5    349.0
     1     1    10     4    28     9     0     3   -57.0   56.625   88.290   7971.6    349.8
     1     1    10     4    28     8     0     2   -58.0   56.579   87.168   7992.6    349.7
     1     1    10     4    28     7     0     1   -59.0   56.497   86.015   8012.6    346.4
     1     1    10     4    28     6     0     0   -60.0   56.409   84.810   8061.3    346.9
     1     1    10     4    28     5     0     1   -61.0   56.345   83.594   8113.9    345.1
     1     1    10     4    28     4     0     2   -62.0   56.219   82.416   8200.5    338.7
     1     1    10     4    28     3     0     3   -63.0   56.085   81.232   8293.6    332.4
     1     1    10     4    28     2     0     2   -64.0   55.959   80.085   8355.8    330.3
     1     1    10     4    28     1     0     1   -65.0   55.793   79.030   8378.5    329.5
     1     1    10     4    28     0     0     0   -66.0   55.623   78.023   8418.2    327.8
     1     1    10     4    27    23     0     1   -67.0   55.427   77.053   8488.6    324.9
     1     1    10     4    27    22     0     2   -68.0   55.192   76.091   8530.4    322.0
     1     1    10     4    27    21     0     3   -69.0   54.951   75.115   8542.4    321.3
     1     1    10     4    27    20     0     2   -70.0   54.678   74.209   8542.1    321.8
     1     1    10     4    27    19     0     1   -71.0   54.374   73.367   8564.8    321.1
     1     1    10     4    27    18     0     0   -72.0   54.089   72.504   8619.6    319.0
     1     1    10     4    27    17     0     1   -73.0   53.785   71.636   8680.8    314.8
     1     1    10     4    27    16     0     2   -74.0   53.422   70.794   8708.4    308.5
     1     1    10     4    27    15     0     3   -75.0   53.073   69.876   8708.9    302.1
     1     1    10     4    27    14     0     2   -76.0   52.691   68.945   8750.1    300.6
     1     1    10     4    27    13     0     1   -77.0   52.235   68.057   8787.5    299.2
     1     1    10     4    27    12     0     0   -78.0   51.787   67.094   8808.3    299.8
     1     1    10     4    27    11     0     1   -79.0   51.340   66.164   8818.8    301.1
     1     1    10     4    27    10     0     2   -80.0   50.893   65.280   8854.2    303.1
     1     1    10     4    27     9     0     3   -81.0   50.490   64.433   8882.9    303.3
     1     1    10     4    27     8     0     2   -82.0   50.110   63.587   8922.7    301.4
     1     1    10     4    27     7     0     1   -83.0   49.729   62.691   8935.8    300.6
     1     1    10     4    27     6     0     0   -84.0   49.372   61.768   8966.4    298.6
     1     1    10     4    27     5     0     1   -85.0   49.039   60.786   9004.5    295.6
     1     1    10     4    27     4     0     2   -86.0   48.676   59.728   9055.0    291.5
     1     1    10     4    27     3     0     3   -87.0   48.313   58.643   9111.4    286.8
     1     1    10     4    27     2     0     2   -88.0   47.963   57.572   9132.5    287.4
     1     1    10     4    27     1     0     1   -89.0   47.589   56.522   9125.8    292.8
     1     1    10     4    27     0     0     0   -90.0   47.245   55.474   9121.6    295.5
     1     1    10     4    26    23     0     1   -91.0   46.964   54.400   9163.7    296.5
     1     1    10     4    26    22     0     2   -92.0   46.700   53.281   9219.6    295.1
     1     1    10     4    26    21     0     3   -93.0   46.475   52.167   9260.7    294.4
     1     1    10     4    26    20     0     2   -94.0   46.291   51.046   9256.8    293.5
     1     1    10     4    26    19     0     1   -95.0   46.128   49.867   9290.5    293.6
     1     1    10     4    26    18     0     0   -96.0   46.019   48.670   9325.4    290.5
