     7     1
    GDAS    10     3    22     0     0
    GDAS    10     4     8     0     0
    GDAS    10     4    15     0     0
    GDAS    10     4    22     0     0
    GDAS    10     4    29     0     0
    GDAS    10     4     1     0     0
    GDAS    10     3    29     0     0
     1 BACKWARD OMEGA   
    10     4    22     0   39.977  116.381  2200.0
     1 PRESSURE
     1     1    10     4    22     0     0     0     0.0   39.977  116.381   1966.0    776.8
     1     1    10     4    21    23     0     1    -1.0   39.953  116.363   1843.1    790.5
     1     1    10     4    21    22     0     2    -2.0   39.952  116.311   1749.7    798.2
     1     1    10     4    21    21     0     3    -3.0   39.983  116.216   1689.2    800.2
     1     1    10     4    21    20     0     2    -4.0   40.027  116.089   1638.9    795.9
     1     1    10     4    21    19     0     1    -5.0   40.058  115.949   1573.9    792.6
     1     1    10     4    21    18     0     0    -6.0   40.078  115.794   1495.1    787.6
     1     1    10     4    21    17     0     1    -7.0   40.094  115.614   1415.5    781.3
     1     1    10     4    21    16     0     2    -8.0   40.114  115.387   1351.6    769.9
     1     1    10     4    21    15     0     3    -9.0   40.151  115.088   1323.6    749.8
     1     1    10     4    21    14     0     2   -10.0   40.203  114.731   1314.7    740.8
     1     1    10     4    21    13     0     1   -11.0   40.242  114.371   1245.3    745.8
     1     1    10     4    21    12     0     0   -12.0   40.244  114.025   1068.8    763.2
     1     1    10     4    21    11     0     1   -13.0   40.173  113.774    892.2    790.2
     1     1    10     4    21    10     0     2   -14.0   40.044  113.596    782.4    798.2
     1     1    10     4    21     9     0     3   -15.0   39.860  113.473    692.5    804.2
     1     1    10     4    21     8     0     2   -16.0   39.648  113.418    608.8    811.2
     1     1    10     4    21     7     0     1   -17.0   39.439  113.443    531.3    818.8
     1     1    10     4    21     6     0     0   -18.0   39.246  113.545    454.9    826.7
     1     1    10     4    21     5     0     1   -19.0   39.082  113.696    369.6    837.4
     1     1    10     4    21     4     0     2   -20.0   38.954  113.844    278.3    852.2
     1     1    10     4    21     3     0     3   -21.0   38.860  113.963    197.2    870.9
     1     1    10     4    21     2     0     2   -22.0   38.808  114.065    142.9    889.2
     1     1    10     4    21     1     0     1   -23.0   38.802  114.169    115.7    902.9
     1     1    10     4    21     0     0     0   -24.0   38.833  114.270    117.5    912.2
     1     1    10     4    20    23     0     1   -25.0   38.873  114.369    142.6    915.7
     1     1    10     4    20    22     0     2   -26.0   38.895  114.471    157.8    920.9
     1     1    10     4    20    21     0     3   -27.0   38.900  114.578    147.4    931.9
     1     1    10     4    20    20     0     2   -28.0   38.893  114.667    129.3    946.3
     1     1    10     4    20    19     0     1   -29.0   38.878  114.728    114.5    954.6
     1     1    10     4    20    18     0     0   -30.0   38.852  114.767     99.6    961.3
     1     1    10     4    20    17     0     1   -31.0   38.820  114.796     81.8    967.4
     1     1    10     4    20    16     0     2   -32.0   38.787  114.822     62.2    974.4
     1     1    10     4    20    15     0     3   -33.0   38.754  114.848     43.6    980.5
     1     1    10     4    20    14     0     2   -34.0   38.724  114.876     28.5    985.9
     1     1    10     4    20    13     0     1   -35.0   38.697  114.907     17.9    991.2
     1     1    10     4    20    12     0     0   -36.0   38.672  114.941     10.8    996.1
     1     1    10     4    20    11     0     1   -37.0   38.652  114.972      6.1    999.8
     1     1    10     4    20    10     0     2   -38.0   38.641  114.995      2.2   1002.5
     1     1    10     4    20     9     0     3   -39.0   38.637  115.010      0.0   1003.3
     1     1    10     4    20     8     0     2   -40.0   38.625  115.029      0.0   1003.3
     1     1    10     4    20     7     0     1   -41.0   38.593  115.065      0.0   1004.1
     1     1    10     4    20     6     0     0   -42.0   38.545  115.122      0.0   1005.6
     1     1    10     4    20     5     0     1   -43.0   38.508  115.195      0.0   1007.4
     1     1    10     4    20     4     0     2   -44.0   38.502  115.283      0.0   1008.4
     1     1    10     4    20     3     0     3   -45.0   38.523  115.384      0.0   1009.1
     1     1    10     4    20     2     0     2   -46.0   38.558  115.484      0.0   1009.8
     1     1    10     4    20     1     0     1   -47.0   38.593  115.569      0.0   1010.7
     1     1    10     4    20     0     0     0   -48.0   38.627  115.634      0.4   1011.6
     1     1    10     4    19    23     0     1   -49.0   38.662  115.692      1.2   1011.4
     1     1    10     4    19    22     0     2   -50.0   38.704  115.756      1.9   1011.5
     1     1    10     4    19    21     0     3   -51.0   38.751  115.827      2.6   1011.9
     1     1    10     4    19    20     0     2   -52.0   38.798  115.897      3.5   1013.8
     1     1    10     4    19    19     0     1   -53.0   38.843  115.958      4.8   1015.7
     1     1    10     4    19    18     0     0   -54.0   38.884  116.009      6.3   1017.3
     1     1    10     4    19    17     0     1   -55.0   38.919  116.068      8.1   1016.8
     1     1    10     4    19    16     0     2   -56.0   38.945  116.156     10.3   1016.1
     1     1    10     4    19    15     0     3   -57.0   38.962  116.277     12.9   1015.1
     1     1    10     4    19    14     0     2   -58.0   38.973  116.426     15.0   1014.7
     1     1    10     4    19    13     0     1   -59.0   38.979  116.601     15.2   1014.8
     1     1    10     4    19    12     0     0   -60.0   38.980  116.802     13.8   1015.2
     1     1    10     4    19    11     0     1   -61.0   38.985  117.025     10.8   1014.4
     1     1    10     4    19    10     0     2   -62.0   39.002  117.268      8.2   1013.2
     1     1    10     4    19     9     0     3   -63.0   39.033  117.537      7.5   1012.0
     1     1    10     4    19     8     0     2   -64.0   39.070  117.813      9.6   1011.5
     1     1    10     4    19     7     0     1   -65.0   39.107  118.073     15.1   1010.5
     1     1    10     4    19     6     0     0   -66.0   39.140  118.312     24.0   1009.0
     1     1    10     4    19     5     0     1   -67.0   39.157  118.533     31.5   1008.1
     1     1    10     4    19     4     0     2   -68.0   39.142  118.742     33.4   1008.6
     1     1    10     4    19     3     0     3   -69.0   39.080  118.938     29.9   1010.6
     1     1    10     4    19     2     0     2   -70.0   38.988  119.112     26.3   1012.7
     1     1    10     4    19     1     0     1   -71.0   38.889  119.259     24.9   1012.7
     1     1    10     4    19     0     0     0   -72.0   38.777  119.384     25.1   1012.8
     1     1    10     4    18    23     0     1   -73.0   38.647  119.481     26.5   1011.5
     1     1    10     4    18    22     0     2   -74.0   38.498  119.539     28.0   1010.2
     1     1    10     4    18    21     0     3   -75.0   38.328  119.560     29.8   1009.1
     1     1    10     4    18    20     0     2   -76.0   38.138  119.562     32.2   1008.9
     1     1    10     4    18    19     0     1   -77.0   37.930  119.566     36.4   1008.2
     1     1    10     4    18    18     0     0   -78.0   37.717  119.580     42.0   1006.5
     1     1    10     4    18    17     0     1   -79.0   37.504  119.614     47.9   1004.8
     1     1    10     4    18    16     0     2   -80.0   37.297  119.670     52.3   1003.0
     1     1    10     4    18    15     0     3   -81.0   37.104  119.748     51.5   1001.4
     1     1    10     4    18    14     0     2   -82.0   36.929  119.852     45.5   1000.8
     1     1    10     4    18    13     0     1   -83.0   36.767  119.979     37.6   1001.6
     1     1    10     4    18    12     0     0   -84.0   36.613  120.118     30.7   1003.2
     1     1    10     4    18    11     0     1   -85.0   36.451  120.240     24.6   1004.8
     1     1    10     4    18    10     0     2   -86.0   36.273  120.328     19.7   1007.2
     1     1    10     4    18     9     0     3   -87.0   36.073  120.385     17.4   1009.7
     1     1    10     4    18     8     0     2   -88.0   35.865  120.430     17.7   1011.1
     1     1    10     4    18     7     0     1   -89.0   35.660  120.476     18.1   1012.0
     1     1    10     4    18     6     0     0   -90.0   35.456  120.527     17.2   1013.2
     1     1    10     4    18     5     0     1   -91.0   35.249  120.580     16.0   1015.0
     1     1    10     4    18     4     0     2   -92.0   35.035  120.633     15.5   1016.0
     1     1    10     4    18     3     0     3   -93.0   34.821  120.691     15.7   1016.0
     1     1    10     4    18     2     0     2   -94.0   34.610  120.771     15.9   1015.9
     1     1    10     4    18     1     0     1   -95.0   34.394  120.890     15.6   1016.8
     1     1    10     4    18     0     0     0   -96.0   34.166  121.041     15.6   1018.7
