     7     1
    GDAS    10     3    22     0     0
    GDAS    10     4     8     0     0
    GDAS    10     4    15     0     0
    GDAS    10     4    22     0     0
    GDAS    10     4    29     0     0
    GDAS    10     4     1     0     0
    GDAS    10     3    29     0     0
     1 BACKWARD OMEGA   
    10     4     3     0   39.977  116.381  1400.0
     1 PRESSURE
     1     1    10     4     3     0     0     0     0.0   39.977  116.381   1165.9    859.1
     1     1    10     4     2    23     0     1    -1.0   39.662  116.201   1068.5    873.9
     1     1    10     4     2    22     0     2    -2.0   39.358  116.055    990.4    891.0
     1     1    10     4     2    21     0     3    -3.0   39.063  115.962    916.4    908.8
     1     1    10     4     2    20     0     2    -4.0   38.771  115.929    847.3    918.6
     1     1    10     4     2    19     0     1    -5.0   38.483  115.949    807.7    922.0
     1     1    10     4     2    18     0     0    -6.0   38.216  116.019    820.8    920.3
     1     1    10     4     2    17     0     1    -7.0   38.000  116.107    866.5    911.5
     1     1    10     4     2    16     0     2    -8.0   37.842  116.200    906.0    908.1
     1     1    10     4     2    15     0     3    -9.0   37.750  116.295    935.9    907.0
     1     1    10     4     2    14     0     2   -10.0   37.722  116.378    958.0    904.9
     1     1    10     4     2    13     0     1   -11.0   37.749  116.440    965.9    904.6
     1     1    10     4     2    12     0     0   -12.0   37.831  116.480    955.3    905.7
     1     1    10     4     2    11     0     1   -13.0   37.953  116.474    937.3    909.3
     1     1    10     4     2    10     0     2   -14.0   38.095  116.386    932.9    909.0
     1     1    10     4     2     9     0     3   -15.0   38.249  116.214    949.6    905.4
     1     1    10     4     2     8     0     2   -16.0   38.409  115.975    990.6    900.4
     1     1    10     4     2     7     0     1   -17.0   38.572  115.679   1066.2    891.8
     1     1    10     4     2     6     0     0   -18.0   38.728  115.312   1199.1    873.1
     1     1    10     4     2     5     0     1   -19.0   38.892  114.890   1351.4    831.0
     1     1    10     4     2     4     0     2   -20.0   39.112  114.437   1476.7    767.6
     1     1    10     4     2     3     0     3   -21.0   39.451  113.940   1629.3    717.2
     1     1    10     4     2     2     0     2   -22.0   39.905  113.378   1767.5    694.8
     1     1    10     4     2     1     0     1   -23.0   40.435  112.751   1859.0    672.7
     1     1    10     4     2     0     0     0   -24.0   41.055  112.059   2114.5    646.5
     1     1    10     4     1    23     0     1   -25.0   41.709  111.314   2417.1    614.4
     1     1    10     4     1    22     0     2   -26.0   42.342  110.577   2572.7    621.1
     1     1    10     4     1    21     0     3   -27.0   42.982  109.840   2662.0    623.1
     1     1    10     4     1    20     0     2   -28.0   43.615  109.118   2754.4    629.9
     1     1    10     4     1    19     0     1   -29.0   44.227  108.413   2808.4    623.0
     1     1    10     4     1    18     0     0   -30.0   44.820  107.698   2890.3    614.8
     1     1    10     4     1    17     0     1   -31.0   45.410  106.960   2987.8    586.7
     1     1    10     4     1    16     0     2   -32.0   46.030  106.252   3029.4    570.3
     1     1    10     4     1    15     0     3   -33.0   46.713  105.615   3074.7    566.7
     1     1    10     4     1    14     0     2   -34.0   47.412  105.037   3143.6    572.0
     1     1    10     4     1    13     0     1   -35.0   48.096  104.501   3280.9    573.8
     1     1    10     4     1    12     0     0   -36.0   48.806  103.964   3364.4    551.9
     1     1    10     4     1    11     0     1   -37.0   49.527  103.408   3324.5    545.9
     1     1    10     4     1    10     0     2   -38.0   50.224  102.825   3226.4    545.1
     1     1    10     4     1     9     0     3   -39.0   50.926  102.202   3193.3    534.5
     1     1    10     4     1     8     0     2   -40.0   51.655  101.539   3221.0    514.7
     1     1    10     4     1     7     0     1   -41.0   52.343  100.840   3186.7    521.0
     1     1    10     4     1     6     0     0   -42.0   52.983  100.084   3159.3    525.8
     1     1    10     4     1     5     0     1   -43.0   53.543   99.330   3179.7    561.6
     1     1    10     4     1     4     0     2   -44.0   54.004   98.627   3150.3    584.5
     1     1    10     4     1     3     0     3   -45.0   54.419   97.947   3083.6    587.3
     1     1    10     4     1     2     0     2   -46.0   54.803   97.298   3023.1    610.7
     1     1    10     4     1     1     0     1   -47.0   55.129   96.693   2946.4    642.9
     1     1    10     4     1     0     0     0   -48.0   55.395   96.114   2852.6    661.0
     1     1    10     3    31    23     0     1   -49.0   55.618   95.536   2787.3    672.8
     1     1    10     3    31    22     0     2   -50.0   55.812   94.922   2734.5    679.1
     1     1    10     3    31    21     0     3   -51.0   55.980   94.277   2659.0    688.9
     1     1    10     3    31    20     0     2   -52.0   56.132   93.637   2575.0    700.8
     1     1    10     3    31    19     0     1   -53.0   56.268   93.009   2501.5    711.1
     1     1    10     3    31    18     0     0   -54.0   56.374   92.371   2427.1    714.1
     1     1    10     3    31    17     0     1   -55.0   56.477   91.739   2365.0    721.2
     1     1    10     3    31    16     0     2   -56.0   56.589   91.138   2312.0    733.5
     1     1    10     3    31    15     0     3   -57.0   56.674   90.569   2267.2    742.5
     1     1    10     3    31    14     0     2   -58.0   56.752   90.021   2241.4    746.6
     1     1    10     3    31    13     0     1   -59.0   56.850   89.485   2220.4    749.8
     1     1    10     3    31    12     0     0   -60.0   56.943   88.954   2188.6    755.4
     1     1    10     3    31    11     0     1   -61.0   57.033   88.429   2160.7    761.4
     1     1    10     3    31    10     0     2   -62.0   57.135   87.915   2146.7    763.9
     1     1    10     3    31     9     0     3   -63.0   57.229   87.413   2136.7    765.2
     1     1    10     3    31     8     0     2   -64.0   57.316   86.924   2124.6    766.4
     1     1    10     3    31     7     0     1   -65.0   57.409   86.450   2113.6    767.6
     1     1    10     3    31     6     0     0   -66.0   57.501   85.992   2106.1    768.8
     1     1    10     3    31     5     0     1   -67.0   57.591   85.548   2104.5    770.2
     1     1    10     3    31     4     0     2   -68.0   57.688   85.120   2112.2    769.9
     1     1    10     3    31     3     0     3   -69.0   57.790   84.713   2129.2    769.1
     1     1    10     3    31     2     0     2   -70.0   57.896   84.331   2154.5    767.6
     1     1    10     3    31     1     0     1   -71.0   58.007   83.979   2185.4    765.2
     1     1    10     3    31     0     0     0   -72.0   58.130   83.658   2216.2    761.5
     1     1    10     3    30    23     0     1   -73.0   58.262   83.348   2244.4    758.4
     1     1    10     3    30    22     0     2   -74.0   58.399   83.043   2274.2    755.7
     1     1    10     3    30    21     0     3   -75.0   58.548   82.755   2309.2    752.2
     1     1    10     3    30    20     0     2   -76.0   58.704   82.466   2344.9    749.1
     1     1    10     3    30    19     0     1   -77.0   58.861   82.162   2381.5    747.0
     1     1    10     3    30    18     0     0   -78.0   59.024   81.850   2429.3    743.7
     1     1    10     3    30    17     0     1   -79.0   59.190   81.512   2470.2    736.7
     1     1    10     3    30    16     0     2   -80.0   59.343   81.136   2484.4    734.8
     1     1    10     3    30    15     0     3   -81.0   59.480   80.732   2474.4    735.6
     1     1    10     3    30    14     0     2   -82.0   59.605   80.301   2455.3    739.5
     1     1    10     3    30    13     0     1   -83.0   59.717   79.850   2438.6    741.5
     1     1    10     3    30    12     0     0   -84.0   59.813   79.389   2421.6    742.9
     1     1    10     3    30    11     0     1   -85.0   59.900   78.904   2397.6    744.6
     1     1    10     3    30    10     0     2   -86.0   59.979   78.388   2367.8    748.4
     1     1    10     3    30     9     0     3   -87.0   60.042   77.862   2344.8    750.8
     1     1    10     3    30     8     0     2   -88.0   60.099   77.317   2327.2    750.5
     1     1    10     3    30     7     0     1   -89.0   60.156   76.731   2309.1    751.7
     1     1    10     3    30     6     0     0   -90.0   60.190   76.109   2291.0    753.8
     1     1    10     3    30     5     0     1   -91.0   60.222   75.456   2263.8    755.9
     1     1    10     3    30     4     0     2   -92.0   60.264   74.770   2211.0    760.7
     1     1    10     3    30     3     0     3   -93.0   60.252   74.053   2107.2    769.5
     1     1    10     3    30     2     0     2   -94.0   60.196   73.318   1974.9    786.6
     1     1    10     3    30     1     0     1   -95.0   60.153   72.572   1858.4    800.0
     1     1    10     3    30     0     0     0   -96.0   60.109   71.840   1758.7    809.1
