     7     1
    GDAS    10     3    22     0     0
    GDAS    10     4     8     0     0
    GDAS    10     4    15     0     0
    GDAS    10     4    22     0     0
    GDAS    10     4    29     0     0
    GDAS    10     4     1     0     0
    GDAS    10     3    29     0     0
     1 BACKWARD OMEGA   
    10     4     8    18   39.977  116.381  2200.0
     1 PRESSURE
     1     1    10     4     8    18     0     0     0.0   39.977  116.381   1964.7    773.0
     1     1    10     4     8    17     0     1    -1.0   40.048  116.215   1876.0    772.0
     1     1    10     4     8    16     0     2    -2.0   40.120  116.034   1797.4    769.3
     1     1    10     4     8    15     0     3    -3.0   40.176  115.802   1769.9    756.2
     1     1    10     4     8    14     0     2    -4.0   40.181  115.485   1728.9    728.2
     1     1    10     4     8    13     0     1    -5.0   40.194  115.175   1511.3    720.8
     1     1    10     4     8    12     0     0    -6.0   40.318  114.966   1121.2    745.5
     1     1    10     4     8    11     0     1    -7.0   40.533  114.782    871.3    786.8
     1     1    10     4     8    10     0     2    -8.0   40.739  114.458    729.3    788.2
     1     1    10     4     8     9     0     3    -9.0   40.972  114.020    617.1    792.1
     1     1    10     4     8     8     0     2   -10.0   41.202  113.483    563.0    788.9
     1     1    10     4     8     7     0     1   -11.0   41.355  112.834    555.1    778.7
     1     1    10     4     8     6     0     0   -12.0   41.437  112.130    486.2    782.4
     1     1    10     4     8     5     0     1   -13.0   41.473  111.479    356.8    803.3
     1     1    10     4     8     4     0     2   -14.0   41.497  110.913    238.0    818.0
     1     1    10     4     8     3     0     3   -15.0   41.521  110.420    158.0    829.6
     1     1    10     4     8     2     0     2   -16.0   41.536  109.971    124.7    832.6
     1     1    10     4     8     1     0     1   -17.0   41.517  109.552    105.3    837.7
     1     1    10     4     8     0     0     0   -18.0   41.443  109.193     73.1    848.4
     1     1    10     4     7    23     0     1   -19.0   41.341  108.921     44.8    861.2
     1     1    10     4     7    22     0     2   -20.0   41.244  108.719     26.4    870.0
     1     1    10     4     7    21     0     3   -21.0   41.166  108.563     15.8    877.7
     1     1    10     4     7    20     0     2   -22.0   41.093  108.434      9.1    883.9
     1     1    10     4     7    19     0     1   -23.0   41.011  108.325      4.9    890.3
     1     1    10     4     7    18     0     0   -24.0   40.908  108.218      1.5    890.5
     1     1    10     4     7    17     0     1   -25.0   40.784  108.096      0.5    889.0
     1     1    10     4     7    16     0     2   -26.0   40.657  107.959      1.6    885.2
     1     1    10     4     7    15     0     3   -27.0   40.537  107.812      2.7    878.4
     1     1    10     4     7    14     0     2   -28.0   40.435  107.656      4.4    873.4
     1     1    10     4     7    13     0     1   -29.0   40.357  107.485      7.0    870.3
     1     1    10     4     7    12     0     0   -30.0   40.309  107.304      9.6    868.6
     1     1    10     4     7    11     0     1   -31.0   40.292  107.075     12.1    866.5
     1     1    10     4     7    10     0     2   -32.0   40.301  106.763     15.9    868.2
     1     1    10     4     7     9     0     3   -33.0   40.339  106.368     21.4    870.8
     1     1    10     4     7     8     0     2   -34.0   40.394  105.928     15.0    871.5
     1     1    10     4     7     7     0     1   -35.0   40.456  105.480      0.6    870.8
     1     1    10     4     7     6     0     0   -36.0   40.526  105.014      0.0    872.3
     1     1    10     4     7     5     0     1   -37.0   40.600  104.542      3.6    870.7
     1     1    10     4     7     4     0     2   -38.0   40.679  104.073      4.7    869.2
     1     1    10     4     7     3     0     3   -39.0   40.764  103.613      4.1    869.7
     1     1    10     4     7     2     0     2   -40.0   40.831  103.195      2.7    870.2
     1     1    10     4     7     1     0     1   -41.0   40.861  102.846      1.2    872.7
     1     1    10     4     7     0     0     0   -42.0   40.865  102.570      0.0    876.7
     1     1    10     4     6    23     0     1   -43.0   40.841  102.340      0.0    879.1
     1     1    10     4     6    22     0     2   -44.0   40.792  102.111      0.0    881.6
     1     1    10     4     6    21     0     3   -45.0   40.727  101.857      0.0    883.9
     1     1    10     4     6    20     0     2   -46.0   40.654  101.610      0.0    885.6
     1     1    10     4     6    19     0     1   -47.0   40.558  101.414      0.0    885.8
     1     1    10     4     6    18     0     0   -48.0   40.426  101.258      1.5    884.3
     1     1    10     4     6    17     0     1   -49.0   40.303  101.132      4.8    881.8
     1     1    10     4     6    16     0     2   -50.0   40.220  101.044      5.3    879.9
     1     1    10     4     6    15     0     3   -51.0   40.170  101.010      2.8    878.6
     1     1    10     4     6    14     0     2   -52.0   40.159  101.009      0.0    878.3
     1     1    10     4     6    13     0     1   -53.0   40.194  101.012      0.0    879.3
     1     1    10     4     6    12     0     0   -54.0   40.274  101.015      0.0    881.5
     1     1    10     4     6    11     0     1   -55.0   40.388  100.992      0.0    883.7
     1     1    10     4     6    10     0     2   -56.0   40.519  100.918      0.0    885.8
     1     1    10     4     6     9     0     3   -57.0   40.664  100.795      0.0    887.9
     1     1    10     4     6     8     0     2   -58.0   40.798  100.652      0.0    890.8
     1     1    10     4     6     7     0     1   -59.0   40.901  100.513      0.0    892.3
     1     1    10     4     6     6     0     0   -60.0   40.983  100.377      0.0    892.5
     1     1    10     4     6     5     0     1   -61.0   41.041  100.259      0.9    892.1
     1     1    10     4     6     4     0     2   -62.0   41.063  100.171      1.7    891.8
     1     1    10     4     6     3     0     3   -63.0   41.044  100.106      2.0    891.2
     1     1    10     4     6     2     0     2   -64.0   40.998  100.051      2.0    889.3
     1     1    10     4     6     1     0     1   -65.0   40.941  100.004      1.9    887.1
     1     1    10     4     6     0     0     0   -66.0   40.868   99.971      2.1    884.5
     1     1    10     4     5    23     0     1   -67.0   40.780   99.957      2.7    882.4
     1     1    10     4     5    22     0     2   -68.0   40.682   99.964      3.6    880.5
     1     1    10     4     5    21     0     3   -69.0   40.576   99.998      4.7    878.5
     1     1    10     4     5    20     0     2   -70.0   40.468  100.066      6.4    877.2
     1     1    10     4     5    19     0     1   -71.0   40.359  100.173      9.3    876.5
     1     1    10     4     5    18     0     0   -72.0   40.249  100.318     14.6    875.7
     1     1    10     4     5    17     0     1   -73.0   40.142  100.501     24.0    873.5
     1     1    10     4     5    16     0     2   -74.0   40.053  100.715     32.4    871.9
     1     1    10     4     5    15     0     3   -75.0   39.989  100.949     32.1    871.6
     1     1    10     4     5    14     0     2   -76.0   39.957  101.174     28.0    872.1
     1     1    10     4     5    13     0     1   -77.0   39.959  101.375     26.6    872.7
     1     1    10     4     5    12     0     0   -78.0   39.994  101.548     28.2    874.3
     1     1    10     4     5    11     0     1   -79.0   40.058  101.670     31.5    875.5
     1     1    10     4     5    10     0     2   -80.0   40.150  101.724     33.5    876.8
     1     1    10     4     5     9     0     3   -81.0   40.268  101.717     32.6    878.8
     1     1    10     4     5     8     0     2   -82.0   40.405  101.678     28.8    882.3
     1     1    10     4     5     7     0     1   -83.0   40.548  101.634     23.8    886.7
     1     1    10     4     5     6     0     0   -84.0   40.699  101.584     18.1    892.0
     1     1    10     4     5     5     0     1   -85.0   40.851  101.532     12.9    896.9
     1     1    10     4     5     4     0     2   -86.0   40.996  101.488      8.6    901.2
     1     1    10     4     5     3     0     3   -87.0   41.134  101.460      4.9    902.8
     1     1    10     4     5     2     0     2   -88.0   41.260  101.440      1.3    903.3
     1     1    10     4     5     1     0     1   -89.0   41.372  101.421      0.0    903.8
     1     1    10     4     5     0     0     0   -90.0   41.470  101.410      0.0    904.2
     1     1    10     4     4    23     0     1   -91.0   41.566  101.390      0.0    904.0
     1     1    10     4     4    22     0     2   -92.0   41.678  101.350      0.0    903.8
     1     1    10     4     4    21     0     3   -93.0   41.819  101.297      0.0    903.5
     1     1    10     4     4    20     0     2   -94.0   41.980  101.225      0.0    904.8
     1     1    10     4     4    19     0     1   -95.0   42.138  101.105      0.0    895.4
     1     1    10     4     4    18     0     0   -96.0   42.292  100.940      0.0    885.2
