     7     1
    GDAS    10     3    22     0     0
    GDAS    10     4     8     0     0
    GDAS    10     4    15     0     0
    GDAS    10     4    22     0     0
    GDAS    10     4    29     0     0
    GDAS    10     4     1     0     0
    GDAS    10     3    29     0     0
     1 BACKWARD OMEGA   
    10     4    19     6   39.977  116.381  7400.0
     1 PRESSURE
     1     1    10     4    19     6     0     0     0.0   39.977  116.381   7158.0    391.6
     1     1    10     4    19     5     0     1    -1.0   39.797  114.818   6983.1    357.4
     1     1    10     4    19     4     0     2    -2.0   39.727  113.182   6967.5    347.0
     1     1    10     4    19     3     0     3    -3.0   39.706  111.613   6929.6    346.2
     1     1    10     4    19     2     0     2    -4.0   39.713  110.189   6845.4    355.4
     1     1    10     4    19     1     0     1    -5.0   39.757  108.751   6759.6    354.4
     1     1    10     4    19     0     0     0    -6.0   39.810  107.387   6714.8    360.3
     1     1    10     4    18    23     0     1    -7.0   39.899  106.109   6748.5    367.7
     1     1    10     4    18    22     0     2    -8.0   40.041  104.791   6769.6    350.4
     1     1    10     4    18    21     0     3    -9.0   40.224  103.401   6765.6    347.5
     1     1    10     4    18    20     0     2   -10.0   40.417  102.054   6732.5    362.3
     1     1    10     4    18    19     0     1   -11.0   40.638  100.722   6843.3    359.7
     1     1    10     4    18    18     0     0   -12.0   40.926   99.349   6919.6    343.0
     1     1    10     4    18    17     0     1   -13.0   41.265   97.848   6874.9    338.2
     1     1    10     4    18    16     0     2   -14.0   41.647   96.073   6879.3    316.9
     1     1    10     4    18    15     0     3   -15.0   41.977   94.336   7191.0    342.9
     1     1    10     4    18    14     0     2   -16.0   42.170   92.851   7225.8    352.7
     1     1    10     4    18    13     0     1   -17.0   42.361   91.304   7150.3    355.6
     1     1    10     4    18    12     0     0   -18.0   42.538   89.690   7112.3    361.7
     1     1    10     4    18    11     0     1   -19.0   42.685   88.120   6848.4    354.3
     1     1    10     4    18    10     0     2   -20.0   42.826   85.989   6427.8    288.4
     1     1    10     4    18     9     0     3   -21.0   42.900   83.635   6541.7    305.2
     1     1    10     4    18     8     0     2   -22.0   42.866   81.343   6605.3    317.3
     1     1    10     4    18     7     0     1   -23.0   42.772   79.105   6474.9    312.2
     1     1    10     4    18     6     0     0   -24.0   42.618   76.972   6370.0    302.9
     1     1    10     4    18     5     0     1   -25.0   42.447   74.981   6648.8    323.2
     1     1    10     4    18     4     0     2   -26.0   42.298   73.112   6720.8    323.6
     1     1    10     4    18     3     0     3   -27.0   42.145   71.336   6579.9    304.5
     1     1    10     4    18     2     0     2   -28.0   42.031   69.704   7040.4    349.8
     1     1    10     4    18     1     0     1   -29.0   42.059   68.420   7392.1    377.9
     1     1    10     4    18     0     0     0   -30.0   42.124   67.253   7466.3    379.9
     1     1    10     4    17    23     0     1   -31.0   42.240   66.143   7555.1    375.5
     1     1    10     4    17    22     0     2   -32.0   42.431   65.040   7728.7    365.7
     1     1    10     4    17    21     0     3   -33.0   42.650   63.964   7773.1    361.9
     1     1    10     4    17    20     0     2   -34.0   42.871   62.963   7650.7    374.4
     1     1    10     4    17    19     0     1   -35.0   43.121   61.990   7595.9    383.2
     1     1    10     4    17    18     0     0   -36.0   43.424   60.973   7744.5    376.2
     1     1    10     4    17    17     0     1   -37.0   43.732   59.915   8029.9    359.9
     1     1    10     4    17    16     0     2   -38.0   44.017   58.909   8273.9    346.1
     1     1    10     4    17    15     0     3   -39.0   44.295   57.941   8404.8    336.6
     1     1    10     4    17    14     0     2   -40.0   44.564   56.964   8482.3    331.3
     1     1    10     4    17    13     0     1   -41.0   44.804   55.999   8576.2    331.1
     1     1    10     4    17    12     0     0   -42.0   45.020   55.043   8695.5    324.4
     1     1    10     4    17    11     0     1   -43.0   45.211   54.077   8829.2    320.1
     1     1    10     4    17    10     0     2   -44.0   45.371   53.117   8918.8    317.2
     1     1    10     4    17     9     0     3   -45.0   45.519   52.148   9000.2    314.2
     1     1    10     4    17     8     0     2   -46.0   45.658   51.155   9060.0    309.6
     1     1    10     4    17     7     0     1   -47.0   45.773   50.149   9164.4    305.9
     1     1    10     4    17     6     0     0   -48.0   45.877   49.114   9255.9    299.5
     1     1    10     4    17     5     0     1   -49.0   45.965   48.047   9335.6    295.4
     1     1    10     4    17     4     0     2   -50.0   46.046   46.973   9411.9    291.7
     1     1    10     4    17     3     0     3   -51.0   46.125   45.893   9480.4    288.1
     1     1    10     4    17     2     0     2   -52.0   46.161   44.773   9530.0    283.5
     1     1    10     4    17     1     0     1   -53.0   46.155   43.618   9590.7    279.7
     1     1    10     4    17     0     0     0   -54.0   46.121   42.467   9647.6    277.4
     1     1    10     4    16    23     0     1   -55.0   46.014   41.312   9671.8    275.8
     1     1    10     4    16    22     0     2   -56.0   45.845   40.191   9663.2    277.3
     1     1    10     4    16    21     0     3   -57.0   45.683   39.162   9662.3    278.1
     1     1    10     4    16    20     0     2   -58.0   45.507   38.139   9709.0    275.6
     1     1    10     4    16    19     0     1   -59.0   45.323   37.030   9746.4    274.6
     1     1    10     4    16    18     0     0   -60.0   45.162   35.861   9779.9    273.7
     1     1    10     4    16    17     0     1   -61.0   44.999   34.656   9732.3    266.5
     1     1    10     4    16    16     0     2   -62.0   44.850   33.360   9795.6    269.9
     1     1    10     4    16    15     0     3   -63.0   44.702   31.952   9730.8    275.2
     1     1    10     4    16    14     0     2   -64.0   44.515   30.502   9628.7    280.7
     1     1    10     4    16    13     0     1   -65.0   44.320   28.975   9552.4    282.6
     1     1    10     4    16    12     0     0   -66.0   44.126   27.411   9309.9    289.2
     1     1    10     4    16    11     0     1   -67.0   43.897   25.865   9108.4    296.2
     1     1    10     4    16    10     0     2   -68.0   43.661   24.364   8943.5    297.2
     1     1    10     4    16     9     0     3   -69.0   43.459   22.894   8779.0    294.6
     1     1    10     4    16     8     0     2   -70.0   43.291   21.443   8700.5    293.8
     1     1    10     4    16     7     0     1   -71.0   43.135   20.019   8388.1    282.7
     1     1    10     4    16     6     0     0   -72.0   42.969   18.656   8291.6    293.5
     1     1    10     4    16     5     0     1   -73.0   42.782   17.368   8508.5    324.7
     1     1    10     4    16     4     0     2   -74.0   42.551   16.135   8487.7    329.8
     1     1    10     4    16     3     0     3   -75.0   42.314   14.922   8444.0    328.3
     1     1    10     4    16     2     0     2   -76.0   42.074   13.687   8167.2    306.9
     1     1    10     4    16     1     0     1   -77.0   41.807   12.432   8278.5    330.7
     1     1    10     4    16     0     0     0   -78.0   41.526   11.240   8260.4    343.5
     1     1    10     4    15    23     0     1   -79.0   41.229   10.073   8164.5    345.5
     1     1    10     4    15    22     0     2   -80.0   40.924    8.887   7969.8    349.3
     1     1    10     4    15    21     0     3   -81.0   40.629    7.712   7903.2    363.8
     1     1    10     4    15    20     0     2   -82.0   40.321    6.591   7882.1    363.2
     1     1    10     4    15    19     0     1   -83.0   39.986    5.536   7811.7    366.9
     1     1    10     4    15    18     0     0   -84.0   39.635    4.594   7697.1    373.9
     1     1    10     4    15    17     0     1   -85.0   39.288    3.754   7499.5    383.2
     1     1    10     4    15    16     0     2   -86.0   38.992    2.951   7246.2    400.9
     1     1    10     4    15    15     0     3   -87.0   38.739    2.265   7028.9    410.5
     1     1    10     4    15    14     0     2   -88.0   38.442    1.719   6731.1    426.9
     1     1    10     4    15    13     0     1   -89.0   38.083    1.204   6425.6    452.2
     1     1    10     4    15    12     0     0   -90.0   37.702    0.751   6197.6    469.1
     1     1    10     4    15    11     0     1   -91.0   37.328    0.370   5947.1    471.6
     1     1    10     4    15    10     0     2   -92.0   36.966    0.072   5557.3    501.7
     1     1    10     4    15     9     0     3   -93.0   36.629   -0.245   5257.5    531.2
     1     1    10     4    15     8     0     2   -94.0   36.312   -0.610   4981.5    538.9
     1     1    10     4    15     7     0     1   -95.0   36.011   -0.961   4581.3    569.4
     1     1    10     4    15     6     0     0   -96.0   35.730   -1.255   4193.4    596.2
