     7     1
    GDAS    10     3    22     0     0
    GDAS    10     4     8     0     0
    GDAS    10     4    15     0     0
    GDAS    10     4    22     0     0
    GDAS    10     4    29     0     0
    GDAS    10     4     1     0     0
    GDAS    10     3    29     0     0
     1 BACKWARD OMEGA   
    10     4    14    18   39.977  116.381  4000.0
     1 PRESSURE
     1     1    10     4    14    18     0     0     0.0   39.977  116.381   3763.6    613.3
     1     1    10     4    14    17     0     1    -1.0   40.167  116.053   3731.1    594.3
     1     1    10     4    14    16     0     2    -2.0   40.400  115.644   3679.2    568.8
     1     1    10     4    14    15     0     3    -3.0   40.643  115.122   3720.7    541.1
     1     1    10     4    14    14     0     2    -4.0   40.896  114.497   3859.5    519.5
     1     1    10     4    14    13     0     1    -5.0   41.170  113.822   3925.1    506.7
     1     1    10     4    14    12     0     0    -6.0   41.456  113.113   3888.5    504.2
     1     1    10     4    14    11     0     1    -7.0   41.729  112.402   3882.2    512.5
     1     1    10     4    14    10     0     2    -8.0   41.983  111.705   3925.5    512.8
     1     1    10     4    14     9     0     3    -9.0   42.211  111.045   3963.0    519.8
     1     1    10     4    14     8     0     2   -10.0   42.422  110.430   3938.0    521.9
     1     1    10     4    14     7     0     1   -11.0   42.632  109.847   3902.2    525.8
     1     1    10     4    14     6     0     0   -12.0   42.844  109.285   3886.5    528.3
     1     1    10     4    14     5     0     1   -13.0   43.033  108.762   3902.1    533.1
     1     1    10     4    14     4     0     2   -14.0   43.197  108.298   3941.1    539.0
     1     1    10     4    14     3     0     3   -15.0   43.369  107.886   3984.3    536.6
     1     1    10     4    14     2     0     2   -16.0   43.548  107.472   4010.1    526.0
     1     1    10     4    14     1     0     1   -17.0   43.720  107.016   4011.0    517.5
     1     1    10     4    14     0     0     0   -18.0   43.893  106.522   3990.5    512.2
     1     1    10     4    13    23     0     1   -19.0   44.059  106.017   3958.6    510.2
     1     1    10     4    13    22     0     2   -20.0   44.200  105.522   3932.3    512.4
     1     1    10     4    13    21     0     3   -21.0   44.306  105.049   3895.5    515.7
     1     1    10     4    13    20     0     2   -22.0   44.387  104.606   3846.1    520.2
     1     1    10     4    13    19     0     1   -23.0   44.450  104.202   3786.4    525.5
     1     1    10     4    13    18     0     0   -24.0   44.491  103.840   3722.3    529.9
     1     1    10     4    13    17     0     1   -25.0   44.525  103.495   3672.7    533.2
     1     1    10     4    13    16     0     2   -26.0   44.568  103.137   3653.6    533.2
     1     1    10     4    13    15     0     3   -27.0   44.618  102.768   3649.3    531.9
     1     1    10     4    13    14     0     2   -28.0   44.685  102.383   3628.1    528.9
     1     1    10     4    13    13     0     1   -29.0   44.781  101.983   3565.3    525.7
     1     1    10     4    13    12     0     0   -30.0   44.897  101.584   3486.1    529.6
     1     1    10     4    13    11     0     1   -31.0   45.041  101.165   3418.9    532.1
     1     1    10     4    13    10     0     2   -32.0   45.220  100.669   3375.4    528.5
     1     1    10     4    13     9     0     3   -33.0   45.417  100.108   3339.8    530.3
     1     1    10     4    13     8     0     2   -34.0   45.609   99.515   3309.1    531.4
     1     1    10     4    13     7     0     1   -35.0   45.789   98.883   3316.9    530.2
     1     1    10     4    13     6     0     0   -36.0   45.960   98.199   3327.6    535.7
     1     1    10     4    13     5     0     1   -37.0   46.129   97.474   3260.8    526.1
     1     1    10     4    13     4     0     2   -38.0   46.309   96.709   3217.3    518.5
     1     1    10     4    13     3     0     3   -39.0   46.485   95.968   3225.0    522.4
     1     1    10     4    13     2     0     2   -40.0   46.657   95.281   3260.8    535.2
     1     1    10     4    13     1     0     1   -41.0   46.833   94.612   3277.8    541.1
     1     1    10     4    13     0     0     0   -42.0   47.026   93.894   3316.8    543.6
     1     1    10     4    12    23     0     1   -43.0   47.230   93.134   3304.2    531.1
     1     1    10     4    12    22     0     2   -44.0   47.424   92.340   3249.4    522.2
     1     1    10     4    12    21     0     3   -45.0   47.597   91.450   3199.4    506.5
     1     1    10     4    12    20     0     2   -46.0   47.777   90.416   3201.4    487.8
     1     1    10     4    12    19     0     1   -47.0   47.969   89.320   3222.7    487.6
     1     1    10     4    12    18     0     0   -48.0   48.132   88.271   3330.3    515.1
     1     1    10     4    12    17     0     1   -49.0   48.251   87.312   3393.8    549.2
     1     1    10     4    12    16     0     2   -50.0   48.339   86.458   3373.6    576.7
     1     1    10     4    12    15     0     3   -51.0   48.426   85.713   3306.5    592.9
     1     1    10     4    12    14     0     2   -52.0   48.486   85.117   3216.0    606.9
     1     1    10     4    12    13     0     1   -53.0   48.496   84.661   3160.1    623.2
     1     1    10     4    12    12     0     0   -54.0   48.469   84.292   3142.1    635.0
     1     1    10     4    12    11     0     1   -55.0   48.414   83.987   3141.4    641.7
     1     1    10     4    12    10     0     2   -56.0   48.333   83.747   3131.6    644.3
     1     1    10     4    12     9     0     3   -57.0   48.218   83.564   3115.4    649.5
     1     1    10     4    12     8     0     2   -58.0   48.090   83.410   3091.2    657.1
     1     1    10     4    12     7     0     1   -59.0   47.982   83.269   3046.4    663.3
     1     1    10     4    12     6     0     0   -60.0   47.895   83.152   2961.9    664.5
     1     1    10     4    12     5     0     1   -61.0   47.812   83.044   2869.4    668.1
     1     1    10     4    12     4     0     2   -62.0   47.729   82.923   2794.1    666.8
     1     1    10     4    12     3     0     3   -63.0   47.654   82.774   2756.5    661.3
     1     1    10     4    12     2     0     2   -64.0   47.590   82.586   2743.3    653.3
     1     1    10     4    12     1     0     1   -65.0   47.536   82.364   2734.7    648.4
     1     1    10     4    12     0     0     0   -66.0   47.488   82.113   2731.1    644.8
     1     1    10     4    11    23     0     1   -67.0   47.453   81.851   2747.0    645.9
     1     1    10     4    11    22     0     2   -68.0   47.436   81.601   2786.6    647.5
     1     1    10     4    11    21     0     3   -69.0   47.434   81.371   2841.4    647.5
     1     1    10     4    11    20     0     2   -70.0   47.440   81.151   2900.3    646.3
     1     1    10     4    11    19     0     1   -71.0   47.450   80.935   2955.7    645.8
     1     1    10     4    11    18     0     0   -72.0   47.464   80.724   3011.4    644.6
     1     1    10     4    11    17     0     1   -73.0   47.485   80.529   3080.6    642.1
     1     1    10     4    11    16     0     2   -74.0   47.518   80.353   3170.9    636.0
     1     1    10     4    11    15     0     3   -75.0   47.564   80.194   3278.2    627.9
     1     1    10     4    11    14     0     2   -76.0   47.633   80.041   3373.6    617.8
     1     1    10     4    11    13     0     1   -77.0   47.730   79.895   3431.2    610.8
     1     1    10     4    11    12     0     0   -78.0   47.859   79.760   3459.2    605.0
     1     1    10     4    11    11     0     1   -79.0   48.013   79.635   3498.8    600.8
     1     1    10     4    11    10     0     2   -80.0   48.181   79.502   3590.0    594.6
     1     1    10     4    11     9     0     3   -81.0   48.363   79.349   3708.5    585.1
     1     1    10     4    11     8     0     2   -82.0   48.577   79.177   3829.1    574.5
     1     1    10     4    11     7     0     1   -83.0   48.837   79.008   3938.0    565.1
     1     1    10     4    11     6     0     0   -84.0   49.135   78.854   4066.9    558.9
     1     1    10     4    11     5     0     1   -85.0   49.467   78.709   4237.1    552.9
     1     1    10     4    11     4     0     2   -86.0   49.826   78.569   4425.0    546.9
     1     1    10     4    11     3     0     3   -87.0   50.206   78.427   4611.8    539.1
     1     1    10     4    11     2     0     2   -88.0   50.599   78.288   4792.8    531.1
     1     1    10     4    11     1     0     1   -89.0   50.995   78.168   4979.8    523.1
     1     1    10     4    11     0     0     0   -90.0   51.394   78.059   5162.8    510.8
     1     1    10     4    10    23     0     1   -91.0   51.815   77.962   5350.5    497.6
     1     1    10     4    10    22     0     2   -92.0   52.271   77.884   5529.9    485.7
     1     1    10     4    10    21     0     3   -93.0   52.754   77.809   5695.2    475.1
     1     1    10     4    10    20     0     2   -94.0   53.265   77.741   5849.8    465.3
     1     1    10     4    10    19     0     1   -95.0   53.804   77.681   5987.3    455.1
     1     1    10     4    10    18     0     0   -96.0   54.356   77.618   6095.5    447.9
