     7     1
    GDAS    10     3    22     0     0
    GDAS    10     4     8     0     0
    GDAS    10     4    15     0     0
    GDAS    10     4    22     0     0
    GDAS    10     4    29     0     0
    GDAS    10     4     1     0     0
    GDAS    10     3    29     0     0
     1 BACKWARD OMEGA   
    10     4    22    18   39.977  116.381  2400.0
     1 PRESSURE
     1     1    10     4    22    18     0     0     0.0   39.977  116.381   2165.2    759.6
     1     1    10     4    22    17     0     1    -1.0   40.274  116.402   2162.9    741.8
     1     1    10     4    22    16     0     2    -2.0   40.603  116.417   2175.5    717.8
     1     1    10     4    22    15     0     3    -3.0   40.942  116.417   2193.3    691.9
     1     1    10     4    22    14     0     2    -4.0   41.289  116.389   2212.2    674.7
     1     1    10     4    22    13     0     1    -5.0   41.647  116.321   2254.3    660.0
     1     1    10     4    22    12     0     0    -6.0   41.994  116.212   2375.6    639.4
     1     1    10     4    22    11     0     1    -7.0   42.353  116.085   2543.6    620.3
     1     1    10     4    22    10     0     2    -8.0   42.739  115.972   2694.7    612.3
     1     1    10     4    22     9     0     3    -9.0   43.145  115.881   2840.6    605.0
     1     1    10     4    22     8     0     2   -10.0   43.551  115.793   2955.2    600.1
     1     1    10     4    22     7     0     1   -11.0   43.944  115.706   3033.5    599.7
     1     1    10     4    22     6     0     0   -12.0   44.323  115.648   3095.7    597.2
     1     1    10     4    22     5     0     1   -13.0   44.673  115.631   3147.2    593.7
     1     1    10     4    22     4     0     2   -14.0   44.979  115.670   3183.1    593.0
     1     1    10     4    22     3     0     3   -15.0   45.243  115.758   3210.3    594.9
     1     1    10     4    22     2     0     2   -16.0   45.492  115.868   3238.5    596.4
     1     1    10     4    22     1     0     1   -17.0   45.740  115.996   3268.2    595.7
     1     1    10     4    22     0     0     0   -18.0   45.978  116.166   3284.2    593.7
     1     1    10     4    21    23     0     1   -19.0   46.206  116.329   3297.2    596.2
     1     1    10     4    21    22     0     2   -20.0   46.426  116.438   3305.3    599.7
     1     1    10     4    21    21     0     3   -21.0   46.633  116.514   3310.2    603.5
     1     1    10     4    21    20     0     2   -22.0   46.830  116.571   3314.9    607.8
     1     1    10     4    21    19     0     1   -23.0   47.013  116.621   3321.2    611.5
     1     1    10     4    21    18     0     0   -24.0   47.180  116.664   3327.1    612.7
     1     1    10     4    21    17     0     1   -25.0   47.340  116.684   3337.7    613.3
     1     1    10     4    21    16     0     2   -26.0   47.502  116.678   3346.1    613.4
     1     1    10     4    21    15     0     3   -27.0   47.667  116.655   3340.6    614.8
     1     1    10     4    21    14     0     2   -28.0   47.839  116.626   3324.4    618.0
     1     1    10     4    21    13     0     1   -29.0   48.018  116.600   3309.7    620.7
     1     1    10     4    21    12     0     0   -30.0   48.202  116.569   3302.3    620.6
     1     1    10     4    21    11     0     1   -31.0   48.399  116.504   3308.4    618.5
     1     1    10     4    21    10     0     2   -32.0   48.614  116.392   3320.3    615.2
     1     1    10     4    21     9     0     3   -33.0   48.847  116.239   3323.1    612.1
     1     1    10     4    21     8     0     2   -34.0   49.085  116.068   3315.0    612.0
     1     1    10     4    21     7     0     1   -35.0   49.316  115.902   3313.0    613.6
     1     1    10     4    21     6     0     0   -36.0   49.541  115.746   3320.9    613.7
     1     1    10     4    21     5     0     1   -37.0   49.764  115.605   3339.2    613.0
     1     1    10     4    21     4     0     2   -38.0   49.988  115.492   3371.2    611.1
     1     1    10     4    21     3     0     3   -39.0   50.209  115.413   3409.0    606.5
     1     1    10     4    21     2     0     2   -40.0   50.432  115.357   3444.1    602.5
     1     1    10     4    21     1     0     1   -41.0   50.663  115.316   3469.1    599.8
     1     1    10     4    21     0     0     0   -42.0   50.900  115.304   3480.8    598.1
     1     1    10     4    20    23     0     1   -43.0   51.154  115.293   3496.7    597.0
     1     1    10     4    20    22     0     2   -44.0   51.429  115.253   3537.9    591.3
     1     1    10     4    20    21     0     3   -45.0   51.720  115.199   3601.2    582.9
     1     1    10     4    20    20     0     2   -46.0   52.021  115.157   3666.5    573.0
     1     1    10     4    20    19     0     1   -47.0   52.332  115.143   3704.6    564.4
     1     1    10     4    20    18     0     0   -48.0   52.665  115.153   3700.7    559.5
     1     1    10     4    20    17     0     1   -49.0   53.019  115.216   3664.4    559.5
     1     1    10     4    20    16     0     2   -50.0   53.390  115.327   3641.4    565.1
     1     1    10     4    20    15     0     3   -51.0   53.774  115.448   3642.5    565.6
     1     1    10     4    20    14     0     2   -52.0   54.171  115.578   3672.2    563.3
     1     1    10     4    20    13     0     1   -53.0   54.573  115.730   3724.3    562.3
     1     1    10     4    20    12     0     0   -54.0   54.971  115.905   3783.0    565.6
     1     1    10     4    20    11     0     1   -55.0   55.386  116.104   3805.8    561.1
     1     1    10     4    20    10     0     2   -56.0   55.840  116.358   3780.2    551.8
     1     1    10     4    20     9     0     3   -57.0   56.342  116.691   3743.3    535.4
     1     1    10     4    20     8     0     2   -58.0   56.893  117.068   3755.7    514.3
     1     1    10     4    20     7     0     1   -59.0   57.483  117.462   3849.3    520.0
     1     1    10     4    20     6     0     0   -60.0   58.080  117.829   3901.5    544.8
     1     1    10     4    20     5     0     1   -61.0   58.652  118.116   3885.1    566.2
     1     1    10     4    20     4     0     2   -62.0   59.204  118.337   3867.5    580.0
     1     1    10     4    20     3     0     3   -63.0   59.732  118.527   3842.4    588.8
     1     1    10     4    20     2     0     2   -64.0   60.245  118.674   3819.1    593.6
     1     1    10     4    20     1     0     1   -65.0   60.757  118.787   3808.1    595.2
     1     1    10     4    20     0     0     0   -66.0   61.263  118.889   3808.3    596.7
     1     1    10     4    19    23     0     1   -67.0   61.737  118.935   3815.8    599.5
     1     1    10     4    19    22     0     2   -68.0   62.172  118.915   3839.1    600.4
     1     1    10     4    19    21     0     3   -69.0   62.583  118.884   3883.6    597.2
     1     1    10     4    19    20     0     2   -70.0   62.982  118.847   3932.5    592.9
     1     1    10     4    19    19     0     1   -71.0   63.373  118.782   3968.4    590.6
     1     1    10     4    19    18     0     0   -72.0   63.758  118.682   3992.5    589.3
     1     1    10     4    19    17     0     1   -73.0   64.135  118.543   4014.4    588.0
     1     1    10     4    19    16     0     2   -74.0   64.510  118.366   4039.8    584.7
     1     1    10     4    19    15     0     3   -75.0   64.889  118.147   4065.0    581.2
     1     1    10     4    19    14     0     2   -76.0   65.274  117.881   4086.2    577.0
     1     1    10     4    19    13     0     1   -77.0   65.665  117.563   4105.4    572.3
     1     1    10     4    19    12     0     0   -78.0   66.055  117.193   4125.2    566.2
     1     1    10     4    19    11     0     1   -79.0   66.452  116.755   4143.8    563.4
     1     1    10     4    19    10     0     2   -80.0   66.854  116.242   4146.7    563.0
     1     1    10     4    19     9     0     3   -81.0   67.240  115.670   4144.0    563.9
     1     1    10     4    19     8     0     2   -82.0   67.610  115.044   4147.8    565.8
     1     1    10     4    19     7     0     1   -83.0   67.971  114.347   4170.7    566.5
     1     1    10     4    19     6     0     0   -84.0   68.323  113.583   4197.6    564.0
     1     1    10     4    19     5     0     1   -85.0   68.680  112.793   4223.7    560.2
     1     1    10     4    19     4     0     2   -86.0   69.041  111.967   4260.3    554.9
     1     1    10     4    19     3     0     3   -87.0   69.394  111.061   4295.9    548.3
     1     1    10     4    19     2     0     2   -88.0   69.765  110.092   4301.0    535.6
     1     1    10     4    19     1     0     1   -89.0   70.155  109.040   4300.2    528.1
     1     1    10     4    19     0     0     0   -90.0   70.534  107.868   4324.5    533.3
     1     1    10     4    18    23     0     1   -91.0   70.912  106.613   4350.9    537.9
     1     1    10     4    18    22     0     2   -92.0   71.286  105.274   4364.3    543.7
     1     1    10     4    18    21     0     3   -93.0   71.622  103.810   4360.0    555.1
     1     1    10     4    18    20     0     2   -94.0   71.920  102.249   4352.7    565.7
     1     1    10     4    18    19     0     1   -95.0   72.179  100.635   4307.4    568.6
     1     1    10     4    18    18     0     0   -96.0   72.394   98.954   4232.7    574.0
