     7     1
    GDAS    10     3    22     0     0
    GDAS    10     4     8     0     0
    GDAS    10     4    15     0     0
    GDAS    10     4    22     0     0
    GDAS    10     4    29     0     0
    GDAS    10     4     1     0     0
    GDAS    10     3    29     0     0
     1 BACKWARD OMEGA   
    10     4    26    18   39.977  116.381  9600.0
     1 PRESSURE
     1     1    10     4    26    18     0     0     0.0   39.977  116.381   9359.8    265.7
     1     1    10     4    26    17     0     1    -1.0   40.341  115.508   9118.3    247.7
     1     1    10     4    26    16     0     2    -2.0   40.772  114.666   9035.0    237.0
     1     1    10     4    26    15     0     3    -3.0   41.281  113.892   9080.1    232.3
     1     1    10     4    26    14     0     2    -4.0   41.836  113.218   9060.3    231.2
     1     1    10     4    26    13     0     1    -5.0   42.473  112.619   9122.7    237.9
     1     1    10     4    26    12     0     0    -6.0   43.202  112.075   9264.1    240.3
     1     1    10     4    26    11     0     1    -7.0   43.981  111.577   9316.6    237.0
     1     1    10     4    26    10     0     2    -8.0   44.807  111.117   9351.7    237.5
     1     1    10     4    26     9     0     3    -9.0   45.648  110.733   9314.3    235.5
     1     1    10     4    26     8     0     2   -10.0   46.453  110.464   9255.9    234.7
     1     1    10     4    26     7     0     1   -11.0   47.212  110.300   9168.7    235.6
     1     1    10     4    26     6     0     0   -12.0   47.923  110.233   9104.4    234.2
     1     1    10     4    26     5     0     1   -13.0   48.572  110.269   9092.6    232.3
     1     1    10     4    26     4     0     2   -14.0   49.153  110.405   9087.5    232.0
     1     1    10     4    26     3     0     3   -15.0   49.670  110.635   9069.6    231.6
     1     1    10     4    26     2     0     2   -16.0   50.126  110.944   9068.7    230.9
     1     1    10     4    26     1     0     1   -17.0   50.526  111.299   9154.8    234.1
     1     1    10     4    26     0     0     0   -18.0   50.870  111.674   9215.6    236.9
     1     1    10     4    25    23     0     1   -19.0   51.120  112.044   9231.5    239.0
     1     1    10     4    25    22     0     2   -20.0   51.229  112.380   9246.0    238.8
     1     1    10     4    25    21     0     3   -21.0   51.199  112.672   9280.5    237.5
     1     1    10     4    25    20     0     2   -22.0   51.040  112.934   9310.1    236.1
     1     1    10     4    25    19     0     1   -23.0   50.753  113.174   9350.9    236.0
     1     1    10     4    25    18     0     0   -24.0   50.336  113.390   9398.1    236.7
     1     1    10     4    25    17     0     1   -25.0   49.827  113.561   9444.1    236.5
     1     1    10     4    25    16     0     2   -26.0   49.285  113.649   9450.3    235.8
     1     1    10     4    25    15     0     3   -27.0   48.736  113.635   9415.6    237.6
     1     1    10     4    25    14     0     2   -28.0   48.158  113.490   9383.0    240.5
     1     1    10     4    25    13     0     1   -29.0   47.537  113.196   9335.3    239.5
     1     1    10     4    25    12     0     0   -30.0   46.905  112.767   9302.3    237.1
     1     1    10     4    25    11     0     1   -31.0   46.303  112.231   9334.1    235.6
     1     1    10     4    25    10     0     2   -32.0   45.741  111.625   9325.3    237.3
     1     1    10     4    25     9     0     3   -33.0   45.223  110.977   9318.2    240.6
     1     1    10     4    25     8     0     2   -34.0   44.746  110.253   9305.2    242.5
     1     1    10     4    25     7     0     1   -35.0   44.310  109.436   9281.0    245.1
     1     1    10     4    25     6     0     0   -36.0   43.925  108.592   9200.3    248.2
     1     1    10     4    25     5     0     1   -37.0   43.598  107.749   9123.5    247.3
     1     1    10     4    25     4     0     2   -38.0   43.312  106.904   9084.7    244.6
     1     1    10     4    25     3     0     3   -39.0   43.062  106.085   9040.1    242.1
     1     1    10     4    25     2     0     2   -40.0   42.874  105.295   8964.9    239.1
     1     1    10     4    25     1     0     1   -41.0   42.756  104.512   8974.2    239.2
     1     1    10     4    25     0     0     0   -42.0   42.699  103.750   8986.7    242.2
     1     1    10     4    24    23     0     1   -43.0   42.700  102.997   8992.1    245.2
     1     1    10     4    24    22     0     2   -44.0   42.730  102.235   8949.3    244.6
     1     1    10     4    24    21     0     3   -45.0   42.764  101.458   8928.1    242.2
     1     1    10     4    24    20     0     2   -46.0   42.798  100.689   8957.0    242.0
     1     1    10     4    24    19     0     1   -47.0   42.860   99.964   9029.8    245.4
     1     1    10     4    24    18     0     0   -48.0   42.943   99.281   9075.1    243.5
     1     1    10     4    24    17     0     1   -49.0   43.078   98.633   9169.5    237.2
     1     1    10     4    24    16     0     2   -50.0   43.302   98.035   9239.4    234.4
     1     1    10     4    24    15     0     3   -51.0   43.603   97.511   9294.9    235.2
     1     1    10     4    24    14     0     2   -52.0   43.972   97.056   9366.3    236.6
     1     1    10     4    24    13     0     1   -53.0   44.413   96.611   9296.4    232.1
     1     1    10     4    24    12     0     0   -54.0   44.917   96.147   9162.0    226.4
     1     1    10     4    24    11     0     1   -55.0   45.473   95.719   8995.5    228.6
     1     1    10     4    24    10     0     2   -56.0   46.071   95.363   8898.4    233.3
     1     1    10     4    24     9     0     3   -57.0   46.732   95.116   8874.5    238.3
     1     1    10     4    24     8     0     2   -58.0   47.432   94.946   8943.1    233.1
     1     1    10     4    24     7     0     1   -59.0   48.151   94.841   9047.5    228.8
     1     1    10     4    24     6     0     0   -60.0   48.882   94.753   9202.4    225.5
     1     1    10     4    24     5     0     1   -61.0   49.678   94.695   9394.3    227.8
     1     1    10     4    24     4     0     2   -62.0   50.661   94.783   9245.5    239.8
     1     1    10     4    24     3     0     3   -63.0   51.766   94.903   9141.5    235.0
     1     1    10     4    24     2     0     2   -64.0   52.914   94.937   9376.4    233.3
     1     1    10     4    24     1     0     1   -65.0   54.133   94.987   9483.5    234.6
     1     1    10     4    24     0     0     0   -66.0   55.461   95.006   9611.0    248.9
     1     1    10     4    23    23     0     1   -67.0   56.919   94.952   9692.3    253.5
     1     1    10     4    23    22     0     2   -68.0   58.463   94.903   9610.0    255.5
     1     1    10     4    23    21     0     3   -69.0   60.039   94.670   9518.2    250.1
     1     1    10     4    23    20     0     2   -70.0   61.615   94.194   9624.8    251.2
     1     1    10     4    23    19     0     1   -71.0   63.160   93.601   9605.9    247.3
     1     1    10     4    23    18     0     0   -72.0   64.709   92.832   9620.7    252.3
     1     1    10     4    23    17     0     1   -73.0   66.217   91.853   9649.2    250.3
     1     1    10     4    23    16     0     2   -74.0   67.636   90.735   9595.2    250.2
     1     1    10     4    23    15     0     3   -75.0   69.018   89.259   9713.3    253.9
     1     1    10     4    23    14     0     2   -76.0   70.363   87.238   9867.5    252.8
     1     1    10     4    23    13     0     1   -77.0   71.561   84.711   9979.6    248.5
     1     1    10     4    23    12     0     0   -78.0   72.615   81.632  10032.2    244.4
     1     1    10     4    23    11     0     1   -79.0   73.507   78.097  10117.9    245.2
     1     1    10     4    23    10     0     2   -80.0   74.179   74.237  10166.3    242.9
     1     1    10     4    23     9     0     3   -81.0   74.648   70.099  10213.8    240.6
