     7     1
    GDAS    10     3    22     0     0
    GDAS    10     4     8     0     0
    GDAS    10     4    15     0     0
    GDAS    10     4    22     0     0
    GDAS    10     4    29     0     0
    GDAS    10     4     1     0     0
    GDAS    10     3    29     0     0
     1 BACKWARD OMEGA   
    10     4    21    18   39.977  116.381  6400.0
     1 PRESSURE
     1     1    10     4    21    18     0     0     0.0   39.977  116.381   6161.5    444.8
     1     1    10     4    21    17     0     1    -1.0   39.820  115.490   6094.8    421.7
     1     1    10     4    21    16     0     2    -2.0   39.710  114.518   6004.0    406.3
     1     1    10     4    21    15     0     3    -3.0   39.674  113.477   6008.6    395.7
     1     1    10     4    21    14     0     2    -4.0   39.616  112.357   6020.5    386.0
     1     1    10     4    21    13     0     1    -5.0   39.593  111.178   6121.4    392.3
     1     1    10     4    21    12     0     0    -6.0   39.651  110.021   6086.3    390.9
     1     1    10     4    21    11     0     1    -7.0   39.681  108.820   6151.3    382.7
     1     1    10     4    21    10     0     2    -8.0   39.689  107.570   6258.3    378.1
     1     1    10     4    21     9     0     3    -9.0   39.730  106.314   6396.5    377.4
     1     1    10     4    21     8     0     2   -10.0   39.786  105.032   6491.4    360.4
     1     1    10     4    21     7     0     1   -11.0   39.845  103.746   6491.6    358.3
     1     1    10     4    21     6     0     0   -12.0   39.918  102.519   6517.6    361.0
     1     1    10     4    21     5     0     1   -13.0   40.055  101.338   6591.2    361.7
     1     1    10     4    21     4     0     2   -14.0   40.283  100.161   6642.8    358.1
     1     1    10     4    21     3     0     3   -15.0   40.607   99.002   6694.9    353.2
     1     1    10     4    21     2     0     2   -16.0   41.006   97.922   6709.2    343.4
     1     1    10     4    21     1     0     1   -17.0   41.466   96.942   6683.7    328.8
     1     1    10     4    21     0     0     0   -18.0   41.989   96.060   6632.6    320.9
     1     1    10     4    20    23     0     1   -19.0   42.607   95.319   6861.8    329.7
     1     1    10     4    20    22     0     2   -20.0   43.343   94.711   7283.0    312.7
     1     1    10     4    20    21     0     3   -21.0   44.145   94.223   7643.6    320.5
     1     1    10     4    20    20     0     2   -22.0   44.998   93.884   7516.7    304.5
     1     1    10     4    20    19     0     1   -23.0   45.885   93.622   7319.5    281.9
     1     1    10     4    20    18     0     0   -24.0   46.782   93.416   7407.1    290.4
     1     1    10     4    20    17     0     1   -25.0   47.712   93.351   7563.9    303.6
     1     1    10     4    20    16     0     2   -26.0   48.714   93.418   7780.1    301.3
     1     1    10     4    20    15     0     3   -27.0   49.747   93.532   7831.1    308.2
     1     1    10     4    20    14     0     2   -28.0   50.796   93.651   7635.8    302.1
     1     1    10     4    20    13     0     1   -29.0   51.866   93.705   7820.4    304.2
     1     1    10     4    20    12     0     0   -30.0   52.909   93.661   7905.3    303.0
     1     1    10     4    20    11     0     1   -31.0   53.885   93.543   8074.1    319.0
     1     1    10     4    20    10     0     2   -32.0   54.789   93.321   8057.1    314.0
     1     1    10     4    20     9     0     3   -33.0   55.623   92.987   8136.3    319.7
     1     1    10     4    20     8     0     2   -34.0   56.394   92.600   8188.0    323.5
     1     1    10     4    20     7     0     1   -35.0   57.122   92.129   8225.7    325.2
     1     1    10     4    20     6     0     0   -36.0   57.791   91.553   8254.1    326.5
     1     1    10     4    20     5     0     1   -37.0   58.404   90.881   8257.8    327.5
     1     1    10     4    20     4     0     2   -38.0   58.960   90.102   8249.7    327.7
     1     1    10     4    20     3     0     3   -39.0   59.442   89.187   8249.9    329.0
     1     1    10     4    20     2     0     2   -40.0   59.858   88.163   8219.7    330.2
     1     1    10     4    20     1     0     1   -41.0   60.225   87.065   8208.3    330.5
     1     1    10     4    20     0     0     0   -42.0   60.507   85.879   8221.3    329.9
     1     1    10     4    19    23     0     1   -43.0   60.719   84.621   8254.6    328.3
     1     1    10     4    19    22     0     2   -44.0   60.881   83.247   8274.3    327.9
     1     1    10     4    19    21     0     3   -45.0   60.966   81.755   8236.8    331.1
     1     1    10     4    19    20     0     2   -46.0   60.983   80.157   8150.3    336.0
     1     1    10     4    19    19     0     1   -47.0   60.952   78.405   8056.0    342.5
     1     1    10     4    19    18     0     0   -48.0   60.853   76.464   7936.8    348.4
     1     1    10     4    19    17     0     1   -49.0   60.721   74.384   7853.0    352.5
     1     1    10     4    19    16     0     2   -50.0   60.563   72.092   7778.5    356.2
     1     1    10     4    19    15     0     3   -51.0   60.331   69.635   7729.5    360.1
     1     1    10     4    19    14     0     2   -52.0   60.063   67.091   7657.2    363.6
     1     1    10     4    19    13     0     1   -53.0   59.752   64.393   7712.5    358.7
     1     1    10     4    19    12     0     0   -54.0   59.381   61.658   7757.5    354.7
     1     1    10     4    19    11     0     1   -55.0   58.960   59.094   7637.5    346.7
     1     1    10     4    19    10     0     2   -56.0   58.504   56.654   7892.6    344.5
     1     1    10     4    19     9     0     3   -57.0   58.063   54.465   7891.8    344.2
     1     1    10     4    19     8     0     2   -58.0   57.668   52.533   7855.4    347.3
     1     1    10     4    19     7     0     1   -59.0   57.354   50.752   7874.3    348.8
     1     1    10     4    19     6     0     0   -60.0   57.110   49.040   7893.2    345.7
     1     1    10     4    19     5     0     1   -61.0   56.952   47.359   7959.0    345.0
     1     1    10     4    19     4     0     2   -62.0   56.872   45.624   8073.3    339.1
     1     1    10     4    19     3     0     3   -63.0   56.840   43.809   8181.7    332.0
     1     1    10     4    19     2     0     2   -64.0   56.881   41.840   8248.2    329.1
     1     1    10     4    19     1     0     1   -65.0   56.912   39.701   8277.6    325.8
     1     1    10     4    19     0     0     0   -66.0   56.886   37.472   8339.7    322.7
     1     1    10     4    18    23     0     1   -67.0   56.860   35.127   8357.7    319.5
     1     1    10     4    18    22     0     2   -68.0   56.820   32.728   8383.2    315.8
     1     1    10     4    18    21     0     3   -69.0   56.740   30.321   8505.6    314.7
     1     1    10     4    18    20     0     2   -70.0   56.581   27.998   8507.0    315.7
     1     1    10     4    18    19     0     1   -71.0   56.399   25.779   8493.8    316.3
     1     1    10     4    18    18     0     0   -72.0   56.213   23.651   8556.7    315.8
     1     1    10     4    18    17     0     1   -73.0   55.991   21.701   8505.3    318.6
     1     1    10     4    18    16     0     2   -74.0   55.767   19.783   8629.6    316.0
     1     1    10     4    18    15     0     3   -75.0   55.569   17.909   8615.8    317.1
     1     1    10     4    18    14     0     2   -76.0   55.377   16.169   8540.5    321.3
     1     1    10     4    18    13     0     1   -77.0   55.189   14.571   8467.1    325.5
     1     1    10     4    18    12     0     0   -78.0   55.027   13.050   8453.0    327.0
     1     1    10     4    18    11     0     1   -79.0   54.884   11.576   8503.2    323.2
     1     1    10     4    18    10     0     2   -80.0   54.752   10.180   8529.3    321.9
     1     1    10     4    18     9     0     3   -81.0   54.651    8.845   8516.9    323.5
     1     1    10     4    18     8     0     2   -82.0   54.572    7.549   8515.6    324.3
     1     1    10     4    18     7     0     1   -83.0   54.497    6.285   8517.5    324.3
     1     1    10     4    18     6     0     0   -84.0   54.424    5.041   8530.6    324.0
     1     1    10     4    18     5     0     1   -85.0   54.361    3.842   8537.7    323.3
     1     1    10     4    18     4     0     2   -86.0   54.304    2.702   8509.8    324.9
     1     1    10     4    18     3     0     3   -87.0   54.245    1.616   8436.7    328.6
     1     1    10     4    18     2     0     2   -88.0   54.185    0.551   8363.8    333.8
     1     1    10     4    18     1     0     1   -89.0   54.121   -0.526   8381.2    332.4
     1     1    10     4    18     0     0     0   -90.0   54.046   -1.626   8487.9    320.3
     1     1    10     4    17    23     0     1   -91.0   53.949   -2.701   8565.4    317.3
     1     1    10     4    17    22     0     2   -92.0   53.829   -3.704   8537.3    324.9
     1     1    10     4    17    21     0     3   -93.0   53.692   -4.637   8506.7    327.3
     1     1    10     4    17    20     0     2   -94.0   53.541   -5.500   8514.8    325.8
     1     1    10     4    17    19     0     1   -95.0   53.380   -6.297   8521.9    322.7
     1     1    10     4    17    18     0     0   -96.0   53.214   -7.024   8516.3    321.3
