     7     1
    GDAS    10     3    22     0     0
    GDAS    10     4     8     0     0
    GDAS    10     4    15     0     0
    GDAS    10     4    22     0     0
    GDAS    10     4    29     0     0
    GDAS    10     4     1     0     0
    GDAS    10     3    29     0     0
     1 BACKWARD OMEGA   
    10     4     9    12   39.977  116.381  6400.0
     1 PRESSURE
     1     1    10     4     9    12     0     0     0.0   39.977  116.381   6157.6    444.1
     1     1    10     4     9    11     0     1    -1.0   39.905  114.764   6308.3    381.2
     1     1    10     4     9    10     0     2    -2.0   39.939  113.021   6241.3    379.4
     1     1    10     4     9     9     0     3    -3.0   40.016  111.197   6100.4    391.2
     1     1    10     4     9     8     0     2    -4.0   40.095  109.373   5767.2    404.3
     1     1    10     4     9     7     0     1    -5.0   40.077  107.592   5687.2    410.9
     1     1    10     4     9     6     0     0    -6.0   40.085  105.744   5955.2    404.6
     1     1    10     4     9     5     0     1    -7.0   40.114  103.898   6324.6    366.2
     1     1    10     4     9     4     0     2    -8.0   40.194  102.004   6667.5    359.4
     1     1    10     4     9     3     0     3    -9.0   40.286   99.994   6699.3    352.8
     1     1    10     4     9     2     0     2   -10.0   40.330   98.062   6400.0    359.7
     1     1    10     4     9     1     0     1   -11.0   40.354   96.131   6153.7    352.2
     1     1    10     4     9     0     0     0   -12.0   40.382   94.289   6090.1    388.9
     1     1    10     4     8    23     0     1   -13.0   40.348   92.628   5710.3    424.3
     1     1    10     4     8    22     0     2   -14.0   40.268   91.078   5237.0    466.2
     1     1    10     4     8    21     0     3   -15.0   40.149   89.648   4483.4    519.8
     1     1    10     4     8    20     0     2   -16.0   39.990   88.485   3650.5    582.5
     1     1    10     4     8    19     0     1   -17.0   39.794   87.593   3095.4    624.8
     1     1    10     4     8    18     0     0   -18.0   39.618   86.833   2775.4    649.1
     1     1    10     4     8    17     0     1   -19.0   39.505   86.145   2440.8    670.2
     1     1    10     4     8    16     0     2   -20.0   39.501   85.576   2123.4    699.2
     1     1    10     4     8    15     0     3   -21.0   39.606   85.138   1939.9    716.8
     1     1    10     4     8    14     0     2   -22.0   39.723   84.801   1880.7    719.0
     1     1    10     4     8    13     0     1   -23.0   39.799   84.455   1892.0    717.3
     1     1    10     4     8    12     0     0   -24.0   39.871   84.048   1952.6    711.6
     1     1    10     4     8    11     0     1   -25.0   39.954   83.564   2018.2    703.2
     1     1    10     4     8    10     0     2   -26.0   40.047   83.033   2063.9    698.5
     1     1    10     4     8     9     0     3   -27.0   40.148   82.560   2096.5    695.9
     1     1    10     4     8     8     0     2   -28.0   40.251   82.128   2141.5    692.2
     1     1    10     4     8     7     0     1   -29.0   40.366   81.652   2206.2    685.5
     1     1    10     4     8     6     0     0   -30.0   40.511   81.130   2291.7    679.2
     1     1    10     4     8     5     0     1   -31.0   40.649   80.621   2409.4    667.6
     1     1    10     4     8     4     0     2   -32.0   40.746   80.154   2537.0    654.2
     1     1    10     4     8     3     0     3   -33.0   40.857   79.616   2593.8    618.4
     1     1    10     4     8     2     0     2   -34.0   41.058   78.806   2463.7    549.2
     1     1    10     4     8     1     0     1   -35.0   41.275   77.467   2865.1    458.4
     1     1    10     4     8     0     0     0   -36.0   41.386   75.991   3422.2    448.7
     1     1    10     4     7    23     0     1   -37.0   41.441   74.528   3622.0    452.0
     1     1    10     4     7    22     0     2   -38.0   41.406   73.157   3658.2    508.7
     1     1    10     4     7    21     0     3   -39.0   41.308   71.952   3599.2    568.5
     1     1    10     4     7    20     0     2   -40.0   41.178   70.843   3447.6    544.0
     1     1    10     4     7    19     0     1   -41.0   41.045   69.838   3374.7    565.2
     1     1    10     4     7    18     0     0   -42.0   40.884   69.029   3424.3    644.3
     1     1    10     4     7    17     0     1   -43.0   40.716   68.324   3452.7    637.2
     1     1    10     4     7    16     0     2   -44.0   40.598   67.650   3479.5    630.3
     1     1    10     4     7    15     0     3   -45.0   40.540   66.997   3482.4    627.4
     1     1    10     4     7    14     0     2   -46.0   40.505   66.327   3479.9    626.3
     1     1    10     4     7    13     0     1   -47.0   40.451   65.627   3495.3    631.8
     1     1    10     4     7    12     0     0   -48.0   40.386   64.938   3521.7    643.1
     1     1    10     4     7    11     0     1   -49.0   40.301   64.284   3514.8    641.9
     1     1    10     4     7    10     0     2   -50.0   40.179   63.678   3518.7    646.4
     1     1    10     4     7     9     0     3   -51.0   40.022   63.117   3565.3    648.2
     1     1    10     4     7     8     0     2   -52.0   39.859   62.583   3625.8    639.5
     1     1    10     4     7     7     0     1   -53.0   39.709   62.064   3672.5    635.5
     1     1    10     4     7     6     0     0   -54.0   39.566   61.569   3711.1    632.8
     1     1    10     4     7     5     0     1   -55.0   39.437   61.086   3733.4    628.5
     1     1    10     4     7     4     0     2   -56.0   39.320   60.602   3733.0    631.4
     1     1    10     4     7     3     0     3   -57.0   39.216   60.123   3714.8    637.9
     1     1    10     4     7     2     0     2   -58.0   39.125   59.644   3690.3    639.5
     1     1    10     4     7     1     0     1   -59.0   39.039   59.142   3667.5    635.2
     1     1    10     4     7     0     0     0   -60.0   38.949   58.601   3654.2    637.7
     1     1    10     4     6    23     0     1   -61.0   38.874   58.047   3649.1    638.1
     1     1    10     4     6    22     0     2   -62.0   38.830   57.515   3671.0    633.2
     1     1    10     4     6    21     0     3   -63.0   38.808   56.997   3752.9    623.3
     1     1    10     4     6    20     0     2   -64.0   38.803   56.452   3853.2    610.0
     1     1    10     4     6    19     0     1   -65.0   38.812   55.867   3899.7    605.9
     1     1    10     4     6    18     0     0   -66.0   38.830   55.263   3875.1    613.1
     1     1    10     4     6    17     0     1   -67.0   38.841   54.659   3825.3    629.4
     1     1    10     4     6    16     0     2   -68.0   38.825   54.052   3812.0    641.1
     1     1    10     4     6    15     0     3   -69.0   38.765   53.443   3782.2    639.7
     1     1    10     4     6    14     0     2   -70.0   38.680   52.866   3738.1    645.1
     1     1    10     4     6    13     0     1   -71.0   38.587   52.343   3719.0    652.6
     1     1    10     4     6    12     0     0   -72.0   38.480   51.867   3738.1    652.6
     1     1    10     4     6    11     0     1   -73.0   38.375   51.421   3770.0    642.5
     1     1    10     4     6    10     0     2   -74.0   38.293   50.994   3797.3    634.3
     1     1    10     4     6     9     0     3   -75.0   38.237   50.595   3843.0    637.2
     1     1    10     4     6     8     0     2   -76.0   38.206   50.213   3880.1    639.6
     1     1    10     4     6     7     0     1   -77.0   38.191   49.828   3886.3    634.2
     1     1    10     4     6     6     0     0   -78.0   38.185   49.417   3882.4    614.1
     1     1    10     4     6     5     0     1   -79.0   38.183   48.968   3914.3    586.6
     1     1    10     4     6     4     0     2   -80.0   38.194   48.476   3888.2    540.3
     1     1    10     4     6     3     0     3   -81.0   38.222   47.946   3810.5    504.7
     1     1    10     4     6     2     0     2   -82.0   38.261   47.402   3819.1    509.3
     1     1    10     4     6     1     0     1   -83.0   38.313   46.854   3858.7    509.3
     1     1    10     4     6     0     0     0   -84.0   38.368   46.295   3907.2    508.8
     1     1    10     4     5    23     0     1   -85.0   38.420   45.748   3932.1    510.3
     1     1    10     4     5    22     0     2   -86.0   38.465   45.244   3944.7    515.7
     1     1    10     4     5    21     0     3   -87.0   38.513   44.786   3899.6    507.7
     1     1    10     4     5    20     0     2   -88.0   38.601   44.335   3796.1    487.9
     1     1    10     4     5    19     0     1   -89.0   38.744   43.850   3754.3    478.4
     1     1    10     4     5    18     0     0   -90.0   38.914   43.351   3842.2    489.9
     1     1    10     4     5    17     0     1   -91.0   39.095   42.863   3900.6    494.8
     1     1    10     4     5    16     0     2   -92.0   39.282   42.387   3902.2    496.9
     1     1    10     4     5    15     0     3   -93.0   39.493   41.895   3952.5    491.5
     1     1    10     4     5    14     0     2   -94.0   39.746   41.357   4045.4    474.6
     1     1    10     4     5    13     0     1   -95.0   40.035   40.790   4191.6    465.3
     1     1    10     4     5    12     0     0   -96.0   40.315   40.236   4477.6    480.7
