     7     1
    GDAS    10     3    22     0     0
    GDAS    10     4     8     0     0
    GDAS    10     4    15     0     0
    GDAS    10     4    22     0     0
    GDAS    10     4    29     0     0
    GDAS    10     4     1     0     0
    GDAS    10     3    29     0     0
     1 BACKWARD OMEGA   
    10     4     3    18   39.977  116.381  3200.0
     1 PRESSURE
     1     1    10     4     3    18     0     0     0.0   39.977  116.381   2961.6    680.7
     1     1    10     4     3    17     0     1    -1.0   40.054  115.626   2879.3    648.0
     1     1    10     4     3    16     0     2    -2.0   40.157  114.795   2814.0    608.7
     1     1    10     4     3    15     0     3    -3.0   40.223  113.930   2759.5    613.9
     1     1    10     4     3    14     0     2    -4.0   40.236  113.060   2587.0    618.4
     1     1    10     4     3    13     0     1    -5.0   40.226  112.234   2363.0    630.7
     1     1    10     4     3    12     0     0    -6.0   40.213  111.489   2153.7    657.2
     1     1    10     4     3    11     0     1    -7.0   40.208  110.814   1934.5    685.6
     1     1    10     4     3    10     0     2    -8.0   40.210  110.123   1805.2    693.0
     1     1    10     4     3     9     0     3    -9.0   40.212  109.403   1734.6    691.4
     1     1    10     4     3     8     0     2   -10.0   40.226  108.707   1629.4    706.4
     1     1    10     4     3     7     0     1   -11.0   40.257  108.042   1548.5    720.8
     1     1    10     4     3     6     0     0   -12.0   40.304  107.390   1497.6    721.7
     1     1    10     4     3     5     0     1   -13.0   40.362  106.730   1458.6    724.9
     1     1    10     4     3     4     0     2   -14.0   40.433  106.057   1419.8    730.9
     1     1    10     4     3     3     0     3   -15.0   40.517  105.354   1372.6    733.0
     1     1    10     4     3     2     0     2   -16.0   40.610  104.625   1363.1    735.5
     1     1    10     4     3     1     0     1   -17.0   40.696  103.892   1416.0    727.1
     1     1    10     4     3     0     0     0   -18.0   40.765  103.154   1496.9    715.8
     1     1    10     4     2    23     0     1   -19.0   40.850  102.445   1531.1    717.1
     1     1    10     4     2    22     0     2   -20.0   40.975  101.806   1479.2    732.6
     1     1    10     4     2    21     0     3   -21.0   41.130  101.216   1405.5    753.0
     1     1    10     4     2    20     0     2   -22.0   41.297  100.645   1371.3    756.0
     1     1    10     4     2    19     0     1   -23.0   41.473  100.079   1363.3    752.7
     1     1    10     4     2    18     0     0   -24.0   41.649   99.491   1356.4    743.6
     1     1    10     4     2    17     0     1   -25.0   41.802   98.860   1344.9    732.3
     1     1    10     4     2    16     0     2   -26.0   41.920   98.170   1302.8    720.2
     1     1    10     4     2    15     0     3   -27.0   42.013   97.404   1266.2    707.1
     1     1    10     4     2    14     0     2   -28.0   42.074   96.596   1312.5    683.0
     1     1    10     4     2    13     0     1   -29.0   42.063   95.807   1348.3    678.9
     1     1    10     4     2    12     0     0   -30.0   41.990   95.095   1395.0    716.5
     1     1    10     4     2    11     0     1   -31.0   41.891   94.523   1436.7    733.1
     1     1    10     4     2    10     0     2   -32.0   41.806   94.074   1450.8    744.3
     1     1    10     4     2     9     0     3   -33.0   41.737   93.703   1407.1    748.7
     1     1    10     4     2     8     0     2   -34.0   41.679   93.386   1316.8    758.4
     1     1    10     4     2     7     0     1   -35.0   41.620   93.110   1211.1    768.6
     1     1    10     4     2     6     0     0   -36.0   41.557   92.872   1110.1    779.2
     1     1    10     4     2     5     0     1   -37.0   41.491   92.660   1034.4    786.8
     1     1    10     4     2     4     0     2   -38.0   41.420   92.469    991.9    790.9
     1     1    10     4     2     3     0     3   -39.0   41.342   92.302    980.6    792.3
     1     1    10     4     2     2     0     2   -40.0   41.266   92.145    991.5    791.5
     1     1    10     4     2     1     0     1   -41.0   41.203   91.988   1014.2    791.0
     1     1    10     4     2     0     0     0   -42.0   41.148   91.827   1037.4    790.2
     1     1    10     4     1    23     0     1   -43.0   41.106   91.662   1060.4    792.2
     1     1    10     4     1    22     0     2   -44.0   41.081   91.491   1094.6    793.1
     1     1    10     4     1    21     0     3   -45.0   41.074   91.322   1148.4    792.1
     1     1    10     4     1    20     0     2   -46.0   41.064   91.155   1210.0    788.6
     1     1    10     4     1    19     0     1   -47.0   41.038   90.994   1269.3    787.8
     1     1    10     4     1    18     0     0   -48.0   41.004   90.841   1321.7    779.0
     1     1    10     4     1    17     0     1   -49.0   40.968   90.698   1362.7    770.3
     1     1    10     4     1    16     0     2   -50.0   40.940   90.565   1390.7    764.0
     1     1    10     4     1    15     0     3   -51.0   40.925   90.441   1409.6    759.0
     1     1    10     4     1    14     0     2   -52.0   40.925   90.323   1434.2    754.3
     1     1    10     4     1    13     0     1   -53.0   40.937   90.197   1475.4    746.1
     1     1    10     4     1    12     0     0   -54.0   40.962   90.054   1534.0    735.3
     1     1    10     4     1    11     0     1   -55.0   40.995   89.882   1600.6    725.2
     1     1    10     4     1    10     0     2   -56.0   41.027   89.689   1661.3    720.1
     1     1    10     4     1     9     0     3   -57.0   41.055   89.481   1717.1    716.0
     1     1    10     4     1     8     0     2   -58.0   41.080   89.264   1769.8    711.6
     1     1    10     4     1     7     0     1   -59.0   41.103   89.047   1810.0    707.6
     1     1    10     4     1     6     0     0   -60.0   41.125   88.834   1835.7    706.2
     1     1    10     4     1     5     0     1   -61.0   41.146   88.634   1859.2    704.9
     1     1    10     4     1     4     0     2   -62.0   41.160   88.452   1883.8    702.2
     1     1    10     4     1     3     0     3   -63.0   41.165   88.286   1902.7    700.1
     1     1    10     4     1     2     0     2   -64.0   41.163   88.129   1917.4    699.2
     1     1    10     4     1     1     0     1   -65.0   41.161   87.971   1933.1    698.5
     1     1    10     4     1     0     0     0   -66.0   41.157   87.816   1950.2    700.6
     1     1    10     3    31    23     0     1   -67.0   41.158   87.684   1968.5    702.4
     1     1    10     3    31    22     0     2   -68.0   41.168   87.594   1992.9    702.3
     1     1    10     3    31    21     0     3   -69.0   41.187   87.547   2024.9    700.4
     1     1    10     3    31    20     0     2   -70.0   41.219   87.521   2057.4    697.2
     1     1    10     3    31    19     0     1   -71.0   41.268   87.499   2082.7    695.0
     1     1    10     3    31    18     0     0   -72.0   41.335   87.482   2100.3    693.2
     1     1    10     3    31    17     0     1   -73.0   41.426   87.461   2114.0    691.5
     1     1    10     3    31    16     0     2   -74.0   41.547   87.428   2127.2    689.3
     1     1    10     3    31    15     0     3   -75.0   41.703   87.396   2139.7    686.7
     1     1    10     3    31    14     0     2   -76.0   41.889   87.353   2149.7    683.7
     1     1    10     3    31    13     0     1   -77.0   42.103   87.273   2127.5    670.3
     1     1    10     3    31    12     0     0   -78.0   42.348   87.128   2048.2    636.6
     1     1    10     3    31    11     0     1   -79.0   42.605   86.900   1943.0    592.1
     1     1    10     3    31    10     0     2   -80.0   42.844   86.601   1864.7    552.2
     1     1    10     3    31     9     0     3   -81.0   43.056   86.242   1808.9    537.1
     1     1    10     3    31     8     0     2   -82.0   43.245   85.854   1814.1    570.6
     1     1    10     3    31     7     0     1   -83.0   43.422   85.458   1846.5    589.2
     1     1    10     3    31     6     0     0   -84.0   43.592   85.063   1832.1    596.0
     1     1    10     3    31     5     0     1   -85.0   43.738   84.686   1781.4    601.5
     1     1    10     3    31     4     0     2   -86.0   43.854   84.325   1741.2    593.3
     1     1    10     3    31     3     0     3   -87.0   43.949   83.977   1696.0    581.1
     1     1    10     3    31     2     0     2   -88.0   44.024   83.659   1667.1    603.9
     1     1    10     3    31     1     0     1   -89.0   44.075   83.382   1613.6    631.6
     1     1    10     3    31     0     0     0   -90.0   44.096   83.143   1511.0    655.2
     1     1    10     3    30    23     0     1   -91.0   44.086   82.954   1375.0    676.7
     1     1    10     3    30    22     0     2   -92.0   44.058   82.825   1253.8    690.9
     1     1    10     3    30    21     0     3   -93.0   44.027   82.744   1174.1    697.2
     1     1    10     3    30    20     0     2   -94.0   43.999   82.698   1124.9    699.5
     1     1    10     3    30    19     0     1   -95.0   43.976   82.680   1093.0    702.0
     1     1    10     3    30    18     0     0   -96.0   43.959   82.683   1071.2    702.8
