     5     1
    GDAS    10     3     1     0     0
    GDAS    10     3     8     0     0
    GDAS    10     3    15     0     0
    GDAS    10     3    22     0     0
    GDAS    10     3    29     0     0
     1 BACKWARD OMEGA   
    10     3    20     0   39.977  116.381  1000.0
     1 PRESSURE
     1     1    10     3    20     0     0     0     0.0   39.977  116.381    761.8    885.4
     1     1    10     3    19    23     0     1    -1.0   40.417  115.903   1218.9    790.1
     1     1    10     3    19    22     0     2    -2.0   40.870  115.630   1593.5    696.6
     1     1    10     3    19    21     0     3    -3.0   41.215  115.443   1863.5    664.5
     1     1    10     3    19    20     0     2    -4.0   41.482  115.245   2033.0    644.4
     1     1    10     3    19    19     0     1    -5.0   41.712  114.978   2075.5    638.8
     1     1    10     3    19    18     0     0    -6.0   41.898  114.618   2027.5    643.1
     1     1    10     3    19    17     0     1    -7.0   42.077  114.144   1952.1    652.4
     1     1    10     3    19    16     0     2    -8.0   42.242  113.539   1923.6    665.6
     1     1    10     3    19    15     0     3    -9.0   42.307  112.810   2037.9    663.0
     1     1    10     3    19    14     0     2   -10.0   42.334  112.015   2203.2    641.6
     1     1    10     3    19    13     0     1   -11.0   42.448  111.190   2224.9    650.0
     1     1    10     3    19    12     0     0   -12.0   42.566  110.266   2205.6    651.9
     1     1    10     3    19    11     0     1   -13.0   42.652  109.243   2194.8    644.9
     1     1    10     3    19    10     0     2   -14.0   42.813  108.199   2067.7    675.1
     1     1    10     3    19     9     0     3   -15.0   43.044  107.066   2011.8    683.4
     1     1    10     3    19     8     0     2   -16.0   43.356  105.836   2182.9    640.6
     1     1    10     3    19     7     0     1   -17.0   43.777  104.631   2325.9    619.5
     1     1    10     3    19     6     0     0   -18.0   44.284  103.475   2321.4    619.5
     1     1    10     3    19     5     0     1   -19.0   44.875  102.527   2244.8    629.4
     1     1    10     3    19     4     0     2   -20.0   45.518  101.799   2208.1    595.3
     1     1    10     3    19     3     0     3   -21.0   46.138  101.307   2196.3    573.3
     1     1    10     3    19     2     0     2   -22.0   46.778  100.891   2144.2    556.4
     1     1    10     3    19     1     0     1   -23.0   47.421  100.479   2172.3    560.0
     1     1    10     3    19     0     0     0   -24.0   48.051  100.082   2203.9    568.1
     1     1    10     3    18    23     0     1   -25.0   48.639   99.741   2064.1    582.5
     1     1    10     3    18    22     0     2   -26.0   49.195   99.422   1805.1    622.5
     1     1    10     3    18    21     0     3   -27.0   49.763   99.288   1651.5    649.5
     1     1    10     3    18    20     0     2   -28.0   50.256   99.321   1493.9    644.9
     1     1    10     3    18    19     0     1   -29.0   50.715   99.253   1159.3    663.4
     1     1    10     3    18    18     0     0   -30.0   51.174   99.215    728.8    707.5
     1     1    10     3    18    17     0     1   -31.0   51.527   99.175    469.3    739.8
     1     1    10     3    18    16     0     2   -32.0   51.839   98.999    371.6    735.2
     1     1    10     3    18    15     0     3   -33.0   52.172   98.746    391.2    742.1
     1     1    10     3    18    14     0     2   -34.0   52.508   98.421    440.2    750.1
     1     1    10     3    18    13     0     1   -35.0   52.778   98.011    446.7    769.1
     1     1    10     3    18    12     0     0   -36.0   53.002   97.461    460.4    788.9
     1     1    10     3    18    11     0     1   -37.0   53.228   96.702    576.7    786.5
     1     1    10     3    18    10     0     2   -38.0   53.417   95.826    706.4    778.1
     1     1    10     3    18     9     0     3   -39.0   53.536   94.941    674.5    805.0
     1     1    10     3    18     8     0     2   -40.0   53.601   94.141    496.4    850.0
     1     1    10     3    18     7     0     1   -41.0   53.609   93.532    302.7    890.9
     1     1    10     3    18     6     0     0   -42.0   53.578   93.117    162.7    919.6
     1     1    10     3    18     5     0     1   -43.0   53.531   92.851     81.1    931.9
     1     1    10     3    18     4     0     2   -44.0   53.480   92.666     41.1    933.4
     1     1    10     3    18     3     0     3   -45.0   53.425   92.537     21.3    932.8
     1     1    10     3    18     2     0     2   -46.0   53.375   92.434     12.7    931.6
     1     1    10     3    18     1     0     1   -47.0   53.335   92.336     11.5    930.7
     1     1    10     3    18     0     0     0   -48.0   53.304   92.227     15.8    929.5
     1     1    10     3    17    23     0     1   -49.0   53.272   92.128     26.1    927.4
     1     1    10     3    17    22     0     2   -50.0   53.226   92.066     42.3    924.2
     1     1    10     3    17    21     0     3   -51.0   53.158   92.047     67.9    918.9
     1     1    10     3    17    20     0     2   -52.0   53.064   92.044    107.6    911.4
     1     1    10     3    17    19     0     1   -53.0   52.949   92.027    153.5    900.6
     1     1    10     3    17    18     0     0   -54.0   52.827   91.995    193.1    886.6
     1     1    10     3    17    17     0     1   -55.0   52.706   91.962    219.5    874.7
     1     1    10     3    17    16     0     2   -56.0   52.587   91.939    232.1    864.2
     1     1    10     3    17    15     0     3   -57.0   52.468   91.933    229.1    855.2
     1     1    10     3    17    14     0     2   -58.0   52.356   91.930    212.2    848.4
     1     1    10     3    17    13     0     1   -59.0   52.261   91.918    188.8    843.6
     1     1    10     3    17    12     0     0   -60.0   52.179   91.901    165.5    839.7
     1     1    10     3    17    11     0     1   -61.0   52.100   91.888    141.3    835.9
     1     1    10     3    17    10     0     2   -62.0   52.014   91.889    113.3    832.4
     1     1    10     3    17     9     0     3   -63.0   51.921   91.915     91.9    834.0
     1     1    10     3    17     8     0     2   -64.0   51.818   91.939     80.2    833.3
     1     1    10     3    17     7     0     1   -65.0   51.702   91.933     75.2    831.2
     1     1    10     3    17     6     0     0   -66.0   51.571   91.903     80.7    828.1
     1     1    10     3    17     5     0     1   -67.0   51.434   91.889    121.1    822.5
     1     1    10     3    17     4     0     2   -68.0   51.285   91.919    241.7    807.5
     1     1    10     3    17     3     0     3   -69.0   51.117   91.975    476.2    778.9
     1     1    10     3    17     2     0     2   -70.0   50.952   91.978    820.3    741.5
     1     1    10     3    17     1     0     1   -71.0   50.833   91.833   1183.3    709.9
     1     1    10     3    17     0     0     0   -72.0   50.764   91.561   1487.1    689.5
     1     1    10     3    16    23     0     1   -73.0   50.719   91.185   1754.2    671.1
     1     1    10     3    16    22     0     2   -74.0   50.691   90.703   1956.0    639.1
     1     1    10     3    16    21     0     3   -75.0   50.674   90.154   1953.2    609.6
     1     1    10     3    16    20     0     2   -76.0   50.656   89.592   1856.3    615.0
     1     1    10     3    16    19     0     1   -77.0   50.650   88.969   1856.2    606.3
     1     1    10     3    16    18     0     0   -78.0   50.636   88.330   1894.7    609.2
     1     1    10     3    16    17     0     1   -79.0   50.594   87.740   1854.3    620.5
     1     1    10     3    16    16     0     2   -80.0   50.562   87.188   1783.9    630.5
     1     1    10     3    16    15     0     3   -81.0   50.557   86.671   1725.8    644.7
     1     1    10     3    16    14     0     2   -82.0   50.551   86.153   1684.0    663.9
     1     1    10     3    16    13     0     1   -83.0   50.533   85.592   1661.5    676.0
     1     1    10     3    16    12     0     0   -84.0   50.514   84.995   1645.4    686.9
     1     1    10     3    16    11     0     1   -85.0   50.460   84.393   1624.2    701.6
     1     1    10     3    16    10     0     2   -86.0   50.339   83.839   1594.2    723.5
     1     1    10     3    16     9     0     3   -87.0   50.172   83.352   1562.1    752.7
     1     1    10     3    16     8     0     2   -88.0   49.984   82.926   1514.4    776.6
     1     1    10     3    16     7     0     1   -89.0   49.771   82.540   1431.4    793.1
     1     1    10     3    16     6     0     0   -90.0   49.528   82.167   1338.2    808.0
     1     1    10     3    16     5     0     1   -91.0   49.300   81.808   1286.6    812.7
     1     1    10     3    16     4     0     2   -92.0   49.131   81.456   1278.9    807.7
     1     1    10     3    16     3     0     3   -93.0   49.033   81.087   1280.6    805.7
     1     1    10     3    16     2     0     2   -94.0   48.970   80.689   1265.0    806.9
     1     1    10     3    16     1     0     1   -95.0   48.907   80.244   1215.7    812.5
     1     1    10     3    16     0     0     0   -96.0   48.845   79.736   1145.4    819.1
