     7     1
    GDAS    10     3    22     0     0
    GDAS    10     4     8     0     0
    GDAS    10     4    15     0     0
    GDAS    10     4    22     0     0
    GDAS    10     4    29     0     0
    GDAS    10     4     1     0     0
    GDAS    10     3    29     0     0
     1 BACKWARD OMEGA   
    10     4    20    18   39.977  116.381  5800.0
     1 PRESSURE
     1     1    10     4    20    18     0     0     0.0   39.977  116.381   5564.7    490.4
     1     1    10     4    20    17     0     1    -1.0   39.779  116.057   5289.5    508.3
     1     1    10     4    20    16     0     2    -2.0   39.632  115.736   5075.8    516.4
     1     1    10     4    20    15     0     3    -3.0   39.519  115.389   4952.4    515.2
     1     1    10     4    20    14     0     2    -4.0   39.437  115.026   4875.8    509.5
     1     1    10     4    20    13     0     1    -5.0   39.366  114.658   4815.3    504.5
     1     1    10     4    20    12     0     0    -6.0   39.297  114.294   4763.4    494.2
     1     1    10     4    20    11     0     1    -7.0   39.222  113.909   4697.7    483.0
     1     1    10     4    20    10     0     2    -8.0   39.139  113.490   4635.9    483.1
     1     1    10     4    20     9     0     3    -9.0   39.065  113.050   4589.8    483.3
     1     1    10     4    20     8     0     2   -10.0   39.011  112.591   4545.0    478.0
     1     1    10     4    20     7     0     1   -11.0   38.972  112.115   4477.6    478.9
     1     1    10     4    20     6     0     0   -12.0   38.935  111.626   4430.9    488.1
     1     1    10     4    20     5     0     1   -13.0   38.899  111.123   4354.9    503.9
     1     1    10     4    20     4     0     2   -14.0   38.858  110.602   4220.6    517.1
     1     1    10     4    20     3     0     3   -15.0   38.814  110.065   4135.0    528.9
     1     1    10     4    20     2     0     2   -16.0   38.749  109.516   4066.5    522.0
     1     1    10     4    20     1     0     1   -17.0   38.632  108.964   3965.8    525.4
     1     1    10     4    20     0     0     0   -18.0   38.475  108.419   3910.9    529.8
     1     1    10     4    19    23     0     1   -19.0   38.283  107.896   3859.5    529.2
     1     1    10     4    19    22     0     2   -20.0   38.032  107.393   3741.5    535.1
     1     1    10     4    19    21     0     3   -21.0   37.723  106.879   3564.7    543.9
     1     1    10     4    19    20     0     2   -22.0   37.420  106.441   3422.4    554.0
     1     1    10     4    19    19     0     1   -23.0   37.125  106.119   3279.2    556.6
     1     1    10     4    19    18     0     0   -24.0   36.805  105.858   3111.2    562.1
     1     1    10     4    19    17     0     1   -25.0   36.505  105.650   2981.8    565.0
     1     1    10     4    19    16     0     2   -26.0   36.254  105.491   2883.0    563.7
     1     1    10     4    19    15     0     3   -27.0   36.033  105.373   2769.5    565.9
     1     1    10     4    19    14     0     2   -28.0   35.832  105.293   2667.8    577.0
     1     1    10     4    19    13     0     1   -29.0   35.663  105.242   2587.0    583.8
     1     1    10     4    19    12     0     0   -30.0   35.536  105.217   2497.1    591.1
     1     1    10     4    19    11     0     1   -31.0   35.433  105.204   2400.4    600.5
     1     1    10     4    19    10     0     2   -32.0   35.330  105.187   2307.8    608.5
     1     1    10     4    19     9     0     3   -33.0   35.223  105.172   2212.3    616.8
     1     1    10     4    19     8     0     2   -34.0   35.103  105.174   2116.3    626.9
     1     1    10     4    19     7     0     1   -35.0   34.973  105.207   2042.9    635.7
     1     1    10     4    19     6     0     0   -36.0   34.839  105.256   2005.6    638.3
     1     1    10     4    19     5     0     1   -37.0   34.702  105.307   1978.9    638.2
     1     1    10     4    19     4     0     2   -38.0   34.562  105.361   1944.5    642.2
     1     1    10     4    19     3     0     3   -39.0   34.424  105.418   1911.7    646.7
     1     1    10     4    19     2     0     2   -40.0   34.297  105.476   1891.2    651.1
     1     1    10     4    19     1     0     1   -41.0   34.186  105.537   1879.4    653.9
     1     1    10     4    19     0     0     0   -42.0   34.090  105.608   1854.5    658.8
     1     1    10     4    18    23     0     1   -43.0   33.990  105.687   1824.6    667.7
     1     1    10     4    18    22     0     2   -44.0   33.870  105.745   1821.3    674.3
     1     1    10     4    18    21     0     3   -45.0   33.726  105.763   1853.5    675.6
     1     1    10     4    18    20     0     2   -46.0   33.558  105.742   1880.6    673.2
     1     1    10     4    18    19     0     1   -47.0   33.367  105.686   1867.2    676.9
     1     1    10     4    18    18     0     0   -48.0   33.149  105.605   1820.4    683.1
     1     1    10     4    18    17     0     1   -49.0   32.910  105.527   1765.2    695.3
     1     1    10     4    18    16     0     2   -50.0   32.671  105.485   1721.0    711.7
     1     1    10     4    18    15     0     3   -51.0   32.450  105.486   1692.4    728.6
     1     1    10     4    18    14     0     2   -52.0   32.261  105.510   1693.2    740.8
     1     1    10     4    18    13     0     1   -53.0   32.115  105.532   1718.0    747.0
     1     1    10     4    18    12     0     0   -54.0   32.014  105.550   1758.4    749.1
     1     1    10     4    18    11     0     1   -55.0   31.933  105.575   1799.3    747.2
     1     1    10     4    18    10     0     2   -56.0   31.848  105.612   1831.0    747.5
     1     1    10     4    18     9     0     3   -57.0   31.765  105.656   1864.7    748.0
     1     1    10     4    18     8     0     2   -58.0   31.709  105.702   1902.5    746.9
     1     1    10     4    18     7     0     1   -59.0   31.692  105.753   1929.8    745.6
     1     1    10     4    18     6     0     0   -60.0   31.704  105.807   1936.1    745.4
     1     1    10     4    18     5     0     1   -61.0   31.722  105.861   1936.2    747.5
     1     1    10     4    18     4     0     2   -62.0   31.728  105.910   1955.2    746.7
     1     1    10     4    18     3     0     3   -63.0   31.720  105.952   1997.5    744.0
     1     1    10     4    18     2     0     2   -64.0   31.705  105.989   2048.5    738.8
     1     1    10     4    18     1     0     1   -65.0   31.689  106.026   2092.0    735.3
     1     1    10     4    18     0     0     0   -66.0   31.671  106.064   2127.3    732.5
     1     1    10     4    17    23     0     1   -67.0   31.647  106.098   2143.4    730.9
     1     1    10     4    17    22     0     2   -68.0   31.609  106.118   2129.3    733.2
     1     1    10     4    17    21     0     3   -69.0   31.557  106.120   2084.1    738.7
     1     1    10     4    17    20     0     2   -70.0   31.495  106.123   2012.3    747.9
     1     1    10     4    17    19     0     1   -71.0   31.430  106.148   1918.1    758.7
     1     1    10     4    17    18     0     0   -72.0   31.356  106.199   1800.1    772.3
     1     1    10     4    17    17     0     1   -73.0   31.291  106.272   1711.2    787.0
     1     1    10     4    17    16     0     2   -74.0   31.248  106.356   1695.2    789.0
     1     1    10     4    17    15     0     3   -75.0   31.220  106.447   1738.4    784.7
     1     1    10     4    17    14     0     2   -76.0   31.193  106.545   1797.2    775.6
     1     1    10     4    17    13     0     1   -77.0   31.156  106.652   1845.0    771.7
     1     1    10     4    17    12     0     0   -78.0   31.106  106.768   1898.2    767.5
     1     1    10     4    17    11     0     1   -79.0   31.034  106.869   1962.1    761.7
     1     1    10     4    17    10     0     2   -80.0   30.944  106.926   2024.4    755.7
     1     1    10     4    17     9     0     3   -81.0   30.843  106.932   2075.9    750.8
     1     1    10     4    17     8     0     2   -82.0   30.723  106.905   2104.1    748.2
     1     1    10     4    17     7     0     1   -83.0   30.577  106.870   2099.1    749.8
     1     1    10     4    17     6     0     0   -84.0   30.411  106.834   2060.7    754.4
     1     1    10     4    17     5     0     1   -85.0   30.239  106.796   2017.2    762.2
     1     1    10     4    17     4     0     2   -86.0   30.066  106.738   1998.2    765.1
     1     1    10     4    17     3     0     3   -87.0   29.891  106.661   2009.6    762.1
     1     1    10     4    17     2     0     2   -88.0   29.712  106.584   2031.9    753.0
     1     1    10     4    17     1     0     1   -89.0   29.534  106.518   2033.4    749.0
     1     1    10     4    17     0     0     0   -90.0   29.357  106.457   2004.9    748.5
     1     1    10     4    16    23     0     1   -91.0   29.196  106.394   1955.1    753.1
     1     1    10     4    16    22     0     2   -92.0   29.061  106.325   1898.0    758.6
     1     1    10     4    16    21     0     3   -93.0   28.946  106.257   1836.0    763.9
     1     1    10     4    16    20     0     2   -94.0   28.846  106.189   1781.9    767.3
     1     1    10     4    16    19     0     1   -95.0   28.757  106.116   1747.4    768.3
     1     1    10     4    16    18     0     0   -96.0   28.682  106.031   1732.8    768.1
