     5     1
    GDAS    10     3     1     0     0
    GDAS    10     3     8     0     0
    GDAS    10     3    15     0     0
    GDAS    10     3    22     0     0
    GDAS    10     3    29     0     0
     1 BACKWARD OMEGA   
    10     3    27     0   39.977  116.381  5000.0
     1 PRESSURE
     1     1    10     3    27     0     0     0     0.0   39.977  116.381   4761.9    535.7
     1     1    10     3    26    23     0     1    -1.0   40.141  115.704   4664.0    509.8
     1     1    10     3    26    22     0     2    -2.0   40.321  114.954   4510.6    476.3
     1     1    10     3    26    21     0     3    -3.0   40.490  114.172   4394.3    488.5
     1     1    10     3    26    20     0     2    -4.0   40.651  113.410   4350.2    483.4
     1     1    10     3    26    19     0     1    -5.0   40.813  112.679   4392.6    469.1
     1     1    10     3    26    18     0     0    -6.0   40.989  111.953   4385.1    466.6
     1     1    10     3    26    17     0     1    -7.0   41.170  111.239   4311.6    470.3
     1     1    10     3    26    16     0     2    -8.0   41.338  110.556   4204.9    485.1
     1     1    10     3    26    15     0     3    -9.0   41.488  109.889   4069.6    499.2
     1     1    10     3    26    14     0     2   -10.0   41.613  109.244   3957.4    517.6
     1     1    10     3    26    13     0     1   -11.0   41.720  108.632   3860.7    523.5
     1     1    10     3    26    12     0     0   -12.0   41.804  108.045   3710.9    533.3
     1     1    10     3    26    11     0     1   -13.0   41.875  107.501   3544.4    553.3
     1     1    10     3    26    10     0     2   -14.0   41.929  106.991   3415.2    569.0
     1     1    10     3    26     9     0     3   -15.0   41.955  106.501   3309.1    585.9
     1     1    10     3    26     8     0     2   -16.0   41.977  106.015   3251.2    603.9
     1     1    10     3    26     7     0     1   -17.0   42.018  105.501   3222.1    597.7
     1     1    10     3    26     6     0     0   -18.0   42.060  104.944   3201.1    588.6
     1     1    10     3    26     5     0     1   -19.0   42.116  104.376   3156.7    585.7
     1     1    10     3    26     4     0     2   -20.0   42.226  103.824   3068.9    590.5
     1     1    10     3    26     3     0     3   -21.0   42.387  103.285   2993.2    598.5
     1     1    10     3    26     2     0     2   -22.0   42.572  102.752   2967.3    599.4
     1     1    10     3    26     1     0     1   -23.0   42.762  102.214   2928.4    590.1
     1     1    10     3    26     0     0     0   -24.0   42.958  101.675   2810.1    585.4
     1     1    10     3    25    23     0     1   -25.0   43.166  101.137   2691.7    599.4
     1     1    10     3    25    22     0     2   -26.0   43.379  100.605   2662.6    616.3
     1     1    10     3    25    21     0     3   -27.0   43.580  100.062   2694.6    617.7
     1     1    10     3    25    20     0     2   -28.0   43.767   99.510   2721.3    612.4
     1     1    10     3    25    19     0     1   -29.0   43.948   98.968   2697.1    615.2
     1     1    10     3    25    18     0     0   -30.0   44.136   98.432   2617.7    614.3
     1     1    10     3    25    17     0     1   -31.0   44.333   97.877   2534.8    606.9
     1     1    10     3    25    16     0     2   -32.0   44.540   97.308   2545.4    607.6
     1     1    10     3    25    15     0     3   -33.0   44.775   96.717   2664.6    598.1
     1     1    10     3    25    14     0     2   -34.0   45.026   96.065   2893.8    577.0
     1     1    10     3    25    13     0     1   -35.0   45.254   95.352   3098.2    543.5
     1     1    10     3    25    12     0     0   -36.0   45.461   94.604   3162.6    538.5
     1     1    10     3    25    11     0     1   -37.0   45.645   93.846   3100.2    532.9
     1     1    10     3    25    10     0     2   -38.0   45.815   93.091   3123.8    533.6
     1     1    10     3    25     9     0     3   -39.0   45.979   92.299   3274.6    545.5
     1     1    10     3    25     8     0     2   -40.0   46.135   91.501   3436.2    545.2
     1     1    10     3    25     7     0     1   -41.0   46.280   90.733   3606.3    531.1
     1     1    10     3    25     6     0     0   -42.0   46.406   89.971   3787.0    531.6
     1     1    10     3    25     5     0     1   -43.0   46.505   89.209   3939.2    546.1
     1     1    10     3    25     4     0     2   -44.0   46.584   88.436   4021.1    560.8
     1     1    10     3    25     3     0     3   -45.0   46.644   87.625   4025.6    567.6
     1     1    10     3    25     2     0     2   -46.0   46.685   86.779   3959.6    557.4
     1     1    10     3    25     1     0     1   -47.0   46.703   85.872   3793.4    532.3
     1     1    10     3    25     0     0     0   -48.0   46.700   84.830   3639.0    529.8
     1     1    10     3    24    23     0     1   -49.0   46.650   83.785   3528.4    551.0
     1     1    10     3    24    22     0     2   -50.0   46.548   82.835   3398.2    576.0
     1     1    10     3    24    21     0     3   -51.0   46.416   81.955   3331.4    607.3
     1     1    10     3    24    20     0     2   -52.0   46.261   81.105   3255.5    621.4
     1     1    10     3    24    19     0     1   -53.0   46.110   80.257   3193.6    642.1
     1     1    10     3    24    18     0     0   -54.0   45.979   79.429   3068.9    655.8
     1     1    10     3    24    17     0     1   -55.0   45.835   78.616   2875.7    669.1
     1     1    10     3    24    16     0     2   -56.0   45.673   77.815   2757.7    692.4
     1     1    10     3    24    15     0     3   -57.0   45.513   76.978   2698.7    700.8
     1     1    10     3    24    14     0     2   -58.0   45.360   76.104   2719.8    699.3
     1     1    10     3    24    13     0     1   -59.0   45.196   75.198   2765.7    690.3
     1     1    10     3    24    12     0     0   -60.0   45.013   74.261   2771.7    689.2
     1     1    10     3    24    11     0     1   -61.0   44.827   73.396   2765.8    683.2
     1     1    10     3    24    10     0     2   -62.0   44.631   72.628   2752.9    689.8
     1     1    10     3    24     9     0     3   -63.0   44.414   71.907   2729.5    699.1
     1     1    10     3    24     8     0     2   -64.0   44.199   71.222   2705.4    701.5
     1     1    10     3    24     7     0     1   -65.0   44.009   70.600   2682.6    704.2
     1     1    10     3    24     6     0     0   -66.0   43.832   70.043   2625.3    703.6
     1     1    10     3    24     5     0     1   -67.0   43.664   69.542   2564.5    706.3
     1     1    10     3    24     4     0     2   -68.0   43.515   69.096   2545.3    711.3
     1     1    10     3    24     3     0     3   -69.0   43.387   68.711   2539.5    715.1
     1     1    10     3    24     2     0     2   -70.0   43.271   68.368   2533.1    719.9
     1     1    10     3    24     1     0     1   -71.0   43.163   68.049   2534.8    726.2
     1     1    10     3    24     0     0     0   -72.0   43.069   67.750   2557.9    728.9
     1     1    10     3    23    23     0     1   -73.0   43.006   67.489   2592.7    725.9
     1     1    10     3    23    22     0     2   -74.0   42.984   67.284   2625.9    722.3
     1     1    10     3    23    21     0     3   -75.0   43.001   67.132   2657.1    719.0
     1     1    10     3    23    20     0     2   -76.0   43.041   67.004   2681.9    716.1
     1     1    10     3    23    19     0     1   -77.0   43.089   66.874   2696.6    714.5
     1     1    10     3    23    18     0     0   -78.0   43.141   66.738   2702.6    713.9
     1     1    10     3    23    17     0     1   -79.0   43.179   66.602   2711.1    714.0
     1     1    10     3    23    16     0     2   -80.0   43.185   66.461   2732.9    712.0
     1     1    10     3    23    15     0     3   -81.0   43.154   66.317   2770.5    708.5
     1     1    10     3    23    14     0     2   -82.0   43.106   66.176   2808.5    703.0
     1     1    10     3    23    13     0     1   -83.0   43.059   66.052   2829.4    700.6
     1     1    10     3    23    12     0     0   -84.0   43.015   65.942   2834.7    699.8
     1     1    10     3    23    11     0     1   -85.0   42.969   65.842   2843.4    700.7
     1     1    10     3    23    10     0     2   -86.0   42.918   65.741   2872.9    697.9
     1     1    10     3    23     9     0     3   -87.0   42.864   65.636   2921.3    693.4
     1     1    10     3    23     8     0     2   -88.0   42.813   65.529   2975.2    687.5
     1     1    10     3    23     7     0     1   -89.0   42.767   65.426   3022.2    683.3
     1     1    10     3    23     6     0     0   -90.0   42.725   65.325   3061.9    679.8
     1     1    10     3    23     5     0     1   -91.0   42.693   65.230   3095.4    676.8
     1     1    10     3    23     4     0     2   -92.0   42.678   65.147   3124.3    674.2
     1     1    10     3    23     3     0     3   -93.0   42.678   65.081   3149.4    671.9
     1     1    10     3    23     2     0     2   -94.0   42.691   65.018   3172.3    670.1
     1     1    10     3    23     1     0     1   -95.0   42.715   64.948   3194.3    668.2
     1     1    10     3    23     0     0     0   -96.0   42.749   64.872   3215.8    666.4
