     5     1
    GDAS    10     3     1     0     0
    GDAS    10     3     8     0     0
    GDAS    10     3    15     0     0
    GDAS    10     3    22     0     0
    GDAS    10     3    29     0     0
     1 BACKWARD OMEGA   
    10     3    30    18   39.977  116.381  4000.0
     1 PRESSURE
     1     1    10     3    30    18     0     0     0.0   39.977  116.381   3763.0    614.4
     1     1    10     3    30    17     0     1    -1.0   40.044  115.876   3774.1    591.0
     1     1    10     3    30    16     0     2    -2.0   40.112  115.331   3728.1    558.0
     1     1    10     3    30    15     0     3    -3.0   40.189  114.763   3702.0    541.4
     1     1    10     3    30    14     0     2    -4.0   40.271  114.193   3766.5    541.1
     1     1    10     3    30    13     0     1    -5.0   40.360  113.612   3844.1    525.4
     1     1    10     3    30    12     0     0    -6.0   40.464  113.036   3821.9    515.8
     1     1    10     3    30    11     0     1    -7.0   40.574  112.447   3782.0    520.1
     1     1    10     3    30    10     0     2    -8.0   40.674  111.807   3821.3    515.0
     1     1    10     3    30     9     0     3    -9.0   40.745  111.133   3905.5    507.2
     1     1    10     3    30     8     0     2   -10.0   40.782  110.458   3992.4    500.5
     1     1    10     3    30     7     0     1   -11.0   40.811  109.815   4081.6    500.1
     1     1    10     3    30     6     0     0   -12.0   40.841  109.230   4195.7    504.9
     1     1    10     3    30     5     0     1   -13.0   40.859  108.681   4293.3    506.3
     1     1    10     3    30     4     0     2   -14.0   40.876  108.155   4390.0    509.5
     1     1    10     3    30     3     0     3   -15.0   40.921  107.667   4468.9    497.4
     1     1    10     3    30     2     0     2   -16.0   40.976  107.201   4483.0    481.2
     1     1    10     3    30     1     0     1   -17.0   41.026  106.743   4445.3    478.9
     1     1    10     3    30     0     0     0   -18.0   41.085  106.302   4413.4    481.9
     1     1    10     3    29    23     0     1   -19.0   41.143  105.846   4390.5    485.7
     1     1    10     3    29    22     0     2   -20.0   41.199  105.358   4387.1    496.3
     1     1    10     3    29    21     0     3   -21.0   41.272  104.884   4397.7    500.5
     1     1    10     3    29    20     0     2   -22.0   41.334  104.445   4399.4    497.3
     1     1    10     3    29    19     0     1   -23.0   41.358  104.043   4390.2    495.7
     1     1    10     3    29    18     0     0   -24.0   41.361  103.684   4367.7    497.1
     1     1    10     3    29    17     0     1   -25.0   41.368  103.358   4328.8    499.6
     1     1    10     3    29    16     0     2   -26.0   41.399  103.063   4275.9    503.5
     1     1    10     3    29    15     0     3   -27.0   41.457  102.802   4228.0    510.2
     1     1    10     3    29    14     0     2   -28.0   41.552  102.528   4216.9    516.8
     1     1    10     3    29    13     0     1   -29.0   41.695  102.201   4269.6    518.2
     1     1    10     3    29    12     0     0   -30.0   41.886  101.845   4368.4    515.5
     1     1    10     3    29    11     0     1   -31.0   42.083  101.428   4443.1    506.0
     1     1    10     3    29    10     0     2   -32.0   42.269  100.904   4454.2    497.9
     1     1    10     3    29     9     0     3   -33.0   42.473  100.305   4515.0    494.5
     1     1    10     3    29     8     0     2   -34.0   42.673   99.683   4618.6    479.8
     1     1    10     3    29     7     0     1   -35.0   42.857   99.070   4681.6    467.6
     1     1    10     3    29     6     0     0   -36.0   43.059   98.494   4728.3    464.0
     1     1    10     3    29     5     0     1   -37.0   43.279   97.936   4788.8    460.6
     1     1    10     3    29     4     0     2   -38.0   43.525   97.372   4855.2    458.5
     1     1    10     3    29     3     0     3   -39.0   43.840   96.822   5002.3    460.2
     1     1    10     3    29     2     0     2   -40.0   44.204   96.245   5236.4    442.2
     1     1    10     3    29     1     0     1   -41.0   44.582   95.608   5459.2    414.8
     1     1    10     3    29     0     0     0   -42.0   45.014   94.974   5437.3    382.8
     1     1    10     3    28    23     0     1   -43.0   45.474   94.281   5481.8    389.7
     1     1    10     3    28    22     0     2   -44.0   45.967   93.482   5570.5    362.4
     1     1    10     3    28    21     0     3   -45.0   46.570   92.579   5884.7    350.2
     1     1    10     3    28    20     0     2   -46.0   47.299   91.513   5895.3    330.6
     1     1    10     3    28    19     0     1   -47.0   47.946   90.242   6001.2    315.6
     1     1    10     3    28    18     0     0   -48.0   48.683   88.746   6240.3    314.6
     1     1    10     3    28    17     0     1   -49.0   49.520   86.919   6412.0    312.3
     1     1    10     3    28    16     0     2   -50.0   50.260   84.905   6461.7    348.8
     1     1    10     3    28    15     0     3   -51.0   51.024   82.679   6619.9    380.3
     1     1    10     3    28    14     0     2   -52.0   51.853   80.247   6625.0    406.5
     1     1    10     3    28    13     0     1   -53.0   52.610   77.623   6393.4    425.0
     1     1    10     3    28    12     0     0   -54.0   53.419   74.875   6114.4    444.1
     1     1    10     3    28    11     0     1   -55.0   54.335   72.133   6046.9    447.2
     1     1    10     3    28    10     0     2   -56.0   55.277   69.420   5945.5    451.8
     1     1    10     3    28     9     0     3   -57.0   56.248   66.756   5962.4    451.2
     1     1    10     3    28     8     0     2   -58.0   57.241   64.241   6003.4    450.1
     1     1    10     3    28     7     0     1   -59.0   58.293   61.840   6099.9    442.1
     1     1    10     3    28     6     0     0   -60.0   59.378   59.450   6176.0    421.6
     1     1    10     3    28     5     0     1   -61.0   60.530   57.145   6257.9    424.0
     1     1    10     3    28     4     0     2   -62.0   61.755   54.778   6370.9    419.5
     1     1    10     3    28     3     0     3   -63.0   63.036   52.267   6540.1    407.1
     1     1    10     3    28     2     0     2   -64.0   64.222   49.530   6699.7    394.8
     1     1    10     3    28     1     0     1   -65.0   65.397   46.641   6969.6    384.8
     1     1    10     3    28     0     0     0   -66.0   66.451   43.567   7238.4    372.9
     1     1    10     3    27    23     0     1   -67.0   67.301   40.204   7384.4    356.6
     1     1    10     3    27    22     0     2   -68.0   68.042   36.609   7489.0    346.4
     1     1    10     3    27    21     0     3   -69.0   68.554   32.848   7551.5    346.1
     1     1    10     3    27    20     0     2   -70.0   68.779   29.024   7504.7    350.3
     1     1    10     3    27    19     0     1   -71.0   68.737   25.302   7373.1    349.5
     1     1    10     3    27    18     0     0   -72.0   68.457   21.862   7121.1    355.0
     1     1    10     3    27    17     0     1   -73.0   68.009   18.755   6737.9    353.9
     1     1    10     3    27    16     0     2   -74.0   67.443   16.059   6559.7    379.4
     1     1    10     3    27    15     0     3   -75.0   66.802   14.032   6380.8    406.0
     1     1    10     3    27    14     0     2   -76.0   66.154   12.556   6186.9    433.1
     1     1    10     3    27    13     0     1   -77.0   65.546   11.540   5960.0    452.8
     1     1    10     3    27    12     0     0   -78.0   64.977   10.861   5706.9    472.3
     1     1    10     3    27    11     0     1   -79.0   64.415   10.413   5378.1    488.5
     1     1    10     3    27    10     0     2   -80.0   63.856   10.052   5065.8    504.7
     1     1    10     3    27     9     0     3   -81.0   63.288    9.779   4724.5    512.4
     1     1    10     3    27     8     0     2   -82.0   62.718    9.605   4245.1    521.8
     1     1    10     3    27     7     0     1   -83.0   62.167    9.452   3704.4    546.4
     1     1    10     3    27     6     0     0   -84.0   61.607    9.265   3379.4    572.6
     1     1    10     3    27     5     0     1   -85.0   61.075    9.166   3213.5    589.4
     1     1    10     3    27     4     0     2   -86.0   60.586    9.182   3079.5    609.1
     1     1    10     3    27     3     0     3   -87.0   60.116    9.217   2975.2    630.5
     1     1    10     3    27     2     0     2   -88.0   59.684    9.273   2881.3    651.9
     1     1    10     3    27     1     0     1   -89.0   59.341    9.396   2763.9    679.4
     1     1    10     3    27     0     0     0   -90.0   59.077    9.586   2645.1    705.8
     1     1    10     3    26    23     0     1   -91.0   58.864    9.756   2534.8    722.6
     1     1    10     3    26    22     0     2   -92.0   58.699    9.841   2448.9    734.3
     1     1    10     3    26    21     0     3   -93.0   58.568    9.861   2406.1    740.8
     1     1    10     3    26    20     0     2   -94.0   58.437    9.815   2390.6    740.7
     1     1    10     3    26    19     0     1   -95.0   58.286    9.688   2377.7    742.2
     1     1    10     3    26    18     0     0   -96.0   58.121    9.462   2349.4    745.4
