     5     1
    GDAS    10     3     1     0     0
    GDAS    10     3     8     0     0
    GDAS    10     3    15     0     0
    GDAS    10     3    22     0     0
    GDAS    10     3    29     0     0
     1 BACKWARD OMEGA   
    10     3    15     0   39.977  116.381  5400.0
     1 PRESSURE
     1     1    10     3    15     0     0     0     0.0   39.977  116.381   5155.6    501.2
     1     1    10     3    14    23     0     1    -1.0   39.854  114.366   5369.8    428.4
     1     1    10     3    14    22     0     2    -2.0   39.849  112.200   5784.0    388.3
     1     1    10     3    14    21     0     3    -3.0   39.917  110.057   6056.7    381.4
     1     1    10     3    14    20     0     2    -4.0   40.001  107.918   6327.5    364.0
     1     1    10     3    14    19     0     1    -5.0   40.117  105.866   6492.4    366.4
     1     1    10     3    14    18     0     0    -6.0   40.247  103.921   6457.4    355.3
     1     1    10     3    14    17     0     1    -7.0   40.414  102.103   6630.3    355.8
     1     1    10     3    14    16     0     2    -8.0   40.719  100.417   6860.3    346.8
     1     1    10     3    14    15     0     3    -9.0   41.123   98.758   6930.1    329.2
     1     1    10     3    14    14     0     2   -10.0   41.529   97.219   6911.8    316.4
     1     1    10     3    14    13     0     1   -11.0   41.953   95.794   6934.3    307.1
     1     1    10     3    14    12     0     0   -12.0   42.458   94.520   7042.8    319.9
     1     1    10     3    14    11     0     1   -13.0   43.002   93.380   7185.1    329.6
     1     1    10     3    14    10     0     2   -14.0   43.556   92.338   7147.7    329.9
     1     1    10     3    14     9     0     3   -15.0   44.150   91.362   7127.9    319.1
     1     1    10     3    14     8     0     2   -16.0   44.791   90.480   7365.0    320.6
     1     1    10     3    14     7     0     1   -17.0   45.483   89.701   7503.0    321.9
     1     1    10     3    14     6     0     0   -18.0   46.220   88.979   7682.9    319.8
     1     1    10     3    14     5     0     1   -19.0   47.020   88.327   7908.4    317.9
     1     1    10     3    14     4     0     2   -20.0   47.915   87.725   7829.9    286.7
     1     1    10     3    14     3     0     3   -21.0   48.842   87.116   7675.5    262.7
     1     1    10     3    14     2     0     2   -22.0   49.775   86.505   7732.4    261.2
     1     1    10     3    14     1     0     1   -23.0   50.760   85.880   8027.6    269.2
     1     1    10     3    14     0     0     0   -24.0   51.718   85.221   8376.8    291.2
     1     1    10     3    13    23     0     1   -25.0   52.607   84.574   8506.5    304.1
     1     1    10     3    13    22     0     2   -26.0   53.451   83.864   8593.7    303.9
     1     1    10     3    13    21     0     3   -27.0   54.228   83.049   8667.2    300.0
     1     1    10     3    13    20     0     2   -28.0   54.943   82.186   8753.7    298.1
     1     1    10     3    13    19     0     1   -29.0   55.621   81.264   8822.5    294.2
     1     1    10     3    13    18     0     0   -30.0   56.236   80.244   8883.9    292.1
     1     1    10     3    13    17     0     1   -31.0   56.793   79.152   8915.4    289.6
     1     1    10     3    13    16     0     2   -32.0   57.314   77.999   8947.3    289.1
     1     1    10     3    13    15     0     3   -33.0   57.777   76.759   8957.2    288.4
     1     1    10     3    13    14     0     2   -34.0   58.169   75.450   8964.7    288.1
     1     1    10     3    13    13     0     1   -35.0   58.491   74.087   8967.6    288.3
     1     1    10     3    13    12     0     0   -36.0   58.728   72.648   8967.1    288.6
     1     1    10     3    13    11     0     1   -37.0   58.899   71.164   8934.7    289.7
     1     1    10     3    13    10     0     2   -38.0   59.027   69.662   8906.2    291.0
     1     1    10     3    13     9     0     3   -39.0   59.097   68.111   8898.7    291.5
     1     1    10     3    13     8     0     2   -40.0   59.128   66.466   8862.7    292.0
     1     1    10     3    13     7     0     1   -41.0   59.124   64.749   8810.7    293.5
     1     1    10     3    13     6     0     0   -42.0   59.070   63.010   8784.4    292.9
     1     1    10     3    13     5     0     1   -43.0   58.947   61.188   8771.8    292.6
     1     1    10     3    13     4     0     2   -44.0   58.738   59.353   8536.8    294.1
     1     1    10     3    13     3     0     3   -45.0   58.473   57.586   8481.8    301.0
     1     1    10     3    13     2     0     2   -46.0   58.186   55.802   8524.5    301.9
     1     1    10     3    13     1     0     1   -47.0   57.871   54.120   8454.8    304.5
     1     1    10     3    13     0     0     0   -48.0   57.535   52.559   8370.6    309.9
     1     1    10     3    12    23     0     1   -49.0   57.202   51.088   8298.2    316.3
     1     1    10     3    12    22     0     2   -50.0   56.855   49.695   8229.6    319.7
     1     1    10     3    12    21     0     3   -51.0   56.465   48.425   8162.3    323.5
     1     1    10     3    12    20     0     2   -52.0   56.041   47.293   8105.7    327.7
     1     1    10     3    12    19     0     1   -53.0   55.624   46.254   8023.7    331.6
     1     1    10     3    12    18     0     0   -54.0   55.212   45.307   7924.5    335.9
     1     1    10     3    12    17     0     1   -55.0   54.784   44.507   7828.3    339.8
     1     1    10     3    12    16     0     2   -56.0   54.351   43.801   7726.0    345.8
     1     1    10     3    12    15     0     3   -57.0   53.885   43.172   7655.2    352.8
     1     1    10     3    12    14     0     2   -58.0   53.411   42.613   7577.9    355.6
     1     1    10     3    12    13     0     1   -59.0   52.941   42.105   7452.5    362.4
     1     1    10     3    12    12     0     0   -60.0   52.460   41.652   7218.3    373.9
     1     1    10     3    12    11     0     1   -61.0   51.990   41.242   6914.4    394.6
     1     1    10     3    12    10     0     2   -62.0   51.513   40.803   6662.2    412.4
     1     1    10     3    12     9     0     3   -63.0   50.946   40.325   6459.9    424.2
     1     1    10     3    12     8     0     2   -64.0   50.360   39.859   6273.4    436.4
     1     1    10     3    12     7     0     1   -65.0   49.823   39.411   6146.0    446.5
     1     1    10     3    12     6     0     0   -66.0   49.268   38.951   6015.1    450.8
     1     1    10     3    12     5     0     1   -67.0   48.721   38.434   5817.4    465.8
     1     1    10     3    12     4     0     2   -68.0   48.227   37.851   5585.3    477.5
     1     1    10     3    12     3     0     3   -69.0   47.754   37.276   5361.2    498.8
     1     1    10     3    12     2     0     2   -70.0   47.286   36.683   5210.9    515.9
     1     1    10     3    12     1     0     1   -71.0   46.814   36.016   5144.9    520.4
     1     1    10     3    12     0     0     0   -72.0   46.342   35.311   5090.6    524.8
     1     1    10     3    11    23     0     1   -73.0   45.892   34.567   4991.9    531.5
     1     1    10     3    11    22     0     2   -74.0   45.458   33.755   4884.3    534.6
     1     1    10     3    11    21     0     3   -75.0   45.020   32.910   4843.4    546.3
     1     1    10     3    11    20     0     2   -76.0   44.582   32.091   4769.3    552.0
     1     1    10     3    11    19     0     1   -77.0   44.167   31.302   4738.5    555.2
     1     1    10     3    11    18     0     0   -78.0   43.779   30.525   4769.7    552.3
     1     1    10     3    11    17     0     1   -79.0   43.399   29.745   4792.6    551.1
     1     1    10     3    11    16     0     2   -80.0   43.017   28.970   4829.3    549.0
     1     1    10     3    11    15     0     3   -81.0   42.643   28.194   4850.1    543.3
     1     1    10     3    11    14     0     2   -82.0   42.260   27.369   4825.5    534.1
     1     1    10     3    11    13     0     1   -83.0   41.859   26.465   4868.0    533.4
     1     1    10     3    11    12     0     0   -84.0   41.481   25.550   4874.0    530.2
     1     1    10     3    11    11     0     1   -85.0   41.088   24.621   4802.9    536.2
     1     1    10     3    11    10     0     2   -86.0   40.671   23.697   4769.7    541.0
     1     1    10     3    11     9     0     3   -87.0   40.244   22.805   4731.5    535.0
     1     1    10     3    11     8     0     2   -88.0   39.799   21.884   4733.1    507.7
     1     1    10     3    11     7     0     1   -89.0   39.364   20.898   4869.6    503.4
     1     1    10     3    11     6     0     0   -90.0   38.972   20.006   5067.7    537.0
     1     1    10     3    11     5     0     1   -91.0   38.616   19.177   5131.3    526.4
     1     1    10     3    11     4     0     2   -92.0   38.295   18.294   5271.3    518.9
     1     1    10     3    11     3     0     3   -93.0   38.016   17.318   5384.6    506.8
     1     1    10     3    11     2     0     2   -94.0   37.777   16.302   5389.4    501.6
     1     1    10     3    11     1     0     1   -95.0   37.535   15.225   5464.2    487.1
     1     1    10     3    11     0     0     0   -96.0   37.272   14.039   5557.6    482.1
