     7     1
    GDAS    10     3    22     0     0
    GDAS    10     4     8     0     0
    GDAS    10     4    15     0     0
    GDAS    10     4    22     0     0
    GDAS    10     4    29     0     0
    GDAS    10     4     1     0     0
    GDAS    10     3    29     0     0
     1 BACKWARD OMEGA   
    10     4    12     0   39.977  116.381  1800.0
     1 PRESSURE
     1     1    10     4    12     0     0     0     0.0   39.977  116.381   1562.8    811.2
     1     1    10     4    11    23     0     1    -1.0   40.247  115.968   1677.3    767.0
     1     1    10     4    11    22     0     2    -2.0   40.409  115.427   1781.6    709.6
     1     1    10     4    11    21     0     3    -3.0   40.510  114.751   1840.7    679.6
     1     1    10     4    11    20     0     2    -4.0   40.587  113.989   1829.3    680.2
     1     1    10     4    11    19     0     1    -5.0   40.635  113.205   1787.3    674.7
     1     1    10     4    11    18     0     0    -6.0   40.643  112.383   1796.3    667.7
     1     1    10     4    11    17     0     1    -7.0   40.632  111.583   1792.0    669.4
     1     1    10     4    11    16     0     2    -8.0   40.639  110.816   1764.6    676.7
     1     1    10     4    11    15     0     3    -9.0   40.654  110.046   1827.3    671.9
     1     1    10     4    11    14     0     2   -10.0   40.664  109.309   1933.1    674.4
     1     1    10     4    11    13     0     1   -11.0   40.680  108.672   1952.8    685.3
     1     1    10     4    11    12     0     0   -12.0   40.713  108.091   1984.2    694.4
     1     1    10     4    11    11     0     1   -13.0   40.782  107.520   2064.8    678.6
     1     1    10     4    11    10     0     2   -14.0   40.915  106.891   2224.3    647.9
     1     1    10     4    11     9     0     3   -15.0   41.075  106.148   2420.6    621.8
     1     1    10     4    11     8     0     2   -16.0   41.224  105.371   2529.2    629.5
     1     1    10     4    11     7     0     1   -17.0   41.376  104.682   2474.7    639.9
     1     1    10     4    11     6     0     0   -18.0   41.524  104.006   2393.1    644.8
     1     1    10     4    11     5     0     1   -19.0   41.645  103.269   2351.8    648.5
     1     1    10     4    11     4     0     2   -20.0   41.718  102.440   2358.6    654.9
     1     1    10     4    11     3     0     3   -21.0   41.751  101.614   2342.0    664.9
     1     1    10     4    11     2     0     2   -22.0   41.770  100.857   2290.8    673.6
     1     1    10     4    11     1     0     1   -23.0   41.791  100.119   2288.1    672.0
     1     1    10     4    11     0     0     0   -24.0   41.801   99.312   2290.0    654.5
     1     1    10     4    10    23     0     1   -25.0   41.819   98.423   2222.8    642.0
     1     1    10     4    10    22     0     2   -26.0   41.857   97.493   2131.4    630.3
     1     1    10     4    10    21     0     3   -27.0   41.883   96.498   2187.9    604.0
     1     1    10     4    10    20     0     2   -28.0   41.973   95.481   2404.4    603.0
     1     1    10     4    10    19     0     1   -29.0   42.087   94.643   2583.2    620.4
     1     1    10     4    10    18     0     0   -30.0   42.148   94.002   2528.4    639.7
     1     1    10     4    10    17     0     1   -31.0   42.161   93.508   2390.4    665.8
     1     1    10     4    10    16     0     2   -32.0   42.131   93.111   2295.9    684.0
     1     1    10     4    10    15     0     3   -33.0   42.059   92.793   2264.3    687.7
     1     1    10     4    10    14     0     2   -34.0   42.000   92.543   2297.4    680.0
     1     1    10     4    10    13     0     1   -35.0   41.973   92.345   2351.8    670.5
     1     1    10     4    10    12     0     0   -36.0   41.951   92.177   2383.3    665.4
     1     1    10     4    10    11     0     1   -37.0   41.950   92.010   2379.9    665.1
     1     1    10     4    10    10     0     2   -38.0   41.997   91.839   2327.1    665.5
     1     1    10     4    10     9     0     3   -39.0   42.094   91.698   2238.4    676.4
     1     1    10     4    10     8     0     2   -40.0   42.202   91.541   2161.4    688.5
     1     1    10     4    10     7     0     1   -41.0   42.292   91.363   2113.2    695.5
     1     1    10     4    10     6     0     0   -42.0   42.365   91.186   2100.3    699.5
     1     1    10     4    10     5     0     1   -43.0   42.429   90.977   2087.7    700.0
     1     1    10     4    10     4     0     2   -44.0   42.493   90.716   2021.5    708.0
     1     1    10     4    10     3     0     3   -45.0   42.579   90.402   1907.7    721.1
     1     1    10     4    10     2     0     2   -46.0   42.665   90.073   1740.4    732.9
     1     1    10     4    10     1     0     1   -47.0   42.734   89.798   1614.9    761.9
     1     1    10     4    10     0     0     0   -48.0   42.795   89.550   1577.1    778.1
     1     1    10     4     9    23     0     1   -49.0   42.851   89.319   1614.6    789.0
     1     1    10     4     9    22     0     2   -50.0   42.891   89.105   1718.7    792.5
     1     1    10     4     9    21     0     3   -51.0   42.896   88.898   1811.4    773.7
     1     1    10     4     9    20     0     2   -52.0   42.878   88.676   1789.4    747.1
     1     1    10     4     9    19     0     1   -53.0   42.857   88.444   1649.4    738.9
     1     1    10     4     9    18     0     0   -54.0   42.819   88.231   1458.2    738.7
     1     1    10     4     9    17     0     1   -55.0   42.774   88.045   1315.4    739.7
     1     1    10     4     9    16     0     2   -56.0   42.748   87.840   1249.2    721.8
     1     1    10     4     9    15     0     3   -57.0   42.741   87.572   1225.2    689.8
     1     1    10     4     9    14     0     2   -58.0   42.752   87.239   1143.1    648.2
     1     1    10     4     9    13     0     1   -59.0   42.790   86.871    992.2    626.6
     1     1    10     4     9    12     0     0   -60.0   42.891   86.445    960.7    618.6
     1     1    10     4     9    11     0     1   -61.0   43.107   85.824   1266.4    601.1
     1     1    10     4     9    10     0     2   -62.0   43.369   84.989   1630.2    593.3
     1     1    10     4     9     9     0     3   -63.0   43.549   84.197   1649.3    588.4
     1     1    10     4     9     8     0     2   -64.0   43.660   83.605   1414.7    617.2
     1     1    10     4     9     7     0     1   -65.0   43.717   83.201   1160.6    653.6
     1     1    10     4     9     6     0     0   -66.0   43.736   82.891    903.9    690.0
     1     1    10     4     9     5     0     1   -67.0   43.725   82.632    674.4    729.1
     1     1    10     4     9     4     0     2   -68.0   43.691   82.391    517.3    754.2
     1     1    10     4     9     3     0     3   -69.0   43.642   82.151    425.1    773.8
     1     1    10     4     9     2     0     2   -70.0   43.583   81.879    379.7    786.8
     1     1    10     4     9     1     0     1   -71.0   43.517   81.554    337.3    800.6
     1     1    10     4     9     0     0     0   -72.0   43.437   81.190    264.0    816.4
     1     1    10     4     8    23     0     1   -73.0   43.354   80.870    166.2    827.8
     1     1    10     4     8    22     0     2   -74.0   43.287   80.640     87.3    828.9
     1     1    10     4     8    21     0     3   -75.0   43.239   80.467     42.3    826.2
     1     1    10     4     8    20     0     2   -76.0   43.206   80.317     17.2    820.9
     1     1    10     4     8    19     0     1   -77.0   43.180   80.175      3.3    815.3
     1     1    10     4     8    18     0     0   -78.0   43.162   80.041      0.0    810.6
     1     1    10     4     8    17     0     1   -79.0   43.162   79.925      0.0    811.0
     1     1    10     4     8    16     0     2   -80.0   43.189   79.836      0.0    817.3
     1     1    10     4     8    15     0     3   -81.0   43.239   79.765      0.0    827.5
     1     1    10     4     8    14     0     2   -82.0   43.292   79.712      0.0    836.5
     1     1    10     4     8    13     0     1   -83.0   43.333   79.690      0.0    843.1
     1     1    10     4     8    12     0     0   -84.0   43.363   79.701      0.0    847.7
     1     1    10     4     8    11     0     1   -85.0   43.391   79.716      0.0    853.3
     1     1    10     4     8    10     0     2   -86.0   43.425   79.700      0.0    859.8
     1     1    10     4     8     9     0     3   -87.0   43.465   79.651      0.0    866.7
     1     1    10     4     8     8     0     2   -88.0   43.504   79.575      0.0    873.4
     1     1    10     4     8     7     0     1   -89.0   43.535   79.483      0.0    877.9
     1     1    10     4     8     6     0     0   -90.0   43.561   79.382      2.0    880.7
     1     1    10     4     8     5     0     1   -91.0   43.578   79.269      4.5    880.3
     1     1    10     4     8     4     0     2   -92.0   43.589   79.135      5.2    878.2
     1     1    10     4     8     3     0     3   -93.0   43.594   78.974      4.3    875.2
     1     1    10     4     8     2     0     2   -94.0   43.603   78.825      5.1    872.9
     1     1    10     4     8     1     0     1   -95.0   43.621   78.719     10.4    873.0
     1     1    10     4     8     0     0     0   -96.0   43.645   78.648     26.0    873.5
