     5     1
    GDAS    10     3     1     0     0
    GDAS    10     3     8     0     0
    GDAS    10     3    15     0     0
    GDAS    10     3    22     0     0
    GDAS    10     3    29     0     0
     1 BACKWARD OMEGA   
    10     3    22    12   39.977  116.381  4400.0
     1 PRESSURE
     1     1    10     3    22    12     0     0     0.0   39.977  116.381   4159.3    580.1
     1     1    10     3    22    11     0     1    -1.0   40.485  115.367   4295.1    505.8
     1     1    10     3    22    10     0     2    -2.0   40.928  113.859   4615.2    465.1
     1     1    10     3    22     9     0     3    -3.0   41.283  112.206   4897.8    436.7
     1     1    10     3    22     8     0     2    -4.0   41.595  110.528   5180.9    426.1
     1     1    10     3    22     7     0     1    -5.0   41.909  108.844   5417.6    413.9
     1     1    10     3    22     6     0     0    -6.0   42.238  107.157   5606.8    415.4
     1     1    10     3    22     5     0     1    -7.0   42.527  105.474   5725.5    403.9
     1     1    10     3    22     4     0     2    -8.0   42.798  103.792   5793.4    391.9
     1     1    10     3    22     3     0     3    -9.0   43.081  102.115   6018.7    374.3
     1     1    10     3    22     2     0     2   -10.0   43.375  100.419   6285.9    366.0
     1     1    10     3    22     1     0     1   -11.0   43.699   98.713   6467.9    358.1
     1     1    10     3    22     0     0     0   -12.0   43.978   96.992   6575.6    359.7
     1     1    10     3    21    23     0     1   -13.0   44.264   95.303   6542.8    376.0
     1     1    10     3    21    22     0     2   -14.0   44.582   93.588   6413.0    357.4
     1     1    10     3    21    21     0     3   -15.0   44.880   91.778   6591.0    352.5
     1     1    10     3    21    20     0     2   -16.0   45.154   89.906   6806.1    352.3
     1     1    10     3    21    19     0     1   -17.0   45.445   88.022   7058.8    361.4
     1     1    10     3    21    18     0     0   -18.0   45.756   86.096   7120.0    375.3
     1     1    10     3    21    17     0     1   -19.0   46.044   84.171   6698.7    349.7
     1     1    10     3    21    16     0     2   -20.0   46.338   82.190   6807.7    364.8
     1     1    10     3    21    15     0     3   -21.0   46.624   80.159   6984.3    376.6
     1     1    10     3    21    14     0     2   -22.0   46.873   78.202   6737.2    388.7
     1     1    10     3    21    13     0     1   -23.0   47.155   76.296   6683.2    393.2
     1     1    10     3    21    12     0     0   -24.0   47.465   74.414   6665.8    387.8
     1     1    10     3    21    11     0     1   -25.0   47.744   72.606   6730.0    375.1
     1     1    10     3    21    10     0     2   -26.0   48.105   70.817   6892.1    378.9
     1     1    10     3    21     9     0     3   -27.0   48.508   69.034   6918.0    381.3
     1     1    10     3    21     8     0     2   -28.0   48.877   67.359   6907.5    375.3
     1     1    10     3    21     7     0     1   -29.0   49.307   65.762   7166.0    375.7
     1     1    10     3    21     6     0     0   -30.0   49.779   64.196   7247.0    377.4
     1     1    10     3    21     5     0     1   -31.0   50.240   62.727   7188.0    377.9
     1     1    10     3    21     4     0     2   -32.0   50.775   61.393   7208.3    370.9
     1     1    10     3    21     3     0     3   -33.0   51.399   60.140   7260.9    364.6
     1     1    10     3    21     2     0     2   -34.0   52.051   58.942   7349.3    359.5
     1     1    10     3    21     1     0     1   -35.0   52.728   57.797   7400.2    344.2
     1     1    10     3    21     0     0     0   -36.0   53.440   56.706   7522.3    345.0
     1     1    10     3    20    23     0     1   -37.0   54.174   55.663   7700.3    346.1
     1     1    10     3    20    22     0     2   -38.0   54.971   54.685   7896.3    335.9
     1     1    10     3    20    21     0     3   -39.0   55.828   53.731   8093.5    326.6
     1     1    10     3    20    20     0     2   -40.0   56.689   52.780   8214.1    319.1
     1     1    10     3    20    19     0     1   -41.0   57.548   51.863   8320.1    313.1
     1     1    10     3    20    18     0     0   -42.0   58.411   50.963   8405.3    307.7
     1     1    10     3    20    17     0     1   -43.0   59.273   50.036   8487.8    303.2
     1     1    10     3    20    16     0     2   -44.0   60.148   49.050   8575.5    298.3
     1     1    10     3    20    15     0     3   -45.0   61.024   47.961   8641.0    296.3
     1     1    10     3    20    14     0     2   -46.0   61.861   46.753   8655.7    294.8
     1     1    10     3    20    13     0     1   -47.0   62.660   45.459   8669.3    294.4
     1     1    10     3    20    12     0     0   -48.0   63.418   44.054   8660.6    295.4
     1     1    10     3    20    11     0     1   -49.0   64.114   42.477   8647.2    298.0
     1     1    10     3    20    10     0     2   -50.0   64.755   40.716   8617.4    299.5
     1     1    10     3    20     9     0     3   -51.0   65.346   38.792   8613.6    301.4
     1     1    10     3    20     8     0     2   -52.0   65.896   36.702   8621.1    301.0
     1     1    10     3    20     7     0     1   -53.0   66.397   34.410   8594.0    299.1
     1     1    10     3    20     6     0     0   -54.0   66.837   31.945   8519.2    299.4
     1     1    10     3    20     5     0     1   -55.0   67.234   29.362   8422.9    296.5
     1     1    10     3    20     4     0     2   -56.0   67.544   26.625   8384.5    299.8
     1     1    10     3    20     3     0     3   -57.0   67.748   23.797   8263.5    305.2
     1     1    10     3    20     2     0     2   -58.0   67.885   21.015   8056.8    309.0
     1     1    10     3    20     1     0     1   -59.0   67.961   18.298   7749.1    298.4
     1     1    10     3    20     0     0     0   -60.0   68.000   15.663   7831.7    328.5
     1     1    10     3    19    23     0     1   -61.0   68.006   13.105   7857.7    339.4
     1     1    10     3    19    22     0     2   -62.0   67.961   10.688   7835.0    341.9
     1     1    10     3    19    21     0     3   -63.0   67.851    8.461   7815.7    343.1
     1     1    10     3    19    20     0     2   -64.0   67.704    6.482   7821.9    343.7
     1     1    10     3    19    19     0     1   -65.0   67.547    4.758   7823.1    344.2
     1     1    10     3    19    18     0     0   -66.0   67.390    3.308   7836.8    344.0
     1     1    10     3    19    17     0     1   -67.0   67.235    2.085   7869.3    342.7
     1     1    10     3    19    16     0     2   -68.0   67.079    1.032   7897.9    341.7
     1     1    10     3    19    15     0     3   -69.0   66.919    0.145   7921.9    341.0
     1     1    10     3    19    14     0     2   -70.0   66.752   -0.618   7890.5    342.4
     1     1    10     3    19    13     0     1   -71.0   66.590   -1.275   7798.4    347.2
     1     1    10     3    19    12     0     0   -72.0   66.446   -1.818   7667.9    353.8
     1     1    10     3    19    11     0     1   -73.0   66.304   -2.314   7555.6    362.5
     1     1    10     3    19    10     0     2   -74.0   66.145   -2.814   7540.0    365.1
     1     1    10     3    19     9     0     3   -75.0   65.959   -3.318   7684.9    359.0
     1     1    10     3    19     8     0     2   -76.0   65.731   -3.788   7826.4    342.0
     1     1    10     3    19     7     0     1   -77.0   65.474   -4.126   7819.6    345.6
     1     1    10     3    19     6     0     0   -78.0   65.215   -4.355   7801.5    350.3
     1     1    10     3    19     5     0     1   -79.0   64.939   -4.559   7800.6    348.6
     1     1    10     3    19     4     0     2   -80.0   64.625   -4.769   7741.2    350.4
     1     1    10     3    19     3     0     3   -81.0   64.291   -4.970   7620.9    358.8
     1     1    10     3    19     2     0     2   -82.0   63.939   -5.208   7477.1    367.0
     1     1    10     3    19     1     0     1   -83.0   63.542   -5.475   7269.1    376.4
     1     1    10     3    19     0     0     0   -84.0   63.140   -5.711   6951.9    394.6
     1     1    10     3    18    23     0     1   -85.0   62.722   -5.946   6596.2    419.6
     1     1    10     3    18    22     0     2   -86.0   62.228   -6.147   6328.9    437.7
     1     1    10     3    18    21     0     3   -87.0   61.682   -6.265   6048.4    447.2
     1     1    10     3    18    20     0     2   -88.0   61.125   -6.317   5595.7    478.6
     1     1    10     3    18    19     0     1   -89.0   60.547   -6.420   5151.9    519.9
     1     1    10     3    18    18     0     0   -90.0   59.927   -6.530   4688.3    541.2
     1     1    10     3    18    17     0     1   -91.0   59.290   -6.689   4318.2    588.9
     1     1    10     3    18    16     0     2   -92.0   58.625   -6.973   4139.3    592.5
     1     1    10     3    18    15     0     3   -93.0   57.903   -7.239   3783.2    602.1
     1     1    10     3    18    14     0     2   -94.0   57.158   -7.534   3340.7    666.5
     1     1    10     3    18    13     0     1   -95.0   56.404   -7.897   3164.2    673.2
     1     1    10     3    18    12     0     0   -96.0   55.654   -8.178   3015.3    682.1
