     5     1
    GDAS    10     3     1     0     0
    GDAS    10     3     8     0     0
    GDAS    10     3    15     0     0
    GDAS    10     3    22     0     0
    GDAS    10     3    29     0     0
     1 BACKWARD OMEGA   
    10     3    20    12   39.977  116.381  7600.0
     1 PRESSURE
     1     1    10     3    20    12     0     0     0.0   39.977  116.381   7350.9    363.4
     1     1    10     3    20    11     0     1    -1.0   41.557  115.294   6977.5    325.5
     1     1    10     3    20    10     0     2    -2.0   43.122  114.122   7354.7    319.3
     1     1    10     3    20     9     0     3    -3.0   44.834  112.954   7517.0    306.0
     1     1    10     3    20     8     0     2    -4.0   46.551  111.631   7608.9    301.6
     1     1    10     3    20     7     0     1    -5.0   48.103  110.104   7691.8    286.7
     1     1    10     3    20     6     0     0    -6.0   49.586  108.329   7693.0    290.3
     1     1    10     3    20     5     0     1    -7.0   50.978  106.268   8036.0    296.3
     1     1    10     3    20     4     0     2    -8.0   52.138  104.070   8332.2    293.3
     1     1    10     3    20     3     0     3    -9.0   53.135  101.725   8353.1    285.3
     1     1    10     3    20     2     0     2   -10.0   53.921   99.200   8354.8    272.9
     1     1    10     3    20     1     0     1   -11.0   54.492   96.610   8260.6    268.7
     1     1    10     3    20     0     0     0   -12.0   54.794   93.827   8389.8    282.6
     1     1    10     3    19    23     0     1   -13.0   54.800   90.954   8488.2    292.5
     1     1    10     3    19    22     0     2   -14.0   54.616   88.080   8420.9    286.9
     1     1    10     3    19    21     0     3   -15.0   54.222   85.374   8400.2    303.5
     1     1    10     3    19    20     0     2   -16.0   53.707   82.903   8222.7    317.4
     1     1    10     3    19    19     0     1   -17.0   53.145   80.444   8059.9    329.0
     1     1    10     3    19    18     0     0   -18.0   52.536   78.111   7834.2    342.3
     1     1    10     3    19    17     0     1   -19.0   51.941   75.918   7644.2    352.7
     1     1    10     3    19    16     0     2   -20.0   51.294   73.687   7436.2    350.1
     1     1    10     3    19    15     0     3   -21.0   50.498   71.455   7211.0    362.6
     1     1    10     3    19    14     0     2   -22.0   49.723   69.438   6923.1    381.5
     1     1    10     3    19    13     0     1   -23.0   48.949   67.462   6724.4    383.3
     1     1    10     3    19    12     0     0   -24.0   48.061   65.518   6625.0    405.5
     1     1    10     3    19    11     0     1   -25.0   47.152   63.628   6490.4    424.7
     1     1    10     3    19    10     0     2   -26.0   46.291   61.772   6334.2    437.8
     1     1    10     3    19     9     0     3   -27.0   45.415   59.967   6250.2    445.5
     1     1    10     3    19     8     0     2   -28.0   44.518   58.240   6176.0    445.0
     1     1    10     3    19     7     0     1   -29.0   43.611   56.608   6070.4    450.8
     1     1    10     3    19     6     0     0   -30.0   42.687   55.028   6069.2    449.7
     1     1    10     3    19     5     0     1   -31.0   41.762   53.490   6088.1    458.2
     1     1    10     3    19     4     0     2   -32.0   40.919   52.016   6084.2    465.7
     1     1    10     3    19     3     0     3   -33.0   40.033   50.496   6099.8    463.1
     1     1    10     3    19     2     0     2   -34.0   39.080   49.011   6001.1    458.9
     1     1    10     3    19     1     0     1   -35.0   37.925   47.326   5145.5    400.0
     1     1    10     3    19     0     0     0   -36.0   36.762   45.468   4913.7    444.9
     1     1    10     3    18    23     0     1   -37.0   35.951   43.910   5106.4    505.2
     1     1    10     3    18    22     0     2   -38.0   35.463   42.649   5189.6    509.5
     1     1    10     3    18    21     0     3   -39.0   35.094   41.408   5377.9    497.7
     1     1    10     3    18    20     0     2   -40.0   34.842   40.176   5688.1    472.0
     1     1    10     3    18    19     0     1   -41.0   34.648   38.920   5945.8    438.8
     1     1    10     3    18    18     0     0   -42.0   34.530   37.636   6154.6    415.4
     1     1    10     3    18    17     0     1   -43.0   34.613   36.458   6488.9    399.2
     1     1    10     3    18    16     0     2   -44.0   34.872   35.449   6943.6    405.6
     1     1    10     3    18    15     0     3   -45.0   35.374   34.689   7410.2    384.8
     1     1    10     3    18    14     0     2   -46.0   36.038   34.113   7776.6    359.4
     1     1    10     3    18    13     0     1   -47.0   36.734   33.611   7767.7    309.2
     1     1    10     3    18    12     0     0   -48.0   37.503   33.173   8056.8    287.6
     1     1    10     3    18    11     0     1   -49.0   38.307   32.865   8348.5    281.7
     1     1    10     3    18    10     0     2   -50.0   39.093   32.580   8560.9    274.5
     1     1    10     3    18     9     0     3   -51.0   39.917   32.346   8699.5    269.8
     1     1    10     3    18     8     0     2   -52.0   40.777   32.161   8736.0    267.3
     1     1    10     3    18     7     0     1   -53.0   41.747   32.008   9080.4    284.0
     1     1    10     3    18     6     0     0   -54.0   42.912   31.832   9296.3    282.1
     1     1    10     3    18     5     0     1   -55.0   44.141   31.547   9422.4    275.8
     1     1    10     3    18     4     0     2   -56.0   45.426   31.128   9528.4    269.9
     1     1    10     3    18     3     0     3   -57.0   46.807   30.496   9574.8    265.2
     1     1    10     3    18     2     0     2   -58.0   48.231   29.667   9571.0    259.2
     1     1    10     3    18     1     0     1   -59.0   49.656   28.715   9553.3    257.0
     1     1    10     3    18     0     0     0   -60.0   51.092   27.643   9615.5    257.1
     1     1    10     3    17    23     0     1   -61.0   52.531   26.469   9671.4    255.6
     1     1    10     3    17    22     0     2   -62.0   53.922   25.241   9707.5    253.3
     1     1    10     3    17    21     0     3   -63.0   55.295   23.942   9808.7    252.8
     1     1    10     3    17    20     0     2   -64.0   56.652   22.587   9907.4    247.5
     1     1    10     3    17    19     0     1   -65.0   57.966   21.167  10016.7    246.3
     1     1    10     3    17    18     0     0   -66.0   59.244   19.625  10112.5    241.8
     1     1    10     3    17    17     0     1   -67.0   60.487   17.919  10181.4    238.2
     1     1    10     3    17    16     0     2   -68.0   61.655   16.053  10110.5    231.3
     1     1    10     3    17    15     0     3   -69.0   62.709   14.092   9967.8    227.4
     1     1    10     3    17    14     0     2   -70.0   63.667   11.998   9985.5    225.3
     1     1    10     3    17    13     0     1   -71.0   64.618    9.665  10223.3    234.8
