     7     1
    GDAS    10     3    22     0     0
    GDAS    10     4     8     0     0
    GDAS    10     4    15     0     0
    GDAS    10     4    22     0     0
    GDAS    10     4    29     0     0
    GDAS    10     4     1     0     0
    GDAS    10     3    29     0     0
     1 BACKWARD OMEGA   
    10     4    17     0   39.977  116.381  5600.0
     1 PRESSURE
     1     1    10     4    17     0     0     0     0.0   39.977  116.381   5359.7    499.9
     1     1    10     4    16    23     0     1    -1.0   40.319  115.485   5174.1    465.7
     1     1    10     4    16    22     0     2    -2.0   40.726  114.451   5184.3    440.6
     1     1    10     4    16    21     0     3    -3.0   41.149  113.359   5197.7    426.8
     1     1    10     4    16    20     0     2    -4.0   41.574  112.265   5202.6    427.9
     1     1    10     4    16    19     0     1    -5.0   41.987  111.213   5147.6    441.7
     1     1    10     4    16    18     0     0    -6.0   42.346  110.245   4959.7    458.8
     1     1    10     4    16    17     0     1    -7.0   42.693  109.339   4834.7    467.8
     1     1    10     4    16    16     0     2    -8.0   43.055  108.475   4808.0    482.6
     1     1    10     4    16    15     0     3    -9.0   43.420  107.638   4907.2    476.4
     1     1    10     4    16    14     0     2   -10.0   43.822  106.758   5065.7    450.8
     1     1    10     4    16    13     0     1   -11.0   44.266  105.827   5131.1    439.3
     1     1    10     4    16    12     0     0   -12.0   44.728  104.909   5098.1    448.0
     1     1    10     4    16    11     0     1   -13.0   45.211  103.989   5139.1    444.1
     1     1    10     4    16    10     0     2   -14.0   45.683  102.993   5048.9    432.2
     1     1    10     4    16     9     0     3   -15.0   46.086  101.921   4704.9    419.8
     1     1    10     4    16     8     0     2   -16.0   46.476  100.736   4636.6    417.1
     1     1    10     4    16     7     0     1   -17.0   46.853   99.430   4689.9    406.5
     1     1    10     4    16     6     0     0   -18.0   47.106   98.041   4518.3    406.7
     1     1    10     4    16     5     0     1   -19.0   47.345   96.683   4497.3    431.4
     1     1    10     4    16     4     0     2   -20.0   47.672   95.357   4500.6    451.1
     1     1    10     4    16     3     0     3   -21.0   48.015   93.972   4523.6    477.9
     1     1    10     4    16     2     0     2   -22.0   48.319   92.577   4349.2    494.9
     1     1    10     4    16     1     0     1   -23.0   48.482   91.084   4339.7    445.2
     1     1    10     4    16     0     0     0   -24.0   48.391   89.398   4305.6    424.0
     1     1    10     4    15    23     0     1   -25.0   48.224   87.707   4552.4    455.2
     1     1    10     4    15    22     0     2   -26.0   48.104   85.998   4765.4    513.5
     1     1    10     4    15    21     0     3   -27.0   47.886   84.422   4572.7    535.2
     1     1    10     4    15    20     0     2   -28.0   47.645   82.920   4265.2    545.2
     1     1    10     4    15    19     0     1   -29.0   47.337   81.420   4015.3    556.5
     1     1    10     4    15    18     0     0   -30.0   47.030   79.960   3781.7    606.4
     1     1    10     4    15    17     0     1   -31.0   46.762   78.549   3645.2    611.0
     1     1    10     4    15    16     0     2   -32.0   46.505   77.193   3642.3    614.5
     1     1    10     4    15    15     0     3   -33.0   46.271   75.864   3690.3    613.6
     1     1    10     4    15    14     0     2   -34.0   46.015   74.472   3712.7    613.3
     1     1    10     4    15    13     0     1   -35.0   45.725   73.049   3756.7    604.1
     1     1    10     4    15    12     0     0   -36.0   45.367   71.587   3846.1    603.3
     1     1    10     4    15    11     0     1   -37.0   44.963   70.196   3840.7    613.9
     1     1    10     4    15    10     0     2   -38.0   44.557   68.929   3768.2    610.4
     1     1    10     4    15     9     0     3   -39.0   44.125   67.728   3753.3    603.2
     1     1    10     4    15     8     0     2   -40.0   43.700   66.595   3774.3    622.6
     1     1    10     4    15     7     0     1   -41.0   43.329   65.544   3686.0    630.1
     1     1    10     4    15     6     0     0   -42.0   42.986   64.514   3577.5    636.0
     1     1    10     4    15     5     0     1   -43.0   42.705   63.489   3577.6    639.5
     1     1    10     4    15     4     0     2   -44.0   42.505   62.509   3657.3    637.2
     1     1    10     4    15     3     0     3   -45.0   42.358   61.553   3688.2    636.4
     1     1    10     4    15     2     0     2   -46.0   42.263   60.570   3734.0    634.1
     1     1    10     4    15     1     0     1   -47.0   42.198   59.523   3838.4    625.6
     1     1    10     4    15     0     0     0   -48.0   42.132   58.434   4018.6    612.3
     1     1    10     4    14    23     0     1   -49.0   42.062   57.347   4218.4    598.0
     1     1    10     4    14    22     0     2   -50.0   41.965   56.287   4318.5    583.5
     1     1    10     4    14    21     0     3   -51.0   41.828   55.262   4375.0    577.3
     1     1    10     4    14    20     0     2   -52.0   41.690   54.278   4543.4    567.7
     1     1    10     4    14    19     0     1   -53.0   41.562   53.342   4780.8    556.8
     1     1    10     4    14    18     0     0   -54.0   41.447   52.462   4971.9    544.7
     1     1    10     4    14    17     0     1   -55.0   41.369   51.613   5073.6    538.1
     1     1    10     4    14    16     0     2   -56.0   41.334   50.758   5116.2    534.8
     1     1    10     4    14    15     0     3   -57.0   41.368   49.891   5060.6    535.3
     1     1    10     4    14    14     0     2   -58.0   41.442   48.971   5085.7    513.6
     1     1    10     4    14    13     0     1   -59.0   41.489   47.925   5230.1    446.1
     1     1    10     4    14    12     0     0   -60.0   41.531   46.792   5522.6    414.6
     1     1    10     4    14    11     0     1   -61.0   41.592   45.677   5780.3    415.9
     1     1    10     4    14    10     0     2   -62.0   41.644   44.570   5888.4    402.4
     1     1    10     4    14     9     0     3   -63.0   41.692   43.460   5920.5    398.8
     1     1    10     4    14     8     0     2   -64.0   41.750   42.366   6106.7    411.6
     1     1    10     4    14     7     0     1   -65.0   41.848   41.340   6384.5    427.3
     1     1    10     4    14     6     0     0   -66.0   42.013   40.367   6443.8    437.1
     1     1    10     4    14     5     0     1   -67.0   42.232   39.405   6401.2    442.7
     1     1    10     4    14     4     0     2   -68.0   42.462   38.460   6372.1    443.1
     1     1    10     4    14     3     0     3   -69.0   42.691   37.516   6332.2    447.4
     1     1    10     4    14     2     0     2   -70.0   42.950   36.562   6329.2    447.7
     1     1    10     4    14     1     0     1   -71.0   43.245   35.636   6335.5    446.3
     1     1    10     4    14     0     0     0   -72.0   43.547   34.756   6352.0    447.0
     1     1    10     4    13    23     0     1   -73.0   43.882   33.908   6390.9    443.4
     1     1    10     4    13    22     0     2   -74.0   44.284   33.104   6494.8    437.4
     1     1    10     4    13    21     0     3   -75.0   44.738   32.368   6606.5    430.4
     1     1    10     4    13    20     0     2   -76.0   45.230   31.659   6688.1    424.2
     1     1    10     4    13    19     0     1   -77.0   45.744   30.967   6733.2    420.7
     1     1    10     4    13    18     0     0   -78.0   46.275   30.289   6772.2    418.8
     1     1    10     4    13    17     0     1   -79.0   46.778   29.621   6834.3    412.6
     1     1    10     4    13    16     0     2   -80.0   47.230   28.927   6942.0    403.0
     1     1    10     4    13    15     0     3   -81.0   47.652   28.174   7077.1    392.3
     1     1    10     4    13    14     0     2   -82.0   48.050   27.390   7214.8    383.9
     1     1    10     4    13    13     0     1   -83.0   48.405   26.597   7317.0    373.5
     1     1    10     4    13    12     0     0   -84.0   48.698   25.778   7394.5    364.4
     1     1    10     4    13    11     0     1   -85.0   48.952   24.910   7523.1    358.2
     1     1    10     4    13    10     0     2   -86.0   49.149   24.012   7620.8    344.2
     1     1    10     4    13     9     0     3   -87.0   49.276   23.060   7700.9    335.1
     1     1    10     4    13     8     0     2   -88.0   49.334   22.054   7815.1    339.7
     1     1    10     4    13     7     0     1   -89.0   49.339   21.052   7768.1    337.9
     1     1    10     4    13     6     0     0   -90.0   49.318   20.047   7587.1    331.4
     1     1    10     4    13     5     0     1   -91.0   49.261   19.121   7497.1    341.6
     1     1    10     4    13     4     0     2   -92.0   49.146   18.397   7437.3    353.0
     1     1    10     4    13     3     0     3   -93.0   48.949   17.829   7442.7    360.0
     1     1    10     4    13     2     0     2   -94.0   48.671   17.373   7486.0    364.2
     1     1    10     4    13     1     0     1   -95.0   48.320   16.932   7473.3    366.2
     1     1    10     4    13     0     0     0   -96.0   47.887   16.373   7294.2    366.9
