     5     1
    GDAS    10     3     1     0     0
    GDAS    10     3     8     0     0
    GDAS    10     3    15     0     0
    GDAS    10     3    22     0     0
    GDAS    10     3    29     0     0
     1 BACKWARD OMEGA   
    10     3    29     0   39.977  116.381  8400.0
     1 PRESSURE
     1     1    10     3    29     0     0     0     0.0   39.977  116.381   8160.5    341.0
     1     1    10     3    28    23     0     1    -1.0   40.106  115.493   7927.1    322.9
     1     1    10     3    28    22     0     2    -2.0   40.241  114.577   7816.5    309.3
     1     1    10     3    28    21     0     3    -3.0   40.390  113.710   7820.4    306.9
     1     1    10     3    28    20     0     2    -4.0   40.535  112.851   7746.9    302.2
     1     1    10     3    28    19     0     1    -5.0   40.666  111.978   7644.1    304.1
     1     1    10     3    28    18     0     0    -6.0   40.786  111.128   7524.9    309.1
     1     1    10     3    28    17     0     1    -7.0   40.890  110.320   7424.9    313.9
     1     1    10     3    28    16     0     2    -8.0   40.977  109.529   7424.1    322.6
     1     1    10     3    28    15     0     3    -9.0   41.053  108.735   7503.2    331.0
     1     1    10     3    28    14     0     2   -10.0   41.098  107.944   7584.6    332.1
     1     1    10     3    28    13     0     1   -11.0   41.109  107.139   7457.5    324.2
     1     1    10     3    28    12     0     0   -12.0   41.101  106.335   7300.2    327.6
     1     1    10     3    28    11     0     1   -13.0   41.056  105.546   7130.7    340.2
     1     1    10     3    28    10     0     2   -14.0   40.943  104.746   6932.0    356.0
     1     1    10     3    28     9     0     3   -15.0   40.789  103.977   6593.8    367.2
     1     1    10     3    28     8     0     2   -16.0   40.569  103.291   6244.7    384.1
     1     1    10     3    28     7     0     1   -17.0   40.272  102.687   5988.5    399.8
     1     1    10     3    28     6     0     0   -18.0   39.943  102.156   5864.9    411.7
     1     1    10     3    28     5     0     1   -19.0   39.602  101.661   5735.1    405.7
     1     1    10     3    28     4     0     2   -20.0   39.252  101.187   5536.9    409.0
     1     1    10     3    28     3     0     3   -21.0   38.918  100.719   5287.8    406.0
     1     1    10     3    28     2     0     2   -22.0   38.603  100.215   4987.2    384.1
     1     1    10     3    28     1     0     1   -23.0   38.306   99.635   4701.0    353.8
     1     1    10     3    28     0     0     0   -24.0   38.052   98.980   4502.8    335.3
     1     1    10     3    27    23     0     1   -25.0   37.796   98.329   4393.2    339.2
     1     1    10     3    27    22     0     2   -26.0   37.455   97.790   4309.2    362.2
     1     1    10     3    27    21     0     3   -27.0   37.045   97.437   4344.0    397.1
     1     1    10     3    27    20     0     2   -28.0   36.648   97.195   4280.0    390.7
     1     1    10     3    27    19     0     1   -29.0   36.295   96.985   4146.2    383.8
     1     1    10     3    27    18     0     0   -30.0   36.000   96.800   3973.1    376.5
     1     1    10     3    27    17     0     1   -31.0   35.786   96.609   3833.2    374.8
     1     1    10     3    27    16     0     2   -32.0   35.658   96.379   3734.7    373.9
     1     1    10     3    27    15     0     3   -33.0   35.610   96.086   3701.5    370.8
     1     1    10     3    27    14     0     2   -34.0   35.583   95.739   3676.7    367.2
     1     1    10     3    27    13     0     1   -35.0   35.524   95.397   3629.4    370.9
     1     1    10     3    27    12     0     0   -36.0   35.460   95.070   3644.9    371.5
     1     1    10     3    27    11     0     1   -37.0   35.390   94.722   3692.5    362.5
     1     1    10     3    27    10     0     2   -38.0   35.293   94.352   3673.4    359.6
     1     1    10     3    27     9     0     3   -39.0   35.167   93.980   3566.7    364.6
     1     1    10     3    27     8     0     2   -40.0   35.025   93.623   3467.3    370.5
     1     1    10     3    27     7     0     1   -41.0   34.884   93.268   3489.4    365.9
     1     1    10     3    27     6     0     0   -42.0   34.735   92.929   3610.3    356.1
     1     1    10     3    27     5     0     1   -43.0   34.604   92.597   3734.9    344.4
     1     1    10     3    27     4     0     2   -44.0   34.511   92.267   3810.1    338.7
     1     1    10     3    27     3     0     3   -45.0   34.443   91.961   3845.5    334.9
     1     1    10     3    27     2     0     2   -46.0   34.386   91.658   3841.0    332.5
     1     1    10     3    27     1     0     1   -47.0   34.326   91.331   3806.2    331.0
     1     1    10     3    27     0     0     0   -48.0   34.268   90.981   3760.9    329.5
     1     1    10     3    26    23     0     1   -49.0   34.210   90.597   3727.5    328.1
     1     1    10     3    26    22     0     2   -50.0   34.155   90.169   3722.9    325.6
     1     1    10     3    26    21     0     3   -51.0   34.103   89.715   3799.0    320.9
     1     1    10     3    26    20     0     2   -52.0   34.034   89.245   3913.9    313.0
     1     1    10     3    26    19     0     1   -53.0   33.939   88.752   3988.2    310.4
     1     1    10     3    26    18     0     0   -54.0   33.836   88.238   4004.0    313.3
     1     1    10     3    26    17     0     1   -55.0   33.725   87.727   3950.5    317.1
     1     1    10     3    26    16     0     2   -56.0   33.601   87.231   3859.9    325.6
     1     1    10     3    26    15     0     3   -57.0   33.488   86.729   3788.3    330.2
     1     1    10     3    26    14     0     2   -58.0   33.388   86.251   3688.8    330.8
     1     1    10     3    26    13     0     1   -59.0   33.277   85.830   3553.4    338.1
     1     1    10     3    26    12     0     0   -60.0   33.170   85.431   3479.3    345.5
     1     1    10     3    26    11     0     1   -61.0   33.074   85.021   3489.0    343.6
     1     1    10     3    26    10     0     2   -62.0   32.947   84.603   3535.1    346.0
     1     1    10     3    26     9     0     3   -63.0   32.763   84.180   3571.0    350.0
     1     1    10     3    26     8     0     2   -64.0   32.562   83.786   3547.9    351.1
     1     1    10     3    26     7     0     1   -65.0   32.370   83.451   3438.2    352.8
     1     1    10     3    26     6     0     0   -66.0   32.169   83.180   3257.6    357.9
     1     1    10     3    26     5     0     1   -67.0   31.977   82.966   3021.3    363.3
     1     1    10     3    26     4     0     2   -68.0   31.827   82.802   2784.6    376.9
     1     1    10     3    26     3     0     3   -69.0   31.716   82.673   2594.7    385.6
     1     1    10     3    26     2     0     2   -70.0   31.641   82.547   2433.0    392.3
     1     1    10     3    26     1     0     1   -71.0   31.605   82.395   2281.3    400.4
     1     1    10     3    26     0     0     0   -72.0   31.603   82.219   2137.5    409.2
     1     1    10     3    25    23     0     1   -73.0   31.620   82.013   1998.9    418.5
     1     1    10     3    25    22     0     2   -74.0   31.634   81.767   1880.8    429.2
     1     1    10     3    25    21     0     3   -75.0   31.639   81.482   1811.9    436.7
     1     1    10     3    25    20     0     2   -76.0   31.630   81.169   1826.5    440.8
     1     1    10     3    25    19     0     1   -77.0   31.609   80.855   1906.6    436.4
     1     1    10     3    25    18     0     0   -78.0   31.578   80.555   1971.4    430.9
     1     1    10     3    25    17     0     1   -79.0   31.544   80.279   2003.0    430.3
     1     1    10     3    25    16     0     2   -80.0   31.514   80.027   2031.7    429.0
     1     1    10     3    25    15     0     3   -81.0   31.487   79.786   2079.7    430.8
     1     1    10     3    25    14     0     2   -82.0   31.464   79.551   2115.4    431.3
     1     1    10     3    25    13     0     1   -83.0   31.441   79.339   2124.5    435.2
     1     1    10     3    25    12     0     0   -84.0   31.427   79.159   2140.7    438.0
     1     1    10     3    25    11     0     1   -85.0   31.412   78.967   2174.9    440.7
     1     1    10     3    25    10     0     2   -86.0   31.385   78.735   2218.3    454.1
     1     1    10     3    25     9     0     3   -87.0   31.345   78.488   2222.5    473.7
     1     1    10     3    25     8     0     2   -88.0   31.300   78.273   2173.1    500.1
     1     1    10     3    25     7     0     1   -89.0   31.253   78.113   2102.7    526.6
     1     1    10     3    25     6     0     0   -90.0   31.203   78.005   2044.7    550.3
     1     1    10     3    25     5     0     1   -91.0   31.147   77.930   1990.7    569.0
     1     1    10     3    25     4     0     2   -92.0   31.075   77.876   1898.5    592.7
     1     1    10     3    25     3     0     3   -93.0   30.983   77.845   1773.3    620.1
     1     1    10     3    25     2     0     2   -94.0   30.890   77.827   1659.7    649.0
     1     1    10     3    25     1     0     1   -95.0   30.822   77.815   1601.2    666.4
     1     1    10     3    25     0     0     0   -96.0   30.778   77.809   1600.7    673.7
