     5     1
    GDAS    10     3     1     0     0
    GDAS    10     3     8     0     0
    GDAS    10     3    15     0     0
    GDAS    10     3    22     0     0
    GDAS    10     3    29     0     0
     1 BACKWARD OMEGA   
    10     3    18    18   39.977  116.381  2400.0
     1 PRESSURE
     1     1    10     3    18    18     0     0     0.0   39.977  116.381   2161.1    750.0
     1     1    10     3    18    17     0     1    -1.0   40.123  115.587   1987.6    716.7
     1     1    10     3    18    16     0     2    -2.0   40.395  114.755   1831.0    688.1
     1     1    10     3    18    15     0     3    -3.0   40.699  113.914   1699.6    694.9
     1     1    10     3    18    14     0     2    -4.0   41.011  112.999   1625.2    679.0
     1     1    10     3    18    13     0     1    -5.0   41.338  112.062   1718.2    676.8
     1     1    10     3    18    12     0     0    -6.0   41.669  111.129   1778.9    679.3
     1     1    10     3    18    11     0     1    -7.0   41.966  110.199   1750.1    689.7
     1     1    10     3    18    10     0     2    -8.0   42.235  109.285   1700.9    691.5
     1     1    10     3    18     9     0     3    -9.0   42.469  108.429   1613.0    710.3
     1     1    10     3    18     8     0     2   -10.0   42.679  107.645   1526.0    730.2
     1     1    10     3    18     7     0     1   -11.0   42.878  106.939   1432.2    738.7
     1     1    10     3    18     6     0     0   -12.0   43.107  106.282   1362.5    731.8
     1     1    10     3    18     5     0     1   -13.0   43.403  105.615   1296.1    724.3
     1     1    10     3    18     4     0     2   -14.0   43.770  104.880   1278.9    723.7
     1     1    10     3    18     3     0     3   -15.0   44.165  104.134   1249.8    728.6
     1     1    10     3    18     2     0     2   -16.0   44.536  103.362   1218.9    735.7
     1     1    10     3    18     1     0     1   -17.0   44.898  102.438   1262.9    720.9
     1     1    10     3    18     0     0     0   -18.0   45.306  101.398   1365.1    682.8
     1     1    10     3    17    23     0     1   -19.0   45.714  100.329   1434.5    678.6
     1     1    10     3    17    22     0     2   -20.0   46.039   99.289   1488.0    680.1
     1     1    10     3    17    21     0     3   -21.0   46.435   98.236   1721.3    642.3
     1     1    10     3    17    20     0     2   -22.0   46.987   97.075   2112.0    588.3
     1     1    10     3    17    19     0     1   -23.0   47.492   95.913   2028.6    614.6
     1     1    10     3    17    18     0     0   -24.0   47.889   94.774   1792.0    659.7
     1     1    10     3    17    17     0     1   -25.0   48.136   93.668   1701.8    693.6
     1     1    10     3    17    16     0     2   -26.0   48.253   92.499   1591.0    708.5
     1     1    10     3    17    15     0     3   -27.0   48.441   90.876   1949.4    606.1
     1     1    10     3    17    14     0     2   -28.0   48.586   88.919   2321.6    561.7
     1     1    10     3    17    13     0     1   -29.0   48.631   87.045   2474.9    596.7
     1     1    10     3    17    12     0     0   -30.0   48.594   85.478   2287.2    665.2
     1     1    10     3    17    11     0     1   -31.0   48.477   84.207   1986.7    737.2
     1     1    10     3    17    10     0     2   -32.0   48.325   83.080   1832.0    763.1
     1     1    10     3    17     9     0     3   -33.0   48.110   81.879   1648.6    743.5
     1     1    10     3    17     8     0     2   -34.0   47.806   80.602   1435.1    776.0
     1     1    10     3    17     7     0     1   -35.0   47.502   79.428   1381.8    795.6
     1     1    10     3    17     6     0     0   -36.0   47.187   78.326   1288.0    807.4
     1     1    10     3    17     5     0     1   -37.0   46.864   77.325   1183.8    822.9
     1     1    10     3    17     4     0     2   -38.0   46.594   76.423   1051.5    843.4
     1     1    10     3    17     3     0     3   -39.0   46.338   75.524    892.9    861.5
     1     1    10     3    17     2     0     2   -40.0   46.100   74.609    769.6    875.5
     1     1    10     3    17     1     0     1   -41.0   45.837   73.656    655.2    887.2
     1     1    10     3    17     0     0     0   -42.0   45.517   72.662    599.3    884.1
     1     1    10     3    16    23     0     1   -43.0   45.135   71.747    443.6    916.7
     1     1    10     3    16    22     0     2   -44.0   44.742   71.034    308.6    933.7
     1     1    10     3    16    21     0     3   -45.0   44.324   70.447    282.7    943.4
     1     1    10     3    16    20     0     2   -46.0   43.812   69.870    387.8    923.9
     1     1    10     3    16    19     0     1   -47.0   43.189   69.318    369.0    893.7
     1     1    10     3    16    18     0     0   -48.0   42.684   69.153    220.3    934.5
     1     1    10     3    16    17     0     1   -49.0   42.299   69.178    173.9    936.7
     1     1    10     3    16    16     0     2   -50.0   41.866   69.309    282.4    899.7
     1     1    10     3    16    15     0     3   -51.0   41.431   69.487    586.7    854.4
     1     1    10     3    16    14     0     2   -52.0   41.080   69.555    941.1    801.5
     1     1    10     3    16    13     0     1   -53.0   40.800   69.506   1207.8    776.4
     1     1    10     3    16    12     0     0   -54.0   40.551   69.386   1457.0    768.6
     1     1    10     3    16    11     0     1   -55.0   40.338   69.195   1731.7    754.7
     1     1    10     3    16    10     0     2   -56.0   40.159   68.945   2033.8    735.7
     1     1    10     3    16     9     0     3   -57.0   40.001   68.650   2325.0    703.6
     1     1    10     3    16     8     0     2   -58.0   39.847   68.317   2536.5    660.9
     1     1    10     3    16     7     0     1   -59.0   39.692   67.969   2614.4    627.7
     1     1    10     3    16     6     0     0   -60.0   39.541   67.620   2598.1    621.2
     1     1    10     3    16     5     0     1   -61.0   39.391   67.269   2576.2    626.4
     1     1    10     3    16     4     0     2   -62.0   39.247   66.921   2624.1    636.4
     1     1    10     3    16     3     0     3   -63.0   39.113   66.602   2723.9    648.4
     1     1    10     3    16     2     0     2   -64.0   38.978   66.317   2807.4    667.4
     1     1    10     3    16     1     0     1   -65.0   38.833   66.050   2839.4    688.1
     1     1    10     3    16     0     0     0   -66.0   38.691   65.793   2810.1    693.2
     1     1    10     3    15    23     0     1   -67.0   38.565   65.546   2768.5    697.7
     1     1    10     3    15    22     0     2   -68.0   38.458   65.315   2734.1    705.9
     1     1    10     3    15    21     0     3   -69.0   38.378   65.096   2726.1    713.3
     1     1    10     3    15    20     0     2   -70.0   38.308   64.875   2747.7    715.5
     1     1    10     3    15    19     0     1   -71.0   38.238   64.643   2790.8    711.2
     1     1    10     3    15    18     0     0   -72.0   38.178   64.400   2837.3    706.1
     1     1    10     3    15    17     0     1   -73.0   38.128   64.147   2860.7    701.4
     1     1    10     3    15    16     0     2   -74.0   38.080   63.881   2859.3    702.2
     1     1    10     3    15    15     0     3   -75.0   38.037   63.594   2886.0    704.8
     1     1    10     3    15    14     0     2   -76.0   38.006   63.301   2968.4    699.4
     1     1    10     3    15    13     0     1   -77.0   37.967   63.008   3083.9    689.9
     1     1    10     3    15    12     0     0   -78.0   37.910   62.700   3192.0    677.4
     1     1    10     3    15    11     0     1   -79.0   37.859   62.379   3288.4    669.3
     1     1    10     3    15    10     0     2   -80.0   37.830   62.035   3385.1    660.4
     1     1    10     3    15     9     0     3   -81.0   37.807   61.647   3464.9    653.5
     1     1    10     3    15     8     0     2   -82.0   37.803   61.229   3512.1    651.1
     1     1    10     3    15     7     0     1   -83.0   37.834   60.805   3538.7    649.7
     1     1    10     3    15     6     0     0   -84.0   37.885   60.381   3555.1    647.7
     1     1    10     3    15     5     0     1   -85.0   37.945   59.931   3560.2    648.1
     1     1    10     3    15     4     0     2   -86.0   38.021   59.437   3614.7    649.7
     1     1    10     3    15     3     0     3   -87.0   38.111   58.921   3717.0    632.7
     1     1    10     3    15     2     0     2   -88.0   38.179   58.361   3770.5    602.8
     1     1    10     3    15     1     0     1   -89.0   38.214   57.723   3799.4    582.6
     1     1    10     3    15     0     0     0   -90.0   38.262   57.011   3816.4    571.6
     1     1    10     3    14    23     0     1   -91.0   38.327   56.268   3924.3    595.2
     1     1    10     3    14    22     0     2   -92.0   38.382   55.509   4041.4    603.3
     1     1    10     3    14    21     0     3   -93.0   38.405   54.692   4109.0    608.4
     1     1    10     3    14    20     0     2   -94.0   38.371   53.847   4036.9    622.4
     1     1    10     3    14    19     0     1   -95.0   38.286   52.980   4000.5    629.1
     1     1    10     3    14    18     0     0   -96.0   38.129   52.076   4099.8    627.6
