     7     1
    GDAS    10     3    22     0     0
    GDAS    10     4     8     0     0
    GDAS    10     4    15     0     0
    GDAS    10     4    22     0     0
    GDAS    10     4    29     0     0
    GDAS    10     4     1     0     0
    GDAS    10     3    29     0     0
     1 BACKWARD OMEGA   
    10     4    30    12   39.977  116.381  9400.0
     1 PRESSURE
     1     1    10     4    30    12     0     0     0.0   39.977  116.381   9162.3    290.1
     1     1    10     4    30    11     0     1    -1.0   40.504  116.029   9014.3    275.2
     1     1    10     4    30    10     0     2    -2.0   41.040  115.646   8909.4    257.4
     1     1    10     4    30     9     0     3    -3.0   41.581  115.267   8913.8    252.1
     1     1    10     4    30     8     0     2    -4.0   42.127  114.919   8944.0    251.2
     1     1    10     4    30     7     0     1    -5.0   42.671  114.595   9022.7    253.4
     1     1    10     4    30     6     0     0    -6.0   43.214  114.308   9078.0    257.1
     1     1    10     4    30     5     0     1    -7.0   43.766  114.058   9083.1    258.5
     1     1    10     4    30     4     0     2    -8.0   44.335  113.823   9066.5    255.8
     1     1    10     4    30     3     0     3    -9.0   44.928  113.623   9070.8    250.5
     1     1    10     4    30     2     0     2   -10.0   45.534  113.447   9151.5    248.6
     1     1    10     4    30     1     0     1   -11.0   46.116  113.250   9188.4    249.9
     1     1    10     4    30     0     0     0   -12.0   46.677  113.048   9190.6    251.8
     1     1    10     4    29    23     0     1   -13.0   47.229  112.859   9202.5    252.7
     1     1    10     4    29    22     0     2   -14.0   47.762  112.684   9233.2    253.0
     1     1    10     4    29    21     0     3   -15.0   48.270  112.547   9240.4    252.5
     1     1    10     4    29    20     0     2   -16.0   48.772  112.441   9240.4    251.4
     1     1    10     4    29    19     0     1   -17.0   49.277  112.325   9232.1    249.0
     1     1    10     4    29    18     0     0   -18.0   49.778  112.204   9194.4    245.3
     1     1    10     4    29    17     0     1   -19.0   50.283  112.077   9189.6    245.0
     1     1    10     4    29    16     0     2   -20.0   50.780  111.902   9229.4    248.6
     1     1    10     4    29    15     0     3   -21.0   51.254  111.677   9234.6    250.8
     1     1    10     4    29    14     0     2   -22.0   51.730  111.446   9228.7    252.1
     1     1    10     4    29    13     0     1   -23.0   52.201  111.186   9232.5    253.0
     1     1    10     4    29    12     0     0   -24.0   52.648  110.858   9206.2    249.8
     1     1    10     4    29    11     0     1   -25.0   53.098  110.509   9176.0    245.6
     1     1    10     4    29    10     0     2   -26.0   53.520  110.158   9213.4    248.5
     1     1    10     4    29     9     0     3   -27.0   53.869  109.800   9288.2    254.8
     1     1    10     4    29     8     0     2   -28.0   54.194  109.421   9324.2    258.0
     1     1    10     4    29     7     0     1   -29.0   54.513  108.986   9281.7    261.8
     1     1    10     4    29     6     0     0   -30.0   54.777  108.521   9121.0    264.7
     1     1    10     4    29     5     0     1   -31.0   55.019  108.039   8987.4    268.0
     1     1    10     4    29     4     0     2   -32.0   55.275  107.474   8922.1    274.8
     1     1    10     4    29     3     0     3   -33.0   55.472  106.798   8717.7    284.6
     1     1    10     4    29     2     0     2   -34.0   55.623  106.063   8516.2    297.9
     1     1    10     4    29     1     0     1   -35.0   55.804  105.273   8508.5    298.7
     1     1    10     4    29     0     0     0   -36.0   55.924  104.382   8441.1    304.1
     1     1    10     4    28    23     0     1   -37.0   55.997  103.428   8400.9    310.7
     1     1    10     4    28    22     0     2   -38.0   56.090  102.466   8310.1    317.6
     1     1    10     4    28    21     0     3   -39.0   56.079  101.587   8176.0    324.8
     1     1    10     4    28    20     0     2   -40.0   56.044  100.700   8027.7    332.0
     1     1    10     4    28    19     0     1   -41.0   56.053   99.800   7864.1    344.4
     1     1    10     4    28    18     0     0   -42.0   56.019   98.867   7911.6    348.1
     1     1    10     4    28    17     0     1   -43.0   55.985   97.917   7989.6    341.1
     1     1    10     4    28    16     0     2   -44.0   55.953   96.934   8098.5    336.3
     1     1    10     4    28    15     0     3   -45.0   55.828   95.898   8201.2    328.1
     1     1    10     4    28    14     0     2   -46.0   55.691   94.892   8150.8    327.8
     1     1    10     4    28    13     0     1   -47.0   55.574   93.961   8003.1    331.0
     1     1    10     4    28    12     0     0   -48.0   55.398   93.065   7948.5    335.2
     1     1    10     4    28    11     0     1   -49.0   55.219   92.165   7935.9    336.4
     1     1    10     4    28    10     0     2   -50.0   55.026   91.288   7938.9    342.7
     1     1    10     4    28     9     0     3   -51.0   54.742   90.430   8043.1    331.5
     1     1    10     4    28     8     0     2   -52.0   54.452   89.591   7934.4    322.9
     1     1    10     4    28     7     0     1   -53.0   54.206   88.818   7717.3    330.9
     1     1    10     4    28     6     0     0   -54.0   53.919   88.014   7732.8    352.4
     1     1    10     4    28     5     0     1   -55.0   53.605   87.125   7850.5    350.1
     1     1    10     4    28     4     0     2   -56.0   53.270   86.205   7950.8    345.1
     1     1    10     4    28     3     0     3   -57.0   52.844   85.321   7899.9    348.7
     1     1    10     4    28     2     0     2   -58.0   52.405   84.472   7799.3    354.9
     1     1    10     4    28     1     0     1   -59.0   52.016   83.625   7669.9    364.7
     1     1    10     4    28     0     0     0   -60.0   51.618   82.710   7614.3    361.5
     1     1    10     4    27    23     0     1   -61.0   51.242   81.683   7744.8    356.5
     1     1    10     4    27    22     0     2   -62.0   50.903   80.591   7815.9    356.3
     1     1    10     4    27    21     0     3   -63.0   50.521   79.492   7778.2    360.2
     1     1    10     4    27    20     0     2   -64.0   50.113   78.388   7765.7    355.9
     1     1    10     4    27    19     0     1   -65.0   49.708   77.286   7700.7    343.5
     1     1    10     4    27    18     0     0   -66.0   49.279   76.183   7635.7    336.4
     1     1    10     4    27    17     0     1   -67.0   48.862   75.069   7653.6    333.1
     1     1    10     4    27    16     0     2   -68.0   48.442   73.981   7713.9    337.8
     1     1    10     4    27    15     0     3   -69.0   47.977   72.939   7700.2    336.6
     1     1    10     4    27    14     0     2   -70.0   47.531   71.910   7764.9    342.9
     1     1    10     4    27    13     0     1   -71.0   47.122   70.883   7835.5    345.9
     1     1    10     4    27    12     0     0   -72.0   46.694   69.878   7893.4    348.2
     1     1    10     4    27    11     0     1   -73.0   46.290   68.856   7934.0    352.1
     1     1    10     4    27    10     0     2   -74.0   45.912   67.786   7936.9    353.9
     1     1    10     4    27     9     0     3   -75.0   45.500   66.706   7963.2    356.3
     1     1    10     4    27     8     0     2   -76.0   45.089   65.608   8018.1    354.2
     1     1    10     4    27     7     0     1   -77.0   44.714   64.481   8062.0    352.6
     1     1    10     4    27     6     0     0   -78.0   44.365   63.347   8107.3    350.7
     1     1    10     4    27     5     0     1   -79.0   44.052   62.201   8134.1    350.8
     1     1    10     4    27     4     0     2   -80.0   43.771   61.064   8120.1    352.3
     1     1    10     4    27     3     0     3   -81.0   43.506   59.957   8137.8    351.7
     1     1    10     4    27     2     0     2   -82.0   43.262   58.864   8211.5    347.0
     1     1    10     4    27     1     0     1   -83.0   43.015   57.777   8248.6    341.5
     1     1    10     4    27     0     0     0   -84.0   42.770   56.716   8249.4    340.7
     1     1    10     4    26    23     0     1   -85.0   42.554   55.675   8199.5    341.4
     1     1    10     4    26    22     0     2   -86.0   42.362   54.687   8186.3    343.3
     1     1    10     4    26    21     0     3   -87.0   42.194   53.775   8209.6    344.7
     1     1    10     4    26    20     0     2   -88.0   42.045   52.887   8267.0    347.1
     1     1    10     4    26    19     0     1   -89.0   41.920   51.993   8296.5    345.4
     1     1    10     4    26    18     0     0   -90.0   41.838   51.134   8350.4    347.3
     1     1    10     4    26    17     0     1   -91.0   41.788   50.280   8336.9    343.6
     1     1    10     4    26    16     0     2   -92.0   41.736   49.391   8351.5    341.1
     1     1    10     4    26    15     0     3   -93.0   41.685   48.480   8219.9    322.6
     1     1    10     4    26    14     0     2   -94.0   41.661   47.485   7968.0    295.4
     1     1    10     4    26    13     0     1   -95.0   41.619   46.455   8022.1    293.1
     1     1    10     4    26    12     0     0   -96.0   41.540   45.518   8078.8    305.5
