     5     1
    GDAS    10     3     1     0     0
    GDAS    10     3     8     0     0
    GDAS    10     3    15     0     0
    GDAS    10     3    22     0     0
    GDAS    10     3    29     0     0
     1 BACKWARD OMEGA   
    10     3    26     0   39.977  116.381  5200.0
     1 PRESSURE
     1     1    10     3    26     0     0     0     0.0   39.977  116.381   4958.9    517.3
     1     1    10     3    25    23     0     1    -1.0   40.470  115.478   4778.3    475.4
     1     1    10     3    25    22     0     2    -2.0   40.975  114.586   4764.6    453.7
     1     1    10     3    25    21     0     3    -3.0   41.493  113.712   4789.4    446.2
     1     1    10     3    25    20     0     2    -4.0   42.026  112.869   4811.3    447.1
     1     1    10     3    25    19     0     1    -5.0   42.566  112.067   4897.5    455.3
     1     1    10     3    25    18     0     0    -6.0   43.098  111.313   4995.4    459.5
     1     1    10     3    25    17     0     1    -7.0   43.621  110.590   5022.9    459.7
     1     1    10     3    25    16     0     2    -8.0   44.133  109.892   5060.5    466.3
     1     1    10     3    25    15     0     3    -9.0   44.622  109.210   5033.9    459.5
     1     1    10     3    25    14     0     2   -10.0   45.089  108.541   4986.5    457.4
     1     1    10     3    25    13     0     1   -11.0   45.543  107.892   4955.2    453.7
     1     1    10     3    25    12     0     0   -12.0   45.976  107.263   4896.2    445.5
     1     1    10     3    25    11     0     1   -13.0   46.388  106.646   4818.4    446.9
     1     1    10     3    25    10     0     2   -14.0   46.771  106.055   4754.3    454.4
     1     1    10     3    25     9     0     3   -15.0   47.121  105.475   4717.0    458.8
     1     1    10     3    25     8     0     2   -16.0   47.459  104.911   4706.3    464.1
     1     1    10     3    25     7     0     1   -17.0   47.796  104.385   4714.5    468.9
     1     1    10     3    25     6     0     0   -18.0   48.112  103.883   4733.2    470.0
     1     1    10     3    25     5     0     1   -19.0   48.429  103.376   4717.9    460.2
     1     1    10     3    25     4     0     2   -20.0   48.763  102.858   4714.4    455.1
     1     1    10     3    25     3     0     3   -21.0   49.097  102.338   4711.7    455.6
     1     1    10     3    25     2     0     2   -22.0   49.432  101.816   4696.1    454.3
     1     1    10     3    25     1     0     1   -23.0   49.762  101.300   4690.7    448.7
     1     1    10     3    25     0     0     0   -24.0   50.068  100.782   4702.7    439.2
     1     1    10     3    24    23     0     1   -25.0   50.357  100.230   4702.1    430.1
     1     1    10     3    24    22     0     2   -26.0   50.633   99.633   4644.6    428.0
     1     1    10     3    24    21     0     3   -27.0   50.879   98.998   4495.6    426.5
     1     1    10     3    24    20     0     2   -28.0   51.107   98.336   4390.0    443.0
     1     1    10     3    24    19     0     1   -29.0   51.322   97.661   4374.7    459.6
     1     1    10     3    24    18     0     0   -30.0   51.495   96.975   4431.3    474.9
     1     1    10     3    24    17     0     1   -31.0   51.635   96.296   4469.8    468.4
     1     1    10     3    24    16     0     2   -32.0   51.770   95.664   4498.0    464.7
     1     1    10     3    24    15     0     3   -33.0   51.900   95.094   4483.7    466.3
     1     1    10     3    24    14     0     2   -34.0   52.035   94.548   4484.2    481.9
     1     1    10     3    24    13     0     1   -35.0   52.172   93.978   4510.0    496.8
     1     1    10     3    24    12     0     0   -36.0   52.293   93.363   4507.5    496.8
     1     1    10     3    24    11     0     1   -37.0   52.398   92.701   4497.1    498.0
     1     1    10     3    24    10     0     2   -38.0   52.476   91.991   4471.4    500.3
     1     1    10     3    24     9     0     3   -39.0   52.500   91.226   4426.1    498.0
     1     1    10     3    24     8     0     2   -40.0   52.488   90.465   4381.0    498.7
     1     1    10     3    24     7     0     1   -41.0   52.459   89.745   4345.9    499.8
     1     1    10     3    24     6     0     0   -42.0   52.391   89.040   4344.5    497.7
     1     1    10     3    24     5     0     1   -43.0   52.310   88.377   4414.9    506.7
     1     1    10     3    24     4     0     2   -44.0   52.248   87.773   4483.5    518.3
     1     1    10     3    24     3     0     3   -45.0   52.195   87.200   4545.8    529.1
     1     1    10     3    24     2     0     2   -46.0   52.151   86.647   4585.4    533.2
     1     1    10     3    24     1     0     1   -47.0   52.105   86.107   4609.3    534.0
     1     1    10     3    24     0     0     0   -48.0   52.044   85.576   4633.4    533.2
     1     1    10     3    23    23     0     1   -49.0   51.979   85.073   4656.9    530.2
     1     1    10     3    23    22     0     2   -50.0   51.920   84.613   4669.0    527.5
     1     1    10     3    23    21     0     3   -51.0   51.853   84.179   4665.8    525.9
     1     1    10     3    23    20     0     2   -52.0   51.796   83.750   4671.7    526.9
     1     1    10     3    23    19     0     1   -53.0   51.765   83.319   4701.1    528.4
     1     1    10     3    23    18     0     0   -54.0   51.749   82.884   4736.4    530.0
     1     1    10     3    23    17     0     1   -55.0   51.747   82.429   4758.0    530.7
     1     1    10     3    23    16     0     2   -56.0   51.759   81.938   4768.9    533.6
     1     1    10     3    23    15     0     3   -57.0   51.775   81.415   4775.3    534.1
     1     1    10     3    23    14     0     2   -58.0   51.791   80.871   4797.2    533.8
     1     1    10     3    23    13     0     1   -59.0   51.800   80.318   4838.3    532.5
     1     1    10     3    23    12     0     0   -60.0   51.798   79.760   4886.7    530.9
     1     1    10     3    23    11     0     1   -61.0   51.794   79.226   4935.8    528.1
     1     1    10     3    23    10     0     2   -62.0   51.790   78.747   4977.5    525.2
     1     1    10     3    23     9     0     3   -63.0   51.783   78.318   5005.8    522.6
     1     1    10     3    23     8     0     2   -64.0   51.787   77.907   5025.1    521.6
     1     1    10     3    23     7     0     1   -65.0   51.816   77.495   5048.0    520.8
     1     1    10     3    23     6     0     0   -66.0   51.860   77.087   5080.2    519.3
     1     1    10     3    23     5     0     1   -67.0   51.932   76.667   5124.1    516.2
     1     1    10     3    23     4     0     2   -68.0   52.044   76.221   5181.5    511.9
     1     1    10     3    23     3     0     3   -69.0   52.192   75.750   5242.4    506.4
     1     1    10     3    23     2     0     2   -70.0   52.362   75.249   5285.2    501.1
     1     1    10     3    23     1     0     1   -71.0   52.535   74.718   5296.0    500.2
     1     1    10     3    23     0     0     0   -72.0   52.702   74.172   5293.4    501.7
     1     1    10     3    22    23     0     1   -73.0   52.858   73.631   5302.8    502.7
     1     1    10     3    22    22     0     2   -74.0   53.012   73.116   5330.7    499.7
     1     1    10     3    22    21     0     3   -75.0   53.169   72.620   5358.5    495.7
     1     1    10     3    22    20     0     2   -76.0   53.339   72.120   5385.9    492.7
     1     1    10     3    22    19     0     1   -77.0   53.525   71.608   5410.4    490.4
     1     1    10     3    22    18     0     0   -78.0   53.724   71.092   5441.4    488.2
     1     1    10     3    22    17     0     1   -79.0   53.934   70.567   5485.1    485.9
     1     1    10     3    22    16     0     2   -80.0   54.162   70.022   5542.3    481.9
     1     1    10     3    22    15     0     3   -81.0   54.422   69.467   5627.8    476.4
     1     1    10     3    22    14     0     2   -82.0   54.695   68.909   5730.1    469.3
     1     1    10     3    22    13     0     1   -83.0   54.962   68.352   5824.0    461.5
     1     1    10     3    22    12     0     0   -84.0   55.245   67.788   5903.0    455.1
     1     1    10     3    22    11     0     1   -85.0   55.539   67.222   5975.0    451.2
     1     1    10     3    22    10     0     2   -86.0   55.839   66.666   6057.6    445.9
     1     1    10     3    22     9     0     3   -87.0   56.170   66.113   6174.1    440.1
     1     1    10     3    22     8     0     2   -88.0   56.517   65.548   6290.2    431.4
     1     1    10     3    22     7     0     1   -89.0   56.855   64.992   6388.7    425.9
     1     1    10     3    22     6     0     0   -90.0   57.207   64.465   6498.2    418.6
     1     1    10     3    22     5     0     1   -91.0   57.561   63.925   6612.2    410.0
     1     1    10     3    22     4     0     2   -92.0   57.897   63.363   6720.4    404.1
     1     1    10     3    22     3     0     3   -93.0   58.244   62.820   6840.0    397.0
     1     1    10     3    22     2     0     2   -94.0   58.594   62.272   6967.0    387.2
     1     1    10     3    22     1     0     1   -95.0   58.919   61.686   7082.7    380.0
     1     1    10     3    22     0     0     0   -96.0   59.244   61.096   7198.4    374.2
