     7     1
    GDAS    10     3    22     0     0
    GDAS    10     4     8     0     0
    GDAS    10     4    15     0     0
    GDAS    10     4    22     0     0
    GDAS    10     4    29     0     0
    GDAS    10     4     1     0     0
    GDAS    10     3    29     0     0
     1 BACKWARD OMEGA   
    10     4    16     0   39.977  116.381  3400.0
     1 PRESSURE
     1     1    10     4    16     0     0     0     0.0   39.977  116.381   3164.3    664.5
     1     1    10     4    15    23     0     1    -1.0   39.923  116.026   3026.1    667.2
     1     1    10     4    15    22     0     2    -2.0   39.933  115.649   2878.5    656.3
     1     1    10     4    15    21     0     3    -3.0   39.946  115.218   2765.3    635.4
     1     1    10     4    15    20     0     2    -4.0   39.945  114.752   2744.4    624.0
     1     1    10     4    15    19     0     1    -5.0   39.963  114.268   2809.8    616.5
     1     1    10     4    15    18     0     0    -6.0   40.004  113.784   2816.1    606.9
     1     1    10     4    15    17     0     1    -7.0   40.058  113.365   2627.4    615.4
     1     1    10     4    15    16     0     2    -8.0   40.142  113.022   2314.7    642.6
     1     1    10     4    15    15     0     3    -9.0   40.271  112.714   2084.0    666.4
     1     1    10     4    15    14     0     2   -10.0   40.429  112.394   1979.0    663.4
     1     1    10     4    15    13     0     1   -11.0   40.604  112.056   1909.0    663.0
     1     1    10     4    15    12     0     0   -12.0   40.799  111.723   1820.8    664.8
     1     1    10     4    15    11     0     1   -13.0   40.983  111.400   1596.4    670.3
     1     1    10     4    15    10     0     2   -14.0   41.130  111.080   1287.7    707.7
     1     1    10     4    15     9     0     3   -15.0   41.256  110.742   1027.8    743.1
     1     1    10     4    15     8     0     2   -16.0   41.371  110.381    849.2    764.0
     1     1    10     4    15     7     0     1   -17.0   41.479  110.002    717.0    778.2
     1     1    10     4    15     6     0     0   -18.0   41.583  109.604    611.1    795.7
     1     1    10     4    15     5     0     1   -19.0   41.684  109.215    525.0    807.3
     1     1    10     4    15     4     0     2   -20.0   41.783  108.854    457.4    814.7
     1     1    10     4    15     3     0     3   -21.0   41.877  108.519    409.9    819.5
     1     1    10     4    15     2     0     2   -22.0   41.974  108.186    375.3    819.5
     1     1    10     4    15     1     0     1   -23.0   42.068  107.833    343.8    828.5
     1     1    10     4    15     0     0     0   -24.0   42.138  107.468    307.6    841.0
     1     1    10     4    14    23     0     1   -25.0   42.178  107.100    256.3    853.2
     1     1    10     4    14    22     0     2   -26.0   42.198  106.763    203.2    866.5
     1     1    10     4    14    21     0     3   -27.0   42.208  106.470    166.2    876.2
     1     1    10     4    14    20     0     2   -28.0   42.210  106.194    153.6    883.2
     1     1    10     4    14    19     0     1   -29.0   42.215  105.912    169.9    882.3
     1     1    10     4    14    18     0     0   -30.0   42.256  105.619    211.8    868.8
     1     1    10     4    14    17     0     1   -31.0   42.342  105.310    269.7    850.6
     1     1    10     4    14    16     0     2   -32.0   42.463  104.980    333.8    829.4
     1     1    10     4    14    15     0     3   -33.0   42.612  104.646    401.5    816.6
     1     1    10     4    14    14     0     2   -34.0   42.762  104.316    455.4    805.5
     1     1    10     4    14    13     0     1   -35.0   42.887  103.961    457.9    802.1
     1     1    10     4    14    12     0     0   -36.0   42.998  103.576    439.1    811.8
     1     1    10     4    14    11     0     1   -37.0   43.103  103.184    454.3    814.8
     1     1    10     4    14    10     0     2   -38.0   43.183  102.793    472.4    807.4
     1     1    10     4    14     9     0     3   -39.0   43.240  102.383    462.2    805.3
     1     1    10     4    14     8     0     2   -40.0   43.284  101.969    450.1    809.6
     1     1    10     4    14     7     0     1   -41.0   43.313  101.579    455.1    808.4
     1     1    10     4    14     6     0     0   -42.0   43.318  101.208    465.8    805.7
     1     1    10     4    14     5     0     1   -43.0   43.327  100.861    477.5    806.5
     1     1    10     4    14     4     0     2   -44.0   43.361  100.554    489.6    810.3
     1     1    10     4    14     3     0     3   -45.0   43.412  100.293    494.5    814.5
     1     1    10     4    14     2     0     2   -46.0   43.465  100.055    487.9    817.2
     1     1    10     4    14     1     0     1   -47.0   43.511   99.821    472.2    820.3
     1     1    10     4    14     0     0     0   -48.0   43.552   99.600    462.1    821.6
     1     1    10     4    13    23     0     1   -49.0   43.581   99.404    450.8    821.4
     1     1    10     4    13    22     0     2   -50.0   43.590   99.245    428.5    823.5
     1     1    10     4    13    21     0     3   -51.0   43.580   99.127    395.4    826.7
     1     1    10     4    13    20     0     2   -52.0   43.553   99.044    358.4    831.1
     1     1    10     4    13    19     0     1   -53.0   43.512   98.981    324.6    834.5
     1     1    10     4    13    18     0     0   -54.0   43.456   98.939    294.4    837.7
     1     1    10     4    13    17     0     1   -55.0   43.385   98.897    269.3    840.4
     1     1    10     4    13    16     0     2   -56.0   43.299   98.839    254.1    842.0
     1     1    10     4    13    15     0     3   -57.0   43.200   98.763    253.6    841.5
     1     1    10     4    13    14     0     2   -58.0   43.080   98.684    274.3    838.5
     1     1    10     4    13    13     0     1   -59.0   42.938   98.613    323.9    832.7
     1     1    10     4    13    12     0     0   -60.0   42.782   98.553    397.5    825.4
     1     1    10     4    13    11     0     1   -61.0   42.632   98.519    471.2    815.6
     1     1    10     4    13    10     0     2   -62.0   42.495   98.529    521.1    810.7
     1     1    10     4    13     9     0     3   -63.0   42.375   98.589    540.1    810.0
     1     1    10     4    13     8     0     2   -64.0   42.268   98.695    538.9    814.8
     1     1    10     4    13     7     0     1   -65.0   42.171   98.835    534.1    819.8
     1     1    10     4    13     6     0     0   -66.0   42.086   99.011    525.5    826.5
     1     1    10     4    13     5     0     1   -67.0   42.011   99.221    521.9    835.1
     1     1    10     4    13     4     0     2   -68.0   41.937   99.458    534.2    839.3
     1     1    10     4    13     3     0     3   -69.0   41.863   99.715    563.2    841.8
     1     1    10     4    13     2     0     2   -70.0   41.801  100.020    588.8    843.6
     1     1    10     4    13     1     0     1   -71.0   41.748  100.397    588.8    843.8
     1     1    10     4    13     0     0     0   -72.0   41.682  100.823    576.4    847.6
     1     1    10     4    12    23     0     1   -73.0   41.598  101.231    573.5    847.3
     1     1    10     4    12    22     0     2   -74.0   41.507  101.578    585.2    842.2
     1     1    10     4    12    21     0     3   -75.0   41.425  101.873    610.7    835.8
     1     1    10     4    12    20     0     2   -76.0   41.349  102.124    649.7    827.6
     1     1    10     4    12    19     0     1   -77.0   41.272  102.333    700.5    817.5
     1     1    10     4    12    18     0     0   -78.0   41.191  102.499    756.0    808.2
     1     1    10     4    12    17     0     1   -79.0   41.103  102.626    817.2    799.7
     1     1    10     4    12    16     0     2   -80.0   41.010  102.720    887.0    790.3
     1     1    10     4    12    15     0     3   -81.0   40.907  102.784    958.0    779.7
     1     1    10     4    12    14     0     2   -82.0   40.805  102.813   1022.3    770.9
     1     1    10     4    12    13     0     1   -83.0   40.719  102.810   1086.9    763.7
     1     1    10     4    12    12     0     0   -84.0   40.662  102.780   1161.8    755.9
     1     1    10     4    12    11     0     1   -85.0   40.639  102.716   1241.4    747.6
     1     1    10     4    12    10     0     2   -86.0   40.637  102.614   1318.8    741.9
     1     1    10     4    12     9     0     3   -87.0   40.648  102.484   1400.2    736.7
     1     1    10     4    12     8     0     2   -88.0   40.673  102.344   1495.6    730.3
     1     1    10     4    12     7     0     1   -89.0   40.723  102.202   1608.3    721.7
     1     1    10     4    12     6     0     0   -90.0   40.804  102.051   1733.8    712.7
     1     1    10     4    12     5     0     1   -91.0   40.911  101.863   1850.0    703.3
     1     1    10     4    12     4     0     2   -92.0   41.026  101.630   1941.5    699.4
     1     1    10     4    12     3     0     3   -93.0   41.133  101.365   2004.0    697.4
     1     1    10     4    12     2     0     2   -94.0   41.235  101.096   2063.1    698.1
     1     1    10     4    12     1     0     1   -95.0   41.356  100.824   2136.5    690.1
     1     1    10     4    12     0     0     0   -96.0   41.498  100.549   2212.4    681.5
