     7     1
    GDAS    10     3    22     0     0
    GDAS    10     4     8     0     0
    GDAS    10     4    15     0     0
    GDAS    10     4    22     0     0
    GDAS    10     4    29     0     0
    GDAS    10     4     1     0     0
    GDAS    10     3    29     0     0
     1 BACKWARD OMEGA   
    10     4    17    12   39.977  116.381  4800.0
     1 PRESSURE
     1     1    10     4    17    12     0     0     0.0   39.977  116.381   4562.8    558.5
     1     1    10     4    17    11     0     1    -1.0   39.908  115.739   4438.4    543.3
     1     1    10     4    17    10     0     2    -2.0   39.918  115.037   4280.7    517.9
     1     1    10     4    17     9     0     3    -3.0   39.950  114.218   4297.6    509.5
     1     1    10     4    17     8     0     2    -4.0   39.978  113.368   4298.9    504.8
     1     1    10     4    17     7     0     1    -5.0   40.026  112.525   4207.9    504.0
     1     1    10     4    17     6     0     0    -6.0   40.057  111.676   4016.6    517.3
     1     1    10     4    17     5     0     1    -7.0   40.048  110.933   3747.3    554.0
     1     1    10     4    17     4     0     2    -8.0   40.044  110.306   3471.3    566.2
     1     1    10     4    17     3     0     3    -9.0   40.043  109.748   3353.3    575.6
     1     1    10     4    17     2     0     2   -10.0   40.067  109.188   3294.8    569.9
     1     1    10     4    17     1     0     1   -11.0   40.133  108.628   3152.6    581.6
     1     1    10     4    17     0     0     0   -12.0   40.232  108.158   3006.6    603.1
     1     1    10     4    16    23     0     1   -13.0   40.332  107.698   2925.9    610.8
     1     1    10     4    16    22     0     2   -14.0   40.399  107.145   2882.8    609.0
     1     1    10     4    16    21     0     3   -15.0   40.457  106.573   2871.1    609.5
     1     1    10     4    16    20     0     2   -16.0   40.527  106.019   2857.9    609.8
     1     1    10     4    16    19     0     1   -17.0   40.606  105.472   2805.7    612.7
     1     1    10     4    16    18     0     0   -18.0   40.714  104.942   2710.4    625.1
     1     1    10     4    16    17     0     1   -19.0   40.853  104.445   2593.5    636.3
     1     1    10     4    16    16     0     2   -20.0   41.007  103.988   2509.3    643.4
     1     1    10     4    16    15     0     3   -21.0   41.196  103.567   2461.6    646.7
     1     1    10     4    16    14     0     2   -22.0   41.413  103.148   2440.4    648.9
     1     1    10     4    16    13     0     1   -23.0   41.650  102.690   2448.1    654.2
     1     1    10     4    16    12     0     0   -24.0   41.909  102.161   2481.8    661.8
     1     1    10     4    16    11     0     1   -25.0   42.176  101.592   2477.4    654.6
     1     1    10     4    16    10     0     2   -26.0   42.422  101.051   2407.7    646.5
     1     1    10     4    16     9     0     3   -27.0   42.654  100.555   2322.6    649.0
     1     1    10     4    16     8     0     2   -28.0   42.894  100.080   2250.6    655.6
     1     1    10     4    16     7     0     1   -29.0   43.149   99.603   2198.4    659.1
     1     1    10     4    16     6     0     0   -30.0   43.425   99.133   2189.0    660.9
     1     1    10     4    16     5     0     1   -31.0   43.710   98.655   2220.2    658.6
     1     1    10     4    16     4     0     2   -32.0   43.983   98.135   2233.4    656.6
     1     1    10     4    16     3     0     3   -33.0   44.251   97.565   2212.6    647.1
     1     1    10     4    16     2     0     2   -34.0   44.540   96.955   2270.7    639.4
     1     1    10     4    16     1     0     1   -35.0   44.863   96.317   2372.7    619.0
     1     1    10     4    16     0     0     0   -36.0   45.225   95.641   2476.4    599.7
     1     1    10     4    15    23     0     1   -37.0   45.598   94.950   2591.0    593.9
     1     1    10     4    15    22     0     2   -38.0   45.979   94.215   2645.0    555.0
     1     1    10     4    15    21     0     3   -39.0   46.396   93.366   2779.0    554.9
     1     1    10     4    15    20     0     2   -40.0   46.847   92.414   2875.5    532.3
     1     1    10     4    15    19     0     1   -41.0   47.291   91.267   2920.9    511.3
     1     1    10     4    15    18     0     0   -42.0   47.655   89.944   3126.4    504.2
     1     1    10     4    15    17     0     1   -43.0   47.959   88.539   3321.2    517.9
     1     1    10     4    15    16     0     2   -44.0   48.187   87.141   3559.6    554.0
     1     1    10     4    15    15     0     3   -45.0   48.348   85.823   3641.4    577.0
     1     1    10     4    15    14     0     2   -46.0   48.442   84.539   3713.6    585.7
     1     1    10     4    15    13     0     1   -47.0   48.480   83.328   3712.8    596.9
     1     1    10     4    15    12     0     0   -48.0   48.449   82.024   3666.1    581.9
     1     1    10     4    15    11     0     1   -49.0   48.334   80.673   3556.5    593.5
     1     1    10     4    15    10     0     2   -50.0   48.165   79.326   3474.7    603.9
     1     1    10     4    15     9     0     3   -51.0   47.872   77.991   3530.2    607.5
     1     1    10     4    15     8     0     2   -52.0   47.535   76.765   3613.3    599.5
     1     1    10     4    15     7     0     1   -53.0   47.200   75.565   3620.5    611.3
     1     1    10     4    15     6     0     0   -54.0   46.823   74.352   3676.1    607.7
     1     1    10     4    15     5     0     1   -55.0   46.457   73.169   3619.0    608.5
     1     1    10     4    15     4     0     2   -56.0   46.082   72.020   3550.5    615.3
     1     1    10     4    15     3     0     3   -57.0   45.673   70.887   3524.0    628.7
     1     1    10     4    15     2     0     2   -58.0   45.263   69.808   3524.9    636.4
     1     1    10     4    15     1     0     1   -59.0   44.852   68.786   3495.7    638.4
     1     1    10     4    15     0     0     0   -60.0   44.436   67.800   3441.2    634.4
     1     1    10     4    14    23     0     1   -61.0   44.020   66.906   3401.1    652.0
     1     1    10     4    14    22     0     2   -62.0   43.629   66.106   3295.1    662.8
     1     1    10     4    14    21     0     3   -63.0   43.258   65.344   3215.4    668.8
     1     1    10     4    14    20     0     2   -64.0   42.900   64.597   3190.0    668.6
     1     1    10     4    14    19     0     1   -65.0   42.579   63.871   3228.3    667.0
     1     1    10     4    14    18     0     0   -66.0   42.291   63.137   3269.8    669.1
     1     1    10     4    14    17     0     1   -67.0   42.055   62.414   3259.9    671.7
     1     1    10     4    14    16     0     2   -68.0   41.879   61.691   3246.0    671.9
     1     1    10     4    14    15     0     3   -69.0   41.735   60.920   3277.0    675.1
     1     1    10     4    14    14     0     2   -70.0   41.594   60.109   3346.1    663.1
     1     1    10     4    14    13     0     1   -71.0   41.430   59.269   3430.7    659.0
     1     1    10     4    14    12     0     0   -72.0   41.222   58.404   3526.1    651.8
     1     1    10     4    14    11     0     1   -73.0   40.988   57.496   3637.0    642.9
     1     1    10     4    14    10     0     2   -74.0   40.712   56.561   3723.5    634.0
     1     1    10     4    14     9     0     3   -75.0   40.405   55.661   3737.5    630.8
     1     1    10     4    14     8     0     2   -76.0   40.053   54.799   3787.5    622.0
     1     1    10     4    14     7     0     1   -77.0   39.690   54.004   3831.0    620.7
     1     1    10     4    14     6     0     0   -78.0   39.362   53.289   3872.0    628.5
     1     1    10     4    14     5     0     1   -79.0   39.049   52.652   3920.9    628.6
     1     1    10     4    14     4     0     2   -80.0   38.752   52.072   4023.5    627.4
     1     1    10     4    14     3     0     3   -81.0   38.497   51.506   4142.9    610.0
     1     1    10     4    14     2     0     2   -82.0   38.287   50.930   4181.4    595.4
     1     1    10     4    14     1     0     1   -83.0   38.118   50.367   4159.4    610.1
     1     1    10     4    14     0     0     0   -84.0   37.995   49.797   4095.2    610.8
     1     1    10     4    13    23     0     1   -85.0   37.874   49.132   3982.2    575.9
     1     1    10     4    13    22     0     2   -86.0   37.672   48.274   3819.4    510.7
     1     1    10     4    13    21     0     3   -87.0   37.388   47.290   3762.2    499.1
     1     1    10     4    13    20     0     2   -88.0   37.117   46.360   3814.5    510.9
     1     1    10     4    13    19     0     1   -89.0   36.887   45.490   3842.6    516.6
     1     1    10     4    13    18     0     0   -90.0   36.680   44.641   4030.5    522.0
     1     1    10     4    13    17     0     1   -91.0   36.517   43.854   4254.4    540.0
     1     1    10     4    13    16     0     2   -92.0   36.399   43.131   4423.5    550.5
     1     1    10     4    13    15     0     3   -93.0   36.309   42.444   4531.4    550.2
     1     1    10     4    13    14     0     2   -94.0   36.243   41.765   4597.2    544.5
     1     1    10     4    13    13     0     1   -95.0   36.202   41.101   4575.6    542.5
     1     1    10     4    13    12     0     0   -96.0   36.187   40.460   4523.6    552.5
