     7     1
    GDAS    10     3    22     0     0
    GDAS    10     4     8     0     0
    GDAS    10     4    15     0     0
    GDAS    10     4    22     0     0
    GDAS    10     4    29     0     0
    GDAS    10     4     1     0     0
    GDAS    10     3    29     0     0
     1 BACKWARD OMEGA   
    10     4    11    12   39.977  116.381  8400.0
     1 PRESSURE
     1     1    10     4    11    12     0     0     0.0   39.977  116.381   8154.8    333.1
     1     1    10     4    11    11     0     1    -1.0   39.919  114.309   7917.5    300.9
     1     1    10     4    11    10     0     2    -2.0   39.887  112.057   7962.9    285.6
     1     1    10     4    11     9     0     3    -3.0   39.887  109.762   7911.1    293.6
     1     1    10     4    11     8     0     2    -4.0   39.879  107.457   7783.6    300.2
     1     1    10     4    11     7     0     1    -5.0   40.020  105.089   7641.4    303.0
     1     1    10     4    11     6     0     0    -6.0   40.327  102.693   7597.8    305.2
     1     1    10     4    11     5     0     1    -7.0   40.673  100.225   7603.3    311.3
     1     1    10     4    11     4     0     2    -8.0   41.059   97.651   7371.1    303.6
     1     1    10     4    11     3     0     3    -9.0   41.544   95.105   7287.5    310.2
     1     1    10     4    11     2     0     2   -10.0   42.032   92.722   7338.4    338.0
     1     1    10     4    11     1     0     1   -11.0   42.531   90.380   7216.5    348.4
     1     1    10     4    11     0     0     0   -12.0   43.145   88.163   7044.0    341.6
     1     1    10     4    10    23     0     1   -13.0   43.963   85.965   7121.5    322.1
     1     1    10     4    10    22     0     2   -14.0   44.766   83.824   7255.9    345.5
     1     1    10     4    10    21     0     3   -15.0   45.510   81.838   7351.4    337.2
     1     1    10     4    10    20     0     2   -16.0   46.228   80.023   7520.6    355.3
     1     1    10     4    10    19     0     1   -17.0   46.891   78.371   7560.0    350.8
     1     1    10     4    10    18     0     0   -18.0   47.558   76.734   7649.2    340.6
     1     1    10     4    10    17     0     1   -19.0   48.239   75.058   7649.5    331.0
     1     1    10     4    10    16     0     2   -20.0   48.867   73.371   7761.2    329.1
     1     1    10     4    10    15     0     3   -21.0   49.386   71.705   7908.0    334.5
     1     1    10     4    10    14     0     2   -22.0   49.776   70.118   8033.9    334.0
     1     1    10     4    10    13     0     1   -23.0   50.027   68.614   8158.3    329.4
     1     1    10     4    10    12     0     0   -24.0   50.121   67.192   8286.7    322.6
     1     1    10     4    10    11     0     1   -25.0   50.090   65.904   8356.7    326.1
     1     1    10     4    10    10     0     2   -26.0   49.969   64.748   8227.7    335.9
     1     1    10     4    10     9     0     3   -27.0   49.768   63.720   7927.0    353.4
     1     1    10     4    10     8     0     2   -28.0   49.497   62.802   7624.6    368.7
     1     1    10     4    10     7     0     1   -29.0   49.192   61.982   7295.9    386.4
     1     1    10     4    10     6     0     0   -30.0   48.859   61.273   6898.4    407.7
     1     1    10     4    10     5     0     1   -31.0   48.525   60.671   6558.3    430.2
     1     1    10     4    10     4     0     2   -32.0   48.189   60.141   6281.2    443.3
     1     1    10     4    10     3     0     3   -33.0   47.846   59.716   6030.2    458.2
     1     1    10     4    10     2     0     2   -34.0   47.503   59.353   5785.8    474.0
     1     1    10     4    10     1     0     1   -35.0   47.131   59.003   5482.3    491.4
     1     1    10     4    10     0     0     0   -36.0   46.725   58.697   5056.9    521.8
     1     1    10     4     9    23     0     1   -37.0   46.315   58.498   4563.5    563.9
     1     1    10     4     9    22     0     2   -38.0   45.902   58.474   4061.1    601.4
     1     1    10     4     9    21     0     3   -39.0   45.502   58.643   3624.2    644.1
     1     1    10     4     9    20     0     2   -40.0   45.179   58.923   3397.5    674.2
     1     1    10     4     9    19     0     1   -41.0   44.926   59.241   3350.0    672.1
     1     1    10     4     9    18     0     0   -42.0   44.693   59.559   3312.7    671.6
     1     1    10     4     9    17     0     1   -43.0   44.499   59.781   3231.2    679.9
     1     1    10     4     9    16     0     2   -44.0   44.378   59.923   3153.3    689.7
     1     1    10     4     9    15     0     3   -45.0   44.340   60.052   3108.3    694.8
     1     1    10     4     9    14     0     2   -46.0   44.344   60.156   3081.7    695.7
     1     1    10     4     9    13     0     1   -47.0   44.337   60.206   3064.1    697.2
     1     1    10     4     9    12     0     0   -48.0   44.318   60.207   3052.7    698.3
     1     1    10     4     9    11     0     1   -49.0   44.270   60.147   3043.6    699.2
     1     1    10     4     9    10     0     2   -50.0   44.184   60.016   3041.1    700.2
     1     1    10     4     9     9     0     3   -51.0   44.062   59.807   3057.8    699.3
     1     1    10     4     9     8     0     2   -52.0   43.906   59.567   3076.2    695.6
     1     1    10     4     9     7     0     1   -53.0   43.728   59.343   3065.8    696.3
     1     1    10     4     9     6     0     0   -54.0   43.545   59.132   3024.7    700.2
     1     1    10     4     9     5     0     1   -55.0   43.375   58.965   2952.3    706.0
     1     1    10     4     9     4     0     2   -56.0   43.230   58.851   2851.3    714.8
     1     1    10     4     9     3     0     3   -57.0   43.113   58.755   2728.4    725.2
     1     1    10     4     9     2     0     2   -58.0   43.021   58.649   2602.0    737.7
     1     1    10     4     9     1     0     1   -59.0   42.942   58.510   2496.8    747.1
     1     1    10     4     9     0     0     0   -60.0   42.871   58.320   2421.1    753.6
     1     1    10     4     8    23     0     1   -61.0   42.787   58.077   2372.2    756.6
     1     1    10     4     8    22     0     2   -62.0   42.664   57.790   2353.0    759.3
     1     1    10     4     8    21     0     3   -63.0   42.500   57.465   2373.3    759.2
     1     1    10     4     8    20     0     2   -64.0   42.303   57.134   2430.3    756.5
     1     1    10     4     8    19     0     1   -65.0   42.082   56.837   2500.2    750.1
     1     1    10     4     8    18     0     0   -66.0   41.845   56.580   2563.9    741.5
     1     1    10     4     8    17     0     1   -67.0   41.625   56.321   2591.3    733.2
     1     1    10     4     8    16     0     2   -68.0   41.432   56.056   2549.8    734.6
     1     1    10     4     8    15     0     3   -69.0   41.259   55.805   2456.8    744.1
     1     1    10     4     8    14     0     2   -70.0   41.093   55.556   2384.7    756.8
     1     1    10     4     8    13     0     1   -71.0   40.925   55.278   2386.2    756.2
     1     1    10     4     8    12     0     0   -72.0   40.756   54.976   2443.6    749.0
     1     1    10     4     8    11     0     1   -73.0   40.581   54.650   2506.4    739.7
     1     1    10     4     8    10     0     2   -74.0   40.401   54.303   2539.3    735.8
     1     1    10     4     8     9     0     3   -75.0   40.226   53.936   2562.8    732.2
     1     1    10     4     8     8     0     2   -76.0   40.053   53.555   2584.1    733.5
     1     1    10     4     8     7     0     1   -77.0   39.877   53.164   2598.7    741.2
     1     1    10     4     8     6     0     0   -78.0   39.688   52.759   2595.4    743.5
     1     1    10     4     8     5     0     1   -79.0   39.478   52.337   2574.9    747.8
     1     1    10     4     8     4     0     2   -80.0   39.247   51.900   2566.8    752.5
     1     1    10     4     8     3     0     3   -81.0   39.001   51.453   2565.7    748.3
     1     1    10     4     8     2     0     2   -82.0   38.728   51.002   2531.5    743.1
     1     1    10     4     8     1     0     1   -83.0   38.427   50.569   2469.6    755.3
     1     1    10     4     8     0     0     0   -84.0   38.115   50.178   2355.5    770.2
     1     1    10     4     7    23     0     1   -85.0   37.789   49.850   2248.1    770.3
     1     1    10     4     7    22     0     2   -86.0   37.433   49.528   2304.0    723.8
     1     1    10     4     7    21     0     3   -87.0   37.073   49.146   2496.5    662.1
     1     1    10     4     7    20     0     2   -88.0   36.721   48.724   2645.6    609.8
     1     1    10     4     7    19     0     1   -89.0   36.379   48.321   2732.2    592.6
     1     1    10     4     7    18     0     0   -90.0   36.067   47.931   2843.2    582.2
     1     1    10     4     7    17     0     1   -91.0   35.778   47.526   2912.0    564.8
     1     1    10     4     7    16     0     2   -92.0   35.500   47.095   2878.7    560.4
     1     1    10     4     7    15     0     3   -93.0   35.223   46.651   2800.7    588.8
     1     1    10     4     7    14     0     2   -94.0   34.920   46.209   2788.7    627.4
     1     1    10     4     7    13     0     1   -95.0   34.570   45.809   2775.7    646.5
     1     1    10     4     7    12     0     0   -96.0   34.163   45.498   2658.2    686.9
