     7     1
    GDAS    10     3    22     0     0
    GDAS    10     4     8     0     0
    GDAS    10     4    15     0     0
    GDAS    10     4    22     0     0
    GDAS    10     4    29     0     0
    GDAS    10     4     1     0     0
    GDAS    10     3    29     0     0
     1 BACKWARD OMEGA   
    10     4    15     6   39.977  116.381  3200.0
     1 PRESSURE
     1     1    10     4    15     6     0     0     0.0   39.977  116.381   2964.0    681.1
     1     1    10     4    15     5     0     1    -1.0   40.016  116.048   2930.7    670.3
     1     1    10     4    15     4     0     2    -2.0   40.058  115.718   2845.4    654.2
     1     1    10     4    15     3     0     3    -3.0   40.093  115.387   2750.8    639.3
     1     1    10     4    15     2     0     2    -4.0   40.136  115.031   2675.4    621.5
     1     1    10     4    15     1     0     1    -5.0   40.196  114.642   2667.0    621.4
     1     1    10     4    15     0     0     0    -6.0   40.265  114.239   2702.9    619.1
     1     1    10     4    14    23     0     1    -7.0   40.337  113.831   2721.5    610.6
     1     1    10     4    14    22     0     2    -8.0   40.405  113.418   2652.1    609.4
     1     1    10     4    14    21     0     3    -9.0   40.459  112.991   2503.8    615.2
     1     1    10     4    14    20     0     2   -10.0   40.507  112.555   2352.8    629.4
     1     1    10     4    14    19     0     1   -11.0   40.551  112.126   2248.6    635.0
     1     1    10     4    14    18     0     0   -12.0   40.578  111.725   2175.7    642.1
     1     1    10     4    14    17     0     1   -13.0   40.593  111.357   2097.8    649.8
     1     1    10     4    14    16     0     2   -14.0   40.595  111.019   1977.7    661.6
     1     1    10     4    14    15     0     3   -15.0   40.601  110.700   1835.7    677.1
     1     1    10     4    14    14     0     2   -16.0   40.627  110.399   1713.3    687.5
     1     1    10     4    14    13     0     1   -17.0   40.671  110.140   1609.9    694.7
     1     1    10     4    14    12     0     0   -18.0   40.721  109.930   1521.8    703.9
     1     1    10     4    14    11     0     1   -19.0   40.758  109.735   1465.3    714.7
     1     1    10     4    14    10     0     2   -20.0   40.767  109.528   1463.0    720.4
     1     1    10     4    14     9     0     3   -21.0   40.754  109.329   1517.3    720.4
     1     1    10     4    14     8     0     2   -22.0   40.720  109.144   1600.8    714.9
     1     1    10     4    14     7     0     1   -23.0   40.663  108.969   1670.1    710.8
     1     1    10     4    14     6     0     0   -24.0   40.576  108.799   1695.6    708.3
     1     1    10     4    14     5     0     1   -25.0   40.465  108.629   1695.5    710.9
     1     1    10     4    14     4     0     2   -26.0   40.339  108.453   1697.8    708.9
     1     1    10     4    14     3     0     3   -27.0   40.200  108.273   1689.4    706.3
     1     1    10     4    14     2     0     2   -28.0   40.057  108.110   1625.7    704.7
     1     1    10     4    14     1     0     1   -29.0   39.926  107.992   1485.5    716.6
     1     1    10     4    14     0     0     0   -30.0   39.819  107.922   1299.4    736.9
     1     1    10     4    13    23     0     1   -31.0   39.739  107.849   1127.4    757.5
     1     1    10     4    13    22     0     2   -32.0   39.671  107.721   1010.3    769.6
     1     1    10     4    13    21     0     3   -33.0   39.602  107.534    945.2    777.4
     1     1    10     4    13    20     0     2   -34.0   39.523  107.334    913.8    781.8
     1     1    10     4    13    19     0     1   -35.0   39.423  107.154    901.3    785.5
     1     1    10     4    13    18     0     0   -36.0   39.306  106.995    906.9    787.2
     1     1    10     4    13    17     0     1   -37.0   39.178  106.869    909.7    782.3
     1     1    10     4    13    16     0     2   -38.0   39.038  106.777    889.8    780.6
     1     1    10     4    13    15     0     3   -39.0   38.883  106.714    852.0    782.7
     1     1    10     4    13    14     0     2   -40.0   38.733  106.691    817.8    786.4
     1     1    10     4    13    13     0     1   -41.0   38.610  106.709    789.6    788.3
     1     1    10     4    13    12     0     0   -42.0   38.507  106.765    752.1    791.2
     1     1    10     4    13    11     0     1   -43.0   38.393  106.864    709.7    795.7
     1     1    10     4    13    10     0     2   -44.0   38.243  107.011    682.8    796.8
     1     1    10     4    13     9     0     3   -45.0   38.069  107.207    694.4    794.4
     1     1    10     4    13     8     0     2   -46.0   37.889  107.409    726.3    787.2
     1     1    10     4    13     7     0     1   -47.0   37.707  107.586    751.9    782.8
     1     1    10     4    13     6     0     0   -48.0   37.531  107.739    775.7    779.4
     1     1    10     4    13     5     0     1   -49.0   37.381  107.885    777.7    775.4
     1     1    10     4    13     4     0     2   -50.0   37.266  108.043    724.3    779.5
     1     1    10     4    13     3     0     3   -51.0   37.170  108.226    624.3    790.5
     1     1    10     4    13     2     0     2   -52.0   37.094  108.421    525.9    803.9
     1     1    10     4    13     1     0     1   -53.0   37.058  108.601    462.6    811.1
     1     1    10     4    13     0     0     0   -54.0   37.067  108.765    434.4    815.8
     1     1    10     4    12    23     0     1   -55.0   37.100  108.913    432.3    816.5
     1     1    10     4    12    22     0     2   -56.0   37.137  109.050    443.1    818.6
     1     1    10     4    12    21     0     3   -57.0   37.185  109.177    458.1    823.0
     1     1    10     4    12    20     0     2   -58.0   37.258  109.300    467.7    828.7
     1     1    10     4    12    19     0     1   -59.0   37.372  109.417    472.6    835.2
     1     1    10     4    12    18     0     0   -60.0   37.529  109.521    479.5    841.1
     1     1    10     4    12    17     0     1   -61.0   37.721  109.606    498.7    844.5
     1     1    10     4    12    16     0     2   -62.0   37.943  109.667    538.4    844.2
     1     1    10     4    12    15     0     3   -63.0   38.198  109.691    607.9    834.9
     1     1    10     4    12    14     0     2   -64.0   38.475  109.659    720.6    817.0
     1     1    10     4    12    13     0     1   -65.0   38.770  109.564    886.5    792.9
     1     1    10     4    12    12     0     0   -66.0   39.084  109.413   1103.3    763.5
     1     1    10     4    12    11     0     1   -67.0   39.400  109.211   1309.1    733.9
     1     1    10     4    12    10     0     2   -68.0   39.703  108.974   1472.0    718.6
     1     1    10     4    12     9     0     3   -69.0   39.987  108.725   1612.3    705.2
     1     1    10     4    12     8     0     2   -70.0   40.254  108.480   1737.9    701.2
     1     1    10     4    12     7     0     1   -71.0   40.510  108.244   1853.2    699.4
     1     1    10     4    12     6     0     0   -72.0   40.754  108.024   1944.7    700.9
     1     1    10     4    12     5     0     1   -73.0   41.016  107.823   1984.0    697.7
     1     1    10     4    12     4     0     2   -74.0   41.325  107.617   1983.8    686.1
     1     1    10     4    12     3     0     3   -75.0   41.683  107.372   2001.6    678.0
     1     1    10     4    12     2     0     2   -76.0   42.056  107.092   2056.2    678.3
     1     1    10     4    12     1     0     1   -77.0   42.417  106.808   2141.4    674.8
     1     1    10     4    12     0     0     0   -78.0   42.777  106.552   2248.7    662.4
     1     1    10     4    11    23     0     1   -79.0   43.151  106.313   2386.7    641.1
     1     1    10     4    11    22     0     2   -80.0   43.552  106.053   2557.7    617.1
     1     1    10     4    11    21     0     3   -81.0   44.001  105.765   2757.0    593.9
     1     1    10     4    11    20     0     2   -82.0   44.449  105.484   2942.7    579.3
     1     1    10     4    11    19     0     1   -83.0   44.847  105.240   3028.7    575.9
     1     1    10     4    11    18     0     0   -84.0   45.227  105.053   3019.1    578.7
     1     1    10     4    11    17     0     1   -85.0   45.616  104.908   3026.0    576.2
     1     1    10     4    11    16     0     2   -86.0   46.011  104.793   3123.1    561.6
     1     1    10     4    11    15     0     3   -87.0   46.401  104.691   3261.8    545.3
     1     1    10     4    11    14     0     2   -88.0   46.795  104.565   3378.7    532.8
     1     1    10     4    11    13     0     1   -89.0   47.192  104.394   3482.5    526.1
     1     1    10     4    11    12     0     0   -90.0   47.574  104.179   3578.3    528.4
     1     1    10     4    11    11     0     1   -91.0   47.925  103.914   3644.5    533.3
     1     1    10     4    11    10     0     2   -92.0   48.255  103.650   3645.9    527.5
     1     1    10     4    11     9     0     3   -93.0   48.572  103.453   3636.1    524.7
     1     1    10     4    11     8     0     2   -94.0   48.866  103.326   3648.3    522.6
     1     1    10     4    11     7     0     1   -95.0   49.147  103.236   3661.4    518.2
     1     1    10     4    11     6     0     0   -96.0   49.427  103.162   3653.6    517.1
