     7     1
    GDAS    10     3    22     0     0
    GDAS    10     4     8     0     0
    GDAS    10     4    15     0     0
    GDAS    10     4    22     0     0
    GDAS    10     4    29     0     0
    GDAS    10     4     1     0     0
    GDAS    10     3    29     0     0
     1 BACKWARD OMEGA   
    10     4     1     0   39.977  116.381  7800.0
     1 PRESSURE
     1     1    10     4     1     0     0     0     0.0   39.977  116.381   7556.3    357.9
     1     1    10     3    31    23     0     1    -1.0   39.457  114.246   7109.5    340.8
     1     1    10     3    31    22     0     2    -2.0   39.031  112.120   7002.7    325.0
     1     1    10     3    31    21     0     3    -3.0   38.766  110.071   7229.9    332.0
     1     1    10     3    31    20     0     2    -4.0   38.608  108.121   7293.2    319.8
     1     1    10     3    31    19     0     1    -5.0   38.512  106.256   7467.3    311.9
     1     1    10     3    31    18     0     0    -6.0   38.423  104.494   7660.2    303.1
     1     1    10     3    31    17     0     1    -7.0   38.374  102.815   7809.7    288.5
     1     1    10     3    31    16     0     2    -8.0   38.238  101.000   7533.2    238.8
     1     1    10     3    31    15     0     3    -9.0   38.025   99.303   7291.7    214.6
     1     1    10     3    31    14     0     2   -10.0   37.869   97.761   7336.8    207.2
     1     1    10     3    31    13     0     1   -11.0   37.734   96.291   7529.8    207.7
     1     1    10     3    31    12     0     0   -12.0   37.563   94.957   7863.0    225.1
     1     1    10     3    31    11     0     1   -13.0   37.414   93.694   8069.5    233.5
     1     1    10     3    31    10     0     2   -14.0   37.360   92.461   7918.6    225.8
     1     1    10     3    31     9     0     3   -15.0   37.441   91.235   7691.5    210.5
     1     1    10     3    31     8     0     2   -16.0   37.544   90.036   7628.5    208.9
     1     1    10     3    31     7     0     1   -17.0   37.594   88.889   7475.0    200.4
     1     1    10     3    31     6     0     0   -18.0   37.625   87.793   7564.9    203.6
     1     1    10     3    31     5     0     1   -19.0   37.684   86.736   7857.7    221.2
     1     1    10     3    31     4     0     2   -20.0   37.783   85.695   8355.3    247.7
     1     1    10     3    31     3     0     3   -21.0   37.899   84.684   8733.3    258.6
     1     1    10     3    31     2     0     2   -22.0   38.002   83.711   8875.3    261.0
     1     1    10     3    31     1     0     1   -23.0   38.095   82.787   8849.1    264.5
     1     1    10     3    31     0     0     0   -24.0   38.179   81.884   8827.1    266.8
     1     1    10     3    30    23     0     1   -25.0   38.227   80.977   8807.5    266.3
     1     1    10     3    30    22     0     2   -26.0   38.202   80.081   8814.1    266.1
     1     1    10     3    30    21     0     3   -27.0   38.093   79.210   8878.0    261.7
     1     1    10     3    30    20     0     2   -28.0   37.916   78.392   8973.5    251.2
     1     1    10     3    30    19     0     1   -29.0   37.756   77.628   8903.5    235.4
     1     1    10     3    30    18     0     0   -30.0   37.648   76.863   8690.4    221.0
     1     1    10     3    30    17     0     1   -31.0   37.654   76.020   8221.2    197.3
     1     1    10     3    30    16     0     2   -32.0   37.756   75.062   7942.9    186.4
     1     1    10     3    30    15     0     3   -33.0   37.888   74.061   7986.7    188.9
     1     1    10     3    30    14     0     2   -34.0   38.014   73.095   7839.2    183.9
     1     1    10     3    30    13     0     1   -35.0   38.126   72.170   7991.8    198.2
     1     1    10     3    30    12     0     0   -36.0   38.228   71.265   8150.1    210.1
     1     1    10     3    30    11     0     1   -37.0   38.328   70.445   8509.7    227.9
     1     1    10     3    30    10     0     2   -38.0   38.436   69.787   8696.1    240.2
     1     1    10     3    30     9     0     3   -39.0   38.531   69.155   8749.9    243.0
     1     1    10     3    30     8     0     2   -40.0   38.612   68.485   8727.2    238.5
     1     1    10     3    30     7     0     1   -41.0   38.683   67.782   8727.5    237.7
     1     1    10     3    30     6     0     0   -42.0   38.727   67.074   8860.7    248.7
     1     1    10     3    30     5     0     1   -43.0   38.739   66.404   9024.5    271.8
     1     1    10     3    30     4     0     2   -44.0   38.746   65.781   9087.5    289.1
     1     1    10     3    30     3     0     3   -45.0   38.770   65.169   9008.8    295.6
     1     1    10     3    30     2     0     2   -46.0   38.834   64.594   8958.0    300.6
     1     1    10     3    30     1     0     1   -47.0   38.941   64.083   8927.6    305.2
     1     1    10     3    30     0     0     0   -48.0   39.086   63.637   8886.4    307.9
     1     1    10     3    29    23     0     1   -49.0   39.283   63.322   8878.1    307.8
     1     1    10     3    29    22     0     2   -50.0   39.524   63.167   8890.9    307.1
     1     1    10     3    29    21     0     3   -51.0   39.781   63.123   8906.5    307.0
     1     1    10     3    29    20     0     2   -52.0   40.043   63.136   8919.2    306.7
     1     1    10     3    29    19     0     1   -53.0   40.298   63.191   8920.1    305.8
     1     1    10     3    29    18     0     0   -54.0   40.540   63.290   8908.0    305.0
     1     1    10     3    29    17     0     1   -55.0   40.755   63.438   8866.9    304.9
     1     1    10     3    29    16     0     2   -56.0   40.923   63.639   8789.3    306.5
     1     1    10     3    29    15     0     3   -57.0   41.025   63.873   8688.4    309.5
     1     1    10     3    29    14     0     2   -58.0   41.041   64.138   8620.2    314.8
     1     1    10     3    29    13     0     1   -59.0   40.942   64.452   8636.0    316.7
     1     1    10     3    29    12     0     0   -60.0   40.705   64.756   8695.4    314.9
     1     1    10     3    29    11     0     1   -61.0   40.364   64.991   8724.7    311.5
     1     1    10     3    29    10     0     2   -62.0   39.956   65.216   8715.5    309.0
     1     1    10     3    29     9     0     3   -63.0   39.492   65.401   8762.3    306.0
     1     1    10     3    29     8     0     2   -64.0   38.993   65.445   8806.1    305.2
     1     1    10     3    29     7     0     1   -65.0   38.486   65.332   8773.7    305.8
     1     1    10     3    29     6     0     0   -66.0   37.979   65.070   8764.7    312.4
     1     1    10     3    29     5     0     1   -67.0   37.478   64.646   8681.6    313.2
     1     1    10     3    29     4     0     2   -68.0   36.975   64.066   8591.0    309.6
     1     1    10     3    29     3     0     3   -69.0   36.483   63.327   8510.7    308.4
     1     1    10     3    29     2     0     2   -70.0   36.030   62.506   8443.9    312.6
     1     1    10     3    29     1     0     1   -71.0   35.594   61.629   8378.3    305.9
     1     1    10     3    29     0     0     0   -72.0   35.215   60.678   8259.5    299.6
     1     1    10     3    28    23     0     1   -73.0   34.910   59.635   8174.9    292.8
     1     1    10     3    28    22     0     2   -74.0   34.617   58.522   8240.5    293.8
     1     1    10     3    28    21     0     3   -75.0   34.339   57.396   8247.9    298.6
     1     1    10     3    28    20     0     2   -76.0   34.100   56.309   8377.7    304.0
     1     1    10     3    28    19     0     1   -77.0   33.906   55.261   8469.4    297.5
     1     1    10     3    28    18     0     0   -78.0   33.745   54.236   8602.3    290.9
     1     1    10     3    28    17     0     1   -79.0   33.613   53.176   8674.2    275.0
     1     1    10     3    28    16     0     2   -80.0   33.476   52.058   8659.1    261.4
     1     1    10     3    28    15     0     3   -81.0   33.325   50.906   8588.2    245.6
     1     1    10     3    28    14     0     2   -82.0   33.175   49.719   8557.7    234.1
     1     1    10     3    28    13     0     1   -83.0   33.060   48.614   8877.4    252.6
     1     1    10     3    28    12     0     0   -84.0   33.012   47.564   9168.6    262.2
     1     1    10     3    28    11     0     1   -85.0   32.957   46.560   9372.3    272.8
     1     1    10     3    28    10     0     2   -86.0   32.911   45.652   9521.4    285.1
     1     1    10     3    28     9     0     3   -87.0   32.948   44.805   9537.3    286.5
     1     1    10     3    28     8     0     2   -88.0   33.075   44.006   9536.9    286.3
     1     1    10     3    28     7     0     1   -89.0   33.268   43.261   9562.6    282.3
     1     1    10     3    28     6     0     0   -90.0   33.532   42.548   9603.4    275.6
     1     1    10     3    28     5     0     1   -91.0   33.838   41.878   9632.7    268.3
     1     1    10     3    28     4     0     2   -92.0   34.176   41.260   9688.9    265.6
     1     1    10     3    28     3     0     3   -93.0   34.562   40.697   9782.9    263.0
     1     1    10     3    28     2     0     2   -94.0   34.986   40.181   9913.3    258.8
     1     1    10     3    28     1     0     1   -95.0   35.407   39.700   9990.7    251.4
     1     1    10     3    28     0     0     0   -96.0   35.811   39.236  10074.0    248.2
