     7     1
    GDAS    10     3    22     0     0
    GDAS    10     4     8     0     0
    GDAS    10     4    15     0     0
    GDAS    10     4    22     0     0
    GDAS    10     4    29     0     0
    GDAS    10     4     1     0     0
    GDAS    10     3    29     0     0
     1 BACKWARD OMEGA   
    10     4    15    18   39.977  116.381  4000.0
     1 PRESSURE
     1     1    10     4    15    18     0     0     0.0   39.977  116.381   3761.9    613.3
     1     1    10     4    15    17     0     1    -1.0   40.207  115.802   3897.5    560.8
     1     1    10     4    15    16     0     2    -2.0   40.452  115.173   3896.0    527.3
     1     1    10     4    15    15     0     3    -3.0   40.699  114.505   3994.0    517.0
     1     1    10     4    15    14     0     2    -4.0   40.925  113.822   4109.9    496.0
     1     1    10     4    15    13     0     1    -5.0   41.148  113.168   4126.9    484.9
     1     1    10     4    15    12     0     0    -6.0   41.391  112.556   4131.3    487.5
     1     1    10     4    15    11     0     1    -7.0   41.642  111.954   4111.2    492.1
     1     1    10     4    15    10     0     2    -8.0   41.886  111.320   4071.6    503.7
     1     1    10     4    15     9     0     3    -9.0   42.123  110.657   4013.6    514.7
     1     1    10     4    15     8     0     2   -10.0   42.369  109.997   3905.0    519.4
     1     1    10     4    15     7     0     1   -11.0   42.623  109.372   3780.5    533.1
     1     1    10     4    15     6     0     0   -12.0   42.883  108.770   3718.1    546.3
     1     1    10     4    15     5     0     1   -13.0   43.148  108.173   3750.1    557.5
     1     1    10     4    15     4     0     2   -14.0   43.418  107.569   3750.5    546.2
     1     1    10     4    15     3     0     3   -15.0   43.694  106.945   3671.3    540.5
     1     1    10     4    15     2     0     2   -16.0   43.975  106.306   3582.3    541.0
     1     1    10     4    15     1     0     1   -17.0   44.269  105.677   3549.4    543.2
     1     1    10     4    15     0     0     0   -18.0   44.566  105.070   3545.5    544.7
     1     1    10     4    14    23     0     1   -19.0   44.863  104.491   3538.4    549.0
     1     1    10     4    14    22     0     2   -20.0   45.157  103.944   3527.0    548.4
     1     1    10     4    14    21     0     3   -21.0   45.424  103.424   3485.3    542.2
     1     1    10     4    14    20     0     2   -22.0   45.666  102.915   3391.7    535.6
     1     1    10     4    14    19     0     1   -23.0   45.905  102.401   3236.4    523.4
     1     1    10     4    14    18     0     0   -24.0   46.143  101.876   3091.0    521.1
     1     1    10     4    14    17     0     1   -25.0   46.384  101.344   3027.7    522.2
     1     1    10     4    14    16     0     2   -26.0   46.635  100.807   3033.5    508.1
     1     1    10     4    14    15     0     3   -27.0   46.889  100.269   3069.6    495.7
     1     1    10     4    14    14     0     2   -28.0   47.146   99.732   3114.2    492.1
     1     1    10     4    14    13     0     1   -29.0   47.398   99.183   3149.5    493.6
     1     1    10     4    14    12     0     0   -30.0   47.641   98.606   3148.5    489.1
     1     1    10     4    14    11     0     1   -31.0   47.881   98.015   3150.7    488.8
     1     1    10     4    14    10     0     2   -32.0   48.110   97.428   3182.2    495.1
     1     1    10     4    14     9     0     3   -33.0   48.305   96.850   3217.5    505.3
     1     1    10     4    14     8     0     2   -34.0   48.470   96.306   3252.9    516.2
     1     1    10     4    14     7     0     1   -35.0   48.617   95.814   3279.4    521.6
     1     1    10     4    14     6     0     0   -36.0   48.745   95.363   3294.5    526.6
     1     1    10     4    14     5     0     1   -37.0   48.859   94.933   3289.3    533.7
     1     1    10     4    14     4     0     2   -38.0   48.963   94.498   3293.3    547.9
     1     1    10     4    14     3     0     3   -39.0   49.048   94.043   3329.7    559.4
     1     1    10     4    14     2     0     2   -40.0   49.122   93.582   3397.4    566.5
     1     1    10     4    14     1     0     1   -41.0   49.193   93.136   3488.5    569.8
     1     1    10     4    14     0     0     0   -42.0   49.260   92.697   3523.1    556.5
     1     1    10     4    13    23     0     1   -43.0   49.327   92.249   3494.3    541.8
     1     1    10     4    13    22     0     2   -44.0   49.388   91.781   3441.6    531.1
     1     1    10     4    13    21     0     3   -45.0   49.431   91.288   3399.5    519.3
     1     1    10     4    13    20     0     2   -46.0   49.470   90.765   3401.4    505.6
     1     1    10     4    13    19     0     1   -47.0   49.506   90.215   3445.5    491.7
     1     1    10     4    13    18     0     0   -48.0   49.530   89.635   3494.4    479.2
     1     1    10     4    13    17     0     1   -49.0   49.563   89.046   3541.6    469.1
     1     1    10     4    13    16     0     2   -50.0   49.626   88.459   3604.5    462.1
     1     1    10     4    13    15     0     3   -51.0   49.698   87.865   3661.0    458.4
     1     1    10     4    13    14     0     2   -52.0   49.756   87.254   3647.3    464.9
     1     1    10     4    13    13     0     1   -53.0   49.791   86.638   3543.8    487.2
     1     1    10     4    13    12     0     0   -54.0   49.801   86.030   3439.3    514.5
     1     1    10     4    13    11     0     1   -55.0   49.769   85.421   3338.0    535.1
     1     1    10     4    13    10     0     2   -56.0   49.693   84.801   3212.1    564.0
     1     1    10     4    13     9     0     3   -57.0   49.595   84.177   3108.7    603.4
     1     1    10     4    13     8     0     2   -58.0   49.487   83.574   3010.0    625.8
     1     1    10     4    13     7     0     1   -59.0   49.375   82.996   2889.4    641.7
     1     1    10     4    13     6     0     0   -60.0   49.259   82.408   2794.8    660.0
     1     1    10     4    13     5     0     1   -61.0   49.132   81.803   2732.2    667.8
     1     1    10     4    13     4     0     2   -62.0   48.998   81.164   2700.7    672.4
     1     1    10     4    13     3     0     3   -63.0   48.864   80.481   2695.1    671.3
     1     1    10     4    13     2     0     2   -64.0   48.731   79.795   2683.5    670.2
     1     1    10     4    13     1     0     1   -65.0   48.601   79.117   2663.3    667.3
     1     1    10     4    13     0     0     0   -66.0   48.463   78.415   2639.8    666.5
     1     1    10     4    12    23     0     1   -67.0   48.328   77.679   2624.6    668.9
     1     1    10     4    12    22     0     2   -68.0   48.202   76.932   2616.0    664.5
     1     1    10     4    12    21     0     3   -69.0   48.060   76.203   2616.1    673.0
     1     1    10     4    12    20     0     2   -70.0   47.915   75.473   2616.0    673.9
     1     1    10     4    12    19     0     1   -71.0   47.777   74.721   2625.6    672.2
     1     1    10     4    12    18     0     0   -72.0   47.632   73.981   2621.4    676.5
     1     1    10     4    12    17     0     1   -73.0   47.490   73.248   2603.8    675.0
     1     1    10     4    12    16     0     2   -74.0   47.365   72.493   2601.4    677.2
     1     1    10     4    12    15     0     3   -75.0   47.277   71.726   2598.8    683.9
     1     1    10     4    12    14     0     2   -76.0   47.225   70.922   2609.5    689.9
     1     1    10     4    12    13     0     1   -77.0   47.157   70.059   2617.9    696.5
     1     1    10     4    12    12     0     0   -78.0   47.089   69.119   2636.3    702.4
     1     1    10     4    12    11     0     1   -79.0   47.032   68.093   2655.4    700.7
     1     1    10     4    12    10     0     2   -80.0   46.955   67.040   2674.8    697.5
     1     1    10     4    12     9     0     3   -81.0   46.870   65.988   2730.0    698.9
     1     1    10     4    12     8     0     2   -82.0   46.772   64.976   2782.4    704.9
     1     1    10     4    12     7     0     1   -83.0   46.676   64.021   2793.0    704.3
     1     1    10     4    12     6     0     0   -84.0   46.608   63.080   2784.3    707.5
     1     1    10     4    12     5     0     1   -85.0   46.566   62.160   2779.1    710.0
     1     1    10     4    12     4     0     2   -86.0   46.549   61.286   2807.4    706.8
     1     1    10     4    12     3     0     3   -87.0   46.546   60.451   2865.2    698.8
     1     1    10     4    12     2     0     2   -88.0   46.555   59.644   2903.3    693.1
     1     1    10     4    12     1     0     1   -89.0   46.579   58.846   2911.9    691.4
     1     1    10     4    12     0     0     0   -90.0   46.605   58.062   2912.0    691.0
     1     1    10     4    11    23     0     1   -91.0   46.614   57.308   2918.0    694.5
     1     1    10     4    11    22     0     2   -92.0   46.598   56.586   2906.3    697.4
     1     1    10     4    11    21     0     3   -93.0   46.546   55.890   2862.2    700.9
     1     1    10     4    11    20     0     2   -94.0   46.458   55.229   2799.1    711.1
     1     1    10     4    11    19     0     1   -95.0   46.344   54.610   2734.5    720.5
     1     1    10     4    11    18     0     0   -96.0   46.209   54.023   2673.0    728.0
