     7     1
    GDAS    10     3    22     0     0
    GDAS    10     4     8     0     0
    GDAS    10     4    15     0     0
    GDAS    10     4    22     0     0
    GDAS    10     4    29     0     0
    GDAS    10     4     1     0     0
    GDAS    10     3    29     0     0
     1 BACKWARD OMEGA   
    10     4    14     0   39.977  116.381  9400.0
     1 PRESSURE
     1     1    10     4    14     0     0     0     0.0   39.977  116.381   9155.6    289.7
     1     1    10     4    13    23     0     1    -1.0   39.548  114.292   8655.2    277.5
     1     1    10     4    13    22     0     2    -2.0   39.147  112.244   8318.4    275.4
     1     1    10     4    13    21     0     3    -3.0   38.819  110.328   8120.0    298.3
     1     1    10     4    13    20     0     2    -4.0   38.524  108.510   7902.5    301.1
     1     1    10     4    13    19     0     1    -5.0   38.177  106.849   7773.9    307.4
     1     1    10     4    13    18     0     0    -6.0   37.863  105.329   7713.3    309.0
     1     1    10     4    13    17     0     1    -7.0   37.567  103.830   7616.0    297.4
     1     1    10     4    13    16     0     2    -8.0   37.210  102.449   7027.7    276.8
     1     1    10     4    13    15     0     3    -9.0   36.820  101.213   6542.9    286.1
     1     1    10     4    13    14     0     2   -10.0   36.406  100.044   6371.7    284.8
     1     1    10     4    13    13     0     1   -11.0   36.040   98.925   5883.6    268.9
     1     1    10     4    13    12     0     0   -12.0   35.708   97.838   5786.8    289.2
     1     1    10     4    13    11     0     1   -13.0   35.345   96.850   5473.4    287.6
     1     1    10     4    13    10     0     2   -14.0   35.012   95.920   5205.5    286.2
     1     1    10     4    13     9     0     3   -15.0   34.763   95.055   4979.3    290.5
     1     1    10     4    13     8     0     2   -16.0   34.574   94.243   4799.6    301.3
     1     1    10     4    13     7     0     1   -17.0   34.431   93.457   4620.3    308.7
     1     1    10     4    13     6     0     0   -18.0   34.351   92.683   4528.0    310.8
     1     1    10     4    13     5     0     1   -19.0   34.271   91.898   4510.8    305.7
     1     1    10     4    13     4     0     2   -20.0   34.169   91.076   4512.1    295.2
     1     1    10     4    13     3     0     3   -21.0   34.076   90.214   4482.7    288.3
     1     1    10     4    13     2     0     2   -22.0   33.950   89.366   4412.0    290.8
     1     1    10     4    13     1     0     1   -23.0   33.784   88.542   4390.8    295.4
     1     1    10     4    13     0     0     0   -24.0   33.585   87.688   4378.4    298.0
     1     1    10     4    12    23     0     1   -25.0   33.355   86.895   4224.1    308.3
     1     1    10     4    12    22     0     2   -26.0   33.117   86.217   4039.8    315.1
     1     1    10     4    12    21     0     3   -27.0   32.877   85.600   3922.4    322.0
     1     1    10     4    12    20     0     2   -28.0   32.658   85.000   3869.3    328.3
     1     1    10     4    12    19     0     1   -29.0   32.463   84.427   3866.1    333.6
     1     1    10     4    12    18     0     0   -30.0   32.287   83.883   3858.5    337.2
     1     1    10     4    12    17     0     1   -31.0   32.138   83.324   3870.4    331.5
     1     1    10     4    12    16     0     2   -32.0   32.008   82.735   3915.5    322.6
     1     1    10     4    12    15     0     3   -33.0   31.894   82.098   3895.4    323.9
     1     1    10     4    12    14     0     2   -34.0   31.749   81.410   3925.7    331.8
     1     1    10     4    12    13     0     1   -35.0   31.532   80.704   4120.4    320.5
     1     1    10     4    12    12     0     0   -36.0   31.273   79.957   4281.0    312.0
     1     1    10     4    12    11     0     1   -37.0   30.997   79.228   4240.5    319.5
     1     1    10     4    12    10     0     2   -38.0   30.764   78.618   4229.5    403.6
     1     1    10     4    12     9     0     3   -39.0   30.612   78.174   4109.4    484.6
     1     1    10     4    12     8     0     2   -40.0   30.498   77.852   3960.3    536.6
     1     1    10     4    12     7     0     1   -41.0   30.382   77.611   3855.9    572.4
     1     1    10     4    12     6     0     0   -42.0   30.243   77.429   3816.6    599.2
     1     1    10     4    12     5     0     1   -43.0   30.101   77.278   3817.2    617.3
     1     1    10     4    12     4     0     2   -44.0   29.981   77.138   3824.7    629.1
     1     1    10     4    12     3     0     3   -45.0   29.894   77.001   3822.8    631.0
     1     1    10     4    12     2     0     2   -46.0   29.834   76.870   3810.7    630.0
     1     1    10     4    12     1     0     1   -47.0   29.789   76.755   3796.5    629.9
     1     1    10     4    12     0     0     0   -48.0   29.763   76.658   3784.8    630.1
     1     1    10     4    11    23     0     1   -49.0   29.743   76.566   3761.0    630.2
     1     1    10     4    11    22     0     2   -50.0   29.716   76.464   3700.0    634.2
     1     1    10     4    11    21     0     3   -51.0   29.683   76.345   3592.4    641.9
     1     1    10     4    11    20     0     2   -52.0   29.653   76.209   3484.6    654.2
     1     1    10     4    11    19     0     1   -53.0   29.632   76.066   3433.6    658.3
     1     1    10     4    11    18     0     0   -54.0   29.620   75.917   3453.2    657.7
     1     1    10     4    11    17     0     1   -55.0   29.622   75.760   3512.8    650.6
     1     1    10     4    11    16     0     2   -56.0   29.636   75.593   3575.7    646.5
     1     1    10     4    11    15     0     3   -57.0   29.662   75.416   3650.6    641.9
     1     1    10     4    11    14     0     2   -58.0   29.694   75.239   3742.1    635.4
     1     1    10     4    11    13     0     1   -59.0   29.722   75.065   3848.8    628.0
     1     1    10     4    11    12     0     0   -60.0   29.746   74.885   3956.4    618.8
     1     1    10     4    11    11     0     1   -61.0   29.773   74.691   4043.5    611.5
     1     1    10     4    11    10     0     2   -62.0   29.803   74.477   4113.4    606.8
     1     1    10     4    11     9     0     3   -63.0   29.830   74.240   4191.6    601.6
     1     1    10     4    11     8     0     2   -64.0   29.851   73.981   4274.7    593.4
     1     1    10     4    11     7     0     1   -65.0   29.863   73.709   4330.4    590.3
     1     1    10     4    11     6     0     0   -66.0   29.872   73.418   4362.6    592.2
     1     1    10     4    11     5     0     1   -67.0   29.877   73.137   4399.9    591.8
     1     1    10     4    11     4     0     2   -68.0   29.869   72.909   4436.0    589.1
     1     1    10     4    11     3     0     3   -69.0   29.853   72.738   4467.5    585.5
     1     1    10     4    11     2     0     2   -70.0   29.838   72.593   4498.4    582.2
     1     1    10     4    11     1     0     1   -71.0   29.834   72.445   4521.8    579.0
     1     1    10     4    11     0     0     0   -72.0   29.840   72.295   4526.5    577.1
     1     1    10     4    10    23     0     1   -73.0   29.848   72.131   4505.2    577.7
     1     1    10     4    10    22     0     2   -74.0   29.849   71.941   4464.6    580.9
     1     1    10     4    10    21     0     3   -75.0   29.847   71.723   4431.6    586.0
     1     1    10     4    10    20     0     2   -76.0   29.854   71.487   4449.2    589.1
     1     1    10     4    10    19     0     1   -77.0   29.870   71.248   4552.5    583.7
     1     1    10     4    10    18     0     0   -78.0   29.883   71.002   4744.0    571.9
     1     1    10     4    10    17     0     1   -79.0   29.900   70.731   4870.6    541.4
     1     1    10     4    10    16     0     2   -80.0   29.922   70.441   4877.8    526.7
     1     1    10     4    10    15     0     3   -81.0   29.950   70.151   4792.4    516.8
     1     1    10     4    10    14     0     2   -82.0   29.988   69.868   4707.8    514.2
     1     1    10     4    10    13     0     1   -83.0   30.046   69.588   4717.1    505.2
     1     1    10     4    10    12     0     0   -84.0   30.124   69.323   4768.6    491.8
     1     1    10     4    10    11     0     1   -85.0   30.201   69.066   4781.4    478.7
     1     1    10     4    10    10     0     2   -86.0   30.256   68.798   4778.7    478.8
     1     1    10     4    10     9     0     3   -87.0   30.293   68.489   4805.2    477.6
     1     1    10     4    10     8     0     2   -88.0   30.319   68.142   4872.0    473.5
     1     1    10     4    10     7     0     1   -89.0   30.327   67.777   4927.1    462.2
     1     1    10     4    10     6     0     0   -90.0   30.304   67.391   4918.4    452.8
     1     1    10     4    10     5     0     1   -91.0   30.259   66.992   4844.6    449.1
     1     1    10     4    10     4     0     2   -92.0   30.204   66.615   4843.1    466.3
     1     1    10     4    10     3     0     3   -93.0   30.145   66.288   4881.0    475.7
     1     1    10     4    10     2     0     2   -94.0   30.093   65.998   4935.1    479.6
     1     1    10     4    10     1     0     1   -95.0   30.060   65.721   4961.2    482.6
     1     1    10     4    10     0     0     0   -96.0   30.049   65.450   4974.7    487.5
