     5     1
    GDAS    10     3     1     0     0
    GDAS    10     3     8     0     0
    GDAS    10     3    15     0     0
    GDAS    10     3    22     0     0
    GDAS    10     3    29     0     0
     1 BACKWARD OMEGA   
    10     3    21    18   39.977  116.381  1400.0
     1 PRESSURE
     1     1    10     3    21    18     0     0     0.0   39.977  116.381   1164.1    851.4
     1     1    10     3    21    17     0     1    -1.0   39.883  116.055   1109.5    844.1
     1     1    10     3    21    16     0     2    -2.0   39.778  115.761   1001.0    844.6
     1     1    10     3    21    15     0     3    -3.0   39.669  115.468    901.9    843.2
     1     1    10     3    21    14     0     2    -4.0   39.567  115.181    847.8    840.7
     1     1    10     3    21    13     0     1    -5.0   39.476  114.909    828.7    833.7
     1     1    10     3    21    12     0     0    -6.0   39.380  114.662    813.6    828.9
     1     1    10     3    21    11     0     1    -7.0   39.268  114.448    801.0    823.0
     1     1    10     3    21    10     0     2    -8.0   39.142  114.275    800.3    814.0
     1     1    10     3    21     9     0     3    -9.0   39.005  114.141    812.1    802.7
     1     1    10     3    21     8     0     2   -10.0   38.879  114.030    821.9    797.0
     1     1    10     3    21     7     0     1   -11.0   38.778  113.928    810.3    799.6
     1     1    10     3    21     6     0     0   -12.0   38.696  113.844    770.6    806.4
     1     1    10     3    21     5     0     1   -13.0   38.615  113.765    711.0    816.2
     1     1    10     3    21     4     0     2   -14.0   38.521  113.669    644.0    826.6
     1     1    10     3    21     3     0     3   -15.0   38.413  113.545    583.4    835.5
     1     1    10     3    21     2     0     2   -16.0   38.293  113.389    539.0    839.9
     1     1    10     3    21     1     0     1   -17.0   38.164  113.202    511.6    839.8
     1     1    10     3    21     0     0     0   -18.0   38.019  112.979    495.0    835.8
     1     1    10     3    20    23     0     1   -19.0   37.877  112.725    494.7    826.4
     1     1    10     3    20    22     0     2   -20.0   37.755  112.431    522.2    815.7
     1     1    10     3    20    21     0     3   -21.0   37.637  112.072    588.5    804.5
     1     1    10     3    20    20     0     2   -22.0   37.501  111.662    678.0    798.2
     1     1    10     3    20    19     0     1   -23.0   37.337  111.263    749.6    795.2
     1     1    10     3    20    18     0     0   -24.0   37.132  110.902    791.4    795.6
     1     1    10     3    20    17     0     1   -25.0   36.931  110.598    802.8    803.4
     1     1    10     3    20    16     0     2   -26.0   36.790  110.362    785.8    811.2
     1     1    10     3    20    15     0     3   -27.0   36.707  110.191    751.7    817.0
     1     1    10     3    20    14     0     2   -28.0   36.679  110.070    713.8    822.4
     1     1    10     3    20    13     0     1   -29.0   36.710  109.982    677.6    826.3
     1     1    10     3    20    12     0     0   -30.0   36.814  109.934    639.0    830.2
     1     1    10     3    20    11     0     1   -31.0   36.974  109.891    613.8    835.4
     1     1    10     3    20    10     0     2   -32.0   37.165  109.783    624.9    831.1
     1     1    10     3    20     9     0     3   -33.0   37.375  109.582    684.0    817.3
     1     1    10     3    20     8     0     2   -34.0   37.593  109.316    772.6    798.7
     1     1    10     3    20     7     0     1   -35.0   37.812  109.025    868.4    782.8
     1     1    10     3    20     6     0     0   -36.0   38.032  108.723    959.3    773.5
     1     1    10     3    20     5     0     1   -37.0   38.264  108.413   1036.2    763.0
     1     1    10     3    20     4     0     2   -38.0   38.518  108.089   1100.9    752.8
     1     1    10     3    20     3     0     3   -39.0   38.786  107.757   1165.7    748.5
     1     1    10     3    20     2     0     2   -40.0   39.078  107.409   1244.9    745.5
     1     1    10     3    20     1     0     1   -41.0   39.404  107.044   1318.1    743.0
     1     1    10     3    20     0     0     0   -42.0   39.752  106.677   1341.7    740.7
     1     1    10     3    19    23     0     1   -43.0   40.097  106.318   1362.8    753.2
     1     1    10     3    19    22     0     2   -44.0   40.438  105.966   1525.0    736.7
     1     1    10     3    19    21     0     3   -45.0   40.803  105.616   1822.6    690.7
     1     1    10     3    19    20     0     2   -46.0   41.174  105.235   1979.2    671.5
     1     1    10     3    19    19     0     1   -47.0   41.507  104.856   1851.1    692.9
     1     1    10     3    19    18     0     0   -48.0   41.814  104.511   1658.3    722.3
     1     1    10     3    19    17     0     1   -49.0   42.134  104.163   1594.9    730.0
     1     1    10     3    19    16     0     2   -50.0   42.484  103.775   1686.8    705.8
     1     1    10     3    19    15     0     3   -51.0   42.855  103.382   1848.0    681.8
     1     1    10     3    19    14     0     2   -52.0   43.231  102.987   2014.8    661.3
     1     1    10     3    19    13     0     1   -53.0   43.615  102.625   2094.6    644.4
     1     1    10     3    19    12     0     0   -54.0   43.996  102.344   1997.9    658.3
     1     1    10     3    19    11     0     1   -55.0   44.388  102.082   1787.6    682.2
     1     1    10     3    19    10     0     2   -56.0   44.842  101.774   1608.5    682.2
     1     1    10     3    19     9     0     3   -57.0   45.366  101.457   1548.1    669.3
     1     1    10     3    19     8     0     2   -58.0   45.933  101.199   1670.7    637.8
     1     1    10     3    19     7     0     1   -59.0   46.496  101.072   1781.2    591.3
     1     1    10     3    19     6     0     0   -60.0   47.071  101.094   1698.3    581.3
     1     1    10     3    19     5     0     1   -61.0   47.662  101.078   1437.1    642.4
     1     1    10     3    19     4     0     2   -62.0   48.232  100.918   1142.8    690.4
     1     1    10     3    19     3     0     3   -63.0   48.738  100.729    854.4    735.1
     1     1    10     3    19     2     0     2   -64.0   49.188  100.526    651.9    759.8
     1     1    10     3    19     1     0     1   -65.0   49.628  100.307    598.2    759.4
     1     1    10     3    19     0     0     0   -66.0   50.121  100.096    781.9    737.6
     1     1    10     3    18    23     0     1   -67.0   50.631   99.922   1005.8    695.1
     1     1    10     3    18    22     0     2   -68.0   51.089   99.726   1026.3    683.9
     1     1    10     3    18    21     0     3   -69.0   51.501   99.422    925.3    687.5
     1     1    10     3    18    20     0     2   -70.0   51.905   98.986    876.8    685.2
     1     1    10     3    18    19     0     1   -71.0   52.323   98.464    859.5    703.5
     1     1    10     3    18    18     0     0   -72.0   52.690   97.864    745.6    740.7
     1     1    10     3    18    17     0     1   -73.0   52.984   97.196    712.9    778.6
     1     1    10     3    18    16     0     2   -74.0   53.313   96.372    864.7    755.0
     1     1    10     3    18    15     0     3   -75.0   53.578   95.421    829.8    772.0
     1     1    10     3    18    14     0     2   -76.0   53.656   94.447    545.2    840.3
     1     1    10     3    18    13     0     1   -77.0   53.611   93.700    259.2    895.6
     1     1    10     3    18    12     0     0   -78.0   53.546   93.255    100.5    921.1
     1     1    10     3    18    11     0     1   -79.0   53.507   92.992     39.6    936.0
     1     1    10     3    18    10     0     2   -80.0   53.494   92.763      5.5    937.2
     1     1    10     3    18     9     0     3   -81.0   53.497   92.576      0.0    938.5
     1     1    10     3    18     8     0     2   -82.0   53.500   92.400      0.0    940.4
     1     1    10     3    18     7     0     1   -83.0   53.491   92.224      0.0    942.0
     1     1    10     3    18     6     0     0   -84.0   53.469   92.039      0.0    943.5
     1     1    10     3    18     5     0     1   -85.0   53.435   91.855      0.0    941.9
     1     1    10     3    18     4     0     2   -86.0   53.389   91.694      0.0    940.1
     1     1    10     3    18     3     0     3   -87.0   53.332   91.564      0.0    938.5
     1     1    10     3    18     2     0     2   -88.0   53.275   91.454      0.0    937.2
     1     1    10     3    18     1     0     1   -89.0   53.224   91.348      0.0    936.2
     1     1    10     3    18     0     0     0   -90.0   53.177   91.249      1.3    935.5
     1     1    10     3    17    23     0     1   -91.0   53.134   91.171      2.7    934.8
     1     1    10     3    17    22     0     2   -92.0   53.099   91.128      2.8    933.8
     1     1    10     3    17    21     0     3   -93.0   53.074   91.119      1.3    932.5
     1     1    10     3    17    20     0     2   -94.0   53.057   91.130      0.0    933.4
     1     1    10     3    17    19     0     1   -95.0   53.044   91.149      0.0    934.2
     1     1    10     3    17    18     0     0   -96.0   53.035   91.173      0.0    935.0
