     5     1
    GDAS    10     3     1     0     0
    GDAS    10     3     8     0     0
    GDAS    10     3    15     0     0
    GDAS    10     3    22     0     0
    GDAS    10     3    29     0     0
     1 BACKWARD OMEGA   
    10     3    18     0   39.977  116.381  1200.0
     1 PRESSURE
     1     1    10     3    18     0     0     0     0.0   39.977  116.381    964.9    879.8
     1     1    10     3    17    23     0     1    -1.0   39.788  116.102    916.2    883.5
     1     1    10     3    17    22     0     2    -2.0   39.624  115.844    890.0    880.2
     1     1    10     3    17    21     0     3    -3.0   39.477  115.591    885.3    873.7
     1     1    10     3    17    20     0     2    -4.0   39.344  115.344    892.2    869.2
     1     1    10     3    17    19     0     1    -5.0   39.219  115.114    895.6    869.5
     1     1    10     3    17    18     0     0    -6.0   39.093  114.911    878.6    871.5
     1     1    10     3    17    17     0     1    -7.0   38.973  114.745    834.5    870.2
     1     1    10     3    17    16     0     2    -8.0   38.870  114.615    776.6    868.5
     1     1    10     3    17    15     0     3    -9.0   38.783  114.518    712.4    870.0
     1     1    10     3    17    14     0     2   -10.0   38.715  114.443    665.0    874.4
     1     1    10     3    17    13     0     1   -11.0   38.675  114.373    658.1    870.2
     1     1    10     3    17    12     0     0   -12.0   38.664  114.296    692.4    859.7
     1     1    10     3    17    11     0     1   -13.0   38.666  114.216    723.2    843.1
     1     1    10     3    17    10     0     2   -14.0   38.658  114.164    685.6    841.4
     1     1    10     3    17     9     0     3   -15.0   38.638  114.164    568.6    855.0
     1     1    10     3    17     8     0     2   -16.0   38.607  114.208    414.3    882.9
     1     1    10     3    17     7     0     1   -17.0   38.567  114.250    273.2    906.8
     1     1    10     3    17     6     0     0   -18.0   38.524  114.282    165.6    926.8
     1     1    10     3    17     5     0     1   -19.0   38.490  114.324     87.1    941.0
     1     1    10     3    17     4     0     2   -20.0   38.472  114.398     38.3    956.2
     1     1    10     3    17     3     0     3   -21.0   38.472  114.500     10.0    968.1
     1     1    10     3    17     2     0     2   -22.0   38.496  114.601      0.2    976.6
     1     1    10     3    17     1     0     1   -23.0   38.548  114.675      0.0    981.4
     1     1    10     3    17     0     0     0   -24.0   38.627  114.725      0.0    982.9
     1     1    10     3    16    23     0     1   -25.0   38.717  114.764      0.7    982.2
     1     1    10     3    16    22     0     2   -26.0   38.807  114.809      1.9    982.0
     1     1    10     3    16    21     0     3   -27.0   38.898  114.857      3.8    982.2
     1     1    10     3    16    20     0     2   -28.0   38.992  114.909      7.1    985.0
     1     1    10     3    16    19     0     1   -29.0   39.088  114.955     11.6    980.7
     1     1    10     3    16    18     0     0   -30.0   39.188  114.996     18.8    972.5
     1     1    10     3    16    17     0     1   -31.0   39.290  115.034     29.0    960.7
     1     1    10     3    16    16     0     2   -32.0   39.386  115.070     40.3    950.4
     1     1    10     3    16    15     0     3   -33.0   39.473  115.101     53.3    941.5
     1     1    10     3    16    14     0     2   -34.0   39.560  115.132     68.3    931.1
     1     1    10     3    16    13     0     1   -35.0   39.661  115.169     84.9    920.5
     1     1    10     3    16    12     0     0   -36.0   39.778  115.196    104.0    908.3
     1     1    10     3    16    11     0     1   -37.0   39.903  115.193    124.1    892.4
     1     1    10     3    16    10     0     2   -38.0   40.028  115.146    143.4    874.7
     1     1    10     3    16     9     0     3   -39.0   40.159  115.057    165.8    860.5
     1     1    10     3    16     8     0     2   -40.0   40.294  114.943    198.0    850.8
     1     1    10     3    16     7     0     1   -41.0   40.422  114.821    246.0    844.5
     1     1    10     3    16     6     0     0   -42.0   40.538  114.692    307.2    835.8
     1     1    10     3    16     5     0     1   -43.0   40.648  114.546    375.2    826.9
     1     1    10     3    16     4     0     2   -44.0   40.765  114.364    443.6    817.8
     1     1    10     3    16     3     0     3   -45.0   40.906  114.129    511.8    808.3
     1     1    10     3    16     2     0     2   -46.0   41.082  113.826    573.1    794.2
     1     1    10     3    16     1     0     1   -47.0   41.278  113.463    619.8    781.9
     1     1    10     3    16     0     0     0   -48.0   41.485  113.042    665.3    774.0
     1     1    10     3    15    23     0     1   -49.0   41.687  112.590    703.7    772.1
     1     1    10     3    15    22     0     2   -50.0   41.865  112.148    715.8    774.1
     1     1    10     3    15    21     0     3   -51.0   42.030  111.730    705.5    783.3
     1     1    10     3    15    20     0     2   -52.0   42.172  111.367    672.6    796.4
     1     1    10     3    15    19     0     1   -53.0   42.283  111.063    616.1    810.2
     1     1    10     3    15    18     0     0   -54.0   42.370  110.798    554.7    818.8
     1     1    10     3    15    17     0     1   -55.0   42.438  110.566    498.7    824.0
     1     1    10     3    15    16     0     2   -56.0   42.493  110.377    447.1    829.8
     1     1    10     3    15    15     0     3   -57.0   42.544  110.230    403.9    834.8
     1     1    10     3    15    14     0     2   -58.0   42.598  110.122    366.5    838.7
     1     1    10     3    15    13     0     1   -59.0   42.659  110.052    325.7    843.4
     1     1    10     3    15    12     0     0   -60.0   42.723  110.016    274.7    850.3
     1     1    10     3    15    11     0     1   -61.0   42.798  109.950    229.8    858.8
     1     1    10     3    15    10     0     2   -62.0   42.891  109.785    195.6    863.0
     1     1    10     3    15     9     0     3   -63.0   42.983  109.508    160.0    866.7
     1     1    10     3    15     8     0     2   -64.0   43.062  109.178    119.9    873.2
     1     1    10     3    15     7     0     1   -65.0   43.128  108.866     89.5    882.9
     1     1    10     3    15     6     0     0   -66.0   43.181  108.573     75.1    893.6
     1     1    10     3    15     5     0     1   -67.0   43.234  108.299     74.8    899.4
     1     1    10     3    15     4     0     2   -68.0   43.302  108.046     86.8    902.2
     1     1    10     3    15     3     0     3   -69.0   43.388  107.805    108.2    895.4
     1     1    10     3    15     2     0     2   -70.0   43.486  107.553    136.7    885.8
     1     1    10     3    15     1     0     1   -71.0   43.595  107.263    174.8    873.4
     1     1    10     3    15     0     0     0   -72.0   43.725  106.909    234.3    858.1
     1     1    10     3    14    23     0     1   -73.0   43.877  106.522    309.3    839.7
     1     1    10     3    14    22     0     2   -74.0   44.041  106.164    367.9    825.9
     1     1    10     3    14    21     0     3   -75.0   44.210  105.845    401.7    822.7
     1     1    10     3    14    20     0     2   -76.0   44.394  105.572    426.1    824.0
     1     1    10     3    14    19     0     1   -77.0   44.600  105.342    453.9    825.0
     1     1    10     3    14    18     0     0   -78.0   44.825  105.151    488.1    826.3
     1     1    10     3    14    17     0     1   -79.0   45.073  104.985    535.1    823.7
     1     1    10     3    14    16     0     2   -80.0   45.353  104.823    598.8    810.4
     1     1    10     3    14    15     0     3   -81.0   45.674  104.647    690.5    793.7
     1     1    10     3    14    14     0     2   -82.0   46.039  104.447    827.5    773.8
     1     1    10     3    14    13     0     1   -83.0   46.430  104.232    929.8    748.7
     1     1    10     3    14    12     0     0   -84.0   46.827  103.996    849.4    739.7
     1     1    10     3    14    11     0     1   -85.0   47.188  103.743    666.8    774.3
     1     1    10     3    14    10     0     2   -86.0   47.487  103.515    532.4    800.7
     1     1    10     3    14     9     0     3   -87.0   47.727  103.314    455.0    809.9
     1     1    10     3    14     8     0     2   -88.0   47.940  103.126    419.8    813.9
     1     1    10     3    14     7     0     1   -89.0   48.156  102.948    418.1    810.4
     1     1    10     3    14     6     0     0   -90.0   48.372  102.781    423.2    809.0
     1     1    10     3    14     5     0     1   -91.0   48.584  102.615    421.4    810.5
     1     1    10     3    14     4     0     2   -92.0   48.787  102.440    413.1    813.0
     1     1    10     3    14     3     0     3   -93.0   48.969  102.268    399.7    816.5
     1     1    10     3    14     2     0     2   -94.0   49.137  102.108    385.7    817.3
     1     1    10     3    14     1     0     1   -95.0   49.307  101.962    373.1    816.7
     1     1    10     3    14     0     0     0   -96.0   49.481  101.830    362.1    814.6
