     7     1
    GDAS    10     3    22     0     0
    GDAS    10     4     8     0     0
    GDAS    10     4    15     0     0
    GDAS    10     4    22     0     0
    GDAS    10     4    29     0     0
    GDAS    10     4     1     0     0
    GDAS    10     3    29     0     0
     1 BACKWARD OMEGA   
    10     4    11     0   39.977  116.381  8400.0
     1 PRESSURE
     1     1    10     4    11     0     0     0     0.0   39.977  116.381   8154.8    333.4
     1     1    10     4    10    23     0     1    -1.0   39.824  114.157   7907.8    301.6
     1     1    10     4    10    22     0     2    -2.0   39.777  111.736   7866.9    293.6
     1     1    10     4    10    21     0     3    -3.0   39.784  109.290   7819.7    297.6
     1     1    10     4    10    20     0     2    -4.0   39.780  106.815   7790.3    303.2
     1     1    10     4    10    19     0     1    -5.0   39.813  104.361   7690.9    299.5
     1     1    10     4    10    18     0     0    -6.0   39.972  101.844   7977.4    292.1
     1     1    10     4    10    17     0     1    -7.0   40.229   99.279   8313.9    278.4
     1     1    10     4    10    16     0     2    -8.0   40.671   96.669   8161.1    258.6
     1     1    10     4    10    15     0     3    -9.0   41.275   93.962   8094.6    287.3
     1     1    10     4    10    14     0     2   -10.0   41.839   91.447   7814.1    310.9
     1     1    10     4    10    13     0     1   -11.0   42.544   88.940   8261.0    306.2
     1     1    10     4    10    12     0     0   -12.0   43.365   86.415   7654.1    252.6
     1     1    10     4    10    11     0     1   -13.0   44.240   83.915   7893.1    256.7
     1     1    10     4    10    10     0     2   -14.0   45.124   81.515   8283.4    265.0
     1     1    10     4    10     9     0     3   -15.0   45.945   79.139   8893.6    284.9
     1     1    10     4    10     8     0     2   -16.0   46.722   76.944   9030.3    283.2
     1     1    10     4    10     7     0     1   -17.0   47.474   74.880   9068.6    275.6
     1     1    10     4    10     6     0     0   -18.0   48.115   72.895   9049.8    267.7
     1     1    10     4    10     5     0     1   -19.0   48.686   70.997   9228.7    272.9
     1     1    10     4    10     4     0     2   -20.0   49.181   69.145   9353.6    271.0
     1     1    10     4    10     3     0     3   -21.0   49.574   67.346   9406.0    268.4
     1     1    10     4    10     2     0     2   -22.0   49.883   65.628   9551.4    273.0
     1     1    10     4    10     1     0     1   -23.0   50.071   63.985   9608.8    274.4
     1     1    10     4    10     0     0     0   -24.0   50.136   62.382   9666.5    269.5
     1     1    10     4     9    23     0     1   -25.0   50.019   60.796   9722.9    264.4
     1     1    10     4     9    22     0     2   -26.0   49.687   59.335   9756.8    261.5
     1     1    10     4     9    21     0     3   -27.0   49.140   58.036   9749.8    260.7
     1     1    10     4     9    20     0     2   -28.0   48.369   56.949   9715.7    265.9
     1     1    10     4     9    19     0     1   -29.0   47.514   56.178   9304.9    286.7
     1     1    10     4     9    18     0     0   -30.0   46.705   55.625   8634.5    324.5
     1     1    10     4     9    17     0     1   -31.0   45.906   55.069   8211.5    347.4
     1     1    10     4     9    16     0     2   -32.0   45.069   54.383   7964.3    359.0
     1     1    10     4     9    15     0     3   -33.0   44.165   53.575   7801.9    362.3
     1     1    10     4     9    14     0     2   -34.0   43.224   52.697   7785.7    363.9
     1     1    10     4     9    13     0     1   -35.0   42.282   51.721   7774.4    371.0
     1     1    10     4     9    12     0     0   -36.0   41.370   50.684   7777.2    372.6
     1     1    10     4     9    11     0     1   -37.0   40.491   49.583   7677.5    372.5
     1     1    10     4     9    10     0     2   -38.0   39.589   48.481   7770.7    361.4
     1     1    10     4     9     9     0     3   -39.0   38.667   47.341   7552.1    314.5
     1     1    10     4     9     8     0     2   -40.0   37.800   46.143   7345.7    309.2
     1     1    10     4     9     7     0     1   -41.0   37.028   44.896   7417.4    310.6
     1     1    10     4     9     6     0     0   -42.0   36.324   43.600   7843.8    337.3
     1     1    10     4     9     5     0     1   -43.0   35.686   42.372   7819.2    353.5
     1     1    10     4     9     4     0     2   -44.0   35.153   41.170   7653.4    366.2
     1     1    10     4     9     3     0     3   -45.0   34.736   39.987   7452.1    370.8
     1     1    10     4     9     2     0     2   -46.0   34.414   38.799   7310.1    365.7
     1     1    10     4     9     1     0     1   -47.0   34.182   37.567   7271.9    355.8
     1     1    10     4     9     0     0     0   -48.0   34.077   36.282   7182.0    340.1
     1     1    10     4     8    23     0     1   -49.0   34.090   35.051   7504.7    386.0
     1     1    10     4     8    22     0     2   -50.0   34.204   33.849   7672.8    375.0
     1     1    10     4     8    21     0     3   -51.0   34.425   32.600   7746.5    367.2
     1     1    10     4     8    20     0     2   -52.0   34.751   31.319   7836.8    369.3
     1     1    10     4     8    19     0     1   -53.0   35.139   30.002   8007.3    357.0
     1     1    10     4     8    18     0     0   -54.0   35.604   28.674   8282.8    344.0
     1     1    10     4     8    17     0     1   -55.0   36.100   27.277   8459.4    333.0
     1     1    10     4     8    16     0     2   -56.0   36.584   25.833   8565.6    330.5
     1     1    10     4     8    15     0     3   -57.0   37.094   24.362   8672.4    325.8
     1     1    10     4     8    14     0     2   -58.0   37.600   22.864   8575.3    313.0
     1     1    10     4     8    13     0     1   -59.0   38.061   21.403   8609.8    318.1
     1     1    10     4     8    12     0     0   -60.0   38.474   20.014   8726.0    325.0
     1     1    10     4     8    11     0     1   -61.0   38.841   18.741   8798.3    319.1
     1     1    10     4     8    10     0     2   -62.0   39.147   17.589   8851.2    315.1
     1     1    10     4     8     9     0     3   -63.0   39.396   16.548   8777.1    308.5
     1     1    10     4     8     8     0     2   -64.0   39.594   15.602   8768.4    309.1
     1     1    10     4     8     7     0     1   -65.0   39.726   14.758   8886.1    315.1
     1     1    10     4     8     6     0     0   -66.0   39.810   13.961   8918.3    314.4
     1     1    10     4     8     5     0     1   -67.0   39.847   13.181   8942.4    314.4
     1     1    10     4     8     4     0     2   -68.0   39.826   12.371   8968.9    312.1
     1     1    10     4     8     3     0     3   -69.0   39.727   11.506   8935.6    314.3
     1     1    10     4     8     2     0     2   -70.0   39.545   10.586   8802.5    318.4
     1     1    10     4     8     1     0     1   -71.0   39.290    9.588   8508.8    327.8
     1     1    10     4     8     0     0     0   -72.0   38.928    8.451   8108.2    351.7
     1     1    10     4     7    23     0     1   -73.0   38.511    7.164   7729.6    375.3
     1     1    10     4     7    22     0     2   -74.0   38.185    5.797   7414.2    391.5
     1     1    10     4     7    21     0     3   -75.0   38.061    4.352   7181.3    406.9
     1     1    10     4     7    20     0     2   -76.0   38.175    2.940   7215.5    407.1
     1     1    10     4     7    19     0     1   -77.0   38.474    1.610   7320.2    398.6
     1     1    10     4     7    18     0     0   -78.0   39.007    0.301   7512.8    382.9
     1     1    10     4     7    17     0     1   -79.0   39.732   -1.024   7565.4    335.5
     1     1    10     4     7    16     0     2   -80.0   40.557   -2.303   7885.4    315.0
     1     1    10     4     7    15     0     3   -81.0   41.424   -3.493   8186.6    298.2
     1     1    10     4     7    14     0     2   -82.0   42.274   -4.586   8408.4    299.7
     1     1    10     4     7    13     0     1   -83.0   43.144   -5.630   8551.8    284.9
     1     1    10     4     7    12     0     0   -84.0   43.973   -6.649   9111.2    305.8
     1     1    10     4     7    11     0     1   -85.0   44.766   -7.668   9254.7    299.6
     1     1    10     4     7    10     0     2   -86.0   45.552   -8.707   9372.3    293.9
     1     1    10     4     7     9     0     3   -87.0   46.308   -9.812   9476.7    289.0
     1     1    10     4     7     8     0     2   -88.0   47.045  -11.004   9596.8    283.7
     1     1    10     4     7     7     0     1   -89.0   47.738  -12.314   9674.2    279.7
     1     1    10     4     7     6     0     0   -90.0   48.380  -13.772   9708.8    277.8
     1     1    10     4     7     5     0     1   -91.0   48.954  -15.300   9693.2    278.7
     1     1    10     4     7     4     0     2   -92.0   49.418  -16.925   9733.2    276.6
     1     1    10     4     7     3     0     3   -93.0   49.817  -18.702   9835.8    272.1
     1     1    10     4     7     2     0     2   -94.0   50.155  -20.661  10030.9    263.1
     1     1    10     4     7     1     0     1   -95.0   50.395  -22.686  10171.8    257.1
     1     1    10     4     7     0     0     0   -96.0   50.549  -24.695  10225.1    254.9
