     5     1
    GDAS    10     3     1     0     0
    GDAS    10     3     8     0     0
    GDAS    10     3    15     0     0
    GDAS    10     3    22     0     0
    GDAS    10     3    29     0     0
     1 BACKWARD OMEGA   
    10     3    18     0   39.977  116.381  9800.0
     1 PRESSURE
     1     1    10     3    18     0     0     0     0.0   39.977  116.381   9555.3    265.5
     1     1    10     3    17    23     0     1    -1.0   41.191  115.294   9247.2    235.1
     1     1    10     3    17    22     0     2    -2.0   42.455  114.202   9394.2    230.8
     1     1    10     3    17    21     0     3    -3.0   43.695  113.105   9571.3    232.5
     1     1    10     3    17    20     0     2    -4.0   44.932  112.003   9620.8    229.9
     1     1    10     3    17    19     0     1    -5.0   46.204  110.825   9602.5    226.5
     1     1    10     3    17    18     0     0    -6.0   47.439  109.575   9509.7    223.8
     1     1    10     3    17    17     0     1    -7.0   48.651  108.211   9421.6    215.6
     1     1    10     3    17    16     0     2    -8.0   49.893  106.603   9699.2    233.5
     1     1    10     3    17    15     0     3    -9.0   51.004  104.760   9504.9    218.7
     1     1    10     3    17    14     0     2   -10.0   52.010  102.734   9613.5    223.4
     1     1    10     3    17    13     0     1   -11.0   52.916  100.484   9378.9    215.2
     1     1    10     3    17    12     0     0   -12.0   53.647   98.150   9446.1    220.3
     1     1    10     3    17    11     0     1   -13.0   54.249   95.697   9428.6    227.3
     1     1    10     3    17    10     0     2   -14.0   54.735   92.799   9703.7    241.6
     1     1    10     3    17     9     0     3   -15.0   55.056   89.808   9748.3    243.9
     1     1    10     3    17     8     0     2   -16.0   55.155   86.867   9831.4    250.5
     1     1    10     3    17     7     0     1   -17.0   55.057   83.870   9753.8    254.4
     1     1    10     3    17     6     0     0   -18.0   54.804   81.045   9577.4    264.4
     1     1    10     3    17     5     0     1   -19.0   54.391   78.401   9409.0    272.9
     1     1    10     3    17     4     0     2   -20.0   53.752   75.769   9281.7    278.4
     1     1    10     3    17     3     0     3   -21.0   52.941   73.417   9018.0    290.9
     1     1    10     3    17     2     0     2   -22.0   52.150   71.127   8764.1    291.7
     1     1    10     3    17     1     0     1   -23.0   51.273   68.705   8614.8    300.0
     1     1    10     3    17     0     0     0   -24.0   50.406   66.402   8612.2    302.7
     1     1    10     3    16    23     0     1   -25.0   49.569   64.120   8724.6    304.5
     1     1    10     3    16    22     0     2   -26.0   48.514   61.765   8750.5    304.1
     1     1    10     3    16    21     0     3   -27.0   47.385   59.496   8716.6    302.6
     1     1    10     3    16    20     0     2   -28.0   46.337   57.230   8761.2    305.3
     1     1    10     3    16    19     0     1   -29.0   45.347   54.941   8766.5    307.6
     1     1    10     3    16    18     0     0   -30.0   44.374   52.674   8649.4    312.1
     1     1    10     3    16    17     0     1   -31.0   43.491   50.297   8756.4    312.2
     1     1    10     3    16    16     0     2   -32.0   42.603   47.930   8752.8    296.9
     1     1    10     3    16    15     0     3   -33.0   41.709   45.450   8416.5    275.5
     1     1    10     3    16    14     0     2   -34.0   40.780   43.003   7989.8    256.0
     1     1    10     3    16    13     0     1   -35.0   39.849   40.634   7801.6    267.4
     1     1    10     3    16    12     0     0   -36.0   39.065   38.426   7818.9    292.5
     1     1    10     3    16    11     0     1   -37.0   38.486   36.264   7732.3    290.9
     1     1    10     3    16    10     0     2   -38.0   38.057   34.126   7825.3    302.8
     1     1    10     3    16     9     0     3   -39.0   37.799   32.061   7820.9    295.1
     1     1    10     3    16     8     0     2   -40.0   37.645   29.899   8069.0    289.3
     1     1    10     3    16     7     0     1   -41.0   37.547   27.853   8462.8    311.4
     1     1    10     3    16     6     0     0   -42.0   37.597   26.013   8743.3    313.3
     1     1    10     3    16     5     0     1   -43.0   37.707   24.249   8880.1    305.0
     1     1    10     3    16     4     0     2   -44.0   37.756   22.535   8840.2    289.9
     1     1    10     3    16     3     0     3   -45.0   37.775   20.970   9050.6    299.7
     1     1    10     3    16     2     0     2   -46.0   37.799   19.586   9117.1    296.0
     1     1    10     3    16     1     0     1   -47.0   37.811   18.266   9128.3    296.2
     1     1    10     3    16     0     0     0   -48.0   37.829   16.959   9177.1    293.7
     1     1    10     3    15    23     0     1   -49.0   37.879   15.655   9144.2    283.6
     1     1    10     3    15    22     0     2   -50.0   37.944   14.379   9089.7    277.4
     1     1    10     3    15    21     0     3   -51.0   38.001   13.144   9222.5    280.9
     1     1    10     3    15    20     0     2   -52.0   38.086   11.964   9384.2    283.9
     1     1    10     3    15    19     0     1   -53.0   38.206   10.831   9422.4    283.0
     1     1    10     3    15    18     0     0   -54.0   38.354    9.739   9428.9    282.0
     1     1    10     3    15    17     0     1   -55.0   38.535    8.712   9419.5    281.8
     1     1    10     3    15    16     0     2   -56.0   38.727    7.770   9425.8    282.1
     1     1    10     3    15    15     0     3   -57.0   38.927    6.914   9450.2    282.3
     1     1    10     3    15    14     0     2   -58.0   39.161    6.134   9457.0    281.7
     1     1    10     3    15    13     0     1   -59.0   39.433    5.404   9490.4    280.8
     1     1    10     3    15    12     0     0   -60.0   39.740    4.736   9549.4    278.6
     1     1    10     3    15    11     0     1   -61.0   40.087    4.121   9617.0    275.3
     1     1    10     3    15    10     0     2   -62.0   40.472    3.542   9668.9    272.7
     1     1    10     3    15     9     0     3   -63.0   40.879    3.019   9739.2    270.3
     1     1    10     3    15     8     0     2   -64.0   41.318    2.531   9758.5    262.8
     1     1    10     3    15     7     0     1   -65.0   41.807    2.024   9616.6    247.3
     1     1    10     3    15     6     0     0   -66.0   42.351    1.511   9604.4    243.2
     1     1    10     3    15     5     0     1   -67.0   42.947    1.039   9528.8    242.7
     1     1    10     3    15     4     0     2   -68.0   43.569    0.602   9655.6    252.8
     1     1    10     3    15     3     0     3   -69.0   44.213    0.201   9871.0    258.7
     1     1    10     3    15     2     0     2   -70.0   44.877   -0.168   9948.6    257.0
     1     1    10     3    15     1     0     1   -71.0   45.545   -0.521   9982.9    257.7
     1     1    10     3    15     0     0     0   -72.0   46.217   -0.838  10002.6    257.2
     1     1    10     3    14    23     0     1   -73.0   46.909   -1.155  10015.3    255.6
     1     1    10     3    14    22     0     2   -74.0   47.629   -1.518  10053.1    254.2
     1     1    10     3    14    21     0     3   -75.0   48.374   -1.882  10107.8    251.8
     1     1    10     3    14    20     0     2   -76.0   49.152   -2.258  10176.7    251.2
     1     1    10     3    14    19     0     1   -77.0   49.952   -2.722  10211.1    249.5
     1     1    10     3    14    18     0     0   -78.0   50.769   -3.226  10193.5    247.2
     1     1    10     3    14    17     0     1   -79.0   51.596   -3.788  10162.1    244.5
