     5     1
    GDAS    10     3     1     0     0
    GDAS    10     3     8     0     0
    GDAS    10     3    15     0     0
    GDAS    10     3    22     0     0
    GDAS    10     3    29     0     0
     1 BACKWARD OMEGA   
    10     3    28     0   39.977  116.381  8000.0
     1 PRESSURE
     1     1    10     3    28     0     0     0     0.0   39.977  116.381   7757.4    352.4
     1     1    10     3    27    23     0     1    -1.0   41.196  115.671   7648.5    305.9
     1     1    10     3    27    22     0     2    -2.0   42.489  115.002   7773.1    299.0
     1     1    10     3    27    21     0     3    -3.0   43.819  114.350   8048.4    294.5
     1     1    10     3    27    20     0     2    -4.0   45.151  113.620   8113.4    282.8
     1     1    10     3    27    19     0     1    -5.0   46.443  112.877   8223.5    286.1
     1     1    10     3    27    18     0     0    -6.0   47.727  112.097   8347.1    280.7
     1     1    10     3    27    17     0     1    -7.0   48.962  111.136   8427.6    272.7
     1     1    10     3    27    16     0     2    -8.0   50.115  110.034   8322.8    266.0
     1     1    10     3    27    15     0     3    -9.0   51.175  108.849   8470.5    281.1
     1     1    10     3    27    14     0     2   -10.0   52.091  107.550   8554.9    284.7
     1     1    10     3    27    13     0     1   -11.0   52.878  106.086   8596.9    280.7
     1     1    10     3    27    12     0     0   -12.0   53.550  104.379   8699.6    281.1
     1     1    10     3    27    11     0     1   -13.0   54.014  102.514   8800.2    284.7
     1     1    10     3    27    10     0     2   -14.0   54.306  100.558   8795.4    282.9
     1     1    10     3    27     9     0     3   -15.0   54.425   98.430   8702.8    267.3
     1     1    10     3    27     8     0     2   -16.0   54.290   96.124   8531.2    259.8
     1     1    10     3    27     7     0     1   -17.0   53.962   93.831   8737.3    283.5
     1     1    10     3    27     6     0     0   -18.0   53.509   91.731   8645.5    291.2
     1     1    10     3    27     5     0     1   -19.0   52.922   89.675   8410.8    288.9
     1     1    10     3    27     4     0     2   -20.0   52.174   87.560   8346.5    294.9
     1     1    10     3    27     3     0     3   -21.0   51.369   85.438   7982.2    297.6
     1     1    10     3    27     2     0     2   -22.0   50.521   83.097   8205.7    296.6
     1     1    10     3    27     1     0     1   -23.0   49.660   80.741   8293.0    311.0
     1     1    10     3    27     0     0     0   -24.0   48.795   78.479   7978.0    311.7
     1     1    10     3    26    23     0     1   -25.0   47.973   76.234   7849.2    322.8
     1     1    10     3    26    22     0     2   -26.0   47.152   74.014   7709.3    336.7
     1     1    10     3    26    21     0     3   -27.0   46.354   71.854   7663.2    342.5
     1     1    10     3    26    20     0     2   -28.0   45.655   69.680   7863.8    342.6
     1     1    10     3    26    19     0     1   -29.0   45.084   67.559   7947.2    347.0
     1     1    10     3    26    18     0     0   -30.0   44.641   65.477   7985.7    346.2
     1     1    10     3    26    17     0     1   -31.0   44.297   63.463   8054.5    344.5
     1     1    10     3    26    16     0     2   -32.0   44.056   61.513   8064.2    347.7
     1     1    10     3    26    15     0     3   -33.0   43.953   59.619   8084.7    347.2
     1     1    10     3    26    14     0     2   -34.0   43.959   57.770   8117.4    341.8
     1     1    10     3    26    13     0     1   -35.0   44.022   55.991   8115.3    341.4
     1     1    10     3    26    12     0     0   -36.0   44.128   54.274   8097.2    341.6
     1     1    10     3    26    11     0     1   -37.0   44.257   52.647   8102.3    345.0
     1     1    10     3    26    10     0     2   -38.0   44.407   51.144   8123.9    348.8
     1     1    10     3    26     9     0     3   -39.0   44.550   49.757   8149.8    350.6
     1     1    10     3    26     8     0     2   -40.0   44.670   48.474   8151.8    350.3
     1     1    10     3    26     7     0     1   -41.0   44.792   47.314   8152.1    349.9
     1     1    10     3    26     6     0     0   -42.0   44.923   46.256   8144.3    350.0
     1     1    10     3    26     5     0     1   -43.0   45.081   45.271   8131.0    347.5
     1     1    10     3    26     4     0     2   -44.0   45.270   44.344   8113.3    344.8
     1     1    10     3    26     3     0     3   -45.0   45.477   43.467   8086.4    344.2
     1     1    10     3    26     2     0     2   -46.0   45.707   42.622   8062.7    346.9
     1     1    10     3    26     1     0     1   -47.0   45.979   41.805   8073.1    349.1
     1     1    10     3    26     0     0     0   -48.0   46.284   41.012   8089.9    349.0
     1     1    10     3    25    23     0     1   -49.0   46.611   40.227   8127.8    348.1
     1     1    10     3    25    22     0     2   -50.0   47.000   39.436   8184.0    345.3
     1     1    10     3    25    21     0     3   -51.0   47.480   38.659   8214.3    339.9
     1     1    10     3    25    20     0     2   -52.0   48.009   37.882   8224.0    335.0
     1     1    10     3    25    19     0     1   -53.0   48.563   37.082   8259.4    336.8
     1     1    10     3    25    18     0     0   -54.0   49.169   36.237   8286.9    335.3
     1     1    10     3    25    17     0     1   -55.0   49.823   35.343   8398.4    328.8
     1     1    10     3    25    16     0     2   -56.0   50.507   34.416   8549.7    320.0
     1     1    10     3    25    15     0     3   -57.0   51.247   33.408   8702.2    312.2
     1     1    10     3    25    14     0     2   -58.0   52.017   32.295   8837.0    306.1
     1     1    10     3    25    13     0     1   -59.0   52.788   31.100   8911.1    302.2
     1     1    10     3    25    12     0     0   -60.0   53.544   29.789   8923.7    301.0
     1     1    10     3    25    11     0     1   -61.0   54.254   28.380   8935.5    298.5
     1     1    10     3    25    10     0     2   -62.0   54.914   26.946   8933.1    300.2
     1     1    10     3    25     9     0     3   -63.0   55.511   25.473   8912.4    302.7
     1     1    10     3    25     8     0     2   -64.0   56.024   23.974   8918.2    305.9
     1     1    10     3    25     7     0     1   -65.0   56.464   22.418   8916.2    303.9
     1     1    10     3    25     6     0     0   -66.0   56.821   20.846   8960.2    305.6
     1     1    10     3    25     5     0     1   -67.0   57.091   19.255   8923.0    307.5
     1     1    10     3    25     4     0     2   -68.0   57.271   17.642   8862.1    310.0
     1     1    10     3    25     3     0     3   -69.0   57.347   15.990   8774.9    309.0
     1     1    10     3    25     2     0     2   -70.0   57.312   14.340   8722.8    307.8
     1     1    10     3    25     1     0     1   -71.0   57.186   12.778   8733.3    311.5
     1     1    10     3    25     0     0     0   -72.0   56.964   11.313   8768.3    314.9
     1     1    10     3    24    23     0     1   -73.0   56.670    9.968   8791.1    312.9
     1     1    10     3    24    22     0     2   -74.0   56.327    8.736   8810.3    311.7
     1     1    10     3    24    21     0     3   -75.0   55.937    7.603   8860.0    310.4
     1     1    10     3    24    20     0     2   -76.0   55.498    6.567   8831.4    311.6
     1     1    10     3    24    19     0     1   -77.0   55.022    5.598   8775.7    314.7
     1     1    10     3    24    18     0     0   -78.0   54.524    4.650   8762.1    314.6
     1     1    10     3    24    17     0     1   -79.0   53.997    3.787   8737.1    315.9
     1     1    10     3    24    16     0     2   -80.0   53.420    3.032   8695.3    317.9
     1     1    10     3    24    15     0     3   -81.0   52.799    2.351   8656.0    320.0
     1     1    10     3    24    14     0     2   -82.0   52.153    1.728   8648.0    320.7
     1     1    10     3    24    13     0     1   -83.0   51.497    1.151   8642.9    318.2
     1     1    10     3    24    12     0     0   -84.0   50.842    0.625   8628.3    319.8
     1     1    10     3    24    11     0     1   -85.0   50.192    0.144   8659.4    321.4
     1     1    10     3    24    10     0     2   -86.0   49.531   -0.319   8698.8    314.9
     1     1    10     3    24     9     0     3   -87.0   48.863   -0.763   8738.4    310.5
     1     1    10     3    24     8     0     2   -88.0   48.211   -1.164   8779.9    308.9
     1     1    10     3    24     7     0     1   -89.0   47.595   -1.533   8782.3    310.9
     1     1    10     3    24     6     0     0   -90.0   47.033   -1.904   8814.8    312.9
     1     1    10     3    24     5     0     1   -91.0   46.499   -2.249   8828.0    310.9
     1     1    10     3    24     4     0     2   -92.0   45.976   -2.559   8786.6    314.3
     1     1    10     3    24     3     0     3   -93.0   45.493   -2.890   8687.5    318.4
     1     1    10     3    24     2     0     2   -94.0   45.057   -3.240   8533.9    327.2
     1     1    10     3    24     1     0     1   -95.0   44.640   -3.598   8422.3    337.2
     1     1    10     3    24     0     0     0   -96.0   44.242   -4.007   8446.0    338.6
