     7     1
    GDAS    10     3    22     0     0
    GDAS    10     4     8     0     0
    GDAS    10     4    15     0     0
    GDAS    10     4    22     0     0
    GDAS    10     4    29     0     0
    GDAS    10     4     1     0     0
    GDAS    10     3    29     0     0
     1 BACKWARD OMEGA   
    10     4    10     6   39.977  116.381  2400.0
     1 PRESSURE
     1     1    10     4    10     6     0     0     0.0   39.977  116.381   2164.1    754.4
     1     1    10     4    10     5     0     1    -1.0   40.025  116.102   2261.7    729.6
     1     1    10     4    10     4     0     2    -2.0   40.115  115.794   2255.0    706.0
     1     1    10     4    10     3     0     3    -3.0   40.244  115.409   2189.0    682.7
     1     1    10     4    10     2     0     2    -4.0   40.405  114.898   2164.6    662.2
     1     1    10     4    10     1     0     1    -5.0   40.562  114.265   2226.2    653.9
     1     1    10     4    10     0     0     0    -6.0   40.676  113.552   2288.3    637.7
     1     1    10     4     9    23     0     1    -7.0   40.735  112.803   2312.8    623.9
     1     1    10     4     9    22     0     2    -8.0   40.766  112.127   2303.6    622.0
     1     1    10     4     9    21     0     3    -9.0   40.780  111.557   2256.0    625.6
     1     1    10     4     9    20     0     2   -10.0   40.811  111.057   2190.5    632.3
     1     1    10     4     9    19     0     1   -11.0   40.883  110.584   2161.1    637.6
     1     1    10     4     9    18     0     0   -12.0   40.986  110.137   2218.0    634.8
     1     1    10     4     9    17     0     1   -13.0   41.111  109.686   2326.4    632.4
     1     1    10     4     9    16     0     2   -14.0   41.269  109.228   2387.0    635.2
     1     1    10     4     9    15     0     3   -15.0   41.475  108.796   2385.6    640.2
     1     1    10     4     9    14     0     2   -16.0   41.731  108.363   2401.9    640.0
     1     1    10     4     9    13     0     1   -17.0   42.031  107.869   2478.8    627.9
     1     1    10     4     9    12     0     0   -18.0   42.377  107.328   2612.6    630.2
     1     1    10     4     9    11     0     1   -19.0   42.754  106.725   2711.5    620.3
     1     1    10     4     9    10     0     2   -20.0   43.145  106.007   2769.2    603.2
     1     1    10     4     9     9     0     3   -21.0   43.543  105.117   2924.8    576.6
     1     1    10     4     9     8     0     2   -22.0   43.919  104.097   3245.4    555.1
     1     1    10     4     9     7     0     1   -23.0   44.256  103.056   3506.5    527.3
     1     1    10     4     9     6     0     0   -24.0   44.565  102.023   3667.1    517.4
     1     1    10     4     9     5     0     1   -25.0   44.846  100.978   3684.8    512.3
     1     1    10     4     9     4     0     2   -26.0   45.099   99.922   3710.9    494.2
     1     1    10     4     9     3     0     3   -27.0   45.399   98.875   3742.3    479.5
     1     1    10     4     9     2     0     2   -28.0   45.768   97.797   3871.9    479.0
     1     1    10     4     9     1     0     1   -29.0   46.156   96.628   3934.5    460.3
     1     1    10     4     9     0     0     0   -30.0   46.534   95.448   3919.7    478.5
     1     1    10     4     8    23     0     1   -31.0   46.891   94.339   3896.5    491.0
     1     1    10     4     8    22     0     2   -32.0   47.220   93.221   3916.5    482.9
     1     1    10     4     8    21     0     3   -33.0   47.521   92.066   3933.9    466.1
     1     1    10     4     8    20     0     2   -34.0   47.840   90.876   3923.7    436.0
     1     1    10     4     8    19     0     1   -35.0   48.177   89.636   3896.2    428.4
     1     1    10     4     8    18     0     0   -36.0   48.489   88.446   3887.7    448.6
     1     1    10     4     8    17     0     1   -37.0   48.806   87.318   3879.8    460.8
     1     1    10     4     8    16     0     2   -38.0   49.156   86.206   3954.9    469.6
     1     1    10     4     8    15     0     3   -39.0   49.500   85.157   3989.5    492.4
     1     1    10     4     8    14     0     2   -40.0   49.830   84.200   3970.4    524.9
     1     1    10     4     8    13     0     1   -41.0   50.146   83.296   3989.6    547.4
     1     1    10     4     8    12     0     0   -42.0   50.447   82.448   4056.6    564.0
     1     1    10     4     8    11     0     1   -43.0   50.744   81.657   4094.6    573.9
     1     1    10     4     8    10     0     2   -44.0   51.051   80.900   4111.5    580.3
     1     1    10     4     8     9     0     3   -45.0   51.353   80.169   4115.0    583.6
     1     1    10     4     8     8     0     2   -46.0   51.646   79.476   4120.9    587.4
     1     1    10     4     8     7     0     1   -47.0   51.931   78.826   4128.3    588.9
     1     1    10     4     8     6     0     0   -48.0   52.201   78.208   4130.6    589.2
     1     1    10     4     8     5     0     1   -49.0   52.468   77.642   4127.7    590.4
     1     1    10     4     8     4     0     2   -50.0   52.744   77.138   4110.2    592.1
     1     1    10     4     8     3     0     3   -51.0   53.019   76.673   4072.5    595.2
     1     1    10     4     8     2     0     2   -52.0   53.300   76.247   4042.7    599.8
     1     1    10     4     8     1     0     1   -53.0   53.600   75.855   4045.2    599.6
     1     1    10     4     8     0     0     0   -54.0   53.909   75.474   4075.8    597.8
     1     1    10     4     7    23     0     1   -55.0   54.223   75.101   4114.9    594.0
     1     1    10     4     7    22     0     2   -56.0   54.538   74.750   4144.9    590.5
     1     1    10     4     7    21     0     3   -57.0   54.845   74.423   4169.2    587.9
     1     1    10     4     7    20     0     2   -58.0   55.145   74.119   4183.6    586.2
     1     1    10     4     7    19     0     1   -59.0   55.447   73.834   4182.4    586.9
     1     1    10     4     7    18     0     0   -60.0   55.746   73.566   4162.6    589.1
     1     1    10     4     7    17     0     1   -61.0   56.047   73.309   4138.3    593.5
     1     1    10     4     7    16     0     2   -62.0   56.359   73.055   4128.2    595.3
     1     1    10     4     7    15     0     3   -63.0   56.670   72.800   4132.6    595.1
     1     1    10     4     7    14     0     2   -64.0   56.982   72.548   4151.7    593.5
     1     1    10     4     7    13     0     1   -65.0   57.299   72.310   4179.7    590.6
     1     1    10     4     7    12     0     0   -66.0   57.623   72.096   4217.6    586.9
     1     1    10     4     7    11     0     1   -67.0   57.952   71.903   4251.5    581.8
     1     1    10     4     7    10     0     2   -68.0   58.290   71.711   4269.3    581.2
     1     1    10     4     7     9     0     3   -69.0   58.634   71.521   4273.6    581.9
     1     1    10     4     7     8     0     2   -70.0   58.983   71.334   4281.7    582.7
     1     1    10     4     7     7     0     1   -71.0   59.337   71.153   4301.3    580.6
     1     1    10     4     7     6     0     0   -72.0   59.700   70.979   4319.5    578.4
     1     1    10     4     7     5     0     1   -73.0   60.071   70.825   4325.4    578.2
     1     1    10     4     7     4     0     2   -74.0   60.451   70.700   4326.8    580.1
     1     1    10     4     7     3     0     3   -75.0   60.847   70.603   4339.5    580.3
     1     1    10     4     7     2     0     2   -76.0   61.255   70.514   4365.9    577.7
     1     1    10     4     7     1     0     1   -77.0   61.667   70.419   4400.0    573.5
     1     1    10     4     7     0     0     0   -78.0   62.084   70.318   4434.7    569.5
     1     1    10     4     6    23     0     1   -79.0   62.494   70.229   4462.9    566.0
     1     1    10     4     6    22     0     2   -80.0   62.893   70.162   4480.3    563.6
     1     1    10     4     6    21     0     3   -81.0   63.289   70.096   4490.3    563.3
     1     1    10     4     6    20     0     2   -82.0   63.687   70.030   4499.3    564.3
     1     1    10     4     6    19     0     1   -83.0   64.091   69.972   4513.4    564.4
     1     1    10     4     6    18     0     0   -84.0   64.505   69.915   4528.5    564.1
     1     1    10     4     6    17     0     1   -85.0   64.933   69.835   4544.4    564.2
     1     1    10     4     6    16     0     2   -86.0   65.373   69.706   4562.6    562.9
     1     1    10     4     6    15     0     3   -87.0   65.821   69.522   4582.3    561.2
     1     1    10     4     6    14     0     2   -88.0   66.264   69.291   4601.7    560.3
     1     1    10     4     6    13     0     1   -89.0   66.692   69.022   4619.4    560.1
     1     1    10     4     6    12     0     0   -90.0   67.111   68.710   4631.3    559.8
     1     1    10     4     6    11     0     1   -91.0   67.506   68.377   4639.1    559.0
     1     1    10     4     6    10     0     2   -92.0   67.871   68.045   4648.1    556.6
     1     1    10     4     6     9     0     3   -93.0   68.210   67.715   4649.3    552.5
     1     1    10     4     6     8     0     2   -94.0   68.533   67.393   4664.0    551.7
     1     1    10     4     6     7     0     1   -95.0   68.851   67.064   4695.1    553.2
     1     1    10     4     6     6     0     0   -96.0   69.172   66.712   4725.5    553.3
