     7     1
    GDAS    10     3    22     0     0
    GDAS    10     4     8     0     0
    GDAS    10     4    15     0     0
    GDAS    10     4    22     0     0
    GDAS    10     4    29     0     0
    GDAS    10     4     1     0     0
    GDAS    10     3    29     0     0
     1 BACKWARD OMEGA   
    10     4     7     0   39.977  116.381  6200.0
     1 PRESSURE
     1     1    10     4     7     0     0     0     0.0   39.977  116.381   5959.0    457.6
     1     1    10     4     6    23     0     1    -1.0   40.416  115.367   5868.3    412.2
     1     1    10     4     6    22     0     2    -2.0   40.902  114.174   5968.1    389.2
     1     1    10     4     6    21     0     3    -3.0   41.384  112.891   5924.9    378.7
     1     1    10     4     6    20     0     2    -4.0   41.811  111.609   5955.3    386.2
     1     1    10     4     6    19     0     1    -5.0   42.188  110.324   5973.3    393.0
     1     1    10     4     6    18     0     0    -6.0   42.540  109.060   5992.3    392.1
     1     1    10     4     6    17     0     1    -7.0   42.856  107.821   6124.5    399.4
     1     1    10     4     6    16     0     2    -8.0   43.145  106.642   6108.3    390.1
     1     1    10     4     6    15     0     3    -9.0   43.417  105.540   6001.5    384.5
     1     1    10     4     6    14     0     2   -10.0   43.660  104.455   6031.4    380.2
     1     1    10     4     6    13     0     1   -11.0   43.883  103.349   6041.0    374.9
     1     1    10     4     6    12     0     0   -12.0   44.115  102.260   6035.9    389.1
     1     1    10     4     6    11     0     1   -13.0   44.328  101.184   6124.7    386.1
     1     1    10     4     6    10     0     2   -14.0   44.521  100.067   6188.2    367.7
     1     1    10     4     6     9     0     3   -15.0   44.711   98.886   6211.0    346.9
     1     1    10     4     6     8     0     2   -16.0   44.852   97.663   6206.2    337.4
     1     1    10     4     6     7     0     1   -17.0   44.963   96.469   6313.0    352.4
     1     1    10     4     6     6     0     0   -18.0   45.049   95.275   6357.5    345.4
     1     1    10     4     6     5     0     1   -19.0   45.084   94.067   6507.3    347.8
     1     1    10     4     6     4     0     2   -20.0   45.127   92.916   6518.8    357.9
     1     1    10     4     6     3     0     3   -21.0   45.207   91.823   6444.8    368.9
     1     1    10     4     6     2     0     2   -22.0   45.293   90.751   6413.5    374.9
     1     1    10     4     6     1     0     1   -23.0   45.374   89.711   6456.9    382.6
     1     1    10     4     6     0     0     0   -24.0   45.462   88.705   6533.8    392.7
     1     1    10     4     5    23     0     1   -25.0   45.558   87.716   6633.1    397.1
     1     1    10     4     5    22     0     2   -26.0   45.676   86.757   6691.8    403.1
     1     1    10     4     5    21     0     3   -27.0   45.810   85.829   6724.4    406.9
     1     1    10     4     5    20     0     2   -28.0   45.923   84.896   6702.8    387.7
     1     1    10     4     5    19     0     1   -29.0   45.980   83.939   6555.8    360.6
     1     1    10     4     5    18     0     0   -30.0   46.010   83.001   6573.2    374.0
     1     1    10     4     5    17     0     1   -31.0   46.039   82.126   6649.2    389.3
     1     1    10     4     5    16     0     2   -32.0   46.068   81.304   6680.2    387.7
     1     1    10     4     5    15     0     3   -33.0   46.093   80.506   6702.3    394.5
     1     1    10     4     5    14     0     2   -34.0   46.125   79.723   6710.8    403.2
     1     1    10     4     5    13     0     1   -35.0   46.149   78.968   6684.9    405.8
     1     1    10     4     5    12     0     0   -36.0   46.148   78.233   6669.1    408.4
     1     1    10     4     5    11     0     1   -37.0   46.128   77.547   6661.1    410.8
     1     1    10     4     5    10     0     2   -38.0   46.099   76.949   6660.3    412.5
     1     1    10     4     5     9     0     3   -39.0   46.057   76.441   6669.2    412.0
     1     1    10     4     5     8     0     2   -40.0   46.024   76.004   6693.1    409.5
     1     1    10     4     5     7     0     1   -41.0   46.026   75.610   6712.4    407.4
     1     1    10     4     5     6     0     0   -42.0   46.059   75.246   6710.4    407.6
     1     1    10     4     5     5     0     1   -43.0   46.109   74.894   6691.9    408.4
     1     1    10     4     5     4     0     2   -44.0   46.175   74.549   6664.2    410.0
     1     1    10     4     5     3     0     3   -45.0   46.258   74.225   6627.0    411.4
     1     1    10     4     5     2     0     2   -46.0   46.342   73.912   6579.6    413.3
     1     1    10     4     5     1     0     1   -47.0   46.410   73.595   6527.5    413.9
     1     1    10     4     5     0     0     0   -48.0   46.464   73.286   6482.8    414.1
     1     1    10     4     4    23     0     1   -49.0   46.507   72.978   6459.6    413.8
     1     1    10     4     4    22     0     2   -50.0   46.540   72.663   6477.0    412.5
     1     1    10     4     4    21     0     3   -51.0   46.568   72.348   6522.6    409.4
     1     1    10     4     4    20     0     2   -52.0   46.596   72.052   6581.1    405.4
     1     1    10     4     4    19     0     1   -53.0   46.635   71.779   6642.3    402.7
     1     1    10     4     4    18     0     0   -54.0   46.691   71.522   6704.5    400.2
     1     1    10     4     4    17     0     1   -55.0   46.773   71.264   6756.2    397.0
     1     1    10     4     4    16     0     2   -56.0   46.887   70.990   6780.1    395.9
     1     1    10     4     4    15     0     3   -57.0   47.025   70.682   6771.1    397.2
     1     1    10     4     4    14     0     2   -58.0   47.165   70.348   6754.6    401.8
     1     1    10     4     4    13     0     1   -59.0   47.293   70.013   6755.4    403.9
     1     1    10     4     4    12     0     0   -60.0   47.410   69.678   6765.0    404.4
     1     1    10     4     4    11     0     1   -61.0   47.509   69.363   6773.2    403.9
     1     1    10     4     4    10     0     2   -62.0   47.590   69.087   6777.9    403.9
     1     1    10     4     4     9     0     3   -63.0   47.657   68.854   6783.0    403.0
     1     1    10     4     4     8     0     2   -64.0   47.723   68.637   6793.1    401.6
     1     1    10     4     4     7     0     1   -65.0   47.797   68.405   6811.4    399.8
     1     1    10     4     4     6     0     0   -66.0   47.878   68.162   6840.0    397.2
     1     1    10     4     4     5     0     1   -67.0   47.958   67.902   6865.8    393.8
     1     1    10     4     4     4     0     2   -68.0   48.032   67.626   6870.9    391.4
     1     1    10     4     4     3     0     3   -69.0   48.105   67.340   6862.1    390.4
     1     1    10     4     4     2     0     2   -70.0   48.176   67.053   6848.1    389.8
     1     1    10     4     4     1     0     1   -71.0   48.240   66.769   6845.8    391.3
     1     1    10     4     4     0     0     0   -72.0   48.295   66.492   6844.9    393.6
     1     1    10     4     3    23     0     1   -73.0   48.327   66.241   6844.0    395.9
     1     1    10     4     3    22     0     2   -74.0   48.317   66.034   6841.2    397.5
     1     1    10     4     3    21     0     3   -75.0   48.264   65.869   6828.7    399.2
     1     1    10     4     3    20     0     2   -76.0   48.195   65.739   6818.9    402.2
     1     1    10     4     3    19     0     1   -77.0   48.137   65.633   6837.1    402.7
     1     1    10     4     3    18     0     0   -78.0   48.092   65.548   6892.6    400.9
     1     1    10     4     3    17     0     1   -79.0   48.058   65.447   6964.4    396.9
     1     1    10     4     3    16     0     2   -80.0   48.026   65.299   7029.2    395.4
     1     1    10     4     3    15     0     3   -81.0   47.993   65.106   7086.1    395.1
     1     1    10     4     3    14     0     2   -82.0   47.949   64.866   7108.7    394.6
     1     1    10     4     3    13     0     1   -83.0   47.881   64.587   7083.1    396.9
     1     1    10     4     3    12     0     0   -84.0   47.783   64.281   7028.7    400.9
     1     1    10     4     3    11     0     1   -85.0   47.645   63.969   6967.3    405.5
     1     1    10     4     3    10     0     2   -86.0   47.461   63.664   6912.0    409.0
     1     1    10     4     3     9     0     3   -87.0   47.233   63.353   6859.0    412.6
     1     1    10     4     3     8     0     2   -88.0   46.971   63.047   6827.0    415.6
     1     1    10     4     3     7     0     1   -89.0   46.697   62.770   6822.4    415.3
     1     1    10     4     3     6     0     0   -90.0   46.421   62.519   6830.0    414.7
     1     1    10     4     3     5     0     1   -91.0   46.163   62.290   6826.3    414.5
     1     1    10     4     3     4     0     2   -92.0   45.941   62.083   6796.3    417.0
     1     1    10     4     3     3     0     3   -93.0   45.757   61.897   6751.1    420.4
     1     1    10     4     3     2     0     2   -94.0   45.594   61.719   6716.9    423.4
     1     1    10     4     3     1     0     1   -95.0   45.438   61.540   6704.6    423.7
     1     1    10     4     3     0     0     0   -96.0   45.289   61.359   6701.8    423.5
