     7     1
    GDAS    10     3    22     0     0
    GDAS    10     4     8     0     0
    GDAS    10     4    15     0     0
    GDAS    10     4    22     0     0
    GDAS    10     4    29     0     0
    GDAS    10     4     1     0     0
    GDAS    10     3    29     0     0
     1 BACKWARD OMEGA   
    10     4     9    12   39.977  116.381  1600.0
     1 PRESSURE
     1     1    10     4     9    12     0     0     0.0   39.977  116.381   1363.1    831.8
     1     1    10     4     9    11     0     1    -1.0   40.087  115.976   1390.0    806.5
     1     1    10     4     9    10     0     2    -2.0   40.186  115.513   1312.8    764.0
     1     1    10     4     9     9     0     3    -3.0   40.274  115.021   1028.4    754.7
     1     1    10     4     9     8     0     2    -4.0   40.364  114.513    777.8    794.8
     1     1    10     4     9     7     0     1    -5.0   40.474  113.919    654.7    803.3
     1     1    10     4     9     6     0     0    -6.0   40.593  113.214    685.7    787.3
     1     1    10     4     9     5     0     1    -7.0   40.690  112.475    779.2    759.8
     1     1    10     4     9     4     0     2    -8.0   40.753  111.777    768.8    757.2
     1     1    10     4     9     3     0     3    -9.0   40.799  111.104    730.4    765.2
     1     1    10     4     9     2     0     2   -10.0   40.841  110.449    717.4    767.0
     1     1    10     4     9     1     0     1   -11.0   40.873  109.825    705.3    774.5
     1     1    10     4     9     0     0     0   -12.0   40.887  109.240    646.8    796.6
     1     1    10     4     8    23     0     1   -13.0   40.876  108.719    557.6    824.2
     1     1    10     4     8    22     0     2   -14.0   40.855  108.241    516.1    840.2
     1     1    10     4     8    21     0     3   -15.0   40.854  107.758    540.3    832.5
     1     1    10     4     8    20     0     2   -16.0   40.896  107.236    618.7    806.2
     1     1    10     4     8    19     0     1   -17.0   40.983  106.642    691.9    780.1
     1     1    10     4     8    18     0     0   -18.0   41.112  105.978    637.4    782.5
     1     1    10     4     8    17     0     1   -19.0   41.217  105.358    535.0    822.2
     1     1    10     4     8    16     0     2   -20.0   41.282  104.846    460.6    833.3
     1     1    10     4     8    15     0     3   -21.0   41.324  104.396    385.2    837.5
     1     1    10     4     8    14     0     2   -22.0   41.362  103.946    318.6    841.1
     1     1    10     4     8    13     0     1   -23.0   41.406  103.482    262.0    846.4
     1     1    10     4     8    12     0     0   -24.0   41.451  103.022    219.8    850.3
     1     1    10     4     8    11     0     1   -25.0   41.500  102.577    190.9    860.1
     1     1    10     4     8    10     0     2   -26.0   41.550  102.159    170.6    870.3
     1     1    10     4     8     9     0     3   -27.0   41.602  101.751    159.5    877.3
     1     1    10     4     8     8     0     2   -28.0   41.666  101.360    156.2    881.3
     1     1    10     4     8     7     0     1   -29.0   41.747  100.991    155.7    884.2
     1     1    10     4     8     6     0     0   -30.0   41.843  100.632    157.2    884.3
     1     1    10     4     8     5     0     1   -31.0   41.955  100.267    169.5    884.5
     1     1    10     4     8     4     0     2   -32.0   42.093   99.888    202.9    875.1
     1     1    10     4     8     3     0     3   -33.0   42.264   99.507    252.7    854.6
     1     1    10     4     8     2     0     2   -34.0   42.459   99.094    302.5    835.8
     1     1    10     4     8     1     0     1   -35.0   42.671   98.610    339.6    822.1
     1     1    10     4     8     0     0     0   -36.0   42.899   98.055    368.3    815.6
     1     1    10     4     7    23     0     1   -37.0   43.139   97.438    423.3    810.8
     1     1    10     4     7    22     0     2   -38.0   43.387   96.790    524.3    808.3
     1     1    10     4     7    21     0     3   -39.0   43.651   96.137    618.1    812.1
     1     1    10     4     7    20     0     2   -40.0   43.942   95.420    761.7    848.1
     1     1    10     4     7    19     0     1   -41.0   44.272   94.653   1081.6    788.9
     1     1    10     4     7    18     0     0   -42.0   44.554   93.933   1253.9    737.4
     1     1    10     4     7    17     0     1   -43.0   44.809   93.216   1330.8    718.5
     1     1    10     4     7    16     0     2   -44.0   45.010   92.507   1364.9    729.0
     1     1    10     4     7    15     0     3   -45.0   45.176   91.821   1375.0    731.1
     1     1    10     4     7    14     0     2   -46.0   45.342   91.138   1397.7    729.2
     1     1    10     4     7    13     0     1   -47.0   45.520   90.489   1377.9    736.6
     1     1    10     4     7    12     0     0   -48.0   45.704   89.937   1300.8    752.4
     1     1    10     4     7    11     0     1   -49.0   45.881   89.457   1213.1    774.8
     1     1    10     4     7    10     0     2   -50.0   46.047   88.949   1133.8    792.4
     1     1    10     4     7     9     0     3   -51.0   46.188   88.366   1053.0    814.7
     1     1    10     4     7     8     0     2   -52.0   46.300   87.772    981.2    835.2
     1     1    10     4     7     7     0     1   -53.0   46.386   87.237    905.5    840.7
     1     1    10     4     7     6     0     0   -54.0   46.453   86.735    799.5    842.8
     1     1    10     4     7     5     0     1   -55.0   46.533   86.207    692.5    830.0
     1     1    10     4     7     4     0     2   -56.0   46.633   85.617    666.1    804.7
     1     1    10     4     7     3     0     3   -57.0   46.731   84.885    770.9    766.1
     1     1    10     4     7     2     0     2   -58.0   46.756   84.100    719.9    778.6
     1     1    10     4     7     1     0     1   -59.0   46.733   83.485    496.3    814.7
     1     1    10     4     7     0     0     0   -60.0   46.734   83.025    340.3    842.0
     1     1    10     4     6    23     0     1   -61.0   46.735   82.679    250.1    861.2
     1     1    10     4     6    22     0     2   -62.0   46.715   82.434    197.2    874.3
     1     1    10     4     6    21     0     3   -63.0   46.675   82.258    170.2    885.0
     1     1    10     4     6    20     0     2   -64.0   46.627   82.148    193.1    891.2
     1     1    10     4     6    19     0     1   -65.0   46.569   82.100    265.1    886.3
     1     1    10     4     6    18     0     0   -66.0   46.488   82.105    373.2    876.1
     1     1    10     4     6    17     0     1   -67.0   46.379   82.109    488.1    864.8
     1     1    10     4     6    16     0     2   -68.0   46.250   82.083    602.7    859.8
     1     1    10     4     6    15     0     3   -69.0   46.103   82.042    735.0    853.2
     1     1    10     4     6    14     0     2   -70.0   45.964   81.983    850.1    841.8
     1     1    10     4     6    13     0     1   -71.0   45.851   81.896    914.7    830.4
     1     1    10     4     6    12     0     0   -72.0   45.760   81.780    937.5    821.2
     1     1    10     4     6    11     0     1   -73.0   45.681   81.637    951.4    810.7
     1     1    10     4     6    10     0     2   -74.0   45.604   81.436    992.6    788.8
     1     1    10     4     6     9     0     3   -75.0   45.536   81.148   1087.9    752.8
     1     1    10     4     6     8     0     2   -76.0   45.502   80.752   1221.7    720.0
     1     1    10     4     6     7     0     1   -77.0   45.498   80.309   1300.6    710.8
     1     1    10     4     6     6     0     0   -78.0   45.500   79.874   1300.9    719.5
     1     1    10     4     6     5     0     1   -79.0   45.481   79.487   1288.8    742.8
     1     1    10     4     6     4     0     2   -80.0   45.433   79.143   1304.7    753.6
     1     1    10     4     6     3     0     3   -81.0   45.366   78.832   1359.9    762.6
     1     1    10     4     6     2     0     2   -82.0   45.289   78.551   1460.6    769.0
     1     1    10     4     6     1     0     1   -83.0   45.209   78.296   1597.9    772.8
     1     1    10     4     6     0     0     0   -84.0   45.128   78.060   1758.5    777.0
     1     1    10     4     5    23     0     1   -85.0   45.057   77.819   1906.4    768.0
     1     1    10     4     5    22     0     2   -86.0   45.009   77.557   2024.2    758.5
     1     1    10     4     5    21     0     3   -87.0   44.983   77.275   2116.6    752.4
     1     1    10     4     5    20     0     2   -88.0   44.974   76.975   2193.8    748.6
     1     1    10     4     5    19     0     1   -89.0   44.973   76.660   2277.1    743.5
     1     1    10     4     5    18     0     0   -90.0   44.970   76.336   2384.5    734.4
     1     1    10     4     5    17     0     1   -91.0   44.958   76.014   2475.3    722.8
     1     1    10     4     5    16     0     2   -92.0   44.931   75.704   2481.5    717.5
     1     1    10     4     5    15     0     3   -93.0   44.890   75.423   2389.7    722.6
     1     1    10     4     5    14     0     2   -94.0   44.840   75.179   2275.0    736.1
     1     1    10     4     5    13     0     1   -95.0   44.791   74.951   2204.5    739.6
     1     1    10     4     5    12     0     0   -96.0   44.742   74.727   2188.3    740.9
