     5     1
    GDAS    10     3     1     0     0
    GDAS    10     3     8     0     0
    GDAS    10     3    15     0     0
    GDAS    10     3    22     0     0
    GDAS    10     3    29     0     0
     1 BACKWARD OMEGA   
    10     3    31     0   39.977  116.381  4600.0
     1 PRESSURE
     1     1    10     3    31     0     0     0     0.0   39.977  116.381   4361.4    568.4
     1     1    10     3    30    23     0     1    -1.0   40.028  115.584   4216.6    543.8
     1     1    10     3    30    22     0     2    -2.0   40.101  114.614   4286.7    501.7
     1     1    10     3    30    21     0     3    -3.0   40.216  113.509   4404.8    490.5
     1     1    10     3    30    20     0     2    -4.0   40.299  112.324   4558.1    469.2
     1     1    10     3    30    19     0     1    -5.0   40.356  111.081   4738.9    463.2
     1     1    10     3    30    18     0     0    -6.0   40.394  109.779   4832.1    457.6
     1     1    10     3    30    17     0     1    -7.0   40.393  108.400   5026.0    450.2
     1     1    10     3    30    16     0     2    -8.0   40.366  107.048   5000.3    452.3
     1     1    10     3    30    15     0     3    -9.0   40.362  105.722   4949.1    456.9
     1     1    10     3    30    14     0     2   -10.0   40.386  104.405   4808.3    460.2
     1     1    10     3    30    13     0     1   -11.0   40.431  103.070   4747.1    462.7
     1     1    10     3    30    12     0     0   -12.0   40.515  101.686   4931.1    463.2
     1     1    10     3    30    11     0     1   -13.0   40.598  100.237   5119.6    446.0
     1     1    10     3    30    10     0     2   -14.0   40.675   98.807   5103.7    436.8
     1     1    10     3    30     9     0     3   -15.0   40.775   97.412   4865.2    434.6
     1     1    10     3    30     8     0     2   -16.0   40.890   96.018   4831.4    432.7
     1     1    10     3    30     7     0     1   -17.0   41.035   94.674   4875.1    444.6
     1     1    10     3    30     6     0     0   -18.0   41.206   93.444   4909.0    459.8
     1     1    10     3    30     5     0     1   -19.0   41.396   92.310   4870.7    475.9
     1     1    10     3    30     4     0     2   -20.0   41.640   91.254   4863.9    476.4
     1     1    10     3    30     3     0     3   -21.0   41.954   90.278   4908.3    473.3
     1     1    10     3    30     2     0     2   -22.0   42.301   89.359   4968.7    480.6
     1     1    10     3    30     1     0     1   -23.0   42.692   88.429   4845.5    485.1
     1     1    10     3    30     0     0     0   -24.0   43.217   87.428   4590.2    424.9
     1     1    10     3    29    23     0     1   -25.0   43.841   86.394   4796.6    456.2
     1     1    10     3    29    22     0     2   -26.0   44.478   85.380   4814.8    476.3
     1     1    10     3    29    21     0     3   -27.0   45.079   84.379   4988.2    509.7
     1     1    10     3    29    20     0     2   -28.0   45.715   83.396   4860.9    486.0
     1     1    10     3    29    19     0     1   -29.0   46.420   82.367   4969.9    476.0
     1     1    10     3    29    18     0     0   -30.0   47.184   81.351   5093.1    481.2
     1     1    10     3    29    17     0     1   -31.0   47.971   80.370   5096.3    479.4
     1     1    10     3    29    16     0     2   -32.0   48.777   79.384   5170.5    481.7
     1     1    10     3    29    15     0     3   -33.0   49.661   78.427   5307.1    482.2
     1     1    10     3    29    14     0     2   -34.0   50.608   77.465   5481.6    481.6
     1     1    10     3    29    13     0     1   -35.0   51.581   76.441   5591.5    484.0
     1     1    10     3    29    12     0     0   -36.0   52.619   75.449   5654.6    482.4
     1     1    10     3    29    11     0     1   -37.0   53.682   74.450   5743.7    476.7
     1     1    10     3    29    10     0     2   -38.0   54.710   73.357   5813.8    471.3
     1     1    10     3    29     9     0     3   -39.0   55.694   72.162   5846.0    467.9
     1     1    10     3    29     8     0     2   -40.0   56.640   70.908   5867.2    467.7
     1     1    10     3    29     7     0     1   -41.0   57.542   69.597   5907.6    465.3
     1     1    10     3    29     6     0     0   -42.0   58.376   68.176   5954.5    464.2
     1     1    10     3    29     5     0     1   -43.0   59.164   66.671   6040.1    456.9
     1     1    10     3    29     4     0     2   -44.0   59.939   65.127   6076.0    454.7
     1     1    10     3    29     3     0     3   -45.0   60.666   63.531   6075.0    453.1
     1     1    10     3    29     2     0     2   -46.0   61.307   61.827   6097.0    449.5
     1     1    10     3    29     1     0     1   -47.0   61.874   60.081   6015.8    443.7
     1     1    10     3    29     0     0     0   -48.0   62.361   58.269   6047.4    440.9
     1     1    10     3    28    23     0     1   -49.0   62.711   56.402   6038.3    450.6
     1     1    10     3    28    22     0     2   -50.0   62.988   54.520   5981.5    452.0
     1     1    10     3    28    21     0     3   -51.0   63.195   52.654   5930.4    455.8
     1     1    10     3    28    20     0     2   -52.0   63.296   50.856   5871.3    460.0
     1     1    10     3    28    19     0     1   -53.0   63.317   49.057   5752.3    467.0
     1     1    10     3    28    18     0     0   -54.0   63.265   47.309   5585.4    480.0
     1     1    10     3    28    17     0     1   -55.0   63.130   45.646   5397.1    491.5
     1     1    10     3    28    16     0     2   -56.0   62.880   43.972   5023.3    518.8
     1     1    10     3    28    15     0     3   -57.0   62.547   42.441   4648.3    552.5
     1     1    10     3    28    14     0     2   -58.0   62.133   41.062   4494.9    556.4
     1     1    10     3    28    13     0     1   -59.0   61.648   39.735   4420.9    563.4
     1     1    10     3    28    12     0     0   -60.0   61.072   38.562   4311.7    569.8
     1     1    10     3    28    11     0     1   -61.0   60.449   37.537   4155.0    583.3
     1     1    10     3    28    10     0     2   -62.0   59.849   36.673   4048.9    592.7
     1     1    10     3    28     9     0     3   -63.0   59.240   35.968   3983.1    599.9
     1     1    10     3    28     8     0     2   -64.0   58.643   35.338   3956.5    603.4
     1     1    10     3    28     7     0     1   -65.0   58.082   34.700   3995.4    600.2
     1     1    10     3    28     6     0     0   -66.0   57.538   34.105   4071.2    587.5
     1     1    10     3    28     5     0     1   -67.0   56.990   33.532   4113.4    578.7
     1     1    10     3    28     4     0     2   -68.0   56.440   32.940   4121.7    582.0
     1     1    10     3    28     3     0     3   -69.0   55.900   32.353   4115.0    585.1
     1     1    10     3    28     2     0     2   -70.0   55.359   31.797   4102.6    587.6
     1     1    10     3    28     1     0     1   -71.0   54.818   31.251   4084.0    588.0
     1     1    10     3    28     0     0     0   -72.0   54.289   30.689   4054.0    592.9
     1     1    10     3    27    23     0     1   -73.0   53.737   30.132   4038.2    595.0
     1     1    10     3    27    22     0     2   -74.0   53.141   29.575   4020.4    597.3
     1     1    10     3    27    21     0     3   -75.0   52.524   28.977   4000.0    602.7
     1     1    10     3    27    20     0     2   -76.0   51.902   28.396   3970.8    602.9
     1     1    10     3    27    19     0     1   -77.0   51.283   27.890   3893.9    604.9
     1     1    10     3    27    18     0     0   -78.0   50.689   27.409   3763.5    612.7
     1     1    10     3    27    17     0     1   -79.0   50.133   26.959   3624.1    626.0
     1     1    10     3    27    16     0     2   -80.0   49.600   26.575   3484.3    631.5
     1     1    10     3    27    15     0     3   -81.0   49.096   26.230   3300.4    644.9
     1     1    10     3    27    14     0     2   -82.0   48.627   25.917   3100.5    663.3
     1     1    10     3    27    13     0     1   -83.0   48.195   25.645   2949.0    667.2
     1     1    10     3    27    12     0     0   -84.0   47.785   25.387   2874.9    652.6
     1     1    10     3    27    11     0     1   -85.0   47.430   25.097   2852.4    637.8
     1     1    10     3    27    10     0     2   -86.0   47.147   24.780   2842.0    644.4
     1     1    10     3    27     9     0     3   -87.0   46.902   24.491   2807.3    664.2
     1     1    10     3    27     8     0     2   -88.0   46.671   24.217   2782.0    682.6
     1     1    10     3    27     7     0     1   -89.0   46.457   23.903   2816.1    683.2
     1     1    10     3    27     6     0     0   -90.0   46.278   23.521   2901.3    668.4
     1     1    10     3    27     5     0     1   -91.0   46.134   23.081   3012.8    651.6
     1     1    10     3    27     4     0     2   -92.0   45.995   22.634   3114.8    651.6
     1     1    10     3    27     3     0     3   -93.0   45.843   22.228   3163.1    658.5
     1     1    10     3    27     2     0     2   -94.0   45.692   21.841   3166.1    665.3
     1     1    10     3    27     1     0     1   -95.0   45.549   21.448   3130.4    675.0
     1     1    10     3    27     0     0     0   -96.0   45.403   21.053   3081.4    690.9
