     7     1
    GDAS    10     3    22     0     0
    GDAS    10     4     8     0     0
    GDAS    10     4    15     0     0
    GDAS    10     4    22     0     0
    GDAS    10     4    29     0     0
    GDAS    10     4     1     0     0
    GDAS    10     3    29     0     0
     1 BACKWARD OMEGA   
    10     4    26     6   39.977  116.381 10000.0
     1 PRESSURE
     1     1    10     4    26     6     0     0     0.0   39.977  116.381   9760.5    251.4
     1     1    10     4    26     5     0     1    -1.0   39.734  115.123   9521.5    237.4
     1     1    10     4    26     4     0     2    -2.0   39.657  113.842   9429.0    228.7
     1     1    10     4    26     3     0     3    -3.0   39.694  112.621   9324.3    227.8
     1     1    10     4    26     2     0     2    -4.0   39.820  111.435   9372.7    230.2
     1     1    10     4    26     1     0     1    -5.0   40.046  110.293   9412.8    228.6
     1     1    10     4    26     0     0     0    -6.0   40.345  109.222   9428.1    226.4
     1     1    10     4    25    23     0     1    -7.0   40.735  108.214   9570.5    229.1
     1     1    10     4    25    22     0     2    -8.0   41.232  107.307   9578.6    223.1
     1     1    10     4    25    21     0     3    -9.0   41.787  106.529   9635.6    224.6
     1     1    10     4    25    20     0     2   -10.0   42.419  105.848   9649.4    225.8
     1     1    10     4    25    19     0     1   -11.0   43.123  105.263   9581.5    214.7
