     5     1
    GDAS    10     3     1     0     0
    GDAS    10     3     8     0     0
    GDAS    10     3    15     0     0
    GDAS    10     3    22     0     0
    GDAS    10     3    29     0     0
     1 BACKWARD OMEGA   
    10     3    24    12   39.977  116.381  8000.0
     1 PRESSURE
     1     1    10     3    24    12     0     0     0.0   39.977  116.381   7756.2    342.6
     1     1    10     3    24    11     0     1    -1.0   39.566  114.347   7690.3    307.0
     1     1    10     3    24    10     0     2    -2.0   39.248  112.343   7605.7    295.7
     1     1    10     3    24     9     0     3    -3.0   39.065  110.343   7845.0    295.7
     1     1    10     3    24     8     0     2    -4.0   39.029  108.411   7921.9    285.2
     1     1    10     3    24     7     0     1    -5.0   39.136  106.519   8013.2    284.0
     1     1    10     3    24     6     0     0    -6.0   39.327  104.669   8111.3    279.4
     1     1    10     3    24     5     0     1    -7.0   39.562  102.909   8085.7    279.4
     1     1    10     3    24     4     0     2    -8.0   39.887  101.238   8161.6    279.8
     1     1    10     3    24     3     0     3    -9.0   40.312   99.622   8350.5    273.2
     1     1    10     3    24     2     0     2   -10.0   40.787   98.057   8317.6    265.9
     1     1    10     3    24     1     0     1   -11.0   41.266   96.546   8279.7    254.2
     1     1    10     3    24     0     0     0   -12.0   41.776   95.073   8458.3    261.0
     1     1    10     3    23    23     0     1   -13.0   42.304   93.680   8658.6    266.6
     1     1    10     3    23    22     0     2   -14.0   42.789   92.366   8854.7    278.9
     1     1    10     3    23    21     0     3   -15.0   43.193   91.150   8776.9    283.9
     1     1    10     3    23    20     0     2   -16.0   43.557   89.983   8586.9    282.3
     1     1    10     3    23    19     0     1   -17.0   43.886   88.830   8380.3    270.8
     1     1    10     3    23    18     0     0   -18.0   44.171   87.691   8497.4    279.0
     1     1    10     3    23    17     0     1   -19.0   44.466   86.633   8622.9    290.4
     1     1    10     3    23    16     0     2   -20.0   44.762   85.624   8644.5    289.5
     1     1    10     3    23    15     0     3   -21.0   45.039   84.645   8868.0    292.8
     1     1    10     3    23    14     0     2   -22.0   45.302   83.613   8831.7    282.3
     1     1    10     3    23    13     0     1   -23.0   45.513   82.569   8743.6    281.6
     1     1    10     3    23    12     0     0   -24.0   45.666   81.537   8600.5    274.9
     1     1    10     3    23    11     0     1   -25.0   45.789   80.525   8604.4    274.0
     1     1    10     3    23    10     0     2   -26.0   45.893   79.559   8786.3    283.1
     1     1    10     3    23     9     0     3   -27.0   45.957   78.643   8895.9    286.9
     1     1    10     3    23     8     0     2   -28.0   45.999   77.765   8939.0    288.7
     1     1    10     3    23     7     0     1   -29.0   46.043   76.907   8924.8    290.1
     1     1    10     3    23     6     0     0   -30.0   46.087   76.078   8876.9    291.2
     1     1    10     3    23     5     0     1   -31.0   46.129   75.266   8842.6    292.7
     1     1    10     3    23     4     0     2   -32.0   46.167   74.450   8828.2    293.5
     1     1    10     3    23     3     0     3   -33.0   46.202   73.632   8804.5    292.7
     1     1    10     3    23     2     0     2   -34.0   46.239   72.803   8765.2    291.2
     1     1    10     3    23     1     0     1   -35.0   46.266   71.979   8751.1    291.4
     1     1    10     3    23     0     0     0   -36.0   46.284   71.172   8771.8    293.5
     1     1    10     3    22    23     0     1   -37.0   46.299   70.361   8786.3    295.2
     1     1    10     3    22    22     0     2   -38.0   46.307   69.516   8811.6    297.2
     1     1    10     3    22    21     0     3   -39.0   46.299   68.626   8824.6    299.0
     1     1    10     3    22    20     0     2   -40.0   46.297   67.705   8810.7    300.2
     1     1    10     3    22    19     0     1   -41.0   46.304   66.768   8789.9    303.1
     1     1    10     3    22    18     0     0   -42.0   46.312   65.822   8761.5    307.1
     1     1    10     3    22    17     0     1   -43.0   46.301   64.905   8710.5    311.0
     1     1    10     3    22    16     0     2   -44.0   46.263   64.050   8664.3    314.4
     1     1    10     3    22    15     0     3   -45.0   46.225   63.240   8639.6    316.8
     1     1    10     3    22    14     0     2   -46.0   46.208   62.439   8627.1    318.5
     1     1    10     3    22    13     0     1   -47.0   46.215   61.629   8621.2    319.0
     1     1    10     3    22    12     0     0   -48.0   46.243   60.802   8618.6    318.5
     1     1    10     3    22    11     0     1   -49.0   46.298   59.957   8620.8    317.6
     1     1    10     3    22    10     0     2   -50.0   46.364   59.096   8615.1    316.6
     1     1    10     3    22     9     0     3   -51.0   46.412   58.209   8587.1    316.8
     1     1    10     3    22     8     0     2   -52.0   46.458   57.300   8571.0    319.5
     1     1    10     3    22     7     0     1   -53.0   46.510   56.378   8533.7    322.0
     1     1    10     3    22     6     0     0   -54.0   46.565   55.446   8470.8    326.4
     1     1    10     3    22     5     0     1   -55.0   46.636   54.515   8430.3    330.9
     1     1    10     3    22     4     0     2   -56.0   46.710   53.575   8415.7    333.0
     1     1    10     3    22     3     0     3   -57.0   46.786   52.601   8407.1    334.3
     1     1    10     3    22     2     0     2   -58.0   46.883   51.610   8407.2    334.7
     1     1    10     3    22     1     0     1   -59.0   46.985   50.608   8413.8    332.9
     1     1    10     3    22     0     0     0   -60.0   47.081   49.574   8424.4    332.4
     1     1    10     3    21    23     0     1   -61.0   47.212   48.537   8436.3    332.4
     1     1    10     3    21    22     0     2   -62.0   47.379   47.517   8480.4    330.0
     1     1    10     3    21    21     0     3   -63.0   47.586   46.494   8533.4    327.6
     1     1    10     3    21    20     0     2   -64.0   47.828   45.476   8592.9    323.9
     1     1    10     3    21    19     0     1   -65.0   48.057   44.428   8614.4    319.5
     1     1    10     3    21    18     0     0   -66.0   48.288   43.337   8625.4    318.6
     1     1    10     3    21    17     0     1   -67.0   48.513   42.278   8629.9    317.4
     1     1    10     3    21    16     0     2   -68.0   48.711   41.262   8639.2    316.3
     1     1    10     3    21    15     0     3   -69.0   48.944   40.285   8690.7    314.1
     1     1    10     3    21    14     0     2   -70.0   49.194   39.322   8761.1    310.4
     1     1    10     3    21    13     0     1   -71.0   49.415   38.320   8812.5    307.6
     1     1    10     3    21    12     0     0   -72.0   49.659   37.313   8849.9    305.4
     1     1    10     3    21    11     0     1   -73.0   49.902   36.320   8842.4    304.2
     1     1    10     3    21    10     0     2   -74.0   50.110   35.349   8835.1    305.2
     1     1    10     3    21     9     0     3   -75.0   50.339   34.376   8893.5    302.5
     1     1    10     3    21     8     0     2   -76.0   50.577   33.369   8991.6    297.7
     1     1    10     3    21     7     0     1   -77.0   50.807   32.334   9066.6    295.1
     1     1    10     3    21     6     0     0   -78.0   51.058   31.308   9138.0    292.5
     1     1    10     3    21     5     0     1   -79.0   51.307   30.216   9222.4    287.8
     1     1    10     3    21     4     0     2   -80.0   51.539   29.066   9253.0    285.9
     1     1    10     3    21     3     0     3   -81.0   51.777   27.899   9273.7    285.2
     1     1    10     3    21     2     0     2   -82.0   52.004   26.680   9298.5    284.6
     1     1    10     3    21     1     0     1   -83.0   52.192   25.450   9280.0    284.1
     1     1    10     3    21     0     0     0   -84.0   52.365   24.247   9237.6    286.0
     1     1    10     3    20    23     0     1   -85.0   52.522   22.997   9226.7    286.7
     1     1    10     3    20    22     0     2   -86.0   52.612   21.719   9228.0    288.2
     1     1    10     3    20    21     0     3   -87.0   52.714   20.347   9290.9    285.3
     1     1    10     3    20    20     0     2   -88.0   52.792   18.806   9388.5    282.2
     1     1    10     3    20    19     0     1   -89.0   52.759   17.310   9385.9    282.7
     1     1    10     3    20    18     0     0   -90.0   52.724   15.799   9367.7    284.0
     1     1    10     3    20    17     0     1   -91.0   52.612   14.278   9366.2    285.3
     1     1    10     3    20    16     0     2   -92.0   52.448   12.844   9369.1    284.8
     1     1    10     3    20    15     0     3   -93.0   52.261   11.376   9375.3    281.3
     1     1    10     3    20    14     0     2   -94.0   52.003    9.931   9205.0    285.8
     1     1    10     3    20    13     0     1   -95.0   51.718    8.570   9113.6    292.0
     1     1    10     3    20    12     0     0   -96.0   51.378    7.163   9126.2    292.7
