     5     1
    GDAS    10     3     1     0     0
    GDAS    10     3     8     0     0
    GDAS    10     3    15     0     0
    GDAS    10     3    22     0     0
    GDAS    10     3    29     0     0
     1 BACKWARD OMEGA   
    10     3    30    18   39.977  116.381  5400.0
     1 PRESSURE
     1     1    10     3    30    18     0     0     0.0   39.977  116.381   5161.6    509.6
     1     1    10     3    30    17     0     1    -1.0   40.092  115.658   5101.1    480.1
     1     1    10     3    30    16     0     2    -2.0   40.209  114.854   5037.1    451.0
     1     1    10     3    30    15     0     3    -3.0   40.332  114.024   5219.5    441.5
     1     1    10     3    30    14     0     2    -4.0   40.440  113.155   5369.4    419.3
     1     1    10     3    30    13     0     1    -5.0   40.507  112.236   5375.9    414.7
     1     1    10     3    30    12     0     0    -6.0   40.562  111.292   5403.8    416.4
     1     1    10     3    30    11     0     1    -7.0   40.609  110.329   5445.7    413.5
     1     1    10     3    30    10     0     2    -8.0   40.606  109.334   5538.1    417.0
     1     1    10     3    30     9     0     3    -9.0   40.534  108.324   5652.9    417.8
     1     1    10     3    30     8     0     2   -10.0   40.453  107.347   5681.5    411.5
     1     1    10     3    30     7     0     1   -11.0   40.390  106.397   5708.3    411.4
     1     1    10     3    30     6     0     0   -12.0   40.316  105.452   5776.9    406.5
     1     1    10     3    30     5     0     1   -13.0   40.256  104.475   5865.6    393.2
     1     1    10     3    30     4     0     2   -14.0   40.237  103.531   5889.6    390.1
     1     1    10     3    30     3     0     3   -15.0   40.248  102.673   5846.0    396.4
     1     1    10     3    30     2     0     2   -16.0   40.289  101.857   5799.7    407.2
     1     1    10     3    30     1     0     1   -17.0   40.354  100.988   5849.5    406.6
     1     1    10     3    30     0     0     0   -18.0   40.446  100.071   5961.8    394.9
     1     1    10     3    29    23     0     1   -19.0   40.555   99.122   6074.5    385.9
     1     1    10     3    29    22     0     2   -20.0   40.660   98.139   6078.4    375.3
     1     1    10     3    29    21     0     3   -21.0   40.773   97.169   5912.1    366.9
     1     1    10     3    29    20     0     2   -22.0   40.903   96.270   5780.8    377.9
     1     1    10     3    29    19     0     1   -23.0   41.008   95.392   5798.1    383.1
     1     1    10     3    29    18     0     0   -24.0   41.073   94.514   5887.8    389.4
     1     1    10     3    29    17     0     1   -25.0   41.143   93.703   5989.8    394.6
     1     1    10     3    29    16     0     2   -26.0   41.215   92.936   6067.0    394.8
     1     1    10     3    29    15     0     3   -27.0   41.285   92.192   6167.7    397.0
     1     1    10     3    29    14     0     2   -28.0   41.379   91.469   6263.6    395.2
     1     1    10     3    29    13     0     1   -29.0   41.493   90.762   6304.9    390.3
     1     1    10     3    29    12     0     0   -30.0   41.623   90.067   6301.6    388.5
     1     1    10     3    29    11     0     1   -31.0   41.763   89.399   6249.8    390.5
     1     1    10     3    29    10     0     2   -32.0   41.896   88.748   6135.9    393.8
     1     1    10     3    29     9     0     3   -33.0   42.015   88.080   6024.8    397.1
     1     1    10     3    29     8     0     2   -34.0   42.144   87.391   6017.5    393.9
     1     1    10     3    29     7     0     1   -35.0   42.301   86.681   5985.7    371.6
     1     1    10     3    29     6     0     0   -36.0   42.506   85.908   5968.6    341.9
     1     1    10     3    29     5     0     1   -37.0   42.778   85.104   6015.1    321.3
     1     1    10     3    29     4     0     2   -38.0   43.061   84.354   6099.6    315.5
     1     1    10     3    29     3     0     3   -39.0   43.290   83.694   6172.2    315.2
     1     1    10     3    29     2     0     2   -40.0   43.504   83.099   6261.5    316.8
     1     1    10     3    29     1     0     1   -41.0   43.697   82.556   6424.7    329.7
     1     1    10     3    29     0     0     0   -42.0   43.834   82.082   6569.8    341.2
     1     1    10     3    28    23     0     1   -43.0   43.952   81.665   6726.9    354.8
     1     1    10     3    28    22     0     2   -44.0   44.097   81.269   6899.2    357.4
     1     1    10     3    28    21     0     3   -45.0   44.262   80.840   7007.1    345.0
     1     1    10     3    28    20     0     2   -46.0   44.479   80.349   7006.7    326.1
     1     1    10     3    28    19     0     1   -47.0   44.767   79.795   6926.3    305.9
     1     1    10     3    28    18     0     0   -48.0   45.088   79.272   7122.4    307.8
     1     1    10     3    28    17     0     1   -49.0   45.424   78.841   7536.1    327.4
     1     1    10     3    28    16     0     2   -50.0   45.784   78.485   7873.9    335.1
     1     1    10     3    28    15     0     3   -51.0   46.196   78.160   8133.5    328.4
     1     1    10     3    28    14     0     2   -52.0   46.701   77.761   8302.0    312.6
     1     1    10     3    28    13     0     1   -53.0   47.289   77.243   8406.9    305.0
     1     1    10     3    28    12     0     0   -54.0   47.933   76.647   8459.3    297.0
     1     1    10     3    28    11     0     1   -55.0   48.608   75.907   8472.7    287.5
     1     1    10     3    28    10     0     2   -56.0   49.304   74.976   8519.2    284.5
     1     1    10     3    28     9     0     3   -57.0   50.048   73.921   8660.0    290.8
     1     1    10     3    28     8     0     2   -58.0   50.846   72.752   8786.6    287.3
     1     1    10     3    28     7     0     1   -59.0   51.659   71.430   8995.1    282.1
     1     1    10     3    28     6     0     0   -60.0   52.533   70.011   9104.7    275.4
     1     1    10     3    28     5     0     1   -61.0   53.472   68.450   9133.0    278.6
     1     1    10     3    28     4     0     2   -62.0   54.395   66.699   9153.6    281.5
     1     1    10     3    28     3     0     3   -63.0   55.295   64.689   9120.2    283.4
     1     1    10     3    28     2     0     2   -64.0   56.223   62.537   9056.4    284.2
     1     1    10     3    28     1     0     1   -65.0   57.194   60.329   8978.8    281.1
     1     1    10     3    28     0     0     0   -66.0   58.244   57.937   8982.8    281.4
     1     1    10     3    27    23     0     1   -67.0   59.350   55.272   9181.8    275.3
     1     1    10     3    27    22     0     2   -68.0   60.415   52.448   9234.5    271.9
     1     1    10     3    27    21     0     3   -69.0   61.426   49.586   9265.7    272.0
     1     1    10     3    27    20     0     2   -70.0   62.422   46.746   9317.1    268.9
     1     1    10     3    27    19     0     1   -71.0   63.287   43.864   9425.6    265.8
     1     1    10     3    27    18     0     0   -72.0   64.128   41.055   9584.7    263.0
     1     1    10     3    27    17     0     1   -73.0   64.951   38.256   9695.9    257.7
     1     1    10     3    27    16     0     2   -74.0   65.636   35.352   9769.0    256.0
     1     1    10     3    27    15     0     3   -75.0   66.225   32.348   9794.2    250.4
     1     1    10     3    27    14     0     2   -76.0   66.662   29.298   9757.9    244.9
     1     1    10     3    27    13     0     1   -77.0   66.971   26.202   9769.6    247.5
     1     1    10     3    27    12     0     0   -78.0   67.171   23.029   9771.2    248.5
     1     1    10     3    27    11     0     1   -79.0   67.185   19.953   9648.8    243.1
     1     1    10     3    27    10     0     2   -80.0   67.017   17.051   9438.9    233.4
     1     1    10     3    27     9     0     3   -81.0   66.693   14.301   9607.2    243.7
     1     1    10     3    27     8     0     2   -82.0   66.173   11.758   9741.1    257.5
     1     1    10     3    27     7     0     1   -83.0   65.420    9.558   9652.8    261.5
     1     1    10     3    27     6     0     0   -84.0   64.459    7.810   9531.8    266.3
     1     1    10     3    27     5     0     1   -85.0   63.319    6.598   9292.3    276.7
     1     1    10     3    27     4     0     2   -86.0   62.069    5.855   8897.7    280.6
     1     1    10     3    27     3     0     3   -87.0   60.709    5.423   8816.6    285.2
     1     1    10     3    27     2     0     2   -88.0   59.261    5.206   8790.7    299.1
     1     1    10     3    27     1     0     1   -89.0   57.781    5.257   8700.2    306.9
     1     1    10     3    27     0     0     0   -90.0   56.354    5.559   8706.9    306.2
     1     1    10     3    26    23     0     1   -91.0   55.054    6.023   8712.6    306.6
     1     1    10     3    26    22     0     2   -92.0   53.896    6.616   8684.2    308.6
     1     1    10     3    26    21     0     3   -93.0   52.860    7.293   8545.6    313.8
     1     1    10     3    26    20     0     2   -94.0   51.951    7.970   8310.8    326.2
     1     1    10     3    26    19     0     1   -95.0   51.110    8.526   7977.1    328.5
     1     1    10     3    26    18     0     0   -96.0   50.276    8.867   7780.3    344.6
