     5     1
    GDAS    10     3     1     0     0
    GDAS    10     3     8     0     0
    GDAS    10     3    15     0     0
    GDAS    10     3    22     0     0
    GDAS    10     3    29     0     0
     1 BACKWARD OMEGA   
    10     3    16    12   39.977  116.381  7000.0
     1 PRESSURE
     1     1    10     3    16    12     0     0     0.0   39.977  116.381   6754.9    402.9
     1     1    10     3    16    11     0     1    -1.0   40.144  114.506   6468.8    364.3
     1     1    10     3    16    10     0     2    -2.0   40.305  112.581   6443.6    356.2
     1     1    10     3    16     9     0     3    -3.0   40.430  110.665   6529.6    354.8
     1     1    10     3    16     8     0     2    -4.0   40.548  108.850   6510.5    364.8
     1     1    10     3    16     7     0     1    -5.0   40.719  107.176   6492.2    363.2
     1     1    10     3    16     6     0     0    -6.0   40.827  105.521   6457.3    365.6
     1     1    10     3    16     5     0     1    -7.0   40.943  103.926   6429.8    369.7
     1     1    10     3    16     4     0     2    -8.0   41.167  102.319   6454.0    373.6
     1     1    10     3    16     3     0     3    -9.0   41.402  100.662   6519.1    377.9
     1     1    10     3    16     2     0     2   -10.0   41.643   99.069   6473.7    366.1
     1     1    10     3    16     1     0     1   -11.0   41.865   97.524   6218.1    362.3
     1     1    10     3    16     0     0     0   -12.0   42.033   95.836   6204.3    348.7
     1     1    10     3    15    23     0     1   -13.0   42.273   94.236   6401.7    369.4
     1     1    10     3    15    22     0     2   -14.0   42.578   92.855   6527.6    395.7
     1     1    10     3    15    21     0     3   -15.0   42.956   91.589   6553.6    406.9
     1     1    10     3    15    20     0     2   -16.0   43.386   90.401   6496.1    395.2
     1     1    10     3    15    19     0     1   -17.0   43.798   89.173   6543.2    369.3
     1     1    10     3    15    18     0     0   -18.0   44.254   88.004   6703.8    362.5
     1     1    10     3    15    17     0     1   -19.0   44.752   86.826   7134.5    374.1
     1     1    10     3    15    16     0     2   -20.0   45.216   85.635   7196.3    376.7
     1     1    10     3    15    15     0     3   -21.0   45.677   84.471   6956.7    369.1
     1     1    10     3    15    14     0     2   -22.0   46.175   83.212   7015.0    344.3
     1     1    10     3    15    13     0     1   -23.0   46.622   81.869   7285.9    345.8
     1     1    10     3    15    12     0     0   -24.0   47.024   80.532   7548.7    353.1
     1     1    10     3    15    11     0     1   -25.0   47.426   79.177   7712.0    339.1
     1     1    10     3    15    10     0     2   -26.0   47.740   77.795   7707.9    334.3
     1     1    10     3    15     9     0     3   -27.0   48.035   76.399   7775.4    329.6
     1     1    10     3    15     8     0     2   -28.0   48.338   74.963   7870.2    314.8
     1     1    10     3    15     7     0     1   -29.0   48.589   73.483   7876.3    318.0
     1     1    10     3    15     6     0     0   -30.0   48.899   72.027   7928.9    325.8
     1     1    10     3    15     5     0     1   -31.0   49.189   70.528   8033.5    324.3
     1     1    10     3    15     4     0     2   -32.0   49.509   68.926   8289.0    312.8
     1     1    10     3    15     3     0     3   -33.0   49.810   67.065   8279.1    312.0
     1     1    10     3    15     2     0     2   -34.0   49.979   65.172   8340.1    320.8
     1     1    10     3    15     1     0     1   -35.0   50.051   62.912   8426.4    315.0
     1     1    10     3    15     0     0     0   -36.0   49.880   60.481   8249.2    319.5
     1     1    10     3    14    23     0     1   -37.0   49.578   58.064   8000.2    327.5
     1     1    10     3    14    22     0     2   -38.0   49.092   55.623   7786.5    346.4
     1     1    10     3    14    21     0     3   -39.0   48.410   53.198   7471.9    371.2
     1     1    10     3    14    20     0     2   -40.0   47.649   51.033   6962.3    402.0
     1     1    10     3    14    19     0     1   -41.0   46.890   49.068   6455.9    433.0
     1     1    10     3    14    18     0     0   -42.0   46.195   47.185   5992.0    462.3
     1     1    10     3    14    17     0     1   -43.0   45.606   45.394   5700.5    480.5
     1     1    10     3    14    16     0     2   -44.0   45.071   43.620   5480.9    482.3
     1     1    10     3    14    15     0     3   -45.0   44.534   41.882   5116.2    479.2
     1     1    10     3    14    14     0     2   -46.0   43.935   40.235   4637.0    479.1
     1     1    10     3    14    13     0     1   -47.0   43.412   38.867   4490.6    567.6
     1     1    10     3    14    12     0     0   -48.0   42.984   37.691   4236.8    592.1
     1     1    10     3    14    11     0     1   -49.0   42.618   36.596   4072.4    605.5
     1     1    10     3    14    10     0     2   -50.0   42.295   35.653   3911.2    615.0
     1     1    10     3    14     9     0     3   -51.0   41.991   34.862   3744.5    616.3
     1     1    10     3    14     8     0     2   -52.0   41.658   34.062   3561.5    589.0
     1     1    10     3    14     7     0     1   -53.0   41.297   33.255   3338.9    589.0
     1     1    10     3    14     6     0     0   -54.0   40.964   32.601   3027.0    599.9
     1     1    10     3    14     5     0     1   -55.0   40.696   32.035   2753.3    640.9
     1     1    10     3    14     4     0     2   -56.0   40.452   31.505   2554.7    670.7
     1     1    10     3    14     3     0     3   -57.0   40.188   31.048   2369.2    683.1
     1     1    10     3    14     2     0     2   -58.0   39.929   30.633   2210.7    692.6
     1     1    10     3    14     1     0     1   -59.0   39.699   30.235   2109.9    694.8
     1     1    10     3    14     0     0     0   -60.0   39.489   29.862   2046.7    695.6
     1     1    10     3    13    23     0     1   -61.0   39.301   29.490   1989.5    699.5
     1     1    10     3    13    22     0     2   -62.0   39.142   29.107   1917.2    710.5
     1     1    10     3    13    21     0     3   -63.0   39.009   28.729   1860.9    727.9
     1     1    10     3    13    20     0     2   -64.0   38.899   28.364   1846.1    747.7
     1     1    10     3    13    19     0     1   -65.0   38.810   28.009   1865.2    759.7
     1     1    10     3    13    18     0     0   -66.0   38.737   27.658   1907.8    768.7
     1     1    10     3    13    17     0     1   -67.0   38.665   27.317   1956.9    774.0
     1     1    10     3    13    16     0     2   -68.0   38.585   26.994   1982.3    781.9
     1     1    10     3    13    15     0     3   -69.0   38.498   26.672   1972.4    787.0
     1     1    10     3    13    14     0     2   -70.0   38.402   26.337   1962.1    795.3
     1     1    10     3    13    13     0     1   -71.0   38.295   25.986   1977.1    798.6
     1     1    10     3    13    12     0     0   -72.0   38.169   25.633   2005.0    795.1
     1     1    10     3    13    11     0     1   -73.0   38.027   25.285   2025.6    791.6
     1     1    10     3    13    10     0     2   -74.0   37.880   24.948   2028.5    791.6
     1     1    10     3    13     9     0     3   -75.0   37.745   24.625   2030.0    790.9
     1     1    10     3    13     8     0     2   -76.0   37.635   24.318   2049.1    789.0
     1     1    10     3    13     7     0     1   -77.0   37.551   24.030   2089.2    784.7
     1     1    10     3    13     6     0     0   -78.0   37.490   23.749   2137.9    773.0
     1     1    10     3    13     5     0     1   -79.0   37.460   23.433   2187.7    758.3
     1     1    10     3    13     4     0     2   -80.0   37.458   23.054   2222.4    743.3
     1     1    10     3    13     3     0     3   -81.0   37.465   22.609   2232.1    735.5
     1     1    10     3    13     2     0     2   -82.0   37.465   22.105   2212.4    733.3
     1     1    10     3    13     1     0     1   -83.0   37.454   21.588   2208.6    752.8
     1     1    10     3    13     0     0     0   -84.0   37.435   21.112   2246.0    773.5
     1     1    10     3    12    23     0     1   -85.0   37.409   20.656   2302.2    768.0
     1     1    10     3    12    22     0     2   -86.0   37.371   20.199   2363.3    758.5
     1     1    10     3    12    21     0     3   -87.0   37.325   19.725   2442.2    751.8
     1     1    10     3    12    20     0     2   -88.0   37.273   19.227   2502.9    746.3
     1     1    10     3    12    19     0     1   -89.0   37.209   18.725   2494.8    747.2
     1     1    10     3    12    18     0     0   -90.0   37.121   18.228   2418.5    751.6
     1     1    10     3    12    17     0     1   -91.0   37.003   17.755   2291.7    763.8
     1     1    10     3    12    16     0     2   -92.0   36.861   17.328   2159.9    780.5
     1     1    10     3    12    15     0     3   -93.0   36.706   16.943   2069.6    790.6
     1     1    10     3    12    14     0     2   -94.0   36.543   16.571   2005.2    794.1
     1     1    10     3    12    13     0     1   -95.0   36.377   16.203   1946.1    800.6
     1     1    10     3    12    12     0     0   -96.0   36.197   15.848   1899.5    805.6
