     5     1
    GDAS    10     3     1     0     0
    GDAS    10     3     8     0     0
    GDAS    10     3    15     0     0
    GDAS    10     3    22     0     0
    GDAS    10     3    29     0     0
     1 BACKWARD OMEGA   
    10     3    28    12   39.977  116.381  4000.0
     1 PRESSURE
     1     1    10     3    28    12     0     0     0.0   39.977  116.381   3763.7    620.9
     1     1    10     3    28    11     0     1    -1.0   40.243  116.130   3765.9    598.5
     1     1    10     3    28    10     0     2    -2.0   40.569  115.842   3810.2    568.7
     1     1    10     3    28     9     0     3    -3.0   40.977  115.495   3997.4    530.0
     1     1    10     3    28     8     0     2    -4.0   41.444  115.067   4219.4    494.3
     1     1    10     3    28     7     0     1    -5.0   41.923  114.599   4297.3    488.1
     1     1    10     3    28     6     0     0    -6.0   42.396  114.128   4337.0    497.2
     1     1    10     3    28     5     0     1    -7.0   42.847  113.659   4388.3    508.5
     1     1    10     3    28     4     0     2    -8.0   43.282  113.174   4423.3    508.8
     1     1    10     3    28     3     0     3    -9.0   43.716  112.669   4450.9    507.6
     1     1    10     3    28     2     0     2   -10.0   44.154  112.143   4479.9    505.3
     1     1    10     3    28     1     0     1   -11.0   44.589  111.597   4504.6    503.2
     1     1    10     3    28     0     0     0   -12.0   45.017  111.023   4515.6    505.6
     1     1    10     3    27    23     0     1   -13.0   45.430  110.430   4500.7    503.5
     1     1    10     3    27    22     0     2   -14.0   45.828  109.832   4524.6    497.5
     1     1    10     3    27    21     0     3   -15.0   46.213  109.226   4547.3    484.9
     1     1    10     3    27    20     0     2   -16.0   46.588  108.618   4573.2    478.5
     1     1    10     3    27    19     0     1   -17.0   46.951  108.013   4612.6    472.2
     1     1    10     3    27    18     0     0   -18.0   47.308  107.402   4629.9    460.5
     1     1    10     3    27    17     0     1   -19.0   47.663  106.789   4642.2    458.1
     1     1    10     3    27    16     0     2   -20.0   48.006  106.184   4692.6    467.8
     1     1    10     3    27    15     0     3   -21.0   48.330  105.585   4818.8    474.6
     1     1    10     3    27    14     0     2   -22.0   48.649  104.974   4970.6    466.6
     1     1    10     3    27    13     0     1   -23.0   48.973  104.343   5022.7    452.8
     1     1    10     3    27    12     0     0   -24.0   49.299  103.693   4977.1    447.8
     1     1    10     3    27    11     0     1   -25.0   49.626  102.995   4917.7    447.7
     1     1    10     3    27    10     0     2   -26.0   49.950  102.221   4895.7    448.2
     1     1    10     3    27     9     0     3   -27.0   50.267  101.368   4908.2    434.1
     1     1    10     3    27     8     0     2   -28.0   50.562  100.447   4947.8    421.3
     1     1    10     3    27     7     0     1   -29.0   50.823   99.481   4927.3    414.0
     1     1    10     3    27     6     0     0   -30.0   51.060   98.472   4900.3    411.5
     1     1    10     3    27     5     0     1   -31.0   51.235   97.449   4979.9    427.6
     1     1    10     3    27     4     0     2   -32.0   51.328   96.463   5058.0    435.0
     1     1    10     3    27     3     0     3   -33.0   51.368   95.507   5155.6    433.1
     1     1    10     3    27     2     0     2   -34.0   51.368   94.575   5264.0    430.0
     1     1    10     3    27     1     0     1   -35.0   51.350   93.633   5233.3    429.4
     1     1    10     3    27     0     0     0   -36.0   51.333   92.675   5096.0    429.3
     1     1    10     3    26    23     0     1   -37.0   51.314   91.660   4980.9    433.9
     1     1    10     3    26    22     0     2   -38.0   51.258   90.553   4974.3    433.4
     1     1    10     3    26    21     0     3   -39.0   51.164   89.311   4955.4    409.1
     1     1    10     3    26    20     0     2   -40.0   51.037   88.016   5176.9    410.6
     1     1    10     3    26    19     0     1   -41.0   50.858   86.716   5283.1    403.0
     1     1    10     3    26    18     0     0   -42.0   50.646   85.408   5135.6    426.0
     1     1    10     3    26    17     0     1   -43.0   50.413   84.109   4984.7    456.9
     1     1    10     3    26    16     0     2   -44.0   50.108   82.856   5111.1    484.8
     1     1    10     3    26    15     0     3   -45.0   49.716   81.695   5091.5    500.5
     1     1    10     3    26    14     0     2   -46.0   49.320   80.575   5029.8    499.6
     1     1    10     3    26    13     0     1   -47.0   48.943   79.447   4919.5    496.4
     1     1    10     3    26    12     0     0   -48.0   48.554   78.329   4732.3    505.9
     1     1    10     3    26    11     0     1   -49.0   48.151   77.231   4610.9    514.4
     1     1    10     3    26    10     0     2   -50.0   47.753   76.175   4595.0    525.1
     1     1    10     3    26     9     0     3   -51.0   47.380   75.217   4593.3    529.7
     1     1    10     3    26     8     0     2   -52.0   47.027   74.318   4574.1    536.0
     1     1    10     3    26     7     0     1   -53.0   46.703   73.432   4491.2    540.1
     1     1    10     3    26     6     0     0   -54.0   46.424   72.573   4422.6    545.1
     1     1    10     3    26     5     0     1   -55.0   46.161   71.728   4388.0    551.0
     1     1    10     3    26     4     0     2   -56.0   45.903   70.880   4359.3    560.5
     1     1    10     3    26     3     0     3   -57.0   45.675   70.037   4318.2    568.3
     1     1    10     3    26     2     0     2   -58.0   45.445   69.221   4285.8    575.7
     1     1    10     3    26     1     0     1   -59.0   45.203   68.464   4255.2    582.7
     1     1    10     3    26     0     0     0   -60.0   44.974   67.767   4232.3    588.1
     1     1    10     3    25    23     0     1   -61.0   44.749   67.126   4201.8    588.4
     1     1    10     3    25    22     0     2   -62.0   44.525   66.545   4178.0    592.0
     1     1    10     3    25    21     0     3   -63.0   44.311   66.016   4142.5    595.7
     1     1    10     3    25    20     0     2   -64.0   44.118   65.511   4096.7    600.8
     1     1    10     3    25    19     0     1   -65.0   43.942   65.006   4051.9    606.0
     1     1    10     3    25    18     0     0   -66.0   43.778   64.507   4004.1    608.4
     1     1    10     3    25    17     0     1   -67.0   43.613   64.017   3957.1    610.7
     1     1    10     3    25    16     0     2   -68.0   43.436   63.533   3923.9    614.1
     1     1    10     3    25    15     0     3   -69.0   43.242   63.061   3900.7    616.1
     1     1    10     3    25    14     0     2   -70.0   43.033   62.621   3878.8    619.3
     1     1    10     3    25    13     0     1   -71.0   42.815   62.236   3854.3    624.0
     1     1    10     3    25    12     0     0   -72.0   42.586   61.905   3826.1    627.1
     1     1    10     3    25    11     0     1   -73.0   42.347   61.635   3804.6    629.6
     1     1    10     3    25    10     0     2   -74.0   42.095   61.433   3793.4    630.9
     1     1    10     3    25     9     0     3   -75.0   41.834   61.294   3792.2    631.7
     1     1    10     3    25     8     0     2   -76.0   41.579   61.206   3789.7    631.9
     1     1    10     3    25     7     0     1   -77.0   41.341   61.154   3778.4    633.5
     1     1    10     3    25     6     0     0   -78.0   41.119   61.125   3762.6    635.5
     1     1    10     3    25     5     0     1   -79.0   40.922   61.131   3752.3    636.5
     1     1    10     3    25     4     0     2   -80.0   40.762   61.181   3757.8    634.7
     1     1    10     3    25     3     0     3   -81.0   40.639   61.272   3779.2    631.7
     1     1    10     3    25     2     0     2   -82.0   40.554   61.384   3815.3    628.1
     1     1    10     3    25     1     0     1   -83.0   40.505   61.495   3869.2    623.5
     1     1    10     3    25     0     0     0   -84.0   40.495   61.597   3946.0    617.4
     1     1    10     3    24    23     0     1   -85.0   40.530   61.676   4047.0    609.3
     1     1    10     3    24    22     0     2   -86.0   40.615   61.722   4170.4    599.9
     1     1    10     3    24    21     0     3   -87.0   40.745   61.736   4316.1    589.1
     1     1    10     3    24    20     0     2   -88.0   40.918   61.704   4471.3    577.0
     1     1    10     3    24    19     0     1   -89.0   41.135   61.621   4618.4    566.4
     1     1    10     3    24    18     0     0   -90.0   41.402   61.487   4755.8    556.9
     1     1    10     3    24    17     0     1   -91.0   41.698   61.286   4905.8    547.8
     1     1    10     3    24    16     0     2   -92.0   41.988   61.010   5100.4    535.5
     1     1    10     3    24    15     0     3   -93.0   42.264   60.666   5333.7    517.6
     1     1    10     3    24    14     0     2   -94.0   42.538   60.258   5578.8    499.2
     1     1    10     3    24    13     0     1   -95.0   42.831   59.811   5812.7    483.7
     1     1    10     3    24    12     0     0   -96.0   43.153   59.337   6017.0    469.9
