     7     1
    GDAS    10     3    22     0     0
    GDAS    10     4     8     0     0
    GDAS    10     4    15     0     0
    GDAS    10     4    22     0     0
    GDAS    10     4    29     0     0
    GDAS    10     4     1     0     0
    GDAS    10     3    29     0     0
     1 BACKWARD OMEGA   
    10     4     9     6   39.977  116.381  9000.0
     1 PRESSURE
     1     1    10     4     9     6     0     0     0.0   39.977  116.381   8755.4    304.7
     1     1    10     4     9     5     0     1    -1.0   39.781  114.350   8639.1    269.1
     1     1    10     4     9     4     0     2    -2.0   39.613  112.475   8457.5    268.6
     1     1    10     4     9     3     0     3    -3.0   39.663  110.553   8544.9    273.5
     1     1    10     4     9     2     0     2    -4.0   39.898  108.459   8537.6    266.4
     1     1    10     4     9     1     0     1    -5.0   40.214  106.304   8653.0    268.1
     1     1    10     4     9     0     0     0    -6.0   40.606  103.933   8619.9    262.1
     1     1    10     4     8    23     0     1    -7.0   40.958  101.527   8618.3    272.2
     1     1    10     4     8    22     0     2    -8.0   41.243   99.147   8461.4    267.6
     1     1    10     4     8    21     0     3    -9.0   41.524   96.611   8297.7    254.4
     1     1    10     4     8    20     0     2   -10.0   41.803   94.035   8598.2    276.0
     1     1    10     4     8    19     0     1   -11.0   41.879   91.647   8260.9    291.6
     1     1    10     4     8    18     0     0   -12.0   41.943   89.390   7999.8    305.2
     1     1    10     4     8    17     0     1   -13.0   42.167   87.160   8167.6    283.6
     1     1    10     4     8    16     0     2   -14.0   42.394   84.835   8263.4    250.3
     1     1    10     4     8    15     0     3   -15.0   42.490   82.537   8214.9    250.5
     1     1    10     4     8    14     0     2   -16.0   42.612   80.404   7661.7    246.8
     1     1    10     4     8    13     0     1   -17.0   42.969   78.200   7752.3    250.9
     1     1    10     4     8    12     0     0   -18.0   43.311   75.915   8141.5    283.0
     1     1    10     4     8    11     0     1   -19.0   43.603   73.667   8340.2    310.4
     1     1    10     4     8    10     0     2   -20.0   43.925   71.486   8246.9    327.4
     1     1    10     4     8     9     0     3   -21.0   44.252   69.427   8128.2    334.3
     1     1    10     4     8     8     0     2   -22.0   44.702   67.552   8173.8    338.5
     1     1    10     4     8     7     0     1   -23.0   45.264   65.785   8294.6    336.3
     1     1    10     4     8     6     0     0   -24.0   45.863   64.117   8423.9    329.4
     1     1    10     4     8     5     0     1   -25.0   46.488   62.522   8609.4    322.0
     1     1    10     4     8     4     0     2   -26.0   47.108   60.933   8821.8    309.0
     1     1    10     4     8     3     0     3   -27.0   47.657   59.331   9019.4    295.7
     1     1    10     4     8     2     0     2   -28.0   48.093   57.712   9196.3    284.8
     1     1    10     4     8     1     0     1   -29.0   48.378   56.071   9316.9    283.4
     1     1    10     4     8     0     0     0   -30.0   48.490   54.516   9297.4    288.4
     1     1    10     4     7    23     0     1   -31.0   48.501   53.109   9183.1    296.9
     1     1    10     4     7    22     0     2   -32.0   48.458   51.786   9058.5    303.4
     1     1    10     4     7    21     0     3   -33.0   48.382   50.543   8967.2    307.9
     1     1    10     4     7    20     0     2   -34.0   48.326   49.375   8953.1    308.8
     1     1    10     4     7    19     0     1   -35.0   48.307   48.238   9013.0    305.5
     1     1    10     4     7    18     0     0   -36.0   48.316   47.135   9098.7    301.2
     1     1    10     4     7    17     0     1   -37.0   48.344   46.111   9191.2    297.0
     1     1    10     4     7    16     0     2   -38.0   48.376   45.208   9281.0    291.8
     1     1    10     4     7    15     0     3   -39.0   48.393   44.441   9341.5    286.5
     1     1    10     4     7    14     0     2   -40.0   48.383   43.785   9374.6    283.9
     1     1    10     4     7    13     0     1   -41.0   48.349   43.218   9401.6    283.4
     1     1    10     4     7    12     0     0   -42.0   48.291   42.734   9406.0    283.6
     1     1    10     4     7    11     0     1   -43.0   48.215   42.342   9388.8    284.1
     1     1    10     4     7    10     0     2   -44.0   48.133   42.042   9351.9    285.4
     1     1    10     4     7     9     0     3   -45.0   48.048   41.818   9295.8    287.9
     1     1    10     4     7     8     0     2   -46.0   47.955   41.634   9237.6    291.6
     1     1    10     4     7     7     0     1   -47.0   47.844   41.459   9194.0    293.6
     1     1    10     4     7     6     0     0   -48.0   47.717   41.290   9155.4    295.1
     1     1    10     4     7     5     0     1   -49.0   47.584   41.135   9108.1    297.3
     1     1    10     4     7     4     0     2   -50.0   47.449   40.995   9054.0    300.5
     1     1    10     4     7     3     0     3   -51.0   47.301   40.873   9006.2    303.3
     1     1    10     4     7     2     0     2   -52.0   47.140   40.751   8966.6    305.1
     1     1    10     4     7     1     0     1   -53.0   46.967   40.616   8925.0    307.6
     1     1    10     4     7     0     0     0   -54.0   46.778   40.464   8875.2    310.0
     1     1    10     4     6    23     0     1   -55.0   46.576   40.302   8822.6    312.8
     1     1    10     4     6    22     0     2   -56.0   46.361   40.133   8769.0    315.6
     1     1    10     4     6    21     0     3   -57.0   46.126   39.964   8715.2    318.7
     1     1    10     4     6    20     0     2   -58.0   45.879   39.777   8662.4    321.3
     1     1    10     4     6    19     0     1   -59.0   45.628   39.558   8602.0    323.8
     1     1    10     4     6    18     0     0   -60.0   45.365   39.315   8514.1    327.3
     1     1    10     4     6    17     0     1   -61.0   45.087   39.052   8373.9    333.1
     1     1    10     4     6    16     0     2   -62.0   44.794   38.767   8196.2    343.2
     1     1    10     4     6    15     0     3   -63.0   44.490   38.452   8010.7    353.6
     1     1    10     4     6    14     0     2   -64.0   44.178   38.118   7847.9    365.4
     1     1    10     4     6    13     0     1   -65.0   43.857   37.785   7727.4    373.5
     1     1    10     4     6    12     0     0   -66.0   43.508   37.439   7635.1    379.3
     1     1    10     4     6    11     0     1   -67.0   43.140   37.070   7563.3    383.0
     1     1    10     4     6    10     0     2   -68.0   42.780   36.706   7490.3    386.2
     1     1    10     4     6     9     0     3   -69.0   42.422   36.351   7407.1    391.4
     1     1    10     4     6     8     0     2   -70.0   42.065   35.985   7324.0    396.4
     1     1    10     4     6     7     0     1   -71.0   41.720   35.594   7171.8    389.7
     1     1    10     4     6     6     0     0   -72.0   41.384   35.177   7019.0    380.5
     1     1    10     4     6     5     0     1   -73.0   41.044   34.718   6871.9    367.9
     1     1    10     4     6     4     0     2   -74.0   40.698   34.203   6795.4    366.0
     1     1    10     4     6     3     0     3   -75.0   40.378   33.662   6715.2    371.9
     1     1    10     4     6     2     0     2   -76.0   40.074   33.119   6598.9    379.4
     1     1    10     4     6     1     0     1   -77.0   39.778   32.573   6536.5    388.0
     1     1    10     4     6     0     0     0   -78.0   39.518   32.021   6527.7    392.5
     1     1    10     4     5    23     0     1   -79.0   39.290   31.460   6515.1    387.1
     1     1    10     4     5    22     0     2   -80.0   39.076   30.907   6479.2    383.7
     1     1    10     4     5    21     0     3   -81.0   38.893   30.377   6411.5    382.6
     1     1    10     4     5    20     0     2   -82.0   38.743   29.855   6342.5    390.5
     1     1    10     4     5    19     0     1   -83.0   38.615   29.323   6344.3    402.9
     1     1    10     4     5    18     0     0   -84.0   38.514   28.781   6411.1    411.6
     1     1    10     4     5    17     0     1   -85.0   38.450   28.211   6506.0    415.9
     1     1    10     4     5    16     0     2   -86.0   38.415   27.607   6603.1    422.6
     1     1    10     4     5    15     0     3   -87.0   38.382   26.993   6691.5    430.2
     1     1    10     4     5    14     0     2   -88.0   38.334   26.355   6710.1    433.5
     1     1    10     4     5    13     0     1   -89.0   38.283   25.672   6701.1    439.2
     1     1    10     4     5    12     0     0   -90.0   38.239   24.949   6705.1    439.3
     1     1    10     4     5    11     0     1   -91.0   38.172   24.174   6749.6    433.0
     1     1    10     4     5    10     0     2   -92.0   38.108   23.299   6804.7    416.6
     1     1    10     4     5     9     0     3   -93.0   38.060   22.262   6867.0    400.9
     1     1    10     4     5     8     0     2   -94.0   37.970   21.177   7017.2    415.6
     1     1    10     4     5     7     0     1   -95.0   37.852   20.090   7086.4    415.2
     1     1    10     4     5     6     0     0   -96.0   37.722   18.933   7138.4    414.5
