     7     1
    GDAS    10     3    22     0     0
    GDAS    10     4     8     0     0
    GDAS    10     4    15     0     0
    GDAS    10     4    22     0     0
    GDAS    10     4    29     0     0
    GDAS    10     4     1     0     0
    GDAS    10     3    29     0     0
     1 BACKWARD OMEGA   
    10     4    19    12   39.977  116.381  7000.0
     1 PRESSURE
     1     1    10     4    19    12     0     0     0.0   39.977  116.381   6756.2    414.4
     1     1    10     4    19    11     0     1    -1.0   40.237  114.773   6647.5    365.5
     1     1    10     4    19    10     0     2    -2.0   40.484  112.982   6982.5    336.8
     1     1    10     4    19     9     0     3    -3.0   40.717  111.216   7117.5    327.4
     1     1    10     4    19     8     0     2    -4.0   40.931  109.614   7195.2    328.7
     1     1    10     4    19     7     0     1    -5.0   41.252  108.053   7325.4    338.5
     1     1    10     4    19     6     0     0    -6.0   41.536  106.404   7361.4    329.7
     1     1    10     4    19     5     0     1    -7.0   41.796  104.763   7507.3    325.7
     1     1    10     4    19     4     0     2    -8.0   42.128  103.096   7763.9    309.7
     1     1    10     4    19     3     0     3    -9.0   42.468  101.282   8060.4    291.2
     1     1    10     4    19     2     0     2   -10.0   42.793   99.421   8222.2    282.7
     1     1    10     4    19     1     0     1   -11.0   43.084   97.441   8274.5    274.1
     1     1    10     4    19     0     0     0   -12.0   43.245   95.415   8275.5    276.0
     1     1    10     4    18    23     0     1   -13.0   43.390   93.437   8204.1    281.5
     1     1    10     4    18    22     0     2   -14.0   43.465   91.517   8340.8    291.0
     1     1    10     4    18    21     0     3   -15.0   43.419   89.621   8449.3    294.8
     1     1    10     4    18    20     0     2   -16.0   43.352   87.695   8231.3    267.0
     1     1    10     4    18    19     0     1   -17.0   43.312   85.637   7904.8    238.3
     1     1    10     4    18    18     0     0   -18.0   43.292   83.614   7904.0    242.7
     1     1    10     4    18    17     0     1   -19.0   43.164   81.714   8033.1    258.5
     1     1    10     4    18    16     0     2   -20.0   43.004   79.990   7569.0    274.1
     1     1    10     4    18    15     0     3   -21.0   42.925   78.369   7409.8    267.1
     1     1    10     4    18    14     0     2   -22.0   42.910   76.754   7594.6    255.2
     1     1    10     4    18    13     0     1   -23.0   42.947   75.263   8061.6    287.3
     1     1    10     4    18    12     0     0   -24.0   43.011   73.947   8224.8    316.0
     1     1    10     4    18    11     0     1   -25.0   43.114   72.774   8102.3    316.6
     1     1    10     4    18    10     0     2   -26.0   43.296   71.733   8191.1    323.5
     1     1    10     4    18     9     0     3   -27.0   43.540   70.794   8282.8    323.0
     1     1    10     4    18     8     0     2   -28.0   43.823   69.896   8427.7    319.3
     1     1    10     4    18     7     0     1   -29.0   44.190   69.075   8513.3    312.1
     1     1    10     4    18     6     0     0   -30.0   44.643   68.370   8643.7    311.9
     1     1    10     4    18     5     0     1   -31.0   45.125   67.715   8781.1    312.6
     1     1    10     4    18     4     0     2   -32.0   45.647   67.105   8845.6    307.8
     1     1    10     4    18     3     0     3   -33.0   46.214   66.587   8910.3    303.1
     1     1    10     4    18     2     0     2   -34.0   46.789   66.066   8956.8    298.4
     1     1    10     4    18     1     0     1   -35.0   47.376   65.538   9048.7    294.8
     1     1    10     4    18     0     0     0   -36.0   47.972   65.116   9190.4    290.7
     1     1    10     4    17    23     0     1   -37.0   48.563   64.676   9331.5    283.5
     1     1    10     4    17    22     0     2   -38.0   49.173   64.162   9458.6    278.4
     1     1    10     4    17    21     0     3   -39.0   49.798   63.742   9552.3    275.0
     1     1    10     4    17    20     0     2   -40.0   50.410   63.397   9616.6    270.1
     1     1    10     4    17    19     0     1   -41.0   50.997   63.079   9661.4    264.7
     1     1    10     4    17    18     0     0   -42.0   51.546   62.827   9699.3    262.1
     1     1    10     4    17    17     0     1   -43.0   52.049   62.605   9712.6    261.9
     1     1    10     4    17    16     0     2   -44.0   52.527   62.409   9736.1    262.0
     1     1    10     4    17    15     0     3   -45.0   52.987   62.323   9769.2    260.7
     1     1    10     4    17    14     0     2   -46.0   53.434   62.304   9808.1    259.2
     1     1    10     4    17    13     0     1   -47.0   53.876   62.281   9855.4    256.9
     1     1    10     4    17    12     0     0   -48.0   54.321   62.323   9896.2    254.4
     1     1    10     4    17    11     0     1   -49.0   54.774   62.375   9930.5    252.4
     1     1    10     4    17    10     0     2   -50.0   55.231   62.353   9961.7    250.8
     1     1    10     4    17     9     0     3   -51.0   55.678   62.216   9984.4    249.8
     1     1    10     4    17     8     0     2   -52.0   56.114   62.008   9998.2    249.3
     1     1    10     4    17     7     0     1   -53.0   56.561   61.783  10009.9    248.0
     1     1    10     4    17     6     0     0   -54.0   57.011   61.516  10025.8    246.2
     1     1    10     4    17     5     0     1   -55.0   57.464   61.203  10052.0    245.0
     1     1    10     4    17     4     0     2   -56.0   57.930   60.862  10072.5    243.8
     1     1    10     4    17     3     0     3   -57.0   58.399   60.492  10085.3    242.9
     1     1    10     4    17     2     0     2   -58.0   58.862   60.079  10092.3    242.7
     1     1    10     4    17     1     0     1   -59.0   59.320   59.614  10046.0    240.3
     1     1    10     4    17     0     0     0   -60.0   59.761   59.096   9980.0    236.0
     1     1    10     4    16    23     0     1   -61.0   60.183   58.512  10009.4    235.3
     1     1    10     4    16    22     0     2   -62.0   60.611   57.879  10064.5    237.5
     1     1    10     4    16    21     0     3   -63.0   61.063   57.226  10100.1    239.8
     1     1    10     4    16    20     0     2   -64.0   61.524   56.506  10131.8    240.2
     1     1    10     4    16    19     0     1   -65.0   61.975   55.679  10143.7    240.3
     1     1    10     4    16    18     0     0   -66.0   62.417   54.765  10127.2    240.3
     1     1    10     4    16    17     0     1   -67.0   62.836   53.756  10121.3    239.9
     1     1    10     4    16    16     0     2   -68.0   63.220   52.651  10144.9    238.8
