     7     1
    GDAS    10     3    22     0     0
    GDAS    10     4     8     0     0
    GDAS    10     4    15     0     0
    GDAS    10     4    22     0     0
    GDAS    10     4    29     0     0
    GDAS    10     4     1     0     0
    GDAS    10     3    29     0     0
     1 BACKWARD OMEGA   
    10     4     9    12   39.977  116.381  4000.0
     1 PRESSURE
     1     1    10     4     9    12     0     0     0.0   39.977  116.381   3761.0    613.5
     1     1    10     4     9    11     0     1    -1.0   39.904  115.358   4085.2    540.6
     1     1    10     4     9    10     0     2    -2.0   39.797  114.135   4163.1    507.8
     1     1    10     4     9     9     0     3    -3.0   39.715  112.975   3858.8    526.3
     1     1    10     4     9     8     0     2    -4.0   39.677  111.879   3644.6    534.5
     1     1    10     4     9     7     0     1    -5.0   39.676  110.794   3553.5    560.6
     1     1    10     4     9     6     0     0    -6.0   39.648  109.701   3415.9    561.0
     1     1    10     4     9     5     0     1    -7.0   39.575  108.607   3349.7    560.0
     1     1    10     4     9     4     0     2    -8.0   39.500  107.534   3223.3    575.9
     1     1    10     4     9     3     0     3    -9.0   39.419  106.503   3181.5    579.0
     1     1    10     4     9     2     0     2   -10.0   39.355  105.531   3076.1    583.3
     1     1    10     4     9     1     0     1   -11.0   39.271  104.629   3014.7    588.9
     1     1    10     4     9     0     0     0   -12.0   39.153  103.804   2960.6    594.7
     1     1    10     4     8    23     0     1   -13.0   39.023  103.098   2911.0    598.9
     1     1    10     4     8    22     0     2   -14.0   38.918  102.478   2802.7    588.3
     1     1    10     4     8    21     0     3   -15.0   38.846  101.915   2598.3    583.4
     1     1    10     4     8    20     0     2   -16.0   38.798  101.441   2389.7    595.4
     1     1    10     4     8    19     0     1   -17.0   38.780  101.021   2282.2    595.4
     1     1    10     4     8    18     0     0   -18.0   38.810  100.593   2238.2    588.8
     1     1    10     4     8    17     0     1   -19.0   38.859  100.180   2208.5    588.7
     1     1    10     4     8    16     0     2   -20.0   38.921   99.741   2198.1    570.0
     1     1    10     4     8    15     0     3   -21.0   39.044   99.134   2280.9    517.8
     1     1    10     4     8    14     0     2   -22.0   39.282   98.173   2509.1    491.7
     1     1    10     4     8    13     0     1   -23.0   39.552   96.923   2696.4    504.4
     1     1    10     4     8    12     0     0   -24.0   39.778   95.562   2752.9    548.6
     1     1    10     4     8    11     0     1   -25.0   39.873   94.391   2764.5    600.8
     1     1    10     4     8    10     0     2   -26.0   39.875   93.367   2769.3    615.0
     1     1    10     4     8     9     0     3   -27.0   39.854   92.375   2778.9    615.3
     1     1    10     4     8     8     0     2   -28.0   39.854   91.489   2620.2    632.9
     1     1    10     4     8     7     0     1   -29.0   39.834   90.778   2308.3    660.0
     1     1    10     4     8     6     0     0   -30.0   39.762   90.208   1929.3    689.5
     1     1    10     4     8     5     0     1   -31.0   39.685   89.737   1624.5    719.0
     1     1    10     4     8     4     0     2   -32.0   39.628   89.351   1449.5    734.1
     1     1    10     4     8     3     0     3   -33.0   39.579   89.022   1379.7    740.2
     1     1    10     4     8     2     0     2   -34.0   39.542   88.715   1350.3    744.6
     1     1    10     4     8     1     0     1   -35.0   39.529   88.451   1305.1    755.5
     1     1    10     4     8     0     0     0   -36.0   39.550   88.241   1223.6    769.9
     1     1    10     4     7    23     0     1   -37.0   39.587   88.065   1132.3    788.2
     1     1    10     4     7    22     0     2   -38.0   39.611   87.877   1058.0    797.3
     1     1    10     4     7    21     0     3   -39.0   39.621   87.659   1002.4    803.7
     1     1    10     4     7    20     0     2   -40.0   39.619   87.423    979.5    808.0
     1     1    10     4     7    19     0     1   -41.0   39.611   87.184    980.0    807.4
     1     1    10     4     7    18     0     0   -42.0   39.598   86.947    973.2    807.3
     1     1    10     4     7    17     0     1   -43.0   39.579   86.718    958.3    808.5
     1     1    10     4     7    16     0     2   -44.0   39.550   86.495    954.7    807.7
     1     1    10     4     7    15     0     3   -45.0   39.505   86.276    974.5    804.3
     1     1    10     4     7    14     0     2   -46.0   39.450   86.080   1018.4    796.8
     1     1    10     4     7    13     0     1   -47.0   39.397   85.932   1071.5    789.1
     1     1    10     4     7    12     0     0   -48.0   39.343   85.832   1120.5    782.7
     1     1    10     4     7    11     0     1   -49.0   39.298   85.760   1158.8    778.7
     1     1    10     4     7    10     0     2   -50.0   39.270   85.693   1189.4    775.9
     1     1    10     4     7     9     0     3   -51.0   39.260   85.629   1216.7    773.9
     1     1    10     4     7     8     0     2   -52.0   39.257   85.555   1242.8    772.0
     1     1    10     4     7     7     0     1   -53.0   39.252   85.463   1267.2    770.2
     1     1    10     4     7     6     0     0   -54.0   39.247   85.355   1289.0    768.6
     1     1    10     4     7     5     0     1   -55.0   39.237   85.243   1307.1    766.3
     1     1    10     4     7     4     0     2   -56.0   39.216   85.138   1318.4    764.3
     1     1    10     4     7     3     0     3   -57.0   39.183   85.041   1317.6    763.3
     1     1    10     4     7     2     0     2   -58.0   39.122   84.958   1330.5    764.4
     1     1    10     4     7     1     0     1   -59.0   39.018   84.888   1399.6    758.4
     1     1    10     4     7     0     0     0   -60.0   38.861   84.823   1528.0    743.7
     1     1    10     4     6    23     0     1   -61.0   38.673   84.760   1660.3    726.5
     1     1    10     4     6    22     0     2   -62.0   38.478   84.712   1765.3    715.0
     1     1    10     4     6    21     0     3   -63.0   38.279   84.685   1840.4    706.0
     1     1    10     4     6    20     0     2   -64.0   38.092   84.686   1879.3    700.1
     1     1    10     4     6    19     0     1   -65.0   37.932   84.710   1887.8    688.3
     1     1    10     4     6    18     0     0   -66.0   37.804   84.735   1908.5    665.3
     1     1    10     4     6    17     0     1   -67.0   37.720   84.716   1945.0    644.2
     1     1    10     4     6    16     0     2   -68.0   37.679   84.649   1955.6    638.2
     1     1    10     4     6    15     0     3   -69.0   37.671   84.555   1924.1    642.0
     1     1    10     4     6    14     0     2   -70.0   37.679   84.434   1824.3    654.7
     1     1    10     4     6    13     0     1   -71.0   37.692   84.282   1660.0    675.9
     1     1    10     4     6    12     0     0   -72.0   37.720   84.098   1454.4    704.1
     1     1    10     4     6    11     0     1   -73.0   37.769   83.888   1260.6    735.5
     1     1    10     4     6    10     0     2   -74.0   37.832   83.662   1117.2    758.5
     1     1    10     4     6     9     0     3   -75.0   37.904   83.425   1019.4    775.8
     1     1    10     4     6     8     0     2   -76.0   37.969   83.187    959.2    787.2
     1     1    10     4     6     7     0     1   -77.0   38.006   82.954    941.3    792.2
     1     1    10     4     6     6     0     0   -78.0   38.009   82.719    976.5    790.5
     1     1    10     4     6     5     0     1   -79.0   37.997   82.478   1049.9    781.0
     1     1    10     4     6     4     0     2   -80.0   37.993   82.247   1128.7    773.4
     1     1    10     4     6     3     0     3   -81.0   38.008   82.036   1199.9    766.0
     1     1    10     4     6     2     0     2   -82.0   38.045   81.846   1248.9    760.6
     1     1    10     4     6     1     0     1   -83.0   38.100   81.671   1277.1    757.9
     1     1    10     4     6     0     0     0   -84.0   38.172   81.502   1296.9    756.8
     1     1    10     4     5    23     0     1   -85.0   38.234   81.353   1337.1    754.8
     1     1    10     4     5    22     0     2   -86.0   38.265   81.234   1409.8    747.1
     1     1    10     4     5    21     0     3   -87.0   38.264   81.140   1505.5    737.4
     1     1    10     4     5    20     0     2   -88.0   38.250   81.057   1615.4    726.2
     1     1    10     4     5    19     0     1   -89.0   38.244   80.981   1713.5    717.3
     1     1    10     4     5    18     0     0   -90.0   38.246   80.920   1795.0    709.7
     1     1    10     4     5    17     0     1   -91.0   38.254   80.865   1858.4    704.1
     1     1    10     4     5    16     0     2   -92.0   38.268   80.804   1903.9    700.3
     1     1    10     4     5    15     0     3   -93.0   38.286   80.741   1938.2    697.6
     1     1    10     4     5    14     0     2   -94.0   38.307   80.676   1967.2    695.2
     1     1    10     4     5    13     0     1   -95.0   38.328   80.604   1988.9    692.9
     1     1    10     4     5    12     0     0   -96.0   38.350   80.525   1995.9    692.0
