     5     1
    GDAS    10     3     1     0     0
    GDAS    10     3     8     0     0
    GDAS    10     3    15     0     0
    GDAS    10     3    22     0     0
    GDAS    10     3    29     0     0
     1 BACKWARD OMEGA   
    10     3    16    18   39.977  116.381  8600.0
     1 PRESSURE
     1     1    10     3    16    18     0     0     0.0   39.977  116.381   8355.8    316.0
     1     1    10     3    16    17     0     1    -1.0   40.178  114.745   8035.2    284.6
     1     1    10     3    16    16     0     2    -2.0   40.417  113.192   7961.5    282.7
     1     1    10     3    16    15     0     3    -3.0   40.679  111.711   7913.4    279.0
     1     1    10     3    16    14     0     2    -4.0   40.927  110.323   7945.6    275.2
     1     1    10     3    16    13     0     1    -5.0   41.180  108.996   8123.4    284.1
     1     1    10     3    16    12     0     0    -6.0   41.412  107.663   8221.5    280.4
     1     1    10     3    16    11     0     1    -7.0   41.615  106.436   8179.1    283.8
     1     1    10     3    16    10     0     2    -8.0   41.837  105.325   8227.6    286.8
     1     1    10     3    16     9     0     3    -9.0   42.073  104.243   8261.9    279.1
     1     1    10     3    16     8     0     2   -10.0   42.312  103.174   8266.1    278.1
     1     1    10     3    16     7     0     1   -11.0   42.607  102.119   8296.2    273.6
     1     1    10     3    16     6     0     0   -12.0   42.942  101.083   8269.1    262.1
     1     1    10     3    16     5     0     1   -13.0   43.265  100.015   8400.5    267.7
     1     1    10     3    16     4     0     2   -14.0   43.586   98.879   8410.5    267.8
     1     1    10     3    16     3     0     3   -15.0   43.955   97.701   8460.8    269.1
     1     1    10     3    16     2     0     2   -16.0   44.363   96.460   8482.2    263.2
     1     1    10     3    16     1     0     1   -17.0   44.747   95.223   8382.9    261.3
     1     1    10     3    16     0     0     0   -18.0   45.092   94.038   8345.1    261.0
     1     1    10     3    15    23     0     1   -19.0   45.427   92.895   8381.1    257.1
     1     1    10     3    15    22     0     2   -20.0   45.800   91.788   8534.8    260.0
     1     1    10     3    15    21     0     3   -21.0   46.210   90.779   8499.6    258.5
     1     1    10     3    15    20     0     2   -22.0   46.644   89.806   8539.5    260.2
     1     1    10     3    15    19     0     1   -23.0   47.121   88.709   8764.5    269.0
     1     1    10     3    15    18     0     0   -24.0   47.571   87.539   8751.7    265.8
     1     1    10     3    15    17     0     1   -25.0   47.968   86.379   8873.7    277.2
     1     1    10     3    15    16     0     2   -26.0   48.356   85.216   8871.1    273.2
     1     1    10     3    15    15     0     3   -27.0   48.753   83.979   8983.9    271.8
     1     1    10     3    15    14     0     2   -28.0   49.123   82.687   8906.3    270.7
     1     1    10     3    15    13     0     1   -29.0   49.402   81.367   9007.2    276.2
     1     1    10     3    15    12     0     0   -30.0   49.678   79.982   9103.0    278.2
     1     1    10     3    15    11     0     1   -31.0   49.945   78.506   9199.1    271.7
     1     1    10     3    15    10     0     2   -32.0   50.049   77.056   9184.4    263.3
     1     1    10     3    15     9     0     3   -33.0   50.121   75.580   9167.7    263.0
     1     1    10     3    15     8     0     2   -34.0   50.212   74.085   9163.7    266.5
     1     1    10     3    15     7     0     1   -35.0   50.239   72.670   9153.5    268.5
     1     1    10     3    15     6     0     0   -36.0   50.338   71.188   9216.1    270.2
     1     1    10     3    15     5     0     1   -37.0   50.468   69.588   9279.0    268.7
     1     1    10     3    15     4     0     2   -38.0   50.543   67.898   9281.1    268.1
     1     1    10     3    15     3     0     3   -39.0   50.566   66.121   9206.9    275.0
     1     1    10     3    15     2     0     2   -40.0   50.557   64.197   9269.9    276.1
     1     1    10     3    15     1     0     1   -41.0   50.461   62.024   9299.1    271.1
     1     1    10     3    15     0     0     0   -42.0   50.224   59.728   9194.0    273.2
     1     1    10     3    14    23     0     1   -43.0   49.895   57.371   9062.7    277.0
     1     1    10     3    14    22     0     2   -44.0   49.461   54.851   8998.2    287.1
     1     1    10     3    14    21     0     3   -45.0   48.883   52.123   8786.2    302.9
     1     1    10     3    14    20     0     2   -46.0   48.170   49.429   8383.0    323.3
     1     1    10     3    14    19     0     1   -47.0   47.465   46.733   8239.9    329.7
     1     1    10     3    14    18     0     0   -48.0   46.803   43.915   8261.5    321.9
     1     1    10     3    14    17     0     1   -49.0   46.081   41.335   8166.3    330.4
     1     1    10     3    14    16     0     2   -50.0   45.381   38.866   8132.5    333.6
     1     1    10     3    14    15     0     3   -51.0   44.710   36.530   8095.3    339.1
     1     1    10     3    14    14     0     2   -52.0   44.079   34.446   8107.9    339.5
     1     1    10     3    14    13     0     1   -53.0   43.463   32.554   8201.1    334.9
     1     1    10     3    14    12     0     0   -54.0   42.808   30.783   8298.6    330.9
     1     1    10     3    14    11     0     1   -55.0   42.155   29.152   8334.2    331.6
     1     1    10     3    14    10     0     2   -56.0   41.521   27.667   8261.3    327.8
     1     1    10     3    14     9     0     3   -57.0   40.818   26.243   8199.0    331.7
     1     1    10     3    14     8     0     2   -58.0   40.129   24.923   8154.9    337.4
     1     1    10     3    14     7     0     1   -59.0   39.503   23.665   7999.9    345.4
     1     1    10     3    14     6     0     0   -60.0   38.872   22.395   7893.9    325.7
     1     1    10     3    14     5     0     1   -61.0   38.248   21.150   7984.6    340.7
     1     1    10     3    14     4     0     2   -62.0   37.714   20.000   7893.4    353.0
     1     1    10     3    14     3     0     3   -63.0   37.279   18.878   7814.6    363.1
     1     1    10     3    14     2     0     2   -64.0   36.903   17.724   7807.6    359.2
     1     1    10     3    14     1     0     1   -65.0   36.592   16.538   7755.9    362.5
     1     1    10     3    14     0     0     0   -66.0   36.328   15.352   7665.1    367.5
     1     1    10     3    13    23     0     1   -67.0   36.102   14.249   7597.5    372.3
     1     1    10     3    13    22     0     2   -68.0   35.901   13.267   7544.0    376.1
     1     1    10     3    13    21     0     3   -69.0   35.716   12.305   7484.9    378.8
     1     1    10     3    13    20     0     2   -70.0   35.565   11.351   7428.4    382.4
     1     1    10     3    13    19     0     1   -71.0   35.435   10.405   7377.3    378.1
     1     1    10     3    13    18     0     0   -72.0   35.334    9.444   7290.9    367.8
     1     1    10     3    13    17     0     1   -73.0   35.279    8.368   7208.9    351.2
     1     1    10     3    13    16     0     2   -74.0   35.282    7.178   7215.8    347.0
     1     1    10     3    13    15     0     3   -75.0   35.362    6.005   7272.9    351.8
     1     1    10     3    13    14     0     2   -76.0   35.512    4.871   7335.3    350.9
     1     1    10     3    13    13     0     1   -77.0   35.699    3.680   7388.3    340.1
     1     1    10     3    13    12     0     0   -78.0   35.882    2.453   7395.7    342.3
     1     1    10     3    13    11     0     1   -79.0   36.076    1.285   7457.3    360.8
     1     1    10     3    13    10     0     2   -80.0   36.319    0.223   7552.2    374.6
     1     1    10     3    13     9     0     3   -81.0   36.599   -0.779   7611.3    375.1
     1     1    10     3    13     8     0     2   -82.0   36.907   -1.792   7588.5    367.4
     1     1    10     3    13     7     0     1   -83.0   37.292   -2.888   7413.5    340.1
     1     1    10     3    13     6     0     0   -84.0   37.753   -4.002   7611.3    348.7
     1     1    10     3    13     5     0     1   -85.0   38.239   -5.069   7742.8    343.1
     1     1    10     3    13     4     0     2   -86.0   38.756   -6.157   7864.2    341.0
     1     1    10     3    13     3     0     3   -87.0   39.287   -7.228   7967.1    337.5
     1     1    10     3    13     2     0     2   -88.0   39.841   -8.279   8043.5    337.1
     1     1    10     3    13     1     0     1   -89.0   40.385   -9.256   8167.4    344.3
     1     1    10     3    13     0     0     0   -90.0   40.900  -10.162   8220.0    342.3
     1     1    10     3    12    23     0     1   -91.0   41.424  -10.993   8312.9    338.2
     1     1    10     3    12    22     0     2   -92.0   41.974  -11.774   8444.0    331.3
     1     1    10     3    12    21     0     3   -93.0   42.512  -12.525   8552.0    325.5
     1     1    10     3    12    20     0     2   -94.0   43.016  -13.234   8628.3    321.4
     1     1    10     3    12    19     0     1   -95.0   43.489  -13.888   8709.7    318.9
     1     1    10     3    12    18     0     0   -96.0   43.928  -14.503   8800.8    314.7
