     7     1
    GDAS    10     3    22     0     0
    GDAS    10     4     8     0     0
    GDAS    10     4    15     0     0
    GDAS    10     4    22     0     0
    GDAS    10     4    29     0     0
    GDAS    10     4     1     0     0
    GDAS    10     3    29     0     0
     1 BACKWARD OMEGA   
    10     4     1     0   39.977  116.381  1400.0
     1 PRESSURE
     1     1    10     4     1     0     0     0     0.0   39.977  116.381   1162.2    858.8
     1     1    10     3    31    23     0     1    -1.0   40.307  115.917   1516.5    782.1
     1     1    10     3    31    22     0     2    -2.0   40.700  115.358   1858.6    688.2
     1     1    10     3    31    21     0     3    -3.0   41.102  114.693   2047.7    649.5
     1     1    10     3    31    20     0     2    -4.0   41.453  113.999   2178.8    647.2
     1     1    10     3    31    19     0     1    -5.0   41.751  113.316   2382.7    624.8
     1     1    10     3    31    18     0     0    -6.0   42.017  112.626   2604.7    603.5
     1     1    10     3    31    17     0     1    -7.0   42.252  111.928   2739.9    598.4
     1     1    10     3    31    16     0     2    -8.0   42.446  111.270   2809.6    608.3
     1     1    10     3    31    15     0     3    -9.0   42.585  110.672   2859.2    607.0
     1     1    10     3    31    14     0     2   -10.0   42.700  110.122   2836.0    601.3
     1     1    10     3    31    13     0     1   -11.0   42.834  109.656   2700.7    614.1
     1     1    10     3    31    12     0     0   -12.0   42.991  109.318   2465.5    636.3
     1     1    10     3    31    11     0     1   -13.0   43.157  109.050   2216.2    669.7
     1     1    10     3    31    10     0     2   -14.0   43.304  108.784   2035.8    691.1
     1     1    10     3    31     9     0     3   -15.0   43.435  108.528   1891.9    708.4
     1     1    10     3    31     8     0     2   -16.0   43.565  108.287   1787.4    721.1
     1     1    10     3    31     7     0     1   -17.0   43.714  108.059   1729.4    724.9
     1     1    10     3    31     6     0     0   -18.0   43.884  107.852   1699.6    721.3
     1     1    10     3    31     5     0     1   -19.0   44.094  107.688   1710.2    717.2
     1     1    10     3    31     4     0     2   -20.0   44.356  107.577   1766.4    708.8
     1     1    10     3    31     3     0     3   -21.0   44.663  107.505   1835.9    701.2
     1     1    10     3    31     2     0     2   -22.0   45.013  107.440   1899.1    695.5
     1     1    10     3    31     1     0     1   -23.0   45.412  107.347   1959.9    681.0
     1     1    10     3    31     0     0     0   -24.0   45.872  107.209   2066.7    659.8
     1     1    10     3    30    23     0     1   -25.0   46.370  107.022   2204.0    635.0
     1     1    10     3    30    22     0     2   -26.0   46.880  106.770   2308.2    620.4
     1     1    10     3    30    21     0     3   -27.0   47.399  106.459   2448.0    616.3
     1     1    10     3    30    20     0     2   -28.0   47.920  106.115   2635.3    603.2
     1     1    10     3    30    19     0     1   -29.0   48.395  105.784   2799.6    605.6
     1     1    10     3    30    18     0     0   -30.0   48.806  105.470   2933.1    605.5
     1     1    10     3    30    17     0     1   -31.0   49.165  105.166   3027.8    599.6
     1     1    10     3    30    16     0     2   -32.0   49.483  104.907   3086.9    592.6
     1     1    10     3    30    15     0     3   -33.0   49.757  104.688   3136.4    583.6
     1     1    10     3    30    14     0     2   -34.0   49.989  104.456   3177.2    571.3
     1     1    10     3    30    13     0     1   -35.0   50.189  104.159   3203.4    559.1
     1     1    10     3    30    12     0     0   -36.0   50.362  103.781   3225.6    544.3
     1     1    10     3    30    11     0     1   -37.0   50.495  103.424   3131.3    540.0
     1     1    10     3    30    10     0     2   -38.0   50.609  103.165   2848.6    553.0
     1     1    10     3    30     9     0     3   -39.0   50.725  103.035   2346.6    585.9
     1     1    10     3    30     8     0     2   -40.0   50.891  103.085   1773.9    643.8
     1     1    10     3    30     7     0     1   -41.0   51.123  103.219   1393.7    694.5
     1     1    10     3    30     6     0     0   -42.0   51.397  103.302   1192.8    737.2
     1     1    10     3    30     5     0     1   -43.0   51.668  103.293   1084.7    768.8
     1     1    10     3    30     4     0     2   -44.0   51.896  103.216   1006.2    789.6
     1     1    10     3    30     3     0     3   -45.0   52.066  103.090    921.4    804.4
     1     1    10     3    30     2     0     2   -46.0   52.197  102.931    853.0    814.3
     1     1    10     3    30     1     0     1   -47.0   52.307  102.743    826.8    812.7
     1     1    10     3    30     0     0     0   -48.0   52.390  102.546    829.5    808.1
     1     1    10     3    29    23     0     1   -49.0   52.463  102.354    846.3    802.9
     1     1    10     3    29    22     0     2   -50.0   52.539  102.169    871.2    799.8
     1     1    10     3    29    21     0     3   -51.0   52.610  102.004    903.6    797.5
     1     1    10     3    29    20     0     2   -52.0   52.678  101.841    945.9    791.1
     1     1    10     3    29    19     0     1   -53.0   52.750  101.650    997.9    780.4
     1     1    10     3    29    18     0     0   -54.0   52.818  101.426   1049.9    766.2
     1     1    10     3    29    17     0     1   -55.0   52.881  101.177   1079.3    749.9
     1     1    10     3    29    16     0     2   -56.0   52.937  100.912   1085.4    737.4
     1     1    10     3    29    15     0     3   -57.0   52.988  100.625   1088.2    725.6
     1     1    10     3    29    14     0     2   -58.0   53.036  100.293   1092.8    710.1
     1     1    10     3    29    13     0     1   -59.0   53.071   99.885   1105.1    696.7
     1     1    10     3    29    12     0     0   -60.0   53.082   99.404   1183.0    690.5
     1     1    10     3    29    11     0     1   -61.0   53.072   98.881   1345.8    672.3
     1     1    10     3    29    10     0     2   -62.0   53.046   98.331   1518.5    663.4
     1     1    10     3    29     9     0     3   -63.0   52.984   97.773   1636.2    664.8
     1     1    10     3    29     8     0     2   -64.0   52.913   97.194   1679.7    670.7
     1     1    10     3    29     7     0     1   -65.0   52.861   96.584   1662.2    686.2
     1     1    10     3    29     6     0     0   -66.0   52.816   95.967   1654.3    698.8
     1     1    10     3    29     5     0     1   -67.0   52.778   95.342   1596.3    697.9
     1     1    10     3    29     4     0     2   -68.0   52.728   94.712   1430.1    721.4
     1     1    10     3    29     3     0     3   -69.0   52.662   94.085   1267.1    750.8
     1     1    10     3    29     2     0     2   -70.0   52.582   93.453   1165.6    773.2
     1     1    10     3    29     1     0     1   -71.0   52.480   92.807   1119.1    781.8
     1     1    10     3    29     0     0     0   -72.0   52.362   92.120   1149.5    769.4
     1     1    10     3    28    23     0     1   -73.0   52.262   91.310   1200.6    731.0
     1     1    10     3    28    22     0     2   -74.0   52.184   90.291   1223.5    720.4
     1     1    10     3    28    21     0     3   -75.0   52.111   89.052   1170.4    726.3
     1     1    10     3    28    20     0     2   -76.0   51.900   87.821   1107.6    787.3
     1     1    10     3    28    19     0     1   -77.0   51.555   86.705   1121.6    781.1
     1     1    10     3    28    18     0     0   -78.0   51.144   85.564   1115.3    755.1
     1     1    10     3    28    17     0     1   -79.0   50.721   84.298   1132.0    743.5
     1     1    10     3    28    16     0     2   -80.0   50.321   83.281    883.6    827.0
     1     1    10     3    28    15     0     3   -81.0   49.869   82.643    661.8    886.5
     1     1    10     3    28    14     0     2   -82.0   49.420   82.062    515.1    907.3
     1     1    10     3    28    13     0     1   -83.0   48.977   81.464    474.7    910.0
     1     1    10     3    28    12     0     0   -84.0   48.535   80.800    576.9    889.2
     1     1    10     3    28    11     0     1   -85.0   48.140   80.113    656.9    863.2
     1     1    10     3    28    10     0     2   -86.0   47.821   79.551    604.1    881.9
     1     1    10     3    28     9     0     3   -87.0   47.579   79.102    496.8    908.6
     1     1    10     3    28     8     0     2   -88.0   47.395   78.713    398.0    927.7
     1     1    10     3    28     7     0     1   -89.0   47.249   78.352    327.9    936.0
     1     1    10     3    28     6     0     0   -90.0   47.130   78.001    280.1    938.7
     1     1    10     3    28     5     0     1   -91.0   47.041   77.665    239.0    946.4
     1     1    10     3    28     4     0     2   -92.0   46.991   77.354    194.0    956.0
     1     1    10     3    28     3     0     3   -93.0   46.985   77.058    142.5    966.1
     1     1    10     3    28     2     0     2   -94.0   47.007   76.783     96.0    974.1
     1     1    10     3    28     1     0     1   -95.0   47.039   76.534     68.5    978.1
     1     1    10     3    28     0     0     0   -96.0   47.084   76.300     57.8    978.6
