     7     1
    GDAS    10     3    22     0     0
    GDAS    10     4     8     0     0
    GDAS    10     4    15     0     0
    GDAS    10     4    22     0     0
    GDAS    10     4    29     0     0
    GDAS    10     4     1     0     0
    GDAS    10     3    29     0     0
     1 BACKWARD OMEGA   
    10     4    21     6   39.977  116.381  1800.0
     1 PRESSURE
     1     1    10     4    21     6     0     0     0.0   39.977  116.381   1567.4    819.4
     1     1    10     4    21     5     0     1    -1.0   39.834  116.540   1654.9    811.5
     1     1    10     4    21     4     0     2    -2.0   39.742  116.830   1622.2    826.1
     1     1    10     4    21     3     0     3    -3.0   39.705  117.241   1519.6    843.8
     1     1    10     4    21     2     0     2    -4.0   39.713  117.697   1446.5    854.0
     1     1    10     4    21     1     0     1    -5.0   39.756  118.152   1427.0    851.6
     1     1    10     4    21     0     0     0    -6.0   39.837  118.602   1432.2    849.7
     1     1    10     4    20    23     0     1    -7.0   39.976  119.016   1449.8    846.3
     1     1    10     4    20    22     0     2    -8.0   40.172  119.371   1466.7    836.8
     1     1    10     4    20    21     0     3    -9.0   40.397  119.672   1473.9    830.8
     1     1    10     4    20    20     0     2   -10.0   40.644  119.926   1466.2    827.1
     1     1    10     4    20    19     0     1   -11.0   40.914  120.132   1426.0    827.8
     1     1    10     4    20    18     0     0   -12.0   41.199  120.289   1366.7    831.9
     1     1    10     4    20    17     0     1   -13.0   41.484  120.393   1334.7    832.3
     1     1    10     4    20    16     0     2   -14.0   41.755  120.438   1327.7    824.7
     1     1    10     4    20    15     0     3   -15.0   42.005  120.431   1300.5    818.8
     1     1    10     4    20    14     0     2   -16.0   42.245  120.401   1248.3    827.7
     1     1    10     4    20    13     0     1   -17.0   42.488  120.365   1182.4    838.1
     1     1    10     4    20    12     0     0   -18.0   42.739  120.310   1117.5    848.6
     1     1    10     4    20    11     0     1   -19.0   42.988  120.233   1074.5    857.3
     1     1    10     4    20    10     0     2   -20.0   43.217  120.141   1067.6    856.1
     1     1    10     4    20     9     0     3   -21.0   43.423  120.028   1098.9    849.4
     1     1    10     4    20     8     0     2   -22.0   43.609  119.890   1148.3    837.0
     1     1    10     4    20     7     0     1   -23.0   43.778  119.726   1194.0    824.1
     1     1    10     4    20     6     0     0   -24.0   43.929  119.534   1228.1    811.2
     1     1    10     4    20     5     0     1   -25.0   44.069  119.333   1251.6    798.8
     1     1    10     4    20     4     0     2   -26.0   44.211  119.136   1270.4    786.4
     1     1    10     4    20     3     0     3   -27.0   44.355  118.942   1286.7    776.2
     1     1    10     4    20     2     0     2   -28.0   44.509  118.747   1311.2    769.0
     1     1    10     4    20     1     0     1   -29.0   44.680  118.549   1342.5    762.0
     1     1    10     4    20     0     0     0   -30.0   44.865  118.345   1361.8    758.9
     1     1    10     4    19    23     0     1   -31.0   45.053  118.133   1343.7    761.5
     1     1    10     4    19    22     0     2   -32.0   45.237  117.915   1288.4    770.0
     1     1    10     4    19    21     0     3   -33.0   45.422  117.678   1232.7    777.4
     1     1    10     4    19    20     0     2   -34.0   45.600  117.426   1207.2    781.4
     1     1    10     4    19    19     0     1   -35.0   45.752  117.168   1209.8    779.2
     1     1    10     4    19    18     0     0   -36.0   45.872  116.902   1216.5    777.2
     1     1    10     4    19    17     0     1   -37.0   45.971  116.653   1210.9    777.4
     1     1    10     4    19    16     0     2   -38.0   46.064  116.450   1185.7    782.3
     1     1    10     4    19    15     0     3   -39.0   46.159  116.303   1144.6    789.6
     1     1    10     4    19    14     0     2   -40.0   46.280  116.205   1090.4    798.2
     1     1    10     4    19    13     0     1   -41.0   46.449  116.134   1033.9    808.8
     1     1    10     4    19    12     0     0   -42.0   46.667  116.062    999.5    818.9
     1     1    10     4    19    11     0     1   -43.0   46.909  115.937   1005.9    823.0
     1     1    10     4    19    10     0     2   -44.0   47.150  115.734   1033.4    818.9
     1     1    10     4    19     9     0     3   -45.0   47.385  115.471   1072.2    814.6
     1     1    10     4    19     8     0     2   -46.0   47.607  115.171   1136.6    808.5
     1     1    10     4    19     7     0     1   -47.0   47.815  114.841   1232.6    797.6
     1     1    10     4    19     6     0     0   -48.0   48.008  114.475   1349.7    782.3
     1     1    10     4    19     5     0     1   -49.0   48.191  114.086   1457.5    764.4
     1     1    10     4    19     4     0     2   -50.0   48.377  113.699   1545.6    752.3
     1     1    10     4    19     3     0     3   -51.0   48.576  113.326   1626.6    739.6
     1     1    10     4    19     2     0     2   -52.0   48.802  112.955   1697.4    725.9
     1     1    10     4    19     1     0     1   -53.0   49.067  112.556   1726.5    716.1
     1     1    10     4    19     0     0     0   -54.0   49.369  112.140   1709.6    709.6
     1     1    10     4    18    23     0     1   -55.0   49.698  111.713   1733.7    697.5
     1     1    10     4    18    22     0     2   -56.0   50.033  111.230   1849.4    673.7
     1     1    10     4    18    21     0     3   -57.0   50.363  110.705   2006.5    662.1
     1     1    10     4    18    20     0     2   -58.0   50.667  110.200   2108.3    661.8
     1     1    10     4    18    19     0     1   -59.0   50.947  109.721   2154.5    670.2
     1     1    10     4    18    18     0     0   -60.0   51.217  109.264   2183.0    683.7
     1     1    10     4    18    17     0     1   -61.0   51.496  108.854   2231.0    689.3
     1     1    10     4    18    16     0     2   -62.0   51.792  108.485   2299.6    685.9
     1     1    10     4    18    15     0     3   -63.0   52.109  108.120   2392.6    679.4
     1     1    10     4    18    14     0     2   -64.0   52.432  107.753   2513.9    677.0
     1     1    10     4    18    13     0     1   -65.0   52.750  107.392   2624.3    671.3
     1     1    10     4    18    12     0     0   -66.0   53.070  107.031   2708.0    661.0
     1     1    10     4    18    11     0     1   -67.0   53.368  106.671   2773.1    647.5
     1     1    10     4    18    10     0     2   -68.0   53.622  106.321   2850.3    641.5
     1     1    10     4    18     9     0     3   -69.0   53.828  105.996   2942.0    638.5
     1     1    10     4    18     8     0     2   -70.0   54.005  105.669   3012.0    626.3
     1     1    10     4    18     7     0     1   -71.0   54.172  105.314   3054.3    615.1
     1     1    10     4    18     6     0     0   -72.0   54.323  104.977   3083.1    612.6
     1     1    10     4    18     5     0     1   -73.0   54.451  104.670   3119.3    615.5
     1     1    10     4    18     4     0     2   -74.0   54.559  104.377   3145.0    616.6
     1     1    10     4    18     3     0     3   -75.0   54.648  104.102   3159.1    616.9
     1     1    10     4    18     2     0     2   -76.0   54.743  103.814   3168.7    619.0
     1     1    10     4    18     1     0     1   -77.0   54.859  103.489   3174.8    622.8
     1     1    10     4    18     0     0     0   -78.0   54.990  103.117   3165.4    628.3
     1     1    10     4    17    23     0     1   -79.0   55.114  102.685   3144.2    633.7
     1     1    10     4    17    22     0     2   -80.0   55.221  102.184   3128.7    634.9
     1     1    10     4    17    21     0     3   -81.0   55.321  101.636   3126.1    636.5
     1     1    10     4    17    20     0     2   -82.0   55.416  101.066   3140.4    636.5
     1     1    10     4    17    19     0     1   -83.0   55.510  100.472   3161.5    635.4
     1     1    10     4    17    18     0     0   -84.0   55.611   99.813   3189.4    635.6
     1     1    10     4    17    17     0     1   -85.0   55.722   99.096   3237.8    636.8
     1     1    10     4    17    16     0     2   -86.0   55.836   98.346   3281.8    631.9
     1     1    10     4    17    15     0     3   -87.0   55.955   97.505   3336.8    631.3
     1     1    10     4    17    14     0     2   -88.0   56.088   96.566   3419.9    624.8
     1     1    10     4    17    13     0     1   -89.0   56.251   95.676   3442.4    625.4
     1     1    10     4    17    12     0     0   -90.0   56.448   94.835   3481.1    622.2
     1     1    10     4    17    11     0     1   -91.0   56.666   93.970   3528.9    616.2
     1     1    10     4    17    10     0     2   -92.0   56.907   93.009   3573.5    617.7
     1     1    10     4    17     9     0     3   -93.0   57.180   91.996   3559.0    618.1
     1     1    10     4    17     8     0     2   -94.0   57.477   91.099   3528.6    626.1
     1     1    10     4    17     7     0     1   -95.0   57.821   90.328   3482.1    632.6
     1     1    10     4    17     6     0     0   -96.0   58.213   89.659   3420.6    639.8
