     7     1
    GDAS    10     3    22     0     0
    GDAS    10     4     8     0     0
    GDAS    10     4    15     0     0
    GDAS    10     4    22     0     0
    GDAS    10     4    29     0     0
    GDAS    10     4     1     0     0
    GDAS    10     3    29     0     0
     1 BACKWARD OMEGA   
    10     4    19    18   39.977  116.381  6800.0
     1 PRESSURE
     1     1    10     4    19    18     0     0     0.0   39.977  116.381   6559.0    426.7
     1     1    10     4    19    17     0     1    -1.0   40.052  115.141   6369.8    387.6
     1     1    10     4    19    16     0     2    -2.0   40.155  113.781   6403.0    380.0
     1     1    10     4    19    15     0     3    -3.0   40.339  112.361   6445.6    364.9
     1     1    10     4    19    14     0     2    -4.0   40.582  110.915   6538.1    361.8
     1     1    10     4    19    13     0     1    -5.0   40.735  109.464   6604.7    363.0
     1     1    10     4    19    12     0     0    -6.0   40.862  108.067   6813.8    369.2
     1     1    10     4    19    11     0     1    -7.0   41.040  106.636   6777.0    350.2
     1     1    10     4    19    10     0     2    -8.0   41.179  105.226   6842.4    358.2
     1     1    10     4    19     9     0     3    -9.0   41.236  103.834   6937.4    352.0
     1     1    10     4    19     8     0     2   -10.0   41.284  102.346   7119.5    345.7
     1     1    10     4    19     7     0     1   -11.0   41.319  100.847   7279.9    344.3
     1     1    10     4    19     6     0     0   -12.0   41.344   99.426   7289.6    331.5
     1     1    10     4    19     5     0     1   -13.0   41.365   97.975   7243.6    321.0
     1     1    10     4    19     4     0     2   -14.0   41.401   96.493   7114.6    312.2
     1     1    10     4    19     3     0     3   -15.0   41.494   95.043   7283.8    319.4
     1     1    10     4    19     2     0     2   -16.0   41.522   93.664   7406.8    330.0
     1     1    10     4    19     1     0     1   -17.0   41.493   92.360   7252.5    341.9
     1     1    10     4    19     0     0     0   -18.0   41.445   91.218   7068.6    355.7
     1     1    10     4    18    23     0     1   -19.0   41.405   90.091   6870.8    359.2
     1     1    10     4    18    22     0     2   -20.0   41.318   88.948   6497.5    376.3
     1     1    10     4    18    21     0     3   -21.0   41.177   87.869   6080.8    400.9
     1     1    10     4    18    20     0     2   -22.0   41.057   86.831   5711.3    438.7
     1     1    10     4    18    19     0     1   -23.0   40.909   85.920   5309.0    469.0
     1     1    10     4    18    18     0     0   -24.0   40.750   85.158   4838.5    490.6
     1     1    10     4    18    17     0     1   -25.0   40.631   84.498   4409.7    519.4
     1     1    10     4    18    16     0     2   -26.0   40.547   83.889   4096.3    546.8
     1     1    10     4    18    15     0     3   -27.0   40.507   83.301   3946.2    558.2
     1     1    10     4    18    14     0     2   -28.0   40.500   82.723   3887.1    555.1
     1     1    10     4    18    13     0     1   -29.0   40.521   82.175   3839.0    557.0
     1     1    10     4    18    12     0     0   -30.0   40.571   81.657   3864.1    558.3
     1     1    10     4    18    11     0     1   -31.0   40.664   81.138   4010.2    545.8
     1     1    10     4    18    10     0     2   -32.0   40.809   80.571   4214.6    526.4
     1     1    10     4    18     9     0     3   -33.0   40.995   79.897   4378.3    502.8
     1     1    10     4    18     8     0     2   -34.0   41.172   78.978   4035.7    435.3
     1     1    10     4    18     7     0     1   -35.0   41.290   77.773   3481.1    423.3
     1     1    10     4    18     6     0     0   -36.0   41.331   76.453   3417.8    440.2
     1     1    10     4    18     5     0     1   -37.0   41.319   75.243   3472.0    453.4
     1     1    10     4    18     4     0     2   -38.0   41.317   74.143   3585.5    466.7
     1     1    10     4    18     3     0     3   -39.0   41.332   73.183   3730.5    506.3
     1     1    10     4    18     2     0     2   -40.0   41.336   72.370   3707.4    543.9
     1     1    10     4    18     1     0     1   -41.0   41.332   71.635   3582.3    547.5
     1     1    10     4    18     0     0     0   -42.0   41.330   70.899   3361.8    530.0
     1     1    10     4    17    23     0     1   -43.0   41.346   70.225   3243.5    556.4
     1     1    10     4    17    22     0     2   -44.0   41.372   69.676   3212.2    595.8
     1     1    10     4    17    21     0     3   -45.0   41.378   69.256   3206.4    637.7
     1     1    10     4    17    20     0     2   -46.0   41.359   68.929   3185.2    667.2
     1     1    10     4    17    19     0     1   -47.0   41.326   68.645   3153.8    672.7
     1     1    10     4    17    18     0     0   -48.0   41.283   68.376   3168.5    672.7
     1     1    10     4    17    17     0     1   -49.0   41.245   68.111   3208.2    668.6
     1     1    10     4    17    16     0     2   -50.0   41.225   67.848   3248.6    666.0
     1     1    10     4    17    15     0     3   -51.0   41.223   67.591   3280.1    664.7
     1     1    10     4    17    14     0     2   -52.0   41.235   67.327   3319.0    664.7
     1     1    10     4    17    13     0     1   -53.0   41.259   67.029   3387.5    660.8
     1     1    10     4    17    12     0     0   -54.0   41.293   66.690   3472.5    650.1
     1     1    10     4    17    11     0     1   -55.0   41.333   66.305   3555.1    638.4
     1     1    10     4    17    10     0     2   -56.0   41.382   65.869   3625.0    631.8
     1     1    10     4    17     9     0     3   -57.0   41.437   65.377   3693.5    631.4
     1     1    10     4    17     8     0     2   -58.0   41.502   64.841   3760.5    629.1
     1     1    10     4    17     7     0     1   -59.0   41.571   64.270   3835.9    620.4
     1     1    10     4    17     6     0     0   -60.0   41.634   63.660   3938.2    615.8
     1     1    10     4    17     5     0     1   -61.0   41.689   63.034   4067.3    614.2
     1     1    10     4    17     4     0     2   -62.0   41.735   62.420   4182.9    601.8
     1     1    10     4    17     3     0     3   -63.0   41.773   61.833   4293.5    591.7
     1     1    10     4    17     2     0     2   -64.0   41.804   61.259   4401.2    585.9
     1     1    10     4    17     1     0     1   -65.0   41.832   60.684   4475.4    579.7
     1     1    10     4    17     0     0     0   -66.0   41.866   60.106   4497.5    575.7
     1     1    10     4    16    23     0     1   -67.0   41.914   59.542   4508.6    579.5
     1     1    10     4    16    22     0     2   -68.0   41.989   58.990   4550.3    580.0
     1     1    10     4    16    21     0     3   -69.0   42.094   58.420   4641.2    573.8
     1     1    10     4    16    20     0     2   -70.0   42.216   57.813   4759.4    560.9
     1     1    10     4    16    19     0     1   -71.0   42.342   57.187   4835.2    554.4
     1     1    10     4    16    18     0     0   -72.0   42.475   56.547   4862.7    549.4
     1     1    10     4    16    17     0     1   -73.0   42.611   55.854   4896.1    542.9
     1     1    10     4    16    16     0     2   -74.0   42.744   55.090   4971.0    538.0
     1     1    10     4    16    15     0     3   -75.0   42.883   54.278   5076.1    534.1
     1     1    10     4    16    14     0     2   -76.0   43.006   53.445   5171.6    526.4
     1     1    10     4    16    13     0     1   -77.0   43.096   52.611   5264.8    521.8
     1     1    10     4    16    12     0     0   -78.0   43.181   51.798   5407.8    516.7
     1     1    10     4    16    11     0     1   -79.0   43.262   50.993   5542.3    507.6
     1     1    10     4    16    10     0     2   -80.0   43.323   50.186   5644.5    503.4
     1     1    10     4    16     9     0     3   -81.0   43.378   49.382   5718.7    498.1
     1     1    10     4    16     8     0     2   -82.0   43.448   48.579   5810.0    492.1
     1     1    10     4    16     7     0     1   -83.0   43.549   47.772   5953.4    479.0
     1     1    10     4    16     6     0     0   -84.0   43.697   46.925   6132.6    457.7
     1     1    10     4    16     5     0     1   -85.0   43.887   46.037   6329.3    446.5
     1     1    10     4    16     4     0     2   -86.0   44.105   45.124   6365.9    438.2
     1     1    10     4    16     3     0     3   -87.0   44.335   44.200   6406.4    436.6
     1     1    10     4    16     2     0     2   -88.0   44.541   43.257   6425.2    421.0
     1     1    10     4    16     1     0     1   -89.0   44.738   42.274   6480.8    412.8
     1     1    10     4    16     0     0     0   -90.0   44.923   41.266   6560.3    415.0
     1     1    10     4    15    23     0     1   -91.0   45.079   40.285   6656.1    425.5
     1     1    10     4    15    22     0     2   -92.0   45.217   39.369   6740.7    422.2
     1     1    10     4    15    21     0     3   -93.0   45.314   38.502   6806.4    418.0
     1     1    10     4    15    20     0     2   -94.0   45.379   37.677   6861.1    416.0
     1     1    10     4    15    19     0     1   -95.0   45.462   36.871   6923.0    413.6
     1     1    10     4    15    18     0     0   -96.0   45.542   36.080   6964.9    412.1
