     5     1
    GDAS    10     3     1     0     0
    GDAS    10     3     8     0     0
    GDAS    10     3    15     0     0
    GDAS    10     3    22     0     0
    GDAS    10     3    29     0     0
     1 BACKWARD OMEGA   
    10     3    23     0   39.977  116.381  5400.0
     1 PRESSURE
     1     1    10     3    23     0     0     0     0.0   39.977  116.381   5159.0    507.0
     1     1    10     3    22    23     0     1    -1.0   40.213  115.216   5075.0    455.3
     1     1    10     3    22    22     0     2    -2.0   40.408  113.713   5065.5    442.9
     1     1    10     3    22    21     0     3    -3.0   40.512  112.106   4947.3    438.3
     1     1    10     3    22    20     0     2    -4.0   40.573  110.541   4966.1    441.1
     1     1    10     3    22    19     0     1    -5.0   40.598  109.019   5013.9    451.8
     1     1    10     3    22    18     0     0    -6.0   40.593  107.543   5081.2    449.6
     1     1    10     3    22    17     0     1    -7.0   40.565  106.102   5021.4    449.1
     1     1    10     3    22    16     0     2    -8.0   40.546  104.746   4926.6    455.0
     1     1    10     3    22    15     0     3    -9.0   40.509  103.474   4714.2    464.6
     1     1    10     3    22    14     0     2   -10.0   40.449  102.311   4578.9    482.7
     1     1    10     3    22    13     0     1   -11.0   40.399  101.207   4584.0    484.8
     1     1    10     3    22    12     0     0   -12.0   40.351  100.124   4482.4    484.9
     1     1    10     3    22    11     0     1   -13.0   40.296   99.062   4339.6    499.5
     1     1    10     3    22    10     0     2   -14.0   40.240   97.977   4233.7    486.1
     1     1    10     3    22     9     0     3   -15.0   40.168   96.737   4084.4    465.8
     1     1    10     3    22     8     0     2   -16.0   40.109   95.482   3958.6    493.0
     1     1    10     3    22     7     0     1   -17.0   40.075   94.351   3951.6    527.1
     1     1    10     3    22     6     0     0   -18.0   40.048   93.310   3886.1    545.5
     1     1    10     3    22     5     0     1   -19.0   40.031   92.324   3803.4    555.9
     1     1    10     3    22     4     0     2   -20.0   39.993   91.390   3658.9    571.5
     1     1    10     3    22     3     0     3   -21.0   39.938   90.530   3395.8    591.8
     1     1    10     3    22     2     0     2   -22.0   39.904   89.819   3164.0    613.0
     1     1    10     3    22     1     0     1   -23.0   39.861   89.242   3040.8    617.8
     1     1    10     3    22     0     0     0   -24.0   39.782   88.698   3011.0    620.4
     1     1    10     3    21    23     0     1   -25.0   39.676   88.115   3038.9    621.0
     1     1    10     3    21    22     0     2   -26.0   39.565   87.531   3013.8    621.9
     1     1    10     3    21    21     0     3   -27.0   39.442   86.988   2859.6    634.3
     1     1    10     3    21    20     0     2   -28.0   39.307   86.505   2630.3    657.1
     1     1    10     3    21    19     0     1   -29.0   39.164   86.088   2435.7    667.4
     1     1    10     3    21    18     0     0   -30.0   39.013   85.728   2259.5    677.0
     1     1    10     3    21    17     0     1   -31.0   38.917   85.447   2153.0    690.1
     1     1    10     3    21    16     0     2   -32.0   38.924   85.198   2161.2    687.8
     1     1    10     3    21    15     0     3   -33.0   39.025   84.910   2266.2    680.1
     1     1    10     3    21    14     0     2   -34.0   39.208   84.596   2376.5    663.7
     1     1    10     3    21    13     0     1   -35.0   39.449   84.307   2441.9    662.5
     1     1    10     3    21    12     0     0   -36.0   39.703   83.952   2552.6    659.2
     1     1    10     3    21    11     0     1   -37.0   39.946   83.488   2771.3    642.9
     1     1    10     3    21    10     0     2   -38.0   40.172   82.976   3019.0    616.4
     1     1    10     3    21     9     0     3   -39.0   40.334   82.473   3194.3    599.5
     1     1    10     3    21     8     0     2   -40.0   40.442   81.973   3310.3    590.9
     1     1    10     3    21     7     0     1   -41.0   40.558   81.445   3351.3    585.6
     1     1    10     3    21     6     0     0   -42.0   40.714   80.883   3295.6    589.4
     1     1    10     3    21     5     0     1   -43.0   40.909   80.360   3259.8    598.4
     1     1    10     3    21     4     0     2   -44.0   41.122   79.684   3205.8    550.6
     1     1    10     3    21     3     0     3   -45.0   41.228   78.560   2984.6    483.9
     1     1    10     3    21     2     0     2   -46.0   41.103   77.087   2916.3    442.2
     1     1    10     3    21     1     0     1   -47.0   40.922   75.563   3252.4    460.1
     1     1    10     3    21     0     0     0   -48.0   40.768   74.163   3101.2    488.2
     1     1    10     3    20    23     0     1   -49.0   40.645   73.007   2835.8    569.1
     1     1    10     3    20    22     0     2   -50.0   40.497   72.134   2595.2    616.3
     1     1    10     3    20    21     0     3   -51.0   40.302   71.420   2390.2    612.9
     1     1    10     3    20    20     0     2   -52.0   40.108   70.825   2293.3    620.6
     1     1    10     3    20    19     0     1   -53.0   39.927   70.283   2196.7    637.5
     1     1    10     3    20    18     0     0   -54.0   39.724   69.736   2052.0    650.6
     1     1    10     3    20    17     0     1   -55.0   39.497   69.196   1878.5    650.8
     1     1    10     3    20    16     0     2   -56.0   39.280   68.659   1673.3    634.5
     1     1    10     3    20    15     0     3   -57.0   39.102   68.096   1483.4    619.1
     1     1    10     3    20    14     0     2   -58.0   38.954   67.593   1442.8    655.8
     1     1    10     3    20    13     0     1   -59.0   38.815   67.205   1486.7    697.0
     1     1    10     3    20    12     0     0   -60.0   38.693   66.922   1522.1    720.8
     1     1    10     3    20    11     0     1   -61.0   38.601   66.722   1557.7    741.1
     1     1    10     3    20    10     0     2   -62.0   38.539   66.576   1614.9    749.0
     1     1    10     3    20     9     0     3   -63.0   38.491   66.463   1693.3    750.9
     1     1    10     3    20     8     0     2   -64.0   38.440   66.353   1769.4    749.9
     1     1    10     3    20     7     0     1   -65.0   38.391   66.236   1828.0    752.3
     1     1    10     3    20     6     0     0   -66.0   38.352   66.116   1869.2    755.5
     1     1    10     3    20     5     0     1   -67.0   38.343   65.983   1909.8    760.6
     1     1    10     3    20     4     0     2   -68.0   38.372   65.808   1945.7    762.1
     1     1    10     3    20     3     0     3   -69.0   38.438   65.586   1964.3    768.0
     1     1    10     3    20     2     0     2   -70.0   38.527   65.324   1971.1    775.7
     1     1    10     3    20     1     0     1   -71.0   38.622   65.024   1964.8    780.7
     1     1    10     3    20     0     0     0   -72.0   38.709   64.693   1952.4    785.7
     1     1    10     3    19    23     0     1   -73.0   38.790   64.340   1966.4    789.0
     1     1    10     3    19    22     0     2   -74.0   38.877   63.964   2026.8    789.1
     1     1    10     3    19    21     0     3   -75.0   38.988   63.551   2112.8    776.5
     1     1    10     3    19    20     0     2   -76.0   39.124   63.059   2164.7    765.5
     1     1    10     3    19    19     0     1   -77.0   39.274   62.474   2180.2    770.2
     1     1    10     3    19    18     0     0   -78.0   39.437   61.802   2201.2    769.7
     1     1    10     3    19    17     0     1   -79.0   39.610   61.061   2274.7    762.9
     1     1    10     3    19    16     0     2   -80.0   39.766   60.251   2416.1    747.3
     1     1    10     3    19    15     0     3   -81.0   39.921   59.387   2532.5    735.2
     1     1    10     3    19    14     0     2   -82.0   40.073   58.446   2669.3    727.6
     1     1    10     3    19    13     0     1   -83.0   40.206   57.486   2844.3    711.7
     1     1    10     3    19    12     0     0   -84.0   40.295   56.458   2974.8    697.0
     1     1    10     3    19    11     0     1   -85.0   40.308   55.369   3055.9    684.3
     1     1    10     3    19    10     0     2   -86.0   40.255   54.254   3094.2    679.6
     1     1    10     3    19     9     0     3   -87.0   40.142   53.157   3234.9    680.8
     1     1    10     3    19     8     0     2   -88.0   39.989   52.121   3415.1    665.8
     1     1    10     3    19     7     0     1   -89.0   39.781   51.151   3590.8    652.4
     1     1    10     3    19     6     0     0   -90.0   39.503   50.267   3726.4    641.3
     1     1    10     3    19     5     0     1   -91.0   39.172   49.505   3830.9    626.1
     1     1    10     3    19     4     0     2   -92.0   38.796   48.815   3810.4    599.3
     1     1    10     3    19     3     0     3   -93.0   38.305   47.986   3503.3    519.2
     1     1    10     3    19     2     0     2   -94.0   37.775   47.019   3342.5    520.4
     1     1    10     3    19     1     0     1   -95.0   37.331   46.013   3410.5    536.8
     1     1    10     3    19     0     0     0   -96.0   37.051   45.029   3396.9    535.8
