     5     1
    GDAS    10     3     1     0     0
    GDAS    10     3     8     0     0
    GDAS    10     3    15     0     0
    GDAS    10     3    22     0     0
    GDAS    10     3    29     0     0
     1 BACKWARD OMEGA   
    10     3    24    12   39.977  116.381  5800.0
     1 PRESSURE
     1     1    10     3    24    12     0     0     0.0   39.977  116.381   5558.8    473.2
     1     1    10     3    24    11     0     1    -1.0   39.997  115.133   5266.7    434.1
     1     1    10     3    24    10     0     2    -2.0   40.057  113.726   5103.1    442.0
     1     1    10     3    24     9     0     3    -3.0   40.192  112.247   5090.0    425.2
     1     1    10     3    24     8     0     2    -4.0   40.352  110.773   5041.1    438.7
     1     1    10     3    24     7     0     1    -5.0   40.548  109.332   5013.0    442.9
     1     1    10     3    24     6     0     0    -6.0   40.817  107.916   5176.9    448.0
     1     1    10     3    24     5     0     1    -7.0   41.157  106.490   5201.8    426.1
     1     1    10     3    24     4     0     2    -8.0   41.546  105.094   5387.7    430.0
     1     1    10     3    24     3     0     3    -9.0   41.985  103.706   5560.2    414.6
     1     1    10     3    24     2     0     2   -10.0   42.473  102.360   5657.1    404.8
     1     1    10     3    24     1     0     1   -11.0   43.011  101.118   5585.8    385.9
     1     1    10     3    24     0     0     0   -12.0   43.640  100.000   5752.1    398.7
     1     1    10     3    23    23     0     1   -13.0   44.336   98.976   6008.8    363.1
     1     1    10     3    23    22     0     2   -14.0   45.007   98.014   5975.4    322.0
     1     1    10     3    23    21     0     3   -15.0   45.674   97.106   6235.6    331.0
     1     1    10     3    23    20     0     2   -16.0   46.352   96.311   6255.4    328.1
     1     1    10     3    23    19     0     1   -17.0   47.097   95.684   6346.1    329.0
     1     1    10     3    23    18     0     0   -18.0   47.897   95.157   6526.3    324.7
     1     1    10     3    23    17     0     1   -19.0   48.746   94.734   6792.3    317.4
     1     1    10     3    23    16     0     2   -20.0   49.639   94.444   7047.5    323.6
     1     1    10     3    23    15     0     3   -21.0   50.552   94.144   7047.0    323.5
     1     1    10     3    23    14     0     2   -22.0   51.509   93.830   7174.3    314.9
     1     1    10     3    23    13     0     1   -23.0   52.494   93.569   7356.7    315.5
     1     1    10     3    23    12     0     0   -24.0   53.465   93.215   7510.1    326.2
     1     1    10     3    23    11     0     1   -25.0   54.427   92.833   7592.9    329.9
     1     1    10     3    23    10     0     2   -26.0   55.377   92.439   7585.3    329.7
     1     1    10     3    23     9     0     3   -27.0   56.293   91.969   7652.4    331.0
     1     1    10     3    23     8     0     2   -28.0   57.198   91.443   7746.1    334.6
     1     1    10     3    23     7     0     1   -29.0   58.106   90.847   7773.9    335.2
     1     1    10     3    23     6     0     0   -30.0   58.981   90.166   7759.8    335.4
     1     1    10     3    23     5     0     1   -31.0   59.852   89.419   7750.2    338.4
     1     1    10     3    23     4     0     2   -32.0   60.705   88.592   7707.6    339.3
     1     1    10     3    23     3     0     3   -33.0   61.501   87.682   7684.6    337.8
     1     1    10     3    23     2     0     2   -34.0   62.290   86.650   7713.8    337.4
     1     1    10     3    23     1     0     1   -35.0   63.058   85.420   7704.3    337.4
     1     1    10     3    23     0     0     0   -36.0   63.731   84.051   7660.3    341.1
     1     1    10     3    22    23     0     1   -37.0   64.318   82.499   7582.6    347.5
     1     1    10     3    22    22     0     2   -38.0   64.822   80.651   7467.9    354.6
     1     1    10     3    22    21     0     3   -39.0   65.222   78.519   7308.6    362.6
     1     1    10     3    22    20     0     2   -40.0   65.556   76.188   7121.9    371.4
     1     1    10     3    22    19     0     1   -41.0   65.824   73.672   6919.3    383.9
     1     1    10     3    22    18     0     0   -42.0   66.026   71.022   6728.0    396.1
     1     1    10     3    22    17     0     1   -43.0   66.205   68.277   6579.3    403.4
     1     1    10     3    22    16     0     2   -44.0   66.322   65.519   6454.8    406.8
     1     1    10     3    22    15     0     3   -45.0   66.402   62.678   6389.7    402.8
     1     1    10     3    22    14     0     2   -46.0   66.440   59.724   6477.7    405.8
     1     1    10     3    22    13     0     1   -47.0   66.397   56.753   6576.0    399.0
     1     1    10     3    22    12     0     0   -48.0   66.277   53.756   6636.9    394.1
     1     1    10     3    22    11     0     1   -49.0   66.092   50.702   6720.5    387.3
     1     1    10     3    22    10     0     2   -50.0   65.829   47.786   6761.8    386.6
     1     1    10     3    22     9     0     3   -51.0   65.528   45.125   6809.3    385.8
     1     1    10     3    22     8     0     2   -52.0   65.193   42.504   6869.3    380.2
     1     1    10     3    22     7     0     1   -53.0   64.808   39.904   6943.6    379.4
     1     1    10     3    22     6     0     0   -54.0   64.429   37.565   6929.0    380.6
     1     1    10     3    22     5     0     1   -55.0   64.042   35.321   6888.1    381.8
     1     1    10     3    22     4     0     2   -56.0   63.652   33.194   6804.9    384.2
     1     1    10     3    22     3     0     3   -57.0   63.296   31.243   6712.6    387.1
     1     1    10     3    22     2     0     2   -58.0   63.020   29.357   6645.2    395.8
     1     1    10     3    22     1     0     1   -59.0   62.862   27.546   6558.8    402.5
     1     1    10     3    22     0     0     0   -60.0   62.826   25.826   6445.5    409.4
     1     1    10     3    21    23     0     1   -61.0   62.934   24.134   6380.1    412.4
     1     1    10     3    21    22     0     2   -62.0   63.170   22.413   6435.9    416.7
     1     1    10     3    21    21     0     3   -63.0   63.533   20.741   6529.6    409.9
     1     1    10     3    21    20     0     2   -64.0   64.022   19.025   6607.1    391.1
     1     1    10     3    21    19     0     1   -65.0   64.603   17.243   6739.6    377.0
     1     1    10     3    21    18     0     0   -66.0   65.274   15.357   6861.6    351.7
     1     1    10     3    21    17     0     1   -67.0   65.971   13.475   7026.1    359.5
     1     1    10     3    21    16     0     2   -68.0   66.704   11.471   7332.6    363.8
     1     1    10     3    21    15     0     3   -69.0   67.487    9.369   7451.3    357.1
     1     1    10     3    21    14     0     2   -70.0   68.298    7.263   7552.0    351.4
     1     1    10     3    21    13     0     1   -71.0   69.103    5.144   7632.0    346.8
     1     1    10     3    21    12     0     0   -72.0   69.936    3.001   7712.5    342.0
     1     1    10     3    21    11     0     1   -73.0   70.783    0.756   7773.9    338.8
     1     1    10     3    21    10     0     2   -74.0   71.628   -1.626   7823.4    336.0
     1     1    10     3    21     9     0     3   -75.0   72.481   -4.128   7860.7    334.0
     1     1    10     3    21     8     0     2   -76.0   73.320   -6.720   7888.7    332.5
     1     1    10     3    21     7     0     1   -77.0   74.131   -9.394   7923.6    330.7
     1     1    10     3    21     6     0     0   -78.0   74.924  -12.191   7959.0    328.8
     1     1    10     3    21     5     0     1   -79.0   75.681  -15.112   7986.6    326.7
     1     1    10     3    21     4     0     2   -80.0   76.376  -18.114   8013.1    325.9
     1     1    10     3    21     3     0     3   -81.0   77.001  -21.152   8047.1    315.9
     1     1    10     3    21     2     0     2   -82.0   77.546  -24.257   7819.0    292.9
     1     1    10     3    21     1     0     1   -83.0   77.979  -27.163   7655.8    274.6
     1     1    10     3    21     0     0     0   -84.0   78.342  -29.964   7566.2    266.2
     1     1    10     3    20    23     0     1   -85.0   78.631  -32.512   7529.4    259.4
     1     1    10     3    20    22     0     2   -86.0   78.866  -34.848   7476.1    255.2
     1     1    10     3    20    21     0     3   -87.0   79.060  -37.018   7434.3    253.8
     1     1    10     3    20    20     0     2   -88.0   79.207  -39.097   7407.2    253.7
     1     1    10     3    20    19     0     1   -89.0   79.304  -41.089   7390.2    252.6
     1     1    10     3    20    18     0     0   -90.0   79.349  -42.954   7408.0    251.9
     1     1    10     3    20    17     0     1   -91.0   79.347  -44.689   7443.0    253.6
     1     1    10     3    20    16     0     2   -92.0   79.307  -46.275   7448.6    255.8
     1     1    10     3    20    15     0     3   -93.0   79.237  -47.742   7434.1    257.2
     1     1    10     3    20    14     0     2   -94.0   79.137  -49.101   7414.4    257.5
     1     1    10     3    20    13     0     1   -95.0   79.011  -50.376   7413.7    257.6
     1     1    10     3    20    12     0     0   -96.0   78.861  -51.584   7413.9    258.0
