     7     1
    GDAS    10     3    22     0     0
    GDAS    10     4     8     0     0
    GDAS    10     4    15     0     0
    GDAS    10     4    22     0     0
    GDAS    10     4    29     0     0
    GDAS    10     4     1     0     0
    GDAS    10     3    29     0     0
     1 BACKWARD OMEGA   
    10     4     8     6   39.977  116.381  1000.0
     1 PRESSURE
     1     1    10     4     8     6     0     0     0.0   39.977  116.381    766.3    893.0
     1     1    10     4     8     5     0     1    -1.0   39.765  116.298    566.7    923.1
     1     1    10     4     8     4     0     2    -2.0   39.546  116.185    437.9    941.2
     1     1    10     4     8     3     0     3    -3.0   39.308  116.042    371.6    955.4
     1     1    10     4     8     2     0     2    -4.0   39.048  115.854    347.7    962.5
     1     1    10     4     8     1     0     1    -5.0   38.778  115.628    333.7    961.1
     1     1    10     4     8     0     0     0    -6.0   38.508  115.399    327.4    963.3
     1     1    10     4     7    23     0     1    -7.0   38.223  115.199    320.9    968.5
     1     1    10     4     7    22     0     2    -8.0   37.901  115.058    301.6    979.1
     1     1    10     4     7    21     0     3    -9.0   37.538  114.945    291.4    980.5
     1     1    10     4     7    20     0     2   -10.0   37.145  114.806    324.2    967.7
     1     1    10     4     7    19     0     1   -11.0   36.762  114.602    410.9    942.0
     1     1    10     4     7    18     0     0   -12.0   36.453  114.310    552.9    908.5
     1     1    10     4     7    17     0     1   -13.0   36.262  113.942    765.8    866.0
     1     1    10     4     7    16     0     2   -14.0   36.156  113.550    974.8    815.0
     1     1    10     4     7    15     0     3   -15.0   36.107  113.184   1152.2    776.8
     1     1    10     4     7    14     0     2   -16.0   36.097  112.875   1306.6    753.6
     1     1    10     4     7    13     0     1   -17.0   36.089  112.598   1435.6    752.0
     1     1    10     4     7    12     0     0   -18.0   36.059  112.329   1538.0    752.7
     1     1    10     4     7    11     0     1   -19.0   36.014  112.060   1639.5    755.9
     1     1    10     4     7    10     0     2   -20.0   35.994  111.792   1739.9    745.6
     1     1    10     4     7     9     0     3   -21.0   36.012  111.522   1821.2    735.2
     1     1    10     4     7     8     0     2   -22.0   36.040  111.256   1873.8    726.7
     1     1    10     4     7     7     0     1   -23.0   36.048  111.002   1892.3    723.5
     1     1    10     4     7     6     0     0   -24.0   36.040  110.756   1897.1    720.1
     1     1    10     4     7     5     0     1   -25.0   36.033  110.522   1905.2    714.3
     1     1    10     4     7     4     0     2   -26.0   36.028  110.305   1912.4    709.2
     1     1    10     4     7     3     0     3   -27.0   36.019  110.096   1920.2    704.1
     1     1    10     4     7     2     0     2   -28.0   36.018  109.892   1929.2    699.8
     1     1    10     4     7     1     0     1   -29.0   36.039  109.689   1935.0    696.8
     1     1    10     4     7     0     0     0   -30.0   36.081  109.481   1937.4    694.3
     1     1    10     4     6    23     0     1   -31.0   36.138  109.279   1939.9    690.7
     1     1    10     4     6    22     0     2   -32.0   36.202  109.094   1934.4    686.7
     1     1    10     4     6    21     0     3   -33.0   36.262  108.922   1909.8    685.5
     1     1    10     4     6    20     0     2   -34.0   36.318  108.746   1871.5    688.7
     1     1    10     4     6    19     0     1   -35.0   36.371  108.553   1827.2    691.6
     1     1    10     4     6    18     0     0   -36.0   36.423  108.344   1778.3    694.9
     1     1    10     4     6    17     0     1   -37.0   36.466  108.126   1725.8    697.9
     1     1    10     4     6    16     0     2   -38.0   36.494  107.910   1672.9    700.6
     1     1    10     4     6    15     0     3   -39.0   36.513  107.703   1634.2    702.0
     1     1    10     4     6    14     0     2   -40.0   36.536  107.503   1630.7    699.8
     1     1    10     4     6    13     0     1   -41.0   36.572  107.306   1666.2    693.1
     1     1    10     4     6    12     0     0   -42.0   36.630  107.099   1731.6    683.4
     1     1    10     4     6    11     0     1   -43.0   36.702  106.891   1812.7    672.4
     1     1    10     4     6    10     0     2   -44.0   36.776  106.702   1900.5    663.2
     1     1    10     4     6     9     0     3   -45.0   36.857  106.533   1997.0    654.9
     1     1    10     4     6     8     0     2   -46.0   36.965  106.363   2097.3    647.6
     1     1    10     4     6     7     0     1   -47.0   37.097  106.179   2191.5    643.7
     1     1    10     4     6     6     0     0   -48.0   37.231  105.990   2277.2    641.9
     1     1    10     4     6     5     0     1   -49.0   37.353  105.784   2349.8    636.2
     1     1    10     4     6     4     0     2   -50.0   37.455  105.558   2402.8    630.8
     1     1    10     4     6     3     0     3   -51.0   37.533  105.320   2424.4    627.2
     1     1    10     4     6     2     0     2   -52.0   37.598  105.082   2416.3    626.6
     1     1    10     4     6     1     0     1   -53.0   37.669  104.843   2394.9    628.3
     1     1    10     4     6     0     0     0   -54.0   37.754  104.605   2376.3    631.1
     1     1    10     4     5    23     0     1   -55.0   37.845  104.358   2363.3    633.1
     1     1    10     4     5    22     0     2   -56.0   37.919  104.096   2349.9    635.4
     1     1    10     4     5    21     0     3   -57.0   37.963  103.819   2328.9    637.0
     1     1    10     4     5    20     0     2   -58.0   37.988  103.545   2326.2    640.2
     1     1    10     4     5    19     0     1   -59.0   38.012  103.270   2378.8    637.4
     1     1    10     4     5    18     0     0   -60.0   38.045  102.971   2503.2    625.8
     1     1    10     4     5    17     0     1   -61.0   38.114  102.623   2617.5    586.2
     1     1    10     4     5    16     0     2   -62.0   38.229  102.240   2672.3    557.9
     1     1    10     4     5    15     0     3   -63.0   38.379  101.842   2653.4    546.2
     1     1    10     4     5    14     0     2   -64.0   38.555  101.444   2608.4    553.9
     1     1    10     4     5    13     0     1   -65.0   38.771  101.054   2628.8    570.9
     1     1    10     4     5    12     0     0   -66.0   39.038  100.676   2741.0    583.3
     1     1    10     4     5    11     0     1   -67.0   39.310  100.295   2769.9    577.2
     1     1    10     4     5    10     0     2   -68.0   39.549   99.935   2700.8    590.2
     1     1    10     4     5     9     0     3   -69.0   39.768   99.580   2669.3    608.2
     1     1    10     4     5     8     0     2   -70.0   39.982   99.200   2811.0    626.8
     1     1    10     4     5     7     0     1   -71.0   40.172   98.786   2965.2    602.1
     1     1    10     4     5     6     0     0   -72.0   40.323   98.352   3013.6    581.9
     1     1    10     4     5     5     0     1   -73.0   40.450   97.922   2978.6    578.7
     1     1    10     4     5     4     0     2   -74.0   40.566   97.499   2941.3    572.2
     1     1    10     4     5     3     0     3   -75.0   40.689   97.070   2941.8    561.2
     1     1    10     4     5     2     0     2   -76.0   40.819   96.637   2988.0    558.7
     1     1    10     4     5     1     0     1   -77.0   40.950   96.221   3064.4    557.9
     1     1    10     4     5     0     0     0   -78.0   41.066   95.821   3157.4    552.3
     1     1    10     4     4    23     0     1   -79.0   41.167   95.425   3231.4    549.5
     1     1    10     4     4    22     0     2   -80.0   41.269   95.032   3268.1    555.9
     1     1    10     4     4    21     0     3   -81.0   41.373   94.648   3277.8    566.0
     1     1    10     4     4    20     0     2   -82.0   41.463   94.277   3262.2    579.4
     1     1    10     4     4    19     0     1   -83.0   41.530   93.929   3230.8    591.8
     1     1    10     4     4    18     0     0   -84.0   41.578   93.607   3182.8    598.7
     1     1    10     4     4    17     0     1   -85.0   41.626   93.305   3118.0    605.2
     1     1    10     4     4    16     0     2   -86.0   41.678   93.024   3037.0    615.5
     1     1    10     4     4    15     0     3   -87.0   41.740   92.767   2963.6    623.9
     1     1    10     4     4    14     0     2   -88.0   41.823   92.512   2910.6    630.3
     1     1    10     4     4    13     0     1   -89.0   41.931   92.233   2888.1    633.3
     1     1    10     4     4    12     0     0   -90.0   42.072   91.921   2903.2    633.1
     1     1    10     4     4    11     0     1   -91.0   42.225   91.568   2932.3    629.4
     1     1    10     4     4    10     0     2   -92.0   42.363   91.192   2955.7    631.1
     1     1    10     4     4     9     0     3   -93.0   42.485   90.808   2975.1    634.5
     1     1    10     4     4     8     0     2   -94.0   42.605   90.425   3007.1    636.1
     1     1    10     4     4     7     0     1   -95.0   42.740   90.027   3075.6    628.2
     1     1    10     4     4     6     0     0   -96.0   42.893   89.599   3256.7    636.1
