     7     1
    GDAS    10     3    22     0     0
    GDAS    10     4     8     0     0
    GDAS    10     4    15     0     0
    GDAS    10     4    22     0     0
    GDAS    10     4    29     0     0
    GDAS    10     4     1     0     0
    GDAS    10     3    29     0     0
     1 BACKWARD OMEGA   
    10     4    20    12   39.977  116.381  5600.0
     1 PRESSURE
     1     1    10     4    20    12     0     0     0.0   39.977  116.381   5363.5    504.5
     1     1    10     4    20    11     0     1    -1.0   39.982  115.942   5126.4    508.6
     1     1    10     4    20    10     0     2    -2.0   39.917  115.416   4887.2    499.4
     1     1    10     4    20     9     0     3    -3.0   39.799  114.747   4685.4    492.1
     1     1    10     4    20     8     0     2    -4.0   39.669  114.069   4516.5    498.7
     1     1    10     4    20     7     0     1    -5.0   39.535  113.480   4326.4    502.8
     1     1    10     4    20     6     0     0    -6.0   39.352  112.936   4057.5    513.8
     1     1    10     4    20     5     0     1    -7.0   39.122  112.452   3814.6    532.4
     1     1    10     4    20     4     0     2    -8.0   38.907  112.003   3674.6    534.1
     1     1    10     4    20     3     0     3    -9.0   38.710  111.575   3568.1    547.6
     1     1    10     4    20     2     0     2   -10.0   38.522  111.245   3439.4    566.9
     1     1    10     4    20     1     0     1   -11.0   38.338  111.003   3353.4    578.5
     1     1    10     4    20     0     0     0   -12.0   38.139  110.791   3314.5    583.1
     1     1    10     4    19    23     0     1   -13.0   37.935  110.589   3280.3    586.8
     1     1    10     4    19    22     0     2   -14.0   37.740  110.436   3226.3    595.2
     1     1    10     4    19    21     0     3   -15.0   37.545  110.337   3163.7    602.4
     1     1    10     4    19    20     0     2   -16.0   37.353  110.277   3098.2    609.8
     1     1    10     4    19    19     0     1   -17.0   37.181  110.246   3044.7    615.9
     1     1    10     4    19    18     0     0   -18.0   37.045  110.245   3018.3    619.2
     1     1    10     4    19    17     0     1   -19.0   36.934  110.271   3016.2    618.1
     1     1    10     4    19    16     0     2   -20.0   36.832  110.321   3028.4    615.9
     1     1    10     4    19    15     0     3   -21.0   36.741  110.394   3048.8    613.4
     1     1    10     4    19    14     0     2   -22.0   36.678  110.466   3082.7    611.0
     1     1    10     4    19    13     0     1   -23.0   36.659  110.511   3140.4    606.4
     1     1    10     4    19    12     0     0   -24.0   36.687  110.538   3224.4    599.8
     1     1    10     4    19    11     0     1   -25.0   36.755  110.531   3336.6    590.7
     1     1    10     4    19    10     0     2   -26.0   36.876  110.475   3486.4    579.9
     1     1    10     4    19     9     0     3   -27.0   37.091  110.375   3692.3    565.9
     1     1    10     4    19     8     0     2   -28.0   37.353  110.181   3908.2    550.4
     1     1    10     4    19     7     0     1   -29.0   37.620  109.883   4100.3    537.4
     1     1    10     4    19     6     0     0   -30.0   37.907  109.430   4208.5    518.1
     1     1    10     4    19     5     0     1   -31.0   38.181  108.852   4226.6    507.9
     1     1    10     4    19     4     0     2   -32.0   38.423  108.210   4232.5    506.0
     1     1    10     4    19     3     0     3   -33.0   38.633  107.492   4266.1    505.3
     1     1    10     4    19     2     0     2   -34.0   38.804  106.717   4343.3    499.2
     1     1    10     4    19     1     0     1   -35.0   38.910  105.899   4366.4    485.3
     1     1    10     4    19     0     0     0   -36.0   38.956  105.074   4412.2    492.5
     1     1    10     4    18    23     0     1   -37.0   38.967  104.299   4385.3    495.8
     1     1    10     4    18    22     0     2   -38.0   38.954  103.628   4262.2    504.4
     1     1    10     4    18    21     0     3   -39.0   38.884  103.083   4102.0    512.2
     1     1    10     4    18    20     0     2   -40.0   38.787  102.613   3924.8    513.7
     1     1    10     4    18    19     0     1   -41.0   38.696  102.164   3768.4    504.1
     1     1    10     4    18    18     0     0   -42.0   38.628  101.723   3636.0    496.3
     1     1    10     4    18    17     0     1   -43.0   38.599  101.258   3565.1    489.6
     1     1    10     4    18    16     0     2   -44.0   38.621  100.717   3625.6    477.7
     1     1    10     4    18    15     0     3   -45.0   38.721  100.043   3833.9    461.0
     1     1    10     4    18    14     0     2   -46.0   38.952   99.126   3851.5    401.6
     1     1    10     4    18    13     0     1   -47.0   39.311   97.843   4066.9    397.9
     1     1    10     4    18    12     0     0   -48.0   39.617   96.444   4479.7    405.2
     1     1    10     4    18    11     0     1   -49.0   39.827   95.115   4822.0    431.1
     1     1    10     4    18    10     0     2   -50.0   39.985   93.974   4994.4    470.9
     1     1    10     4    18     9     0     3   -51.0   40.138   92.942   5132.4    467.1
     1     1    10     4    18     8     0     2   -52.0   40.308   91.881   5352.0    454.6
     1     1    10     4    18     7     0     1   -53.0   40.442   90.838   5437.8    457.8
     1     1    10     4    18     6     0     0   -54.0   40.532   89.786   5430.7    451.6
     1     1    10     4    18     5     0     1   -55.0   40.598   88.729   5393.4    450.6
     1     1    10     4    18     4     0     2   -56.0   40.646   87.716   5340.6    457.4
     1     1    10     4    18     3     0     3   -57.0   40.683   86.760   5424.8    461.2
     1     1    10     4    18     2     0     2   -58.0   40.699   85.828   5568.8    452.5
     1     1    10     4    18     1     0     1   -59.0   40.684   84.907   5641.9    440.2
     1     1    10     4    18     0     0     0   -60.0   40.694   83.970   5762.1    434.3
     1     1    10     4    17    23     0     1   -61.0   40.809   82.975   5828.3    429.3
     1     1    10     4    17    22     0     2   -62.0   41.010   81.902   5802.8    427.8
     1     1    10     4    17    21     0     3   -63.0   41.188   80.759   5621.5    408.6
     1     1    10     4    17    20     0     2   -64.0   41.296   79.519   5380.8    383.3
     1     1    10     4    17    19     0     1   -65.0   41.365   78.010   5028.6    341.3
     1     1    10     4    17    18     0     0   -66.0   41.365   76.457   5027.1    354.4
     1     1    10     4    17    17     0     1   -67.0   41.382   75.056   5155.3    362.1
     1     1    10     4    17    16     0     2   -68.0   41.473   73.735   5386.8    375.6
     1     1    10     4    17    15     0     3   -69.0   41.589   72.508   5592.1    393.7
     1     1    10     4    17    14     0     2   -70.0   41.690   71.312   5458.3    375.7
     1     1    10     4    17    13     0     1   -71.0   41.772   70.090   5688.2    399.2
     1     1    10     4    17    12     0     0   -72.0   41.854   69.039   6079.1    449.5
     1     1    10     4    17    11     0     1   -73.0   41.937   68.100   6180.8    452.5
     1     1    10     4    17    10     0     2   -74.0   42.052   67.130   6295.4    449.5
     1     1    10     4    17     9     0     3   -75.0   42.179   66.119   6370.2    443.1
     1     1    10     4    17     8     0     2   -76.0   42.305   65.077   6439.0    439.5
     1     1    10     4    17     7     0     1   -77.0   42.446   64.004   6573.9    431.5
     1     1    10     4    17     6     0     0   -78.0   42.608   62.904   6774.4    424.6
     1     1    10     4    17     5     0     1   -79.0   42.793   61.811   6949.0    415.9
     1     1    10     4    17     4     0     2   -80.0   42.994   60.716   7113.9    408.0
     1     1    10     4    17     3     0     3   -81.0   43.205   59.580   7216.9    401.9
     1     1    10     4    17     2     0     2   -82.0   43.409   58.404   7296.2    395.2
     1     1    10     4    17     1     0     1   -83.0   43.608   57.213   7378.6    387.1
     1     1    10     4    17     0     0     0   -84.0   43.799   56.004   7439.1    382.3
     1     1    10     4    16    23     0     1   -85.0   43.982   54.787   7473.0    378.1
     1     1    10     4    16    22     0     2   -86.0   44.165   53.582   7541.1    377.8
     1     1    10     4    16    21     0     3   -87.0   44.362   52.362   7623.3    376.2
     1     1    10     4    16    20     0     2   -88.0   44.575   51.125   7716.1    374.8
     1     1    10     4    16    19     0     1   -89.0   44.780   49.879   7798.4    372.6
     1     1    10     4    16    18     0     0   -90.0   44.956   48.613   7831.6    369.8
     1     1    10     4    16    17     0     1   -91.0   45.103   47.328   7918.1    365.7
     1     1    10     4    16    16     0     2   -92.0   45.235   45.996   8050.7    356.5
     1     1    10     4    16    15     0     3   -93.0   45.347   44.633   8082.6    350.1
     1     1    10     4    16    14     0     2   -94.0   45.426   43.263   8127.4    343.0
     1     1    10     4    16    13     0     1   -95.0   45.441   41.924   8141.9    339.4
     1     1    10     4    16    12     0     0   -96.0   45.388   40.616   8193.6    341.8
