     7     1
    GDAS    10     3    22     0     0
    GDAS    10     4     8     0     0
    GDAS    10     4    15     0     0
    GDAS    10     4    22     0     0
    GDAS    10     4    29     0     0
    GDAS    10     4     1     0     0
    GDAS    10     3    29     0     0
     1 BACKWARD OMEGA   
    10     4    21    18   39.977  116.381  3200.0
     1 PRESSURE
     1     1    10     4    21    18     0     0     0.0   39.977  116.381   2963.5    683.5
     1     1    10     4    21    17     0     1    -1.0   40.115  116.035   2881.2    669.9
     1     1    10     4    21    16     0     2    -2.0   40.260  115.682   2735.8    653.7
     1     1    10     4    21    15     0     3    -3.0   40.405  115.313   2584.6    643.2
     1     1    10     4    21    14     0     2    -4.0   40.549  114.906   2473.3    636.3
     1     1    10     4    21    13     0     1    -5.0   40.672  114.454   2403.0    639.8
     1     1    10     4    21    12     0     0    -6.0   40.758  113.973   2308.9    645.0
     1     1    10     4    21    11     0     1    -7.0   40.810  113.469   2208.5    647.1
     1     1    10     4    21    10     0     2    -8.0   40.826  112.945   2147.7    641.2
     1     1    10     4    21     9     0     3    -9.0   40.820  112.422   2099.8    643.7
     1     1    10     4    21     8     0     2   -10.0   40.822  111.947   2050.7    649.2
     1     1    10     4    21     7     0     1   -11.0   40.840  111.539   2024.7    651.7
     1     1    10     4    21     6     0     0   -12.0   40.871  111.183   2031.8    649.1
     1     1    10     4    21     5     0     1   -13.0   40.943  110.856   2075.6    643.1
     1     1    10     4    21     4     0     2   -14.0   41.078  110.518   2171.4    638.0
     1     1    10     4    21     3     0     3   -15.0   41.248  110.162   2295.7    633.1
     1     1    10     4    21     2     0     2   -16.0   41.420  109.793   2400.9    629.0
     1     1    10     4    21     1     0     1   -17.0   41.579  109.411   2436.2    630.3
     1     1    10     4    21     0     0     0   -18.0   41.732  109.011   2382.1    635.9
     1     1    10     4    20    23     0     1   -19.0   41.879  108.643   2287.6    646.1
     1     1    10     4    20    22     0     2   -20.0   42.005  108.353   2215.2    651.0
     1     1    10     4    20    21     0     3   -21.0   42.099  108.148   2175.0    656.8
     1     1    10     4    20    20     0     2   -22.0   42.150  108.004   2126.3    662.6
     1     1    10     4    20    19     0     1   -23.0   42.169  107.879   2052.8    671.2
     1     1    10     4    20    18     0     0   -24.0   42.163  107.763   1952.7    682.5
     1     1    10     4    20    17     0     1   -25.0   42.150  107.661   1857.1    694.4
     1     1    10     4    20    16     0     2   -26.0   42.137  107.585   1789.9    701.7
     1     1    10     4    20    15     0     3   -27.0   42.118  107.537   1754.4    705.4
     1     1    10     4    20    14     0     2   -28.0   42.096  107.503   1731.0    705.6
     1     1    10     4    20    13     0     1   -29.0   42.079  107.480   1698.2    708.3
     1     1    10     4    20    12     0     0   -30.0   42.065  107.475   1654.0    711.8
     1     1    10     4    20    11     0     1   -31.0   42.048  107.506   1615.7    715.7
     1     1    10     4    20    10     0     2   -32.0   42.016  107.572   1601.7    714.8
     1     1    10     4    20     9     0     3   -33.0   41.965  107.658   1616.7    712.0
     1     1    10     4    20     8     0     2   -34.0   41.903  107.745   1648.4    707.7
     1     1    10     4    20     7     0     1   -35.0   41.846  107.834   1685.3    705.1
     1     1    10     4    20     6     0     0   -36.0   41.796  107.930   1733.8    701.9
     1     1    10     4    20     5     0     1   -37.0   41.747  108.019   1772.8    697.5
     1     1    10     4    20     4     0     2   -38.0   41.705  108.098   1778.3    697.9
     1     1    10     4    20     3     0     3   -39.0   41.675  108.174   1755.0    701.2
     1     1    10     4    20     2     0     2   -40.0   41.658  108.226   1723.4    705.6
     1     1    10     4    20     1     0     1   -41.0   41.656  108.231   1696.0    708.0
     1     1    10     4    20     0     0     0   -42.0   41.670  108.195   1671.2    710.1
     1     1    10     4    19    23     0     1   -43.0   41.701  108.115   1657.0    711.0
     1     1    10     4    19    22     0     2   -44.0   41.748  107.984   1662.4    709.4
     1     1    10     4    19    21     0     3   -45.0   41.803  107.795   1686.7    706.1
     1     1    10     4    19    20     0     2   -46.0   41.856  107.567   1726.9    703.9
     1     1    10     4    19    19     0     1   -47.0   41.894  107.319   1784.0    702.2
     1     1    10     4    19    18     0     0   -48.0   41.911  107.054   1867.3    699.5
     1     1    10     4    19    17     0     1   -49.0   41.915  106.769   1966.3    694.6
     1     1    10     4    19    16     0     2   -50.0   41.923  106.464   2064.9    692.8
     1     1    10     4    19    15     0     3   -51.0   41.924  106.136   2174.9    691.1
     1     1    10     4    19    14     0     2   -52.0   41.948  105.818   2233.0    680.7
     1     1    10     4    19    13     0     1   -53.0   42.016  105.549   2157.6    684.2
     1     1    10     4    19    12     0     0   -54.0   42.128  105.313   1998.9    692.4
     1     1    10     4    19    11     0     1   -55.0   42.276  105.043   1899.6    697.2
     1     1    10     4    19    10     0     2   -56.0   42.445  104.678   1949.0    683.9
     1     1    10     4    19     9     0     3   -57.0   42.624  104.245   2131.7    662.8
     1     1    10     4    19     8     0     2   -58.0   42.790  103.738   2378.1    635.7
     1     1    10     4    19     7     0     1   -59.0   42.946  103.138   2576.6    620.5
     1     1    10     4    19     6     0     0   -60.0   43.105  102.470   2663.7    606.2
     1     1    10     4    19     5     0     1   -61.0   43.254  101.754   2710.6    604.1
     1     1    10     4    19     4     0     2   -62.0   43.374  101.011   2774.3    601.2
     1     1    10     4    19     3     0     3   -63.0   43.477  100.285   2925.6    601.3
     1     1    10     4    19     2     0     2   -64.0   43.588   99.568   3073.4    580.1
     1     1    10     4    19     1     0     1   -65.0   43.720   98.879   3101.9    579.5
     1     1    10     4    19     0     0     0   -66.0   43.891   98.238   3166.9    587.2
     1     1    10     4    18    23     0     1   -67.0   44.091   97.592   3332.2    566.6
     1     1    10     4    18    22     0     2   -68.0   44.297   96.889   3504.1    548.1
     1     1    10     4    18    21     0     3   -69.0   44.534   96.096   3633.5    532.4
     1     1    10     4    18    20     0     2   -70.0   44.806   95.208   3763.9    514.2
     1     1    10     4    18    19     0     1   -71.0   45.091   94.223   3971.9    494.6
     1     1    10     4    18    18     0     0   -72.0   45.370   93.280   4190.6    478.6
     1     1    10     4    18    17     0     1   -73.0   45.654   92.339   4454.0    467.5
     1     1    10     4    18    16     0     2   -74.0   45.916   91.379   4692.1    467.5
     1     1    10     4    18    15     0     3   -75.0   46.141   90.445   4835.9    459.8
     1     1    10     4    18    14     0     2   -76.0   46.345   89.534   5005.4    459.4
     1     1    10     4    18    13     0     1   -77.0   46.537   88.667   5156.5    472.1
     1     1    10     4    18    12     0     0   -78.0   46.717   87.840   5290.2    476.2
     1     1    10     4    18    11     0     1   -79.0   46.876   87.014   5344.2    461.3
     1     1    10     4    18    10     0     2   -80.0   47.003   86.168   5203.7    417.2
     1     1    10     4    18     9     0     3   -81.0   47.099   85.346   5176.8    411.5
     1     1    10     4    18     8     0     2   -82.0   47.175   84.550   5258.4    422.7
     1     1    10     4    18     7     0     1   -83.0   47.261   83.775   5330.5    440.1
     1     1    10     4    18     6     0     0   -84.0   47.349   83.024   5349.0    448.3
     1     1    10     4    18     5     0     1   -85.0   47.432   82.270   5352.6    451.5
     1     1    10     4    18     4     0     2   -86.0   47.509   81.501   5382.4    454.9
     1     1    10     4    18     3     0     3   -87.0   47.585   80.740   5419.1    460.4
     1     1    10     4    18     2     0     2   -88.0   47.667   79.988   5447.5    464.6
     1     1    10     4    18     1     0     1   -89.0   47.752   79.238   5455.3    462.5
     1     1    10     4    18     0     0     0   -90.0   47.827   78.488   5472.6    461.1
     1     1    10     4    17    23     0     1   -91.0   47.907   77.751   5491.3    459.2
     1     1    10     4    17    22     0     2   -92.0   47.996   77.036   5496.4    454.2
     1     1    10     4    17    21     0     3   -93.0   48.082   76.319   5529.6    454.7
     1     1    10     4    17    20     0     2   -94.0   48.182   75.605   5552.1    450.7
     1     1    10     4    17    19     0     1   -95.0   48.305   74.900   5560.0    444.3
     1     1    10     4    17    18     0     0   -96.0   48.428   74.183   5564.7    446.2
