     7     1
    GDAS    10     3    22     0     0
    GDAS    10     4     8     0     0
    GDAS    10     4    15     0     0
    GDAS    10     4    22     0     0
    GDAS    10     4    29     0     0
    GDAS    10     4     1     0     0
    GDAS    10     3    29     0     0
     1 BACKWARD OMEGA   
    10     4    16    12   39.977  116.381  5200.0
     1 PRESSURE
     1     1    10     4    16    12     0     0     0.0   39.977  116.381   4960.0    523.2
     1     1    10     4    16    11     0     1    -1.0   40.545  115.608   5216.9    439.1
     1     1    10     4    16    10     0     2    -2.0   41.142  114.782   5009.8    444.7
     1     1    10     4    16     9     0     3    -3.0   41.719  113.918   4925.6    443.6
     1     1    10     4    16     8     0     2    -4.0   42.275  113.031   4860.0    457.0
     1     1    10     4    16     7     0     1    -5.0   42.804  112.185   4864.1    468.8
     1     1    10     4    16     6     0     0    -6.0   43.296  111.378   4879.3    473.2
     1     1    10     4    16     5     0     1    -7.0   43.768  110.578   4908.4    472.7
     1     1    10     4    16     4     0     2    -8.0   44.229  109.797   4922.3    477.8
     1     1    10     4    16     3     0     3    -9.0   44.679  109.041   4883.0    472.4
     1     1    10     4    16     2     0     2   -10.0   45.132  108.272   4844.3    469.1
     1     1    10     4    16     1     0     1   -11.0   45.586  107.485   4788.6    463.9
     1     1    10     4    16     0     0     0   -12.0   46.032  106.684   4714.4    457.9
     1     1    10     4    15    23     0     1   -13.0   46.464  105.892   4682.4    459.8
     1     1    10     4    15    22     0     2   -14.0   46.872  105.124   4697.4    459.7
     1     1    10     4    15    21     0     3   -15.0   47.243  104.362   4719.8    453.9
     1     1    10     4    15    20     0     2   -16.0   47.590  103.599   4708.5    456.3
     1     1    10     4    15    19     0     1   -17.0   47.932  102.829   4611.8    456.9
     1     1    10     4    15    18     0     0   -18.0   48.245  102.071   4464.0    466.2
     1     1    10     4    15    17     0     1   -19.0   48.546  101.323   4322.8    469.4
     1     1    10     4    15    16     0     2   -20.0   48.864  100.559   4283.8    466.4
     1     1    10     4    15    15     0     3   -21.0   49.208   99.771   4307.7    453.9
     1     1    10     4    15    14     0     2   -22.0   49.576   98.930   4347.1    446.5
     1     1    10     4    15    13     0     1   -23.0   49.935   98.058   4305.5    437.8
     1     1    10     4    15    12     0     0   -24.0   50.266   97.198   4319.8    445.3
     1     1    10     4    15    11     0     1   -25.0   50.556   96.349   4422.1    461.6
     1     1    10     4    15    10     0     2   -26.0   50.799   95.506   4528.2    475.7
     1     1    10     4    15     9     0     3   -27.0   51.005   94.703   4591.1    474.6
     1     1    10     4    15     8     0     2   -28.0   51.213   93.903   4617.1    466.0
     1     1    10     4    15     7     0     1   -29.0   51.423   93.083   4648.2    462.5
     1     1    10     4    15     6     0     0   -30.0   51.627   92.233   4665.1    456.8
     1     1    10     4    15     5     0     1   -31.0   51.846   91.339   4683.4    446.6
     1     1    10     4    15     4     0     2   -32.0   52.084   90.401   4743.6    443.8
     1     1    10     4    15     3     0     3   -33.0   52.291   89.447   4859.0    453.0
     1     1    10     4    15     2     0     2   -34.0   52.452   88.492   4966.9    467.8
     1     1    10     4    15     1     0     1   -35.0   52.576   87.607   5052.4    485.5
     1     1    10     4    15     0     0     0   -36.0   52.683   86.779   5070.3    499.3
     1     1    10     4    14    23     0     1   -37.0   52.772   85.966   5065.3    506.5
     1     1    10     4    14    22     0     2   -38.0   52.837   85.141   5057.3    506.4
     1     1    10     4    14    21     0     3   -39.0   52.891   84.311   5092.9    510.3
     1     1    10     4    14    20     0     2   -40.0   52.942   83.482   5124.2    509.7
     1     1    10     4    14    19     0     1   -41.0   52.981   82.656   5098.2    511.3
     1     1    10     4    14    18     0     0   -42.0   53.002   81.850   5064.7    514.4
     1     1    10     4    14    17     0     1   -43.0   53.023   81.044   5051.3    517.3
     1     1    10     4    14    16     0     2   -44.0   53.055   80.225   5071.9    519.2
     1     1    10     4    14    15     0     3   -45.0   53.091   79.398   5100.2    517.8
     1     1    10     4    14    14     0     2   -46.0   53.125   78.551   5117.7    517.2
     1     1    10     4    14    13     0     1   -47.0   53.158   77.681   5159.1    514.1
     1     1    10     4    14    12     0     0   -48.0   53.191   76.798   5210.1    510.6
     1     1    10     4    14    11     0     1   -49.0   53.220   75.906   5268.4    506.3
     1     1    10     4    14    10     0     2   -50.0   53.247   75.000   5316.3    503.1
     1     1    10     4    14     9     0     3   -51.0   53.284   74.068   5367.6    500.8
     1     1    10     4    14     8     0     2   -52.0   53.319   73.092   5409.2    495.7
     1     1    10     4    14     7     0     1   -53.0   53.331   72.074   5435.4    492.0
     1     1    10     4    14     6     0     0   -54.0   53.338   71.006   5458.4    485.1
     1     1    10     4    14     5     0     1   -55.0   53.322   69.912   5501.6    477.0
     1     1    10     4    14     4     0     2   -56.0   53.252   68.826   5573.4    470.9
     1     1    10     4    14     3     0     3   -57.0   53.165   67.739   5653.2    467.3
     1     1    10     4    14     2     0     2   -58.0   53.085   66.659   5731.5    465.8
     1     1    10     4    14     1     0     1   -59.0   52.986   65.628   5756.6    465.5
     1     1    10     4    14     0     0     0   -60.0   52.884   64.645   5704.9    470.0
     1     1    10     4    13    23     0     1   -61.0   52.798   63.652   5625.4    476.1
     1     1    10     4    13    22     0     2   -62.0   52.687   62.643   5558.3    479.3
     1     1    10     4    13    21     0     3   -63.0   52.535   61.686   5508.7    480.3
     1     1    10     4    13    20     0     2   -64.0   52.384   60.760   5472.3    478.5
     1     1    10     4    13    19     0     1   -65.0   52.273   59.813   5431.3    478.7
     1     1    10     4    13    18     0     0   -66.0   52.194   58.852   5351.3    484.1
     1     1    10     4    13    17     0     1   -67.0   52.128   57.871   5262.9    484.5
     1     1    10     4    13    16     0     2   -68.0   52.061   56.847   5268.4    490.9
     1     1    10     4    13    15     0     3   -69.0   51.972   55.780   5290.5    502.2
     1     1    10     4    13    14     0     2   -70.0   51.854   54.713   5251.3    504.2
     1     1    10     4    13    13     0     1   -71.0   51.730   53.705   5241.4    506.6
     1     1    10     4    13    12     0     0   -72.0   51.600   52.770   5243.7    508.7
     1     1    10     4    13    11     0     1   -73.0   51.466   51.939   5248.5    511.5
     1     1    10     4    13    10     0     2   -74.0   51.341   51.203   5249.7    511.4
     1     1    10     4    13     9     0     3   -75.0   51.238   50.525   5253.6    511.3
     1     1    10     4    13     8     0     2   -76.0   51.157   49.900   5256.1    511.0
     1     1    10     4    13     7     0     1   -77.0   51.095   49.339   5266.5    510.6
     1     1    10     4    13     6     0     0   -78.0   51.049   48.840   5289.9    509.0
     1     1    10     4    13     5     0     1   -79.0   51.017   48.386   5317.5    506.2
     1     1    10     4    13     4     0     2   -80.0   50.999   47.965   5336.5    504.7
     1     1    10     4    13     3     0     3   -81.0   50.996   47.583   5343.4    504.8
     1     1    10     4    13     2     0     2   -82.0   50.993   47.237   5340.8    506.7
     1     1    10     4    13     1     0     1   -83.0   50.968   46.912   5338.0    507.3
     1     1    10     4    13     0     0     0   -84.0   50.922   46.595   5336.5    506.6
     1     1    10     4    12    23     0     1   -85.0   50.875   46.294   5343.0    505.3
     1     1    10     4    12    22     0     2   -86.0   50.843   46.023   5352.5    504.0
     1     1    10     4    12    21     0     3   -87.0   50.818   45.777   5359.0    502.4
     1     1    10     4    12    20     0     2   -88.0   50.799   45.547   5358.2    500.9
     1     1    10     4    12    19     0     1   -89.0   50.786   45.332   5344.7    500.7
     1     1    10     4    12    18     0     0   -90.0   50.779   45.138   5318.5    501.4
     1     1    10     4    12    17     0     1   -91.0   50.776   44.983   5287.7    503.2
     1     1    10     4    12    16     0     2   -92.0   50.781   44.880   5260.9    505.3
     1     1    10     4    12    15     0     3   -93.0   50.796   44.830   5233.1    507.2
     1     1    10     4    12    14     0     2   -94.0   50.818   44.822   5208.7    509.2
     1     1    10     4    12    13     0     1   -95.0   50.839   44.839   5193.4    510.2
     1     1    10     4    12    12     0     0   -96.0   50.859   44.880   5188.0    510.4
