     7     1
    GDAS    10     3    22     0     0
    GDAS    10     4     8     0     0
    GDAS    10     4    15     0     0
    GDAS    10     4    22     0     0
    GDAS    10     4    29     0     0
    GDAS    10     4     1     0     0
    GDAS    10     3    29     0     0
     1 BACKWARD OMEGA   
    10     4     8    12   39.977  116.381  6400.0
     1 PRESSURE
     1     1    10     4     8    12     0     0     0.0   39.977  116.381   6158.7    446.4
     1     1    10     4     8    11     0     1    -1.0   40.173  115.086   6543.6    363.6
     1     1    10     4     8    10     0     2    -2.0   40.386  113.641   6469.6    367.4
     1     1    10     4     8     9     0     3    -3.0   40.555  112.144   6433.7    357.3
     1     1    10     4     8     8     0     2    -4.0   40.739  110.562   6366.7    362.3
     1     1    10     4     8     7     0     1    -5.0   40.925  108.972   6532.8    371.2
     1     1    10     4     8     6     0     0    -6.0   41.089  107.390   6584.4    365.5
     1     1    10     4     8     5     0     1    -7.0   41.272  105.785   6620.9    360.8
     1     1    10     4     8     4     0     2    -8.0   41.469  104.128   6680.3    361.2
     1     1    10     4     8     3     0     3    -9.0   41.653  102.441   6668.3    366.4
     1     1    10     4     8     2     0     2   -10.0   41.822  100.775   6595.2    378.4
     1     1    10     4     8     1     0     1   -11.0   41.998   99.175   6335.9    383.1
     1     1    10     4     8     0     0     0   -12.0   42.168   97.599   6073.2    374.5
     1     1    10     4     7    23     0     1   -13.0   42.336   95.989   5928.3    373.9
     1     1    10     4     7    22     0     2   -14.0   42.482   94.372   5823.0    389.2
     1     1    10     4     7    21     0     3   -15.0   42.562   92.941   5653.5    448.3
     1     1    10     4     7    20     0     2   -16.0   42.608   91.677   5390.2    468.0
     1     1    10     4     7    19     0     1   -17.0   42.648   90.456   5180.5    477.5
     1     1    10     4     7    18     0     0   -18.0   42.679   89.310   5096.4    495.2
     1     1    10     4     7    17     0     1   -19.0   42.696   88.244   4908.3    475.1
     1     1    10     4     7    16     0     2   -20.0   42.692   87.038   4615.1    402.6
     1     1    10     4     7    15     0     3   -21.0   42.728   85.675   4535.9    401.2
     1     1    10     4     7    14     0     2   -22.0   42.808   84.344   4787.1    399.9
     1     1    10     4     7    13     0     1   -23.0   42.865   83.052   4884.2    383.5
     1     1    10     4     7    12     0     0   -24.0   42.841   81.803   4925.8    404.9
     1     1    10     4     7    11     0     1   -25.0   42.768   80.524   4822.2    396.6
     1     1    10     4     7    10     0     2   -26.0   42.695   79.132   4793.8    392.8
     1     1    10     4     7     9     0     3   -27.0   42.534   77.715   4633.9    380.8
     1     1    10     4     7     8     0     2   -28.0   42.277   76.289   4802.5    388.6
     1     1    10     4     7     7     0     1   -29.0   41.950   74.869   4494.6    392.6
     1     1    10     4     7     6     0     0   -30.0   41.588   73.608   4171.9    444.4
     1     1    10     4     7     5     0     1   -31.0   41.301   72.618   4026.6    516.6
     1     1    10     4     7     4     0     2   -32.0   41.084   71.811   3875.0    573.7
     1     1    10     4     7     3     0     3   -33.0   40.876   71.059   3527.9    554.9
     1     1    10     4     7     2     0     2   -34.0   40.647   70.292   3244.3    562.7
     1     1    10     4     7     1     0     1   -35.0   40.391   69.575   3026.0    615.0
     1     1    10     4     7     0     0     0   -36.0   40.113   68.998   2841.0    661.3
     1     1    10     4     6    23     0     1   -37.0   39.794   68.485   2607.6    646.8
     1     1    10     4     6    22     0     2   -38.0   39.390   67.918   2386.1    600.9
     1     1    10     4     6    21     0     3   -39.0   38.954   67.368   2322.2    602.2
     1     1    10     4     6    20     0     2   -40.0   38.554   66.909   2373.9    648.2
     1     1    10     4     6    19     0     1   -41.0   38.217   66.556   2312.9    679.3
     1     1    10     4     6    18     0     0   -42.0   37.939   66.288   2154.5    710.0
     1     1    10     4     6    17     0     1   -43.0   37.697   66.087   2014.1    746.6
     1     1    10     4     6    16     0     2   -44.0   37.469   65.946   1941.1    766.9
     1     1    10     4     6    15     0     3   -45.0   37.241   65.881   1918.8    778.8
     1     1    10     4     6    14     0     2   -46.0   37.018   65.883   1912.7    785.4
     1     1    10     4     6    13     0     1   -47.0   36.813   65.911   1879.8    770.4
     1     1    10     4     6    12     0     0   -48.0   36.626   65.921   1861.1    753.7
     1     1    10     4     6    11     0     1   -49.0   36.441   65.902   1877.5    733.6
     1     1    10     4     6    10     0     2   -50.0   36.245   65.840   1931.9    709.1
     1     1    10     4     6     9     0     3   -51.0   36.039   65.724   2013.9    683.8
     1     1    10     4     6     8     0     2   -52.0   35.841   65.551   2094.3    657.4
     1     1    10     4     6     7     0     1   -53.0   35.663   65.325   2174.8    637.1
     1     1    10     4     6     6     0     0   -54.0   35.500   65.033   2259.0    620.3
     1     1    10     4     6     5     0     1   -55.0   35.337   64.691   2330.3    610.1
     1     1    10     4     6     4     0     2   -56.0   35.168   64.324   2376.3    606.5
     1     1    10     4     6     3     0     3   -57.0   35.003   63.937   2411.7    607.7
     1     1    10     4     6     2     0     2   -58.0   34.819   63.585   2455.7    613.7
     1     1    10     4     6     1     0     1   -59.0   34.598   63.282   2507.8    609.6
     1     1    10     4     6     0     0     0   -60.0   34.358   62.996   2558.1    598.8
     1     1    10     4     5    23     0     1   -61.0   34.142   62.722   2621.3    596.8
     1     1    10     4     5    22     0     2   -62.0   33.975   62.472   2711.4    602.0
     1     1    10     4     5    21     0     3   -63.0   33.857   62.255   2818.6    612.8
     1     1    10     4     5    20     0     2   -64.0   33.770   62.062   2918.3    619.0
     1     1    10     4     5    19     0     1   -65.0   33.702   61.877   2997.8    620.1
     1     1    10     4     5    18     0     0   -66.0   33.658   61.700   3052.1    620.7
     1     1    10     4     5    17     0     1   -67.0   33.632   61.534   3100.0    622.8
     1     1    10     4     5    16     0     2   -68.0   33.619   61.371   3173.6    622.3
     1     1    10     4     5    15     0     3   -69.0   33.623   61.192   3295.2    617.9
     1     1    10     4     5    14     0     2   -70.0   33.642   60.985   3461.4    608.5
     1     1    10     4     5    13     0     1   -71.0   33.663   60.752   3653.6    589.9
     1     1    10     4     5    12     0     0   -72.0   33.678   60.485   3906.5    567.2
     1     1    10     4     5    11     0     1   -73.0   33.684   60.157   4193.7    538.8
     1     1    10     4     5    10     0     2   -74.0   33.681   59.764   4416.2    508.6
     1     1    10     4     5     9     0     3   -75.0   33.687   59.334   4460.2    486.9
     1     1    10     4     5     8     0     2   -76.0   33.710   58.904   4346.4    487.7
     1     1    10     4     5     7     0     1   -77.0   33.746   58.489   4259.1    510.8
     1     1    10     4     5     6     0     0   -78.0   33.796   58.062   4220.6    523.0
     1     1    10     4     5     5     0     1   -79.0   33.849   57.634   4211.0    529.4
     1     1    10     4     5     4     0     2   -80.0   33.883   57.231   4239.2    532.5
     1     1    10     4     5     3     0     3   -81.0   33.887   56.855   4309.4    534.0
     1     1    10     4     5     2     0     2   -82.0   33.884   56.492   4414.1    531.9
     1     1    10     4     5     1     0     1   -83.0   33.902   56.125   4540.9    529.4
     1     1    10     4     5     0     0     0   -84.0   33.930   55.762   4641.8    520.9
     1     1    10     4     4    23     0     1   -85.0   33.970   55.390   4682.9    514.8
     1     1    10     4     4    22     0     2   -86.0   34.028   55.004   4652.4    514.1
     1     1    10     4     4    21     0     3   -87.0   34.083   54.616   4624.9    521.6
     1     1    10     4     4    20     0     2   -88.0   34.130   54.211   4661.3    520.3
     1     1    10     4     4    19     0     1   -89.0   34.180   53.770   4745.1    511.8
     1     1    10     4     4    18     0     0   -90.0   34.232   53.309   4866.6    503.2
     1     1    10     4     4    17     0     1   -91.0   34.264   52.825   5052.1    489.6
     1     1    10     4     4    16     0     2   -92.0   34.268   52.320   5313.2    469.0
     1     1    10     4     4    15     0     3   -93.0   34.273   51.794   5549.2    440.5
     1     1    10     4     4    14     0     2   -94.0   34.289   51.245   5530.8    420.8
     1     1    10     4     4    13     0     1   -95.0   34.322   50.704   5303.0    427.3
     1     1    10     4     4    12     0     0   -96.0   34.401   50.135   5051.6    432.3
