     7     1
    GDAS    10     3    22     0     0
    GDAS    10     4     8     0     0
    GDAS    10     4    15     0     0
    GDAS    10     4    22     0     0
    GDAS    10     4    29     0     0
    GDAS    10     4     1     0     0
    GDAS    10     3    29     0     0
     1 BACKWARD OMEGA   
    10     4    11    12   39.977  116.381  1200.0
     1 PRESSURE
     1     1    10     4    11    12     0     0     0.0   39.977  116.381    966.6    875.9
     1     1    10     4    11    11     0     1    -1.0   39.796  116.351    924.1    884.1
     1     1    10     4    11    10     0     2    -2.0   39.648  116.356    883.6    891.8
     1     1    10     4    11     9     0     3    -3.0   39.522  116.412    835.5    900.4
     1     1    10     4    11     8     0     2    -4.0   39.411  116.513    790.1    912.0
     1     1    10     4    11     7     0     1    -5.0   39.313  116.648    770.7    919.2
     1     1    10     4    11     6     0     0    -6.0   39.230  116.818    794.0    921.0
     1     1    10     4    11     5     0     1    -7.0   39.166  116.976    845.3    913.9
     1     1    10     4    11     4     0     2    -8.0   39.131  117.075    875.5    908.7
     1     1    10     4    11     3     0     3    -9.0   39.125  117.115    862.7    909.4
     1     1    10     4    11     2     0     2   -10.0   39.118  117.118    835.0    916.0
     1     1    10     4    11     1     0     1   -11.0   39.066  117.114    810.9    918.8
     1     1    10     4    11     0     0     0   -12.0   38.968  117.109    797.1    921.4
     1     1    10     4    10    23     0     1   -13.0   38.843  117.111    780.8    921.6
     1     1    10     4    10    22     0     2   -14.0   38.700  117.131    747.3    926.5
     1     1    10     4    10    21     0     3   -15.0   38.533  117.176    708.9    932.2
     1     1    10     4    10    20     0     2   -16.0   38.356  117.254    693.7    937.4
     1     1    10     4    10    19     0     1   -17.0   38.191  117.362    716.1    934.5
     1     1    10     4    10    18     0     0   -18.0   38.043  117.497    769.2    927.5
     1     1    10     4    10    17     0     1   -19.0   37.916  117.652    835.2    917.1
     1     1    10     4    10    16     0     2   -20.0   37.807  117.826    900.7    908.3
     1     1    10     4    10    15     0     3   -21.0   37.717  118.011    969.5    899.8
     1     1    10     4    10    14     0     2   -22.0   37.649  118.201   1033.7    892.7
     1     1    10     4    10    13     0     1   -23.0   37.603  118.403   1081.6    889.1
     1     1    10     4    10    12     0     0   -24.0   37.574  118.630   1117.4    887.1
     1     1    10     4    10    11     0     1   -25.0   37.566  118.854   1152.0    886.1
     1     1    10     4    10    10     0     2   -26.0   37.590  119.036   1195.4    882.5
     1     1    10     4    10     9     0     3   -27.0   37.653  119.173   1252.6    875.4
     1     1    10     4    10     8     0     2   -28.0   37.761  119.274   1330.4    867.0
     1     1    10     4    10     7     0     1   -29.0   37.916  119.354   1429.1    856.6
     1     1    10     4    10     6     0     0   -30.0   38.118  119.404   1543.9    844.0
     1     1    10     4    10     5     0     1   -31.0   38.363  119.402   1671.7    829.5
     1     1    10     4    10     4     0     2   -32.0   38.651  119.350   1822.8    814.3
     1     1    10     4    10     3     0     3   -33.0   38.988  119.262   2019.0    794.5
     1     1    10     4    10     2     0     2   -34.0   39.347  119.083   2250.5    765.7
     1     1    10     4    10     1     0     1   -35.0   39.686  118.785   2448.0    737.9
     1     1    10     4    10     0     0     0   -36.0   40.000  118.429   2561.9    723.2
     1     1    10     4     9    23     0     1   -37.0   40.315  118.006   2654.6    706.9
     1     1    10     4     9    22     0     2   -38.0   40.626  117.474   2745.1    677.4
     1     1    10     4     9    21     0     3   -39.0   40.929  116.923   2715.4    654.7
     1     1    10     4     9    20     0     2   -40.0   41.225  116.314   2696.0    634.4
     1     1    10     4     9    19     0     1   -41.0   41.490  115.544   2824.3    599.9
     1     1    10     4     9    18     0     0   -42.0   41.786  114.691   3090.4    571.2
     1     1    10     4     9    17     0     1   -43.0   42.112  113.759   3440.2    542.3
     1     1    10     4     9    16     0     2   -44.0   42.445  112.712   3752.6    529.2
     1     1    10     4     9    15     0     3   -45.0   42.820  111.621   3970.7    523.8
     1     1    10     4     9    14     0     2   -46.0   43.267  110.523   4106.5    517.9
     1     1    10     4     9    13     0     1   -47.0   43.713  109.345   4246.9    514.8
     1     1    10     4     9    12     0     0   -48.0   44.129  108.125   4380.3    500.9
     1     1    10     4     9    11     0     1   -49.0   44.546  106.835   4505.3    477.3
     1     1    10     4     9    10     0     2   -50.0   44.949  105.537   4683.1    464.2
     1     1    10     4     9     9     0     3   -51.0   45.364  104.167   5108.3    430.4
     1     1    10     4     9     8     0     2   -52.0   45.775  102.679   5310.4    388.9
     1     1    10     4     9     7     0     1   -53.0   46.134  101.160   5219.4    372.8
     1     1    10     4     9     6     0     0   -54.0   46.482   99.630   5284.5    372.7
     1     1    10     4     9     5     0     1   -55.0   46.828   98.137   5148.9    365.4
     1     1    10     4     9     4     0     2   -56.0   47.182   96.637   5231.6    373.8
     1     1    10     4     9     3     0     3   -57.0   47.560   95.153   5299.2    390.2
     1     1    10     4     9     2     0     2   -58.0   47.957   93.707   5414.9    407.9
     1     1    10     4     9     1     0     1   -59.0   48.362   92.243   5483.9    398.5
     1     1    10     4     9     0     0     0   -60.0   48.803   90.692   5398.8    367.7
     1     1    10     4     8    23     0     1   -61.0   49.243   89.181   5250.6    358.5
     1     1    10     4     8    22     0     2   -62.0   49.674   87.679   5276.1    355.8
     1     1    10     4     8    21     0     3   -63.0   50.137   86.196   5485.9    371.9
     1     1    10     4     8    20     0     2   -64.0   50.623   84.817   5646.2    391.1
     1     1    10     4     8    19     0     1   -65.0   51.131   83.531   5754.6    411.5
     1     1    10     4     8    18     0     0   -66.0   51.677   82.376   5924.9    441.6
     1     1    10     4     8    17     0     1   -67.0   52.249   81.309   5937.6    448.5
     1     1    10     4     8    16     0     2   -68.0   52.835   80.292   5963.2    452.4
     1     1    10     4     8    15     0     3   -69.0   53.438   79.303   6019.6    450.0
     1     1    10     4     8    14     0     2   -70.0   54.045   78.351   6066.2    447.2
     1     1    10     4     8    13     0     1   -71.0   54.649   77.467   6094.5    446.4
     1     1    10     4     8    12     0     0   -72.0   55.252   76.626   6107.5    446.1
     1     1    10     4     8    11     0     1   -73.0   55.827   75.829   6121.5    444.5
     1     1    10     4     8    10     0     2   -74.0   56.377   75.124   6138.7    443.4
     1     1    10     4     8     9     0     3   -75.0   56.900   74.521   6151.9    443.5
     1     1    10     4     8     8     0     2   -76.0   57.406   74.000   6151.3    443.2
     1     1    10     4     8     7     0     1   -77.0   57.901   73.548   6124.4    444.7
     1     1    10     4     8     6     0     0   -78.0   58.382   73.169   6086.9    448.6
     1     1    10     4     8     5     0     1   -79.0   58.859   72.836   6055.4    451.6
     1     1    10     4     8     4     0     2   -80.0   59.339   72.509   6044.6    452.1
     1     1    10     4     8     3     0     3   -81.0   59.822   72.178   6052.5    451.3
     1     1    10     4     8     2     0     2   -82.0   60.302   71.850   6067.1    450.2
     1     1    10     4     8     1     0     1   -83.0   60.770   71.521   6067.6    450.9
     1     1    10     4     8     0     0     0   -84.0   61.222   71.185   6043.5    452.6
     1     1    10     4     7    23     0     1   -85.0   61.649   70.820   6003.9    455.0
     1     1    10     4     7    22     0     2   -86.0   62.047   70.406   5964.1    457.2
     1     1    10     4     7    21     0     3   -87.0   62.409   69.945   5928.9    459.1
     1     1    10     4     7    20     0     2   -88.0   62.743   69.473   5894.1    460.7
     1     1    10     4     7    19     0     1   -89.0   63.059   69.018   5856.8    462.9
     1     1    10     4     7    18     0     0   -90.0   63.359   68.574   5825.9    465.8
     1     1    10     4     7    17     0     1   -91.0   63.648   68.136   5798.1    468.7
     1     1    10     4     7    16     0     2   -92.0   63.934   67.695   5774.5    471.1
     1     1    10     4     7    15     0     3   -93.0   64.220   67.240   5755.6    473.7
     1     1    10     4     7    14     0     2   -94.0   64.496   66.759   5750.0    476.5
     1     1    10     4     7    13     0     1   -95.0   64.755   66.233   5755.7    477.5
     1     1    10     4     7    12     0     0   -96.0   65.003   65.640   5762.1    476.5
