     5     1
    GDAS    10     3     1     0     0
    GDAS    10     3     8     0     0
    GDAS    10     3    15     0     0
    GDAS    10     3    22     0     0
    GDAS    10     3    29     0     0
     1 BACKWARD OMEGA   
    10     3    25    18   39.977  116.381  5200.0
     1 PRESSURE
     1     1    10     3    25    18     0     0     0.0   39.977  116.381   4958.7    516.5
     1     1    10     3    25    17     0     1    -1.0   40.657  115.515   4896.5    461.4
     1     1    10     3    25    16     0     2    -2.0   41.420  114.591   4935.4    440.3
     1     1    10     3    25    15     0     3    -3.0   42.253  113.645   5143.1    429.5
     1     1    10     3    25    14     0     2    -4.0   43.115  112.730   5327.2    435.5
     1     1    10     3    25    13     0     1    -5.0   43.970  111.862   5360.7    436.4
     1     1    10     3    25    12     0     0    -6.0   44.819  111.008   5458.7    434.8
     1     1    10     3    25    11     0     1    -7.0   45.676  110.177   5564.1    421.4
     1     1    10     3    25    10     0     2    -8.0   46.524  109.368   5595.0    407.8
     1     1    10     3    25     9     0     3    -9.0   47.334  108.557   5489.3    403.9
     1     1    10     3    25     8     0     2   -10.0   48.120  107.767   5444.2    392.4
     1     1    10     3    25     7     0     1   -11.0   48.913  107.021   5656.9    401.4
     1     1    10     3    25     6     0     0   -12.0   49.695  106.309   5877.5    412.4
     1     1    10     3    25     5     0     1   -13.0   50.431  105.637   5861.3    409.8
     1     1    10     3    25     4     0     2   -14.0   51.143  105.018   5741.8    396.6
     1     1    10     3    25     3     0     3   -15.0   51.838  104.465   5861.2    428.3
     1     1    10     3    25     2     0     2   -16.0   52.527  103.973   5931.8    429.7
     1     1    10     3    25     1     0     1   -17.0   53.219  103.507   5973.5    428.9
     1     1    10     3    25     0     0     0   -18.0   53.911  103.049   6055.1    427.7
     1     1    10     3    24    23     0     1   -19.0   54.589  102.592   6151.3    416.2
     1     1    10     3    24    22     0     2   -20.0   55.247  102.138   6225.1    412.9
     1     1    10     3    24    21     0     3   -21.0   55.884  101.675   6305.2    410.6
     1     1    10     3    24    20     0     2   -22.0   56.498  101.191   6360.7    407.4
     1     1    10     3    24    19     0     1   -23.0   57.084  100.674   6375.2    408.0
     1     1    10     3    24    18     0     0   -24.0   57.639  100.110   6364.8    414.2
     1     1    10     3    24    17     0     1   -25.0   58.162   99.510   6311.8    420.8
     1     1    10     3    24    16     0     2   -26.0   58.654   98.885   6231.5    426.5
     1     1    10     3    24    15     0     3   -27.0   59.115   98.222   6147.4    430.6
     1     1    10     3    24    14     0     2   -28.0   59.556   97.525   6068.9    432.2
     1     1    10     3    24    13     0     1   -29.0   59.985   96.797   6003.2    432.7
     1     1    10     3    24    12     0     0   -30.0   60.383   96.007   5931.8    435.6
     1     1    10     3    24    11     0     1   -31.0   60.747   95.158   5870.3    440.8
     1     1    10     3    24    10     0     2   -32.0   61.077   94.273   5848.5    446.4
     1     1    10     3    24     9     0     3   -33.0   61.363   93.357   5845.9    446.8
     1     1    10     3    24     8     0     2   -34.0   61.611   92.412   5833.0    448.2
     1     1    10     3    24     7     0     1   -35.0   61.821   91.447   5793.3    454.1
     1     1    10     3    24     6     0     0   -36.0   61.981   90.464   5718.5    460.7
     1     1    10     3    24     5     0     1   -37.0   62.107   89.453   5630.9    468.8
     1     1    10     3    24     4     0     2   -38.0   62.216   88.410   5571.6    473.3
     1     1    10     3    24     3     0     3   -39.0   62.304   87.347   5554.7    475.3
     1     1    10     3    24     2     0     2   -40.0   62.364   86.261   5561.0    476.1
     1     1    10     3    24     1     0     1   -41.0   62.385   85.155   5544.0    475.3
     1     1    10     3    24     0     0     0   -42.0   62.372   84.050   5527.2    477.6
     1     1    10     3    23    23     0     1   -43.0   62.332   82.941   5520.7    477.8
     1     1    10     3    23    22     0     2   -44.0   62.253   81.827   5510.9    479.8
     1     1    10     3    23    21     0     3   -45.0   62.136   80.760   5483.7    481.9
     1     1    10     3    23    20     0     2   -46.0   61.994   79.736   5452.4    485.0
     1     1    10     3    23    19     0     1   -47.0   61.828   78.706   5421.5    487.5
     1     1    10     3    23    18     0     0   -48.0   61.633   77.694   5397.1    489.6
     1     1    10     3    23    17     0     1   -49.0   61.424   76.713   5370.2    492.1
     1     1    10     3    23    16     0     2   -50.0   61.199   75.774   5333.5    495.6
     1     1    10     3    23    15     0     3   -51.0   60.943   74.906   5321.9    496.7
     1     1    10     3    23    14     0     2   -52.0   60.680   74.068   5346.4    494.2
     1     1    10     3    23    13     0     1   -53.0   60.418   73.213   5366.0    492.4
     1     1    10     3    23    12     0     0   -54.0   60.136   72.371   5374.2    491.6
     1     1    10     3    23    11     0     1   -55.0   59.837   71.539   5379.7    490.9
     1     1    10     3    23    10     0     2   -56.0   59.530   70.676   5366.7    492.3
     1     1    10     3    23     9     0     3   -57.0   59.194   69.830   5350.6    494.6
     1     1    10     3    23     8     0     2   -58.0   58.858   69.026   5364.7    494.8
     1     1    10     3    23     7     0     1   -59.0   58.544   68.244   5383.9    493.6
     1     1    10     3    23     6     0     0   -60.0   58.221   67.515   5402.2    492.5
     1     1    10     3    23     5     0     1   -61.0   57.920   66.822   5410.7    491.2
     1     1    10     3    23     4     0     2   -62.0   57.655   66.132   5406.6    491.2
     1     1    10     3    23     3     0     3   -63.0   57.385   65.475   5403.2    492.1
     1     1    10     3    23     2     0     2   -64.0   57.113   64.841   5397.9    491.4
     1     1    10     3    23     1     0     1   -65.0   56.862   64.200   5384.3    490.8
     1     1    10     3    23     0     0     0   -66.0   56.606   63.581   5373.0    490.9
     1     1    10     3    22    23     0     1   -67.0   56.345   62.994   5383.0    490.3
     1     1    10     3    22    22     0     2   -68.0   56.100   62.439   5407.1    486.9
     1     1    10     3    22    21     0     3   -69.0   55.854   61.931   5425.8    483.8
     1     1    10     3    22    20     0     2   -70.0   55.625   61.416   5419.5    481.7
     1     1    10     3    22    19     0     1   -71.0   55.426   60.866   5395.2    481.5
     1     1    10     3    22    18     0     0   -72.0   55.236   60.311   5368.8    476.2
     1     1    10     3    22    17     0     1   -73.0   55.056   59.740   5372.4    470.3
     1     1    10     3    22    16     0     2   -74.0   54.891   59.147   5399.7    464.6
     1     1    10     3    22    15     0     3   -75.0   54.722   58.552   5429.3    462.6
     1     1    10     3    22    14     0     2   -76.0   54.557   57.958   5414.0    463.0
     1     1    10     3    22    13     0     1   -77.0   54.408   57.385   5408.3    473.3
     1     1    10     3    22    12     0     0   -78.0   54.264   56.852   5426.2    479.2
     1     1    10     3    22    11     0     1   -79.0   54.132   56.352   5456.9    481.7
     1     1    10     3    22    10     0     2   -80.0   54.031   55.890   5490.0    483.7
     1     1    10     3    22     9     0     3   -81.0   53.962   55.487   5508.6    480.3
     1     1    10     3    22     8     0     2   -82.0   53.913   55.093   5520.7    477.1
     1     1    10     3    22     7     0     1   -83.0   53.873   54.661   5524.2    476.5
     1     1    10     3    22     6     0     0   -84.0   53.847   54.217   5533.5    476.1
     1     1    10     3    22     5     0     1   -85.0   53.830   53.732   5554.4    475.5
     1     1    10     3    22     4     0     2   -86.0   53.807   53.170   5577.6    476.3
     1     1    10     3    22     3     0     3   -87.0   53.774   52.546   5591.8    477.2
     1     1    10     3    22     2     0     2   -88.0   53.741   51.900   5587.4    478.5
     1     1    10     3    22     1     0     1   -89.0   53.713   51.262   5572.7    482.1
     1     1    10     3    22     0     0     0   -90.0   53.688   50.634   5577.3    484.2
     1     1    10     3    21    23     0     1   -91.0   53.673   50.000   5614.2    482.7
     1     1    10     3    21    22     0     2   -92.0   53.672   49.353   5682.9    478.4
     1     1    10     3    21    21     0     3   -93.0   53.674   48.716   5771.3    470.4
     1     1    10     3    21    20     0     2   -94.0   53.685   48.077   5814.1    460.8
     1     1    10     3    21    19     0     1   -95.0   53.716   47.424   5789.3    461.0
     1     1    10     3    21    18     0     0   -96.0   53.767   46.765   5748.4    464.4
