     5     1
    GDAS    10     3     1     0     0
    GDAS    10     3     8     0     0
    GDAS    10     3    15     0     0
    GDAS    10     3    22     0     0
    GDAS    10     3    29     0     0
     1 BACKWARD OMEGA   
    10     3    21    18   39.977  116.381  1000.0
     1 PRESSURE
     1     1    10     3    21    18     0     0     0.0   39.977  116.381    764.9    894.3
     1     1    10     3    21    17     0     1    -1.0   39.829  116.149    697.2    894.8
     1     1    10     3    21    16     0     2    -2.0   39.660  115.957    592.3    908.7
     1     1    10     3    21    15     0     3    -3.0   39.477  115.788    496.5    920.3
     1     1    10     3    21    14     0     2    -4.0   39.292  115.639    437.3    931.5
     1     1    10     3    21    13     0     1    -5.0   39.110  115.524    401.9    941.4
     1     1    10     3    21    12     0     0    -6.0   38.932  115.452    368.8    951.5
     1     1    10     3    21    11     0     1    -7.0   38.740  115.404    341.0    957.1
     1     1    10     3    21    10     0     2    -8.0   38.514  115.365    319.8    961.9
     1     1    10     3    21     9     0     3    -9.0   38.251  115.340    296.2    968.9
     1     1    10     3    21     8     0     2   -10.0   37.966  115.338    269.7    978.0
     1     1    10     3    21     7     0     1   -11.0   37.681  115.348    253.7    981.9
     1     1    10     3    21     6     0     0   -12.0   37.389  115.353    259.4    982.6
     1     1    10     3    21     5     0     1   -13.0   37.077  115.345    286.7    981.2
     1     1    10     3    21     4     0     2   -14.0   36.758  115.325    326.4    975.9
     1     1    10     3    21     3     0     3   -15.0   36.458  115.297    363.8    971.3
     1     1    10     3    21     2     0     2   -16.0   36.162  115.275    379.3    967.2
     1     1    10     3    21     1     0     1   -17.0   35.850  115.275    359.4    968.5
     1     1    10     3    21     0     0     0   -18.0   35.522  115.300    323.3    973.0
     1     1    10     3    20    23     0     1   -19.0   35.202  115.358    292.6    976.7
     1     1    10     3    20    22     0     2   -20.0   34.917  115.454    270.7    979.3
     1     1    10     3    20    21     0     3   -21.0   34.664  115.583    255.0    982.1
     1     1    10     3    20    20     0     2   -22.0   34.450  115.729    248.0    984.1
     1     1    10     3    20    19     0     1   -23.0   34.278  115.884    248.5    984.2
     1     1    10     3    20    18     0     0   -24.0   34.150  116.045    251.0    983.8
     1     1    10     3    20    17     0     1   -25.0   34.081  116.208    253.9    983.2
     1     1    10     3    20    16     0     2   -26.0   34.077  116.369    260.2    982.6
     1     1    10     3    20    15     0     3   -27.0   34.140  116.527    273.9    981.0
     1     1    10     3    20    14     0     2   -28.0   34.276  116.663    299.8    977.1
     1     1    10     3    20    13     0     1   -29.0   34.481  116.758    344.9    970.8
     1     1    10     3    20    12     0     0   -30.0   34.735  116.818    421.2    961.6
     1     1    10     3    20    11     0     1   -31.0   35.029  116.806    532.3    946.5
     1     1    10     3    20    10     0     2   -32.0   35.385  116.685    650.3    929.4
     1     1    10     3    20     9     0     3   -33.0   35.842  116.477    744.7    914.7
     1     1    10     3    20     8     0     2   -34.0   36.370  116.213    828.0    910.0
     1     1    10     3    20     7     0     1   -35.0   36.943  115.902    982.6    901.4
     1     1    10     3    20     6     0     0   -36.0   37.568  115.574   1164.9    872.3
     1     1    10     3    20     5     0     1   -37.0   38.215  115.217   1275.2    859.8
     1     1    10     3    20     4     0     2   -38.0   38.938  114.756   1607.8    809.8
     1     1    10     3    20     3     0     3   -39.0   39.646  114.365   2123.9    670.6
     1     1    10     3    20     2     0     2   -40.0   40.296  114.070   2323.6    624.2
     1     1    10     3    20     1     0     1   -41.0   40.970  113.839   2407.8    627.2
     1     1    10     3    20     0     0     0   -42.0   41.638  113.638   2614.3    600.1
     1     1    10     3    19    23     0     1   -43.0   42.291  113.429   2796.8    586.6
     1     1    10     3    19    22     0     2   -44.0   42.919  113.224   2896.8    603.1
     1     1    10     3    19    21     0     3   -45.0   43.526  113.095   2908.7    603.6
     1     1    10     3    19    20     0     2   -46.0   44.076  113.056   2839.3    609.1
     1     1    10     3    19    19     0     1   -47.0   44.569  113.051   2733.9    616.1
     1     1    10     3    19    18     0     0   -48.0   45.062  113.055   2646.3    617.4
     1     1    10     3    19    17     0     1   -49.0   45.544  113.077   2575.0    624.6
     1     1    10     3    19    16     0     2   -50.0   45.996  113.110   2551.6    631.0
     1     1    10     3    19    15     0     3   -51.0   46.402  113.123   2576.5    627.4
     1     1    10     3    19    14     0     2   -52.0   46.777  113.114   2607.3    625.2
     1     1    10     3    19    13     0     1   -53.0   47.149  113.079   2645.0    625.4
     1     1    10     3    19    12     0     0   -54.0   47.498  113.025   2710.0    624.6
     1     1    10     3    19    11     0     1   -55.0   47.831  112.955   2806.1    619.7
     1     1    10     3    19    10     0     2   -56.0   48.192  112.870   2923.4    608.5
     1     1    10     3    19     9     0     3   -57.0   48.615  112.783   3030.1    593.5
     1     1    10     3    19     8     0     2   -58.0   49.107  112.642   3091.6    583.1
     1     1    10     3    19     7     0     1   -59.0   49.617  112.406   3130.8    574.9
     1     1    10     3    19     6     0     0   -60.0   50.137  112.091   3212.4    557.9
     1     1    10     3    19     5     0     1   -61.0   50.656  111.697   3332.0    552.3
     1     1    10     3    19     4     0     2   -62.0   51.145  111.241   3403.8    555.2
     1     1    10     3    19     3     0     3   -63.0   51.592  110.737   3457.4    558.2
     1     1    10     3    19     2     0     2   -64.0   52.004  110.217   3544.4    562.9
     1     1    10     3    19     1     0     1   -65.0   52.410  109.691   3611.3    546.7
     1     1    10     3    19     0     0     0   -66.0   52.800  109.139   3648.0    542.5
     1     1    10     3    18    23     0     1   -67.0   53.173  108.539   3663.8    557.9
     1     1    10     3    18    22     0     2   -68.0   53.549  107.892   3640.5    565.7
     1     1    10     3    18    21     0     3   -69.0   53.933  107.196   3582.1    555.2
     1     1    10     3    18    20     0     2   -70.0   54.304  106.485   3572.6    567.5
     1     1    10     3    18    19     0     1   -71.0   54.642  105.790   3582.4    567.1
     1     1    10     3    18    18     0     0   -72.0   54.952  105.121   3604.7    569.3
     1     1    10     3    18    17     0     1   -73.0   55.239  104.471   3599.1    570.9
     1     1    10     3    18    16     0     2   -74.0   55.504  103.833   3577.6    575.8
     1     1    10     3    18    15     0     3   -75.0   55.745  103.228   3539.2    587.4
     1     1    10     3    18    14     0     2   -76.0   55.954  102.647   3478.1    598.2
     1     1    10     3    18    13     0     1   -77.0   56.138  102.057   3423.5    603.5
     1     1    10     3    18    12     0     0   -78.0   56.308  101.452   3373.3    607.6
     1     1    10     3    18    11     0     1   -79.0   56.469  100.855   3319.0    612.6
     1     1    10     3    18    10     0     2   -80.0   56.612  100.285   3269.7    618.3
     1     1    10     3    18     9     0     3   -81.0   56.724   99.744   3231.8    623.2
     1     1    10     3    18     8     0     2   -82.0   56.819   99.230   3196.0    628.9
     1     1    10     3    18     7     0     1   -83.0   56.914   98.750   3156.9    635.4
     1     1    10     3    18     6     0     0   -84.0   57.008   98.304   3117.1    642.2
     1     1    10     3    18     5     0     1   -85.0   57.097   97.888   3080.1    648.0
     1     1    10     3    18     4     0     2   -86.0   57.185   97.490   3051.5    649.7
     1     1    10     3    18     3     0     3   -87.0   57.281   97.103   3033.0    650.5
     1     1    10     3    18     2     0     2   -88.0   57.385   96.728   3030.8    651.1
     1     1    10     3    18     1     0     1   -89.0   57.498   96.362   3052.5    648.7
     1     1    10     3    18     0     0     0   -90.0   57.622   95.989   3098.1    643.5
     1     1    10     3    17    23     0     1   -91.0   57.762   95.601   3153.6    638.5
     1     1    10     3    17    22     0     2   -92.0   57.917   95.198   3202.9    637.6
     1     1    10     3    17    21     0     3   -93.0   58.083   94.780   3244.4    635.8
     1     1    10     3    17    20     0     2   -94.0   58.255   94.347   3271.8    632.5
     1     1    10     3    17    19     0     1   -95.0   58.426   93.896   3291.4    629.1
     1     1    10     3    17    18     0     0   -96.0   58.596   93.417   3316.1    625.7
