     5     1
    GDAS    10     3     1     0     0
    GDAS    10     3     8     0     0
    GDAS    10     3    15     0     0
    GDAS    10     3    22     0     0
    GDAS    10     3    29     0     0
     1 BACKWARD OMEGA   
    10     3    20     6   39.977  116.381  7200.0
     1 PRESSURE
     1     1    10     3    20     6     0     0     0.0   39.977  116.381   6960.3    381.9
     1     1    10     3    20     5     0     1    -1.0   40.467  115.666   6993.3    340.8
     1     1    10     3    20     4     0     2    -2.0   41.037  114.872   7007.1    316.5
     1     1    10     3    20     3     0     3    -3.0   41.645  114.067   7007.0    315.7
     1     1    10     3    20     2     0     2    -4.0   42.285  113.332   7078.7    317.1
     1     1    10     3    20     1     0     1    -5.0   42.905  112.549   7229.2    321.2
     1     1    10     3    20     0     0     0    -6.0   43.508  111.713   7297.9    319.4
     1     1    10     3    19    23     0     1    -7.0   44.084  110.932   7327.8    318.3
     1     1    10     3    19    22     0     2    -8.0   44.601  110.164   7351.3    321.0
     1     1    10     3    19    21     0     3    -9.0   45.102  109.404   7319.1    316.0
     1     1    10     3    19    20     0     2   -10.0   45.672  108.682   7272.7    312.6
     1     1    10     3    19    19     0     1   -11.0   46.265  107.893   7301.6    306.6
     1     1    10     3    19    18     0     0   -12.0   46.868  107.061   7393.9    293.9
     1     1    10     3    19    17     0     1   -13.0   47.498  106.293   7509.5    290.7
     1     1    10     3    19    16     0     2   -14.0   48.069  105.567   7566.1    297.2
     1     1    10     3    19    15     0     3   -15.0   48.584  104.818   7610.5    300.9
     1     1    10     3    19    14     0     2   -16.0   49.124  104.043   7589.5    293.8
     1     1    10     3    19    13     0     1   -17.0   49.708  103.250   7582.1    288.2
     1     1    10     3    19    12     0     0   -18.0   50.281  102.426   7580.7    281.4
     1     1    10     3    19    11     0     1   -19.0   50.842  101.586   7578.6    271.9
     1     1    10     3    19    10     0     2   -20.0   51.388  100.719   7600.5    263.4
     1     1    10     3    19     9     0     3   -21.0   51.889   99.825   7585.4    256.7
     1     1    10     3    19     8     0     2   -22.0   52.347   98.961   7649.4    253.5
     1     1    10     3    19     7     0     1   -23.0   52.786   98.140   7812.4    262.2
     1     1    10     3    19     6     0     0   -24.0   53.209   97.312   7904.4    267.0
     1     1    10     3    19     5     0     1   -25.0   53.608   96.499   7941.6    263.4
     1     1    10     3    19     4     0     2   -26.0   53.964   95.720   7962.6    266.8
     1     1    10     3    19     3     0     3   -27.0   54.277   95.020   8072.1    282.6
     1     1    10     3    19     2     0     2   -28.0   54.559   94.396   8084.1    291.7
     1     1    10     3    19     1     0     1   -29.0   54.830   93.812   8071.6    293.2
     1     1    10     3    19     0     0     0   -30.0   55.095   93.272   8108.7    293.9
     1     1    10     3    18    23     0     1   -31.0   55.337   92.760   8172.3    295.9
     1     1    10     3    18    22     0     2   -32.0   55.548   92.234   8196.1    298.1
     1     1    10     3    18    21     0     3   -33.0   55.737   91.679   8201.4    299.7
     1     1    10     3    18    20     0     2   -34.0   55.889   91.138   8198.1    303.3
     1     1    10     3    18    19     0     1   -35.0   55.992   90.666   8177.0    306.7
     1     1    10     3    18    18     0     0   -36.0   56.052   90.263   8150.4    309.6
     1     1    10     3    18    17     0     1   -37.0   56.101   89.949   8129.0    311.8
     1     1    10     3    18    16     0     2   -38.0   56.164   89.748   8120.7    312.9
     1     1    10     3    18    15     0     3   -39.0   56.239   89.658   8129.8    312.8
     1     1    10     3    18    14     0     2   -40.0   56.284   89.608   8151.5    311.8
     1     1    10     3    18    13     0     1   -41.0   56.266   89.495   8175.8    310.8
     1     1    10     3    18    12     0     0   -42.0   56.185   89.298   8199.3    310.0
     1     1    10     3    18    11     0     1   -43.0   56.050   88.985   8205.9    309.9
     1     1    10     3    18    10     0     2   -44.0   55.869   88.564   8156.4    309.7
     1     1    10     3    18     9     0     3   -45.0   55.641   88.077   8078.4    309.2
     1     1    10     3    18     8     0     2   -46.0   55.404   87.494   8040.2    312.8
     1     1    10     3    18     7     0     1   -47.0   55.181   86.746   8045.5    319.3
     1     1    10     3    18     6     0     0   -48.0   54.936   85.793   8017.2    320.8
     1     1    10     3    18     5     0     1   -49.0   54.643   84.711   7923.5    325.1
     1     1    10     3    18     4     0     2   -50.0   54.327   83.529   7862.2    330.4
     1     1    10     3    18     3     0     3   -51.0   53.957   82.225   7855.1    331.1
     1     1    10     3    18     2     0     2   -52.0   53.524   80.848   7805.5    334.7
     1     1    10     3    18     1     0     1   -53.0   53.109   79.397   7780.7    339.2
     1     1    10     3    18     0     0     0   -54.0   52.713   77.886   7714.2    343.2
     1     1    10     3    17    23     0     1   -55.0   52.302   76.321   7663.2    346.6
     1     1    10     3    17    22     0     2   -56.0   51.908   74.612   7644.0    343.2
     1     1    10     3    17    21     0     3   -57.0   51.523   72.757   7599.9    336.8
     1     1    10     3    17    20     0     2   -58.0   51.086   70.785   7754.2    330.1
     1     1    10     3    17    19     0     1   -59.0   50.576   68.799   7770.3    329.8
     1     1    10     3    17    18     0     0   -60.0   50.069   66.817   7743.4    333.1
     1     1    10     3    17    17     0     1   -61.0   49.599   64.742   7953.0    330.3
     1     1    10     3    17    16     0     2   -62.0   49.172   62.650   8056.6    327.7
     1     1    10     3    17    15     0     3   -63.0   48.763   60.625   8083.5    324.3
     1     1    10     3    17    14     0     2   -64.0   48.355   58.591   8082.0    320.0
     1     1    10     3    17    13     0     1   -65.0   47.983   56.524   8215.8    318.1
     1     1    10     3    17    12     0     0   -66.0   47.657   54.459   8349.5    317.0
     1     1    10     3    17    11     0     1   -67.0   47.322   52.396   8471.8    313.8
     1     1    10     3    17    10     0     2   -68.0   46.938   50.416   8528.3    310.2
     1     1    10     3    17     9     0     3   -69.0   46.531   48.539   8547.1    309.5
     1     1    10     3    17     8     0     2   -70.0   46.110   46.777   8522.7    311.1
     1     1    10     3    17     7     0     1   -71.0   45.724   45.097   8507.5    309.3
     1     1    10     3    17     6     0     0   -72.0   45.384   43.396   8517.3    302.6
     1     1    10     3    17     5     0     1   -73.0   45.053   41.694   8542.1    295.1
     1     1    10     3    17     4     0     2   -74.0   44.768   40.039   8582.7    294.0
     1     1    10     3    17     3     0     3   -75.0   44.509   38.458   8680.6    301.7
     1     1    10     3    17     2     0     2   -76.0   44.260   36.935   8768.0    301.8
     1     1    10     3    17     1     0     1   -77.0   44.044   35.461   8813.1    298.9
     1     1    10     3    17     0     0     0   -78.0   43.897   34.071   8813.0    299.1
     1     1    10     3    16    23     0     1   -79.0   43.781   32.733   8825.4    299.3
     1     1    10     3    16    22     0     2   -80.0   43.722   31.424   8848.8    298.7
     1     1    10     3    16    21     0     3   -81.0   43.729   30.140   8907.5    296.2
     1     1    10     3    16    20     0     2   -82.0   43.740   28.868   8981.5    292.5
     1     1    10     3    16    19     0     1   -83.0   43.762   27.620   9000.8    286.9
     1     1    10     3    16    18     0     0   -84.0   43.825   26.444   9016.9    284.8
     1     1    10     3    16    17     0     1   -85.0   43.908   25.329   9078.9    282.6
     1     1    10     3    16    16     0     2   -86.0   44.003   24.228   9191.0    278.8
     1     1    10     3    16    15     0     3   -87.0   44.131   23.182   9229.7    274.1
     1     1    10     3    16    14     0     2   -88.0   44.269   22.177   9175.3    267.9
     1     1    10     3    16    13     0     1   -89.0   44.425   21.198   9273.6    270.5
     1     1    10     3    16    12     0     0   -90.0   44.634   20.281   9293.0    269.9
     1     1    10     3    16    11     0     1   -91.0   44.866   19.427   9333.6    271.3
     1     1    10     3    16    10     0     2   -92.0   45.108   18.620   9362.8    271.9
     1     1    10     3    16     9     0     3   -93.0   45.363   17.859   9340.8    269.5
     1     1    10     3    16     8     0     2   -94.0   45.643   17.130   9355.1    269.9
     1     1    10     3    16     7     0     1   -95.0   45.957   16.398   9393.6    267.9
     1     1    10     3    16     6     0     0   -96.0   46.307   15.663   9378.7    259.3
