     5     1
    GDAS    10     3     1     0     0
    GDAS    10     3     8     0     0
    GDAS    10     3    15     0     0
    GDAS    10     3    22     0     0
    GDAS    10     3    29     0     0
     1 BACKWARD OMEGA   
    10     3    25    18   39.977  116.381  2000.0
     1 PRESSURE
     1     1    10     3    25    18     0     0     0.0   39.977  116.381   1761.8    794.7
     1     1    10     3    25    17     0     1    -1.0   40.372  115.891   1830.0    738.9
     1     1    10     3    25    16     0     2    -2.0   40.851  115.213   1925.0    679.5
     1     1    10     3    25    15     0     3    -3.0   41.382  114.478   2041.7    656.2
     1     1    10     3    25    14     0     2    -4.0   41.912  113.753   2098.2    645.6
     1     1    10     3    25    13     0     1    -5.0   42.414  113.048   2118.2    659.0
     1     1    10     3    25    12     0     0    -6.0   42.873  112.384   2092.6    679.6
     1     1    10     3    25    11     0     1    -7.0   43.278  111.744   2053.8    689.6
     1     1    10     3    25    10     0     2    -8.0   43.630  111.115   2028.8    692.1
     1     1    10     3    25     9     0     3    -9.0   43.937  110.497   2025.4    698.3
     1     1    10     3    25     8     0     2   -10.0   44.217  109.908   2022.7    704.4
     1     1    10     3    25     7     0     1   -11.0   44.500  109.360   2012.5    701.4
     1     1    10     3    25     6     0     0   -12.0   44.808  108.842   1999.7    692.5
     1     1    10     3    25     5     0     1   -13.0   45.151  108.350   1984.4    689.4
     1     1    10     3    25     4     0     2   -14.0   45.524  107.875   1976.0    683.1
     1     1    10     3    25     3     0     3   -15.0   45.915  107.394   1965.8    670.5
     1     1    10     3    25     2     0     2   -16.0   46.330  106.914   1968.8    663.9
     1     1    10     3    25     1     0     1   -17.0   46.777  106.438   2001.7    659.5
     1     1    10     3    25     0     0     0   -18.0   47.235  105.941   2032.6    660.4
     1     1    10     3    24    23     0     1   -19.0   47.673  105.458   2050.0    667.7
     1     1    10     3    24    22     0     2   -20.0   48.069  105.011   2052.5    677.0
     1     1    10     3    24    21     0     3   -21.0   48.423  104.573   2022.7    682.7
     1     1    10     3    24    20     0     2   -22.0   48.766  104.149   2002.8    681.2
     1     1    10     3    24    19     0     1   -23.0   49.117  103.739   2019.1    670.4
     1     1    10     3    24    18     0     0   -24.0   49.471  103.324   2057.7    659.9
     1     1    10     3    24    17     0     1   -25.0   49.828  102.930   2100.0    651.8
     1     1    10     3    24    16     0     2   -26.0   50.215  102.573   2148.5    640.1
     1     1    10     3    24    15     0     3   -27.0   50.675  102.203   2205.5    618.9
     1     1    10     3    24    14     0     2   -28.0   51.219  101.808   2282.0    603.9
     1     1    10     3    24    13     0     1   -29.0   51.818  101.373   2352.5    585.2
     1     1    10     3    24    12     0     0   -30.0   52.405  100.827   2466.2    588.1
     1     1    10     3    24    11     0     1   -31.0   52.978  100.170   2579.0    577.4
     1     1    10     3    24    10     0     2   -32.0   53.527   99.481   2657.7    603.8
     1     1    10     3    24     9     0     3   -33.0   54.001   98.778   2605.9    634.7
     1     1    10     3    24     8     0     2   -34.0   54.414   98.020   2515.9    644.5
     1     1    10     3    24     7     0     1   -35.0   54.787   97.200   2480.1    661.9
     1     1    10     3    24     6     0     0   -36.0   55.071   96.327   2441.9    692.5
     1     1    10     3    24     5     0     1   -37.0   55.278   95.453   2423.5    697.5
     1     1    10     3    24     4     0     2   -38.0   55.444   94.629   2421.1    697.5
     1     1    10     3    24     3     0     3   -39.0   55.573   93.860   2386.2    702.1
     1     1    10     3    24     2     0     2   -40.0   55.656   93.102   2361.4    713.0
     1     1    10     3    24     1     0     1   -41.0   55.705   92.341   2355.5    713.3
     1     1    10     3    24     0     0     0   -42.0   55.727   91.584   2368.2    716.1
     1     1    10     3    23    23     0     1   -43.0   55.714   90.831   2412.9    718.2
     1     1    10     3    23    22     0     2   -44.0   55.685   90.122   2433.4    716.3
     1     1    10     3    23    21     0     3   -45.0   55.643   89.490   2411.7    715.3
     1     1    10     3    23    20     0     2   -46.0   55.601   88.914   2362.8    715.2
     1     1    10     3    23    19     0     1   -47.0   55.560   88.356   2315.1    721.2
     1     1    10     3    23    18     0     0   -48.0   55.517   87.808   2290.0    726.7
     1     1    10     3    23    17     0     1   -49.0   55.458   87.263   2286.7    736.8
     1     1    10     3    23    16     0     2   -50.0   55.378   86.709   2283.3    742.6
     1     1    10     3    23    15     0     3   -51.0   55.300   86.159   2273.8    744.2
     1     1    10     3    23    14     0     2   -52.0   55.215   85.608   2274.1    746.3
     1     1    10     3    23    13     0     1   -53.0   55.112   85.051   2293.5    745.3
     1     1    10     3    23    12     0     0   -54.0   55.000   84.489   2325.4    739.1
     1     1    10     3    23    11     0     1   -55.0   54.876   83.953   2363.9    734.4
     1     1    10     3    23    10     0     2   -56.0   54.751   83.483   2415.2    734.6
     1     1    10     3    23     9     0     3   -57.0   54.645   83.085   2482.5    731.5
     1     1    10     3    23     8     0     2   -58.0   54.564   82.742   2550.4    722.8
     1     1    10     3    23     7     0     1   -59.0   54.500   82.431   2599.5    717.4
     1     1    10     3    23     6     0     0   -60.0   54.461   82.147   2628.8    714.2
     1     1    10     3    23     5     0     1   -61.0   54.439   81.877   2653.4    712.9
     1     1    10     3    23     4     0     2   -62.0   54.428   81.609   2691.8    709.1
     1     1    10     3    23     3     0     3   -63.0   54.440   81.335   2749.3    703.4
     1     1    10     3    23     2     0     2   -64.0   54.477   81.052   2820.6    696.0
     1     1    10     3    23     1     0     1   -65.0   54.527   80.758   2894.8    688.7
     1     1    10     3    23     0     0     0   -66.0   54.593   80.453   2965.4    682.1
     1     1    10     3    22    23     0     1   -67.0   54.668   80.147   3041.1    676.1
     1     1    10     3    22    22     0     2   -68.0   54.742   79.854   3136.3    668.3
     1     1    10     3    22    21     0     3   -69.0   54.825   79.576   3254.9    658.7
     1     1    10     3    22    20     0     2   -70.0   54.931   79.311   3377.0    646.9
     1     1    10     3    22    19     0     1   -71.0   55.058   79.047   3481.7    638.3
     1     1    10     3    22    18     0     0   -72.0   55.209   78.771   3567.2    630.7
     1     1    10     3    22    17     0     1   -73.0   55.383   78.486   3645.0    624.6
     1     1    10     3    22    16     0     2   -74.0   55.581   78.192   3726.1    617.1
     1     1    10     3    22    15     0     3   -75.0   55.805   77.877   3809.1    609.6
     1     1    10     3    22    14     0     2   -76.0   56.058   77.547   3892.1    602.0
     1     1    10     3    22    13     0     1   -77.0   56.339   77.201   3968.5    594.9
     1     1    10     3    22    12     0     0   -78.0   56.645   76.834   4034.9    589.1
     1     1    10     3    22    11     0     1   -79.0   56.956   76.449   4110.3    583.7
     1     1    10     3    22    10     0     2   -80.0   57.273   76.044   4212.4    574.7
     1     1    10     3    22     9     0     3   -81.0   57.607   75.621   4336.6    563.7
     1     1    10     3    22     8     0     2   -82.0   57.961   75.186   4456.5    552.0
     1     1    10     3    22     7     0     1   -83.0   58.323   74.748   4558.2    544.7
     1     1    10     3    22     6     0     0   -84.0   58.698   74.307   4651.1    538.3
     1     1    10     3    22     5     0     1   -85.0   59.088   73.869   4737.0    531.7
     1     1    10     3    22     4     0     2   -86.0   59.484   73.446   4811.9    525.4
     1     1    10     3    22     3     0     3   -87.0   59.896   73.050   4880.0    520.0
     1     1    10     3    22     2     0     2   -88.0   60.315   72.677   4956.0    515.5
     1     1    10     3    22     1     0     1   -89.0   60.733   72.314   5048.4    509.2
     1     1    10     3    22     0     0     0   -90.0   61.162   71.965   5156.6    501.3
     1     1    10     3    21    23     0     1   -91.0   61.601   71.630   5267.8    490.8
     1     1    10     3    21    22     0     2   -92.0   62.031   71.320   5378.4    481.8
     1     1    10     3    21    21     0     3   -93.0   62.453   71.039   5486.9    472.2
     1     1    10     3    21    20     0     2   -94.0   62.877   70.767   5572.1    464.2
     1     1    10     3    21    19     0     1   -95.0   63.304   70.491   5630.6    460.5
     1     1    10     3    21    18     0     0   -96.0   63.728   70.213   5675.1    458.6
