     5     1
    GDAS    10     3     1     0     0
    GDAS    10     3     8     0     0
    GDAS    10     3    15     0     0
    GDAS    10     3    22     0     0
    GDAS    10     3    29     0     0
     1 BACKWARD OMEGA   
    10     3    16    18   39.977  116.381  3000.0
     1 PRESSURE
     1     1    10     3    16    18     0     0     0.0   39.977  116.381   2761.4    698.3
     1     1    10     3    16    17     0     1    -1.0   40.097  115.688   2663.9    662.1
     1     1    10     3    16    16     0     2    -2.0   40.168  114.869   2488.7    631.1
     1     1    10     3    16    15     0     3    -3.0   40.199  113.996   2349.8    649.1
     1     1    10     3    16    14     0     2    -4.0   40.223  113.163   2223.6    650.1
     1     1    10     3    16    13     0     1    -5.0   40.266  112.380   2099.2    652.0
     1     1    10     3    16    12     0     0    -6.0   40.312  111.661   1979.3    664.9
     1     1    10     3    16    11     0     1    -7.0   40.352  111.066   1852.9    684.1
     1     1    10     3    16    10     0     2    -8.0   40.383  110.576   1689.0    695.1
     1     1    10     3    16     9     0     3    -9.0   40.421  110.168   1512.6    707.4
     1     1    10     3    16     8     0     2   -10.0   40.475  109.805   1361.8    724.2
     1     1    10     3    16     7     0     1   -11.0   40.530  109.456   1261.0    738.7
     1     1    10     3    16     6     0     0   -12.0   40.562  109.134   1197.9    750.3
     1     1    10     3    16     5     0     1   -13.0   40.587  108.821   1160.3    758.8
     1     1    10     3    16     4     0     2   -14.0   40.624  108.496   1140.4    765.3
     1     1    10     3    16     3     0     3   -15.0   40.662  108.166   1134.3    771.7
     1     1    10     3    16     2     0     2   -16.0   40.701  107.820   1128.6    770.5
     1     1    10     3    16     1     0     1   -17.0   40.744  107.447   1101.5    763.0
     1     1    10     3    16     0     0     0   -18.0   40.787  107.051   1044.6    756.7
     1     1    10     3    15    23     0     1   -19.0   40.822  106.656    978.2    761.0
     1     1    10     3    15    22     0     2   -20.0   40.850  106.267    925.2    764.5
     1     1    10     3    15    21     0     3   -21.0   40.876  105.870    892.7    768.0
     1     1    10     3    15    20     0     2   -22.0   40.899  105.498    862.5    778.4
     1     1    10     3    15    19     0     1   -23.0   40.912  105.178    832.8    791.9
     1     1    10     3    15    18     0     0   -24.0   40.915  104.883    829.3    797.5
     1     1    10     3    15    17     0     1   -25.0   40.912  104.578    832.1    791.4
     1     1    10     3    15    16     0     2   -26.0   40.913  104.258    810.8    790.6
     1     1    10     3    15    15     0     3   -27.0   40.931  103.929    768.4    792.9
     1     1    10     3    15    14     0     2   -28.0   40.939  103.604    747.5    798.6
     1     1    10     3    15    13     0     1   -29.0   40.927  103.266    785.5    794.2
     1     1    10     3    15    12     0     0   -30.0   40.917  102.905    881.4    785.3
     1     1    10     3    15    11     0     1   -31.0   40.942  102.526    984.3    775.9
     1     1    10     3    15    10     0     2   -32.0   40.981  102.165   1045.3    775.5
     1     1    10     3    15     9     0     3   -33.0   41.006  101.834   1078.2    778.9
     1     1    10     3    15     8     0     2   -34.0   41.020  101.516   1124.5    782.2
     1     1    10     3    15     7     0     1   -35.0   41.041  101.187   1216.3    778.2
     1     1    10     3    15     6     0     0   -36.0   41.077  100.823   1341.5    765.1
     1     1    10     3    15     5     0     1   -37.0   41.155  100.394   1438.5    746.5
     1     1    10     3    15     4     0     2   -38.0   41.261   99.938   1472.6    739.6
     1     1    10     3    15     3     0     3   -39.0   41.365   99.488   1510.1    731.7
     1     1    10     3    15     2     0     2   -40.0   41.482   98.988   1599.0    712.2
     1     1    10     3    15     1     0     1   -41.0   41.620   98.436   1705.2    693.6
     1     1    10     3    15     0     0     0   -42.0   41.775   97.896   1791.9    675.6
     1     1    10     3    14    23     0     1   -43.0   41.947   97.385   1845.8    655.1
     1     1    10     3    14    22     0     2   -44.0   42.129   96.885   1864.6    644.9
     1     1    10     3    14    21     0     3   -45.0   42.321   96.402   1861.9    649.1
     1     1    10     3    14    20     0     2   -46.0   42.524   95.948   1850.5    664.8
     1     1    10     3    14    19     0     1   -47.0   42.736   95.528   1844.6    668.6
     1     1    10     3    14    18     0     0   -48.0   42.966   95.139   1877.7    646.9
     1     1    10     3    14    17     0     1   -49.0   43.208   94.750   1958.9    646.3
     1     1    10     3    14    16     0     2   -50.0   43.442   94.345   2030.7    658.6
     1     1    10     3    14    15     0     3   -51.0   43.676   93.942   2154.2    662.2
     1     1    10     3    14    14     0     2   -52.0   43.931   93.560   2317.7    642.0
     1     1    10     3    14    13     0     1   -53.0   44.233   93.193   2441.2    609.8
     1     1    10     3    14    12     0     0   -54.0   44.578   92.838   2571.7    607.6
     1     1    10     3    14    11     0     1   -55.0   44.933   92.515   2718.6    613.8
     1     1    10     3    14    10     0     2   -56.0   45.296   92.189   2829.3    599.3
     1     1    10     3    14     9     0     3   -57.0   45.679   91.817   2908.3    589.6
     1     1    10     3    14     8     0     2   -58.0   46.070   91.435   2964.3    583.9
     1     1    10     3    14     7     0     1   -59.0   46.496   91.058   2992.9    540.6
     1     1    10     3    14     6     0     0   -60.0   46.978   90.674   3079.5    499.3
     1     1    10     3    14     5     0     1   -61.0   47.506   90.317   3254.8    491.4
     1     1    10     3    14     4     0     2   -62.0   48.100   90.008   3390.5    456.9
     1     1    10     3    14     3     0     3   -63.0   48.759   89.771   3593.2    465.0
     1     1    10     3    14     2     0     2   -64.0   49.455   89.595   3710.8    461.5
     1     1    10     3    14     1     0     1   -65.0   50.198   89.424   3840.0    449.6
     1     1    10     3    14     0     0     0   -66.0   50.975   89.240   3984.3    452.5
     1     1    10     3    13    23     0     1   -67.0   51.730   89.000   4136.7    468.7
     1     1    10     3    13    22     0     2   -68.0   52.396   88.683   4237.2    504.2
     1     1    10     3    13    21     0     3   -69.0   52.991   88.321   4274.5    533.3
     1     1    10     3    13    20     0     2   -70.0   53.552   87.917   4271.6    546.2
     1     1    10     3    13    19     0     1   -71.0   54.074   87.454   4275.2    554.9
     1     1    10     3    13    18     0     0   -72.0   54.563   86.946   4290.8    561.1
     1     1    10     3    13    17     0     1   -73.0   55.047   86.420   4299.4    562.5
     1     1    10     3    13    16     0     2   -74.0   55.521   85.891   4280.4    562.9
     1     1    10     3    13    15     0     3   -75.0   55.984   85.370   4250.4    568.6
     1     1    10     3    13    14     0     2   -76.0   56.441   84.849   4235.1    575.1
     1     1    10     3    13    13     0     1   -77.0   56.890   84.296   4236.5    576.1
     1     1    10     3    13    12     0     0   -78.0   57.337   83.698   4233.8    575.4
     1     1    10     3    13    11     0     1   -79.0   57.776   83.082   4234.0    575.4
     1     1    10     3    13    10     0     2   -80.0   58.177   82.455   4250.8    573.7
     1     1    10     3    13     9     0     3   -81.0   58.530   81.790   4275.1    571.1
     1     1    10     3    13     8     0     2   -82.0   58.867   81.113   4298.5    569.4
     1     1    10     3    13     7     0     1   -83.0   59.193   80.462   4317.7    567.7
     1     1    10     3    13     6     0     0   -84.0   59.490   79.833   4335.5    565.9
     1     1    10     3    13     5     0     1   -85.0   59.767   79.225   4357.9    563.5
     1     1    10     3    13     4     0     2   -86.0   60.024   78.637   4389.5    560.9
     1     1    10     3    13     3     0     3   -87.0   60.243   78.069   4431.7    557.3
     1     1    10     3    13     2     0     2   -88.0   60.439   77.508   4488.5    551.8
     1     1    10     3    13     1     0     1   -89.0   60.610   76.949   4560.3    545.2
     1     1    10     3    13     0     0     0   -90.0   60.730   76.404   4637.1    538.5
     1     1    10     3    12    23     0     1   -91.0   60.812   75.884   4707.5    532.4
     1     1    10     3    12    22     0     2   -92.0   60.866   75.405   4776.2    527.3
     1     1    10     3    12    21     0     3   -93.0   60.868   74.985   4859.8    521.0
     1     1    10     3    12    20     0     2   -94.0   60.845   74.600   4954.0    512.6
     1     1    10     3    12    19     0     1   -95.0   60.827   74.211   5043.7    505.4
     1     1    10     3    12    18     0     0   -96.0   60.786   73.814   5123.1    498.9
