     5     1
    GDAS    10     3     1     0     0
    GDAS    10     3     8     0     0
    GDAS    10     3    15     0     0
    GDAS    10     3    22     0     0
    GDAS    10     3    29     0     0
     1 BACKWARD OMEGA   
    10     3    22    12   39.977  116.381  8200.0
     1 PRESSURE
     1     1    10     3    22    12     0     0     0.0   39.977  116.381   7951.6    343.4
     1     1    10     3    22    11     0     1    -1.0   39.820  113.809   7743.2    308.9
     1     1    10     3    22    10     0     2    -2.0   39.555  111.267   8065.3    293.0
     1     1    10     3    22     9     0     3    -3.0   39.183  108.887   8193.2    281.8
     1     1    10     3    22     8     0     2    -4.0   38.731  106.765   8157.5    286.9
     1     1    10     3    22     7     0     1    -5.0   38.322  104.865   8062.4    288.6
     1     1    10     3    22     6     0     0    -6.0   37.900  103.215   7851.5    289.9
     1     1    10     3    22     5     0     1    -7.0   37.553  101.574   7178.0    258.8
     1     1    10     3    22     4     0     2    -8.0   37.307   99.830   6811.0    254.6
     1     1    10     3    22     3     0     3    -9.0   37.102   98.319   6410.4    274.7
     1     1    10     3    22     2     0     2   -10.0   36.873   97.068   5995.1    312.8
     1     1    10     3    22     1     0     1   -11.0   36.724   95.989   5384.8    336.6
     1     1    10     3    22     0     0     0   -12.0   36.638   94.939   5186.0    346.0
     1     1    10     3    21    23     0     1   -13.0   36.608   93.857   4982.4    344.7
     1     1    10     3    21    22     0     2   -14.0   36.614   92.683   4745.6    338.8
     1     1    10     3    21    21     0     3   -15.0   36.646   91.360   4346.3    321.4
     1     1    10     3    21    20     0     2   -16.0   36.650   89.956   4054.3    337.5
     1     1    10     3    21    19     0     1   -17.0   36.627   88.596   3620.0    349.6
     1     1    10     3    21    18     0     0   -18.0   36.624   87.203   3455.7    353.9
     1     1    10     3    21    17     0     1   -19.0   36.644   85.853   3279.3    359.0
     1     1    10     3    21    16     0     2   -20.0   36.667   84.706   3281.0    404.0
     1     1    10     3    21    15     0     3   -21.0   36.680   83.743   3472.4    442.8
     1     1    10     3    21    14     0     2   -22.0   36.660   82.895   3416.3    470.9
     1     1    10     3    21    13     0     1   -23.0   36.655   82.223   3137.7    503.9
     1     1    10     3    21    12     0     0   -24.0   36.711   81.765   2809.9    548.5
     1     1    10     3    21    11     0     1   -25.0   36.805   81.508   2451.7    595.5
     1     1    10     3    21    10     0     2   -26.0   36.889   81.377   2097.6    641.4
     1     1    10     3    21     9     0     3   -27.0   36.986   81.335   1784.2    688.4
     1     1    10     3    21     8     0     2   -28.0   37.089   81.349   1525.8    716.4
     1     1    10     3    21     7     0     1   -29.0   37.171   81.369   1350.2    732.3
     1     1    10     3    21     6     0     0   -30.0   37.215   81.366   1240.8    742.4
     1     1    10     3    21     5     0     1   -31.0   37.233   81.338   1168.6    747.6
     1     1    10     3    21     4     0     2   -32.0   37.242   81.294   1115.3    753.2
     1     1    10     3    21     3     0     3   -33.0   37.243   81.222   1089.8    756.0
     1     1    10     3    21     2     0     2   -34.0   37.267   81.151   1073.3    754.5
     1     1    10     3    21     1     0     1   -35.0   37.345   81.118   1025.9    758.8
     1     1    10     3    21     0     0     0   -36.0   37.477   81.129    951.8    767.6
     1     1    10     3    20    23     0     1   -37.0   37.620   81.155    869.3    779.1
     1     1    10     3    20    22     0     2   -38.0   37.735   81.150    774.4    789.3
     1     1    10     3    20    21     0     3   -39.0   37.814   81.103    656.9    801.6
     1     1    10     3    20    20     0     2   -40.0   37.868   81.027    552.4    815.3
     1     1    10     3    20    19     0     1   -41.0   37.931   80.948    487.1    822.2
     1     1    10     3    20    18     0     0   -42.0   38.009   80.874    461.4    826.0
     1     1    10     3    20    17     0     1   -43.0   38.087   80.799    453.4    825.5
     1     1    10     3    20    16     0     2   -44.0   38.140   80.723    444.9    827.8
     1     1    10     3    20    15     0     3   -45.0   38.171   80.645    444.9    828.8
     1     1    10     3    20    14     0     2   -46.0   38.186   80.591    449.0    826.7
     1     1    10     3    20    13     0     1   -47.0   38.194   80.596    444.1    826.0
     1     1    10     3    20    12     0     0   -48.0   38.198   80.664    425.4    826.8
     1     1    10     3    20    11     0     1   -49.0   38.224   80.745    393.0    831.0
     1     1    10     3    20    10     0     2   -50.0   38.291   80.786    355.8    835.7
     1     1    10     3    20     9     0     3   -51.0   38.396   80.789    317.6    841.1
     1     1    10     3    20     8     0     2   -52.0   38.508   80.773    285.0    847.2
     1     1    10     3    20     7     0     1   -53.0   38.604   80.754    258.4    852.0
     1     1    10     3    20     6     0     0   -54.0   38.684   80.730    235.1    856.1
     1     1    10     3    20     5     0     1   -55.0   38.750   80.744    215.2    859.1
     1     1    10     3    20     4     0     2   -56.0   38.802   80.833    197.2    862.0
     1     1    10     3    20     3     0     3   -57.0   38.838   80.996    181.0    865.0
     1     1    10     3    20     2     0     2   -58.0   38.880   81.207    168.2    867.0
     1     1    10     3    20     1     0     1   -59.0   38.944   81.440    159.8    868.8
     1     1    10     3    20     0     0     0   -60.0   39.032   81.690    152.6    871.0
     1     1    10     3    19    23     0     1   -61.0   39.135   81.956    146.6    873.7
     1     1    10     3    19    22     0     2   -62.0   39.240   82.241    141.8    875.2
     1     1    10     3    19    21     0     3   -63.0   39.343   82.538    136.5    877.2
     1     1    10     3    19    20     0     2   -64.0   39.429   82.851    130.6    879.5
     1     1    10     3    19    19     0     1   -65.0   39.488   83.190    123.5    881.6
     1     1    10     3    19    18     0     0   -66.0   39.517   83.559    115.7    883.7
     1     1    10     3    19    17     0     1   -67.0   39.532   83.960    112.2    885.4
     1     1    10     3    19    16     0     2   -68.0   39.559   84.387    112.0    886.5
     1     1    10     3    19    15     0     3   -69.0   39.608   84.825    101.3    889.2
     1     1    10     3    19    14     0     2   -70.0   39.664   85.272     77.1    895.1
     1     1    10     3    19    13     0     1   -71.0   39.709   85.721     55.4    902.4
     1     1    10     3    19    12     0     0   -72.0   39.745   86.168     43.6    906.8
     1     1    10     3    19    11     0     1   -73.0   39.789   86.627     36.1    911.0
     1     1    10     3    19    10     0     2   -74.0   39.853   87.120     29.7    914.4
     1     1    10     3    19     9     0     3   -75.0   39.942   87.660     26.8    915.9
     1     1    10     3    19     8     0     2   -76.0   40.061   88.259     28.9    916.6
     1     1    10     3    19     7     0     1   -77.0   40.208   88.880     15.9    914.0
     1     1    10     3    19     6     0     0   -78.0   40.365   89.457      0.0    916.2
     1     1    10     3    19     5     0     1   -79.0   40.521   89.977      0.0    914.7
     1     1    10     3    19     4     0     2   -80.0   40.684   90.434      0.0    918.3
     1     1    10     3    19     3     0     3   -81.0   40.882   90.841      0.0    928.5
     1     1    10     3    19     2     0     2   -82.0   41.125   91.193      4.9    922.8
     1     1    10     3    19     1     0     1   -83.0   41.391   91.474     22.3    909.2
     1     1    10     3    19     0     0     0   -84.0   41.666   91.702     52.4    901.1
     1     1    10     3    18    23     0     1   -85.0   41.965   91.861     42.9    899.7
     1     1    10     3    18    22     0     2   -86.0   42.231   91.923     29.0    921.2
     1     1    10     3    18    21     0     3   -87.0   42.501   91.921     52.2    932.8
     1     1    10     3    18    20     0     2   -88.0   42.786   91.873    220.0    937.4
     1     1    10     3    18    19     0     1   -89.0   43.266   91.709    620.7    869.2
     1     1    10     3    18    18     0     0   -90.0   43.748   91.221    858.1    786.7
     1     1    10     3    18    17     0     1   -91.0   44.059   90.553    920.6    795.1
     1     1    10     3    18    16     0     2   -92.0   44.296   89.898    963.8    806.5
     1     1    10     3    18    15     0     3   -93.0   44.530   89.293    860.9    796.9
     1     1    10     3    18    14     0     2   -94.0   44.717   88.714    615.1    848.3
     1     1    10     3    18    13     0     1   -95.0   44.797   88.174    369.8    896.3
     1     1    10     3    18    12     0     0   -96.0   44.817   87.716    194.4    931.4
