     5     1
    GDAS    10     3     1     0     0
    GDAS    10     3     8     0     0
    GDAS    10     3    15     0     0
    GDAS    10     3    22     0     0
    GDAS    10     3    29     0     0
     1 BACKWARD OMEGA   
    10     3    25    12   39.977  116.381  2800.0
     1 PRESSURE
     1     1    10     3    25    12     0     0     0.0   39.977  116.381   2560.6    717.2
     1     1    10     3    25    11     0     1    -1.0   40.271  115.657   2410.4    678.4
     1     1    10     3    25    10     0     2    -2.0   40.638  114.873   2359.4    637.7
     1     1    10     3    25     9     0     3    -3.0   41.069  114.091   2401.5    628.3
     1     1    10     3    25     8     0     2    -4.0   41.548  113.341   2395.3    619.4
     1     1    10     3    25     7     0     1    -5.0   42.059  112.622   2392.0    626.9
     1     1    10     3    25     6     0     0    -6.0   42.541  111.950   2420.2    641.8
     1     1    10     3    25     5     0     1    -7.0   43.003  111.324   2431.0    652.6
     1     1    10     3    25     4     0     2    -8.0   43.468  110.742   2416.3    658.0
     1     1    10     3    25     3     0     3    -9.0   43.971  110.202   2433.9    665.6
     1     1    10     3    25     2     0     2   -10.0   44.484  109.685   2441.9    662.3
     1     1    10     3    25     1     0     1   -11.0   45.008  109.167   2444.9    650.0
     1     1    10     3    25     0     0     0   -12.0   45.564  108.653   2478.9    639.0
     1     1    10     3    24    23     0     1   -13.0   46.142  108.155   2540.2    623.2
     1     1    10     3    24    22     0     2   -14.0   46.730  107.667   2586.2    608.4
     1     1    10     3    24    21     0     3   -15.0   47.334  107.167   2599.5    597.8
     1     1    10     3    24    20     0     2   -16.0   47.942  106.654   2643.6    596.8
     1     1    10     3    24    19     0     1   -17.0   48.497  106.185   2728.3    615.4
     1     1    10     3    24    18     0     0   -18.0   48.988  105.792   2789.9    628.7
     1     1    10     3    24    17     0     1   -19.0   49.465  105.444   2821.0    628.7
     1     1    10     3    24    16     0     2   -20.0   49.979  105.123   2856.1    624.8
     1     1    10     3    24    15     0     3   -21.0   50.554  104.825   2863.9    598.1
     1     1    10     3    24    14     0     2   -22.0   51.180  104.488   2898.2    590.6
     1     1    10     3    24    13     0     1   -23.0   51.778  104.080   3001.4    626.5
     1     1    10     3    24    12     0     0   -24.0   52.330  103.632   3055.9    631.7
     1     1    10     3    24    11     0     1   -25.0   52.854  103.147   3058.9    636.8
     1     1    10     3    24    10     0     2   -26.0   53.344  102.600   2997.1    648.7
     1     1    10     3    24     9     0     3   -27.0   53.832  102.007   2936.1    655.5
     1     1    10     3    24     8     0     2   -28.0   54.305  101.381   2895.3    658.4
     1     1    10     3    24     7     0     1   -29.0   54.734  100.720   2864.6    661.2
     1     1    10     3    24     6     0     0   -30.0   55.141  100.024   2829.2    663.5
     1     1    10     3    24     5     0     1   -31.0   55.528   99.324   2799.7    673.3
     1     1    10     3    24     4     0     2   -32.0   55.893   98.654   2796.5    679.6
     1     1    10     3    24     3     0     3   -33.0   56.231   98.010   2774.9    683.3
     1     1    10     3    24     2     0     2   -34.0   56.535   97.369   2751.5    689.0
     1     1    10     3    24     1     0     1   -35.0   56.805   96.702   2745.8    691.5
     1     1    10     3    24     0     0     0   -36.0   57.054   96.023   2733.4    693.4
     1     1    10     3    23    23     0     1   -37.0   57.280   95.354   2718.6    695.7
     1     1    10     3    23    22     0     2   -38.0   57.492   94.698   2728.0    694.5
     1     1    10     3    23    21     0     3   -39.0   57.699   94.035   2735.7    695.9
     1     1    10     3    23    20     0     2   -40.0   57.891   93.355   2730.7    699.3
     1     1    10     3    23    19     0     1   -41.0   58.055   92.656   2718.6    701.3
     1     1    10     3    23    18     0     0   -42.0   58.196   91.947   2711.6    702.3
     1     1    10     3    23    17     0     1   -43.0   58.322   91.225   2713.0    703.0
     1     1    10     3    23    16     0     2   -44.0   58.435   90.481   2720.4    702.8
     1     1    10     3    23    15     0     3   -45.0   58.537   89.720   2724.0    701.9
     1     1    10     3    23    14     0     2   -46.0   58.633   88.951   2713.9    704.2
     1     1    10     3    23    13     0     1   -47.0   58.718   88.171   2693.0    706.5
     1     1    10     3    23    12     0     0   -48.0   58.792   87.368   2671.7    709.7
     1     1    10     3    23    11     0     1   -49.0   58.852   86.537   2646.6    713.1
     1     1    10     3    23    10     0     2   -50.0   58.888   85.664   2617.0    715.9
     1     1    10     3    23     9     0     3   -51.0   58.899   84.744   2581.9    719.2
     1     1    10     3    23     8     0     2   -52.0   58.881   83.791   2563.8    721.7
     1     1    10     3    23     7     0     1   -53.0   58.828   82.854   2554.1    724.8
     1     1    10     3    23     6     0     0   -54.0   58.747   81.949   2538.9    728.3
     1     1    10     3    23     5     0     1   -55.0   58.642   81.088   2514.0    729.0
     1     1    10     3    23     4     0     2   -56.0   58.519   80.282   2482.7    732.1
     1     1    10     3    23     3     0     3   -57.0   58.391   79.510   2440.2    734.3
     1     1    10     3    23     2     0     2   -58.0   58.252   78.762   2389.6    737.6
     1     1    10     3    23     1     0     1   -59.0   58.096   78.035   2343.8    741.8
     1     1    10     3    23     0     0     0   -60.0   57.925   77.323   2300.7    746.0
     1     1    10     3    22    23     0     1   -61.0   57.731   76.650   2268.2    749.9
     1     1    10     3    22    22     0     2   -62.0   57.510   76.042   2256.5    751.5
     1     1    10     3    22    21     0     3   -63.0   57.267   75.496   2270.4    750.4
     1     1    10     3    22    20     0     2   -64.0   57.016   75.019   2302.5    746.7
     1     1    10     3    22    19     0     1   -65.0   56.775   74.605   2338.7    743.8
     1     1    10     3    22    18     0     0   -66.0   56.547   74.243   2373.1    741.2
     1     1    10     3    22    17     0     1   -67.0   56.342   73.928   2410.2    737.8
     1     1    10     3    22    16     0     2   -68.0   56.173   73.657   2452.8    733.9
     1     1    10     3    22    15     0     3   -69.0   56.039   73.425   2497.9    729.8
     1     1    10     3    22    14     0     2   -70.0   55.935   73.204   2537.8    726.1
     1     1    10     3    22    13     0     1   -71.0   55.854   72.969   2569.6    723.9
     1     1    10     3    22    12     0     0   -72.0   55.795   72.721   2596.8    720.7
     1     1    10     3    22    11     0     1   -73.0   55.749   72.450   2627.9    717.3
     1     1    10     3    22    10     0     2   -74.0   55.710   72.143   2666.6    712.5
     1     1    10     3    22     9     0     3   -75.0   55.679   71.798   2711.2    707.7
     1     1    10     3    22     8     0     2   -76.0   55.657   71.430   2754.3    702.7
     1     1    10     3    22     7     0     1   -77.0   55.647   71.051   2784.9    699.4
     1     1    10     3    22     6     0     0   -78.0   55.648   70.655   2795.1    697.5
     1     1    10     3    22     5     0     1   -79.0   55.657   70.239   2794.1    698.0
     1     1    10     3    22     4     0     2   -80.0   55.673   69.800   2796.3    697.6
     1     1    10     3    22     3     0     3   -81.0   55.695   69.330   2802.7    697.3
     1     1    10     3    22     2     0     2   -82.0   55.719   68.848   2805.3    696.4
     1     1    10     3    22     1     0     1   -83.0   55.744   68.376   2797.0    695.8
     1     1    10     3    22     0     0     0   -84.0   55.777   67.910   2780.9    696.5
     1     1    10     3    21    23     0     1   -85.0   55.813   67.448   2767.0    698.5
     1     1    10     3    21    22     0     2   -86.0   55.851   66.985   2758.8    699.1
     1     1    10     3    21    21     0     3   -87.0   55.891   66.505   2753.1    700.3
     1     1    10     3    21    20     0     2   -88.0   55.929   66.017   2754.9    702.1
     1     1    10     3    21    19     0     1   -89.0   55.964   65.535   2772.4    700.7
     1     1    10     3    21    18     0     0   -90.0   56.003   65.057   2805.6    697.5
     1     1    10     3    21    17     0     1   -91.0   56.053   64.583   2829.1    692.3
     1     1    10     3    21    16     0     2   -92.0   56.112   64.121   2828.8    691.9
     1     1    10     3    21    15     0     3   -93.0   56.182   63.676   2814.0    693.4
     1     1    10     3    21    14     0     2   -94.0   56.257   63.253   2805.8    695.5
     1     1    10     3    21    13     0     1   -95.0   56.337   62.837   2823.7    693.0
     1     1    10     3    21    12     0     0   -96.0   56.432   62.411   2868.4    687.3
