     7     1
    GDAS    10     3    22     0     0
    GDAS    10     4     8     0     0
    GDAS    10     4    15     0     0
    GDAS    10     4    22     0     0
    GDAS    10     4    29     0     0
    GDAS    10     4     1     0     0
    GDAS    10     3    29     0     0
     1 BACKWARD OMEGA   
    10     4    30     6   39.977  116.381  3800.0
     1 PRESSURE
     1     1    10     4    30     6     0     0     0.0   39.977  116.381   3563.0    635.2
     1     1    10     4    30     5     0     1    -1.0   40.454  116.148   3616.0    593.0
     1     1    10     4    30     4     0     2    -2.0   40.915  115.917   3578.7    561.1
     1     1    10     4    30     3     0     3    -3.0   41.365  115.714   3545.0    553.9
     1     1    10     4    30     2     0     2    -4.0   41.839  115.530   3541.5    547.7
     1     1    10     4    30     1     0     1    -5.0   42.355  115.353   3576.0    547.0
     1     1    10     4    30     0     0     0    -6.0   42.897  115.197   3618.2    550.9
     1     1    10     4    29    23     0     1    -7.0   43.458  115.055   3654.0    552.2
     1     1    10     4    29    22     0     2    -8.0   44.032  114.912   3695.4    550.5
     1     1    10     4    29    21     0     3    -9.0   44.607  114.775   3718.1    541.7
     1     1    10     4    29    20     0     2   -10.0   45.181  114.639   3730.0    537.8
     1     1    10     4    29    19     0     1   -11.0   45.749  114.483   3763.7    544.6
     1     1    10     4    29    18     0     0   -12.0   46.301  114.300   3806.2    548.3
     1     1    10     4    29    17     0     1   -13.0   46.820  114.107   3825.2    552.7
     1     1    10     4    29    16     0     2   -14.0   47.306  113.915   3797.6    559.3
     1     1    10     4    29    15     0     3   -15.0   47.771  113.737   3750.6    566.9
     1     1    10     4    29    14     0     2   -16.0   48.220  113.600   3719.5    571.2
     1     1    10     4    29    13     0     1   -17.0   48.656  113.514   3723.7    568.9
     1     1    10     4    29    12     0     0   -18.0   49.082  113.458   3771.9    563.6
     1     1    10     4    29    11     0     1   -19.0   49.508  113.427   3841.5    556.4
     1     1    10     4    29    10     0     2   -20.0   49.941  113.422   3899.6    552.2
     1     1    10     4    29     9     0     3   -21.0   50.372  113.439   3922.9    547.8
     1     1    10     4    29     8     0     2   -22.0   50.797  113.462   3912.4    547.5
     1     1    10     4    29     7     0     1   -23.0   51.213  113.481   3889.7    550.1
     1     1    10     4    29     6     0     0   -24.0   51.617  113.500   3871.3    554.8
     1     1    10     4    29     5     0     1   -25.0   52.012  113.525   3865.7    557.4
     1     1    10     4    29     4     0     2   -26.0   52.403  113.548   3856.2    552.8
     1     1    10     4    29     3     0     3   -27.0   52.787  113.550   3854.9    548.1
     1     1    10     4    29     2     0     2   -28.0   53.163  113.531   3870.8    545.2
     1     1    10     4    29     1     0     1   -29.0   53.531  113.510   3909.4    544.0
     1     1    10     4    29     0     0     0   -30.0   53.885  113.489   3963.0    541.0
     1     1    10     4    28    23     0     1   -31.0   54.235  113.464   4014.6    532.1
     1     1    10     4    28    22     0     2   -32.0   54.597  113.413   4063.3    520.1
     1     1    10     4    28    21     0     3   -33.0   54.973  113.291   4101.7    508.2
     1     1    10     4    28    20     0     2   -34.0   55.353  113.111   4134.3    504.2
     1     1    10     4    28    19     0     1   -35.0   55.724  112.907   4153.6    506.4
     1     1    10     4    28    18     0     0   -36.0   56.080  112.652   4173.4    514.8
     1     1    10     4    28    17     0     1   -37.0   56.417  112.358   4212.0    521.6
     1     1    10     4    28    16     0     2   -38.0   56.740  112.038   4280.1    521.5
     1     1    10     4    28    15     0     3   -39.0   57.048  111.678   4338.7    514.8
     1     1    10     4    28    14     0     2   -40.0   57.353  111.296   4404.5    516.3
     1     1    10     4    28    13     0     1   -41.0   57.661  110.893   4464.4    522.9
     1     1    10     4    28    12     0     0   -42.0   57.955  110.437   4514.7    532.2
     1     1    10     4    28    11     0     1   -43.0   58.243  109.951   4546.1    536.8
     1     1    10     4    28    10     0     2   -44.0   58.533  109.445   4580.8    536.6
     1     1    10     4    28     9     0     3   -45.0   58.794  108.882   4595.0    535.7
     1     1    10     4    28     8     0     2   -46.0   59.038  108.298   4585.7    536.1
     1     1    10     4    28     7     0     1   -47.0   59.298  107.729   4580.7    538.1
     1     1    10     4    28     6     0     0   -48.0   59.556  107.156   4592.0    538.1
     1     1    10     4    28     5     0     1   -49.0   59.805  106.579   4621.3    536.1
     1     1    10     4    28     4     0     2   -50.0   60.050  106.028   4663.2    532.6
     1     1    10     4    28     3     0     3   -51.0   60.288  105.520   4708.3    529.1
     1     1    10     4    28     2     0     2   -52.0   60.537  105.016   4751.9    525.3
     1     1    10     4    28     1     0     1   -53.0   60.819  104.478   4795.5    521.6
     1     1    10     4    28     0     0     0   -54.0   61.135  103.903   4845.4    516.8
     1     1    10     4    27    23     0     1   -55.0   61.488  103.256   4901.7    512.9
     1     1    10     4    27    22     0     2   -56.0   61.881  102.510   4944.5    510.2
     1     1    10     4    27    21     0     3   -57.0   62.303  101.681   4975.1    506.5
     1     1    10     4    27    20     0     2   -58.0   62.742  100.718   5000.6    504.9
     1     1    10     4    27    19     0     1   -59.0   63.194   99.634   5035.9    504.4
     1     1    10     4    27    18     0     0   -60.0   63.670   98.410   5083.6    498.1
     1     1    10     4    27    17     0     1   -61.0   64.135   97.064   5131.7    494.5
     1     1    10     4    27    16     0     2   -62.0   64.572   95.550   5195.2    489.4
     1     1    10     4    27    15     0     3   -63.0   64.956   93.869   5226.4    489.5
     1     1    10     4    27    14     0     2   -64.0   65.249   92.108   5181.9    490.3
     1     1    10     4    27    13     0     1   -65.0   65.490   90.183   5156.1    493.8
     1     1    10     4    27    12     0     0   -66.0   65.680   88.178   5120.8    515.1
     1     1    10     4    27    11     0     1   -67.0   65.783   86.242   4961.4    531.8
     1     1    10     4    27    10     0     2   -68.0   65.806   84.264   4852.8    538.4
     1     1    10     4    27     9     0     3   -69.0   65.763   82.267   4750.7    547.5
     1     1    10     4    27     8     0     2   -70.0   65.662   80.351   4530.9    563.0
     1     1    10     4    27     7     0     1   -71.0   65.483   78.541   4335.6    578.2
     1     1    10     4    27     6     0     0   -72.0   65.261   76.783   4164.6    591.0
     1     1    10     4    27     5     0     1   -73.0   64.978   75.116   3913.4    610.1
     1     1    10     4    27     4     0     2   -74.0   64.632   73.606   3701.4    627.5
     1     1    10     4    27     3     0     3   -75.0   64.253   72.256   3571.5    637.0
     1     1    10     4    27     2     0     2   -76.0   63.851   71.021   3475.3    640.9
     1     1    10     4    27     1     0     1   -77.0   63.428   69.954   3374.0    651.9
     1     1    10     4    27     0     0     0   -78.0   62.996   69.034   3323.7    655.3
     1     1    10     4    26    23     0     1   -79.0   62.555   68.163   3292.7    659.8
     1     1    10     4    26    22     0     2   -80.0   62.129   67.363   3277.8    664.6
     1     1    10     4    26    21     0     3   -81.0   61.725   66.597   3314.6    660.5
     1     1    10     4    26    20     0     2   -82.0   61.328   65.892   3327.8    657.6
     1     1    10     4    26    19     0     1   -83.0   60.934   65.231   3312.9    659.6
     1     1    10     4    26    18     0     0   -84.0   60.534   64.593   3284.0    662.8
     1     1    10     4    26    17     0     1   -85.0   60.125   64.049   3254.5    666.6
     1     1    10     4    26    16     0     2   -86.0   59.708   63.578   3218.4    667.5
     1     1    10     4    26    15     0     3   -87.0   59.293   63.096   3119.2    672.1
     1     1    10     4    26    14     0     2   -88.0   58.886   62.605   2974.9    687.9
     1     1    10     4    26    13     0     1   -89.0   58.466   62.123   2844.8    700.8
     1     1    10     4    26    12     0     0   -90.0   58.023   61.644   2715.7    708.2
     1     1    10     4    26    11     0     1   -91.0   57.552   61.210   2581.3    717.2
     1     1    10     4    26    10     0     2   -92.0   57.058   60.868   2475.8    722.5
     1     1    10     4    26     9     0     3   -93.0   56.564   60.606   2362.1    725.2
     1     1    10     4    26     8     0     2   -94.0   56.084   60.408   2207.3    737.0
     1     1    10     4    26     7     0     1   -95.0   55.620   60.257   2063.9    749.4
     1     1    10     4    26     6     0     0   -96.0   55.179   60.126   1967.3    755.8
