     5     1
    GDAS    10     3     1     0     0
    GDAS    10     3     8     0     0
    GDAS    10     3    15     0     0
    GDAS    10     3    22     0     0
    GDAS    10     3    29     0     0
     1 BACKWARD OMEGA   
    10     3    16    18   39.977  116.381  9400.0
     1 PRESSURE
     1     1    10     3    16    18     0     0     0.0   39.977  116.381   9155.4    279.3
     1     1    10     3    16    17     0     1    -1.0   40.181  114.698   8784.8    253.4
     1     1    10     3    16    16     0     2    -2.0   40.407  113.108   8693.0    251.9
     1     1    10     3    16    15     0     3    -3.0   40.633  111.569   8614.0    251.2
     1     1    10     3    16    14     0     2    -4.0   40.835  110.134   8595.7    251.1
     1     1    10     3    16    13     0     1    -5.0   41.082  108.793   8754.6    260.3
     1     1    10     3    16    12     0     0    -6.0   41.325  107.425   8815.7    254.4
     1     1    10     3    16    11     0     1    -7.0   41.515  106.154   8800.2    256.6
     1     1    10     3    16    10     0     2    -8.0   41.710  105.001   8839.4    259.2
     1     1    10     3    16     9     0     3    -9.0   41.900  103.898   8844.0    255.3
     1     1    10     3    16     8     0     2   -10.0   42.091  102.826   8843.4    257.1
     1     1    10     3    16     7     0     1   -11.0   42.356  101.753   8872.6    255.2
     1     1    10     3    16     6     0     0   -12.0   42.677  100.679   8881.5    247.7
     1     1    10     3    16     5     0     1   -13.0   42.997   99.552   8930.4    245.9
     1     1    10     3    16     4     0     2   -14.0   43.337   98.370   8942.7    245.5
     1     1    10     3    16     3     0     3   -15.0   43.743   97.152   8992.7    247.4
     1     1    10     3    16     2     0     2   -16.0   44.195   95.872   9116.9    246.2
     1     1    10     3    16     1     0     1   -17.0   44.618   94.615   9024.0    244.6
     1     1    10     3    16     0     0     0   -18.0   44.981   93.394   9037.4    241.2
     1     1    10     3    15    23     0     1   -19.0   45.327   92.228   9115.2    238.7
     1     1    10     3    15    22     0     2   -20.0   45.727   91.105   9234.2    238.2
     1     1    10     3    15    21     0     3   -21.0   46.153   90.110   9223.0    239.7
     1     1    10     3    15    20     0     2   -22.0   46.601   89.121   9347.5    245.7
     1     1    10     3    15    19     0     1   -23.0   47.100   87.988   9523.9    250.3
     1     1    10     3    15    18     0     0   -24.0   47.560   86.807   9450.2    244.1
     1     1    10     3    15    17     0     1   -25.0   47.947   85.656   9582.4    254.9
     1     1    10     3    15    16     0     2   -26.0   48.359   84.475   9582.1    249.8
     1     1    10     3    15    15     0     3   -27.0   48.771   83.190   9562.5    246.2
     1     1    10     3    15    14     0     2   -28.0   49.107   81.857   9553.3    248.9
     1     1    10     3    15    13     0     1   -29.0   49.367   80.462   9600.8    252.9
     1     1    10     3    15    12     0     0   -30.0   49.626   78.986   9638.5    252.4
     1     1    10     3    15    11     0     1   -31.0   49.779   77.435   9661.5    244.9
     1     1    10     3    15    10     0     2   -32.0   49.830   75.954   9634.0    241.5
     1     1    10     3    15     9     0     3   -33.0   49.884   74.441   9642.3    244.2
     1     1    10     3    15     8     0     2   -34.0   49.907   72.978   9655.0    247.3
     1     1    10     3    15     7     0     1   -35.0   49.917   71.529   9673.7    250.7
     1     1    10     3    15     6     0     0   -36.0   49.996   70.010   9693.9    252.8
     1     1    10     3    15     5     0     1   -37.0   50.088   68.426   9698.3    251.6
     1     1    10     3    15     4     0     2   -38.0   50.109   66.790   9658.3    253.9
     1     1    10     3    15     3     0     3   -39.0   50.089   65.071   9684.1    260.1
     1     1    10     3    15     2     0     2   -40.0   50.060   63.196   9721.9    257.7
     1     1    10     3    15     1     0     1   -41.0   49.962   61.048   9652.1    256.3
     1     1    10     3    15     0     0     0   -42.0   49.742   58.814   9546.1    257.2
     1     1    10     3    14    23     0     1   -43.0   49.465   56.513   9514.3    261.9
     1     1    10     3    14    22     0     2   -44.0   49.095   53.964   9426.3    272.1
     1     1    10     3    14    21     0     3   -45.0   48.592   51.189   9189.9    284.6
     1     1    10     3    14    20     0     2   -46.0   47.952   48.466   8796.1    303.5
     1     1    10     3    14    19     0     1   -47.0   47.347   45.606   8759.2    303.2
     1     1    10     3    14    18     0     0   -48.0   46.689   42.752   8689.0    303.3
     1     1    10     3    14    17     0     1   -49.0   45.967   40.142   8673.4    306.6
     1     1    10     3    14    16     0     2   -50.0   45.246   37.674   8659.9    308.2
     1     1    10     3    14    15     0     3   -51.0   44.530   35.385   8616.8    311.1
     1     1    10     3    14    14     0     2   -52.0   43.853   33.351   8649.1    312.8
     1     1    10     3    14    13     0     1   -53.0   43.202   31.522   8714.4    310.2
     1     1    10     3    14    12     0     0   -54.0   42.533   29.811   8760.7    308.9
     1     1    10     3    14    11     0     1   -55.0   41.892   28.261   8742.0    305.8
     1     1    10     3    14    10     0     2   -56.0   41.241   26.822   8679.4    307.6
     1     1    10     3    14     9     0     3   -57.0   40.567   25.464   8613.5    312.1
     1     1    10     3    14     8     0     2   -58.0   39.922   24.195   8483.3    323.2
     1     1    10     3    14     7     0     1   -59.0   39.333   22.952   8288.0    320.9
     1     1    10     3    14     6     0     0   -60.0   38.735   21.663   8238.0    307.7
     1     1    10     3    14     5     0     1   -61.0   38.162   20.463   8329.9    330.3
     1     1    10     3    14     4     0     2   -62.0   37.694   19.325   8209.4    340.5
     1     1    10     3    14     3     0     3   -63.0   37.310   18.176   8171.3    341.1
     1     1    10     3    14     2     0     2   -64.0   36.977   17.002   8180.3    340.0
     1     1    10     3    14     1     0     1   -65.0   36.706   15.847   8116.3    342.9
     1     1    10     3    14     0     0     0   -66.0   36.478   14.703   8070.4    345.2
     1     1    10     3    13    23     0     1   -67.0   36.291   13.644   8047.0    348.3
     1     1    10     3    13    22     0     2   -68.0   36.128   12.687   8016.1    350.5
     1     1    10     3    13    21     0     3   -69.0   35.991   11.782   7965.6    352.5
     1     1    10     3    13    20     0     2   -70.0   35.884   10.899   7934.4    354.0
     1     1    10     3    13    19     0     1   -71.0   35.796    9.991   7875.9    345.2
     1     1    10     3    13    18     0     0   -72.0   35.730    9.019   7796.6    331.9
     1     1    10     3    13    17     0     1   -73.0   35.699    7.943   7772.2    322.7
     1     1    10     3    13    16     0     2   -74.0   35.718    6.801   7779.2    321.2
     1     1    10     3    13    15     0     3   -75.0   35.796    5.659   7778.8    321.0
     1     1    10     3    13    14     0     2   -76.0   35.932    4.521   7841.0    317.9
     1     1    10     3    13    13     0     1   -77.0   36.096    3.350   7931.7    318.4
     1     1    10     3    13    12     0     0   -78.0   36.247    2.178   7978.4    325.5
     1     1    10     3    13    11     0     1   -79.0   36.417    1.085   8036.6    341.6
     1     1    10     3    13    10     0     2   -80.0   36.652    0.065   8076.6    348.4
     1     1    10     3    13     9     0     3   -81.0   36.933   -0.925   8102.7    349.8
     1     1    10     3    13     8     0     2   -82.0   37.257   -1.951   7975.3    336.1
     1     1    10     3    13     7     0     1   -83.0   37.666   -3.073   7851.0    318.1
     1     1    10     3    13     6     0     0   -84.0   38.136   -4.157   8043.4    329.7
     1     1    10     3    13     5     0     1   -85.0   38.643   -5.240   8136.9    322.3
     1     1    10     3    13     4     0     2   -86.0   39.180   -6.337   8252.7    322.1
     1     1    10     3    13     3     0     3   -87.0   39.740   -7.436   8320.6    317.4
     1     1    10     3    13     2     0     2   -88.0   40.313   -8.497   8412.3    321.0
     1     1    10     3    13     1     0     1   -89.0   40.859   -9.460   8526.4    326.4
     1     1    10     3    13     0     0     0   -90.0   41.381  -10.344   8587.3    323.9
     1     1    10     3    12    23     0     1   -91.0   41.915  -11.154   8687.5    318.9
     1     1    10     3    12    22     0     2   -92.0   42.457  -11.922   8812.3    313.5
     1     1    10     3    12    21     0     3   -93.0   42.975  -12.669   8895.8    308.9
     1     1    10     3    12    20     0     2   -94.0   43.457  -13.370   8962.2    306.3
     1     1    10     3    12    19     0     1   -95.0   43.907  -14.012   9030.8    303.6
     1     1    10     3    12    18     0     0   -96.0   44.329  -14.611   9112.7    300.1
