     7     1
    GDAS    10     3    22     0     0
    GDAS    10     4     8     0     0
    GDAS    10     4    15     0     0
    GDAS    10     4    22     0     0
    GDAS    10     4    29     0     0
    GDAS    10     4     1     0     0
    GDAS    10     3    29     0     0
     1 BACKWARD OMEGA   
    10     4     4    18   39.977  116.381  2800.0
     1 PRESSURE
     1     1    10     4     4    18     0     0     0.0   39.977  116.381   2563.7    717.3
     1     1    10     4     4    17     0     1    -1.0   39.870  115.933   2232.8    737.7
     1     1    10     4     4    16     0     2    -2.0   39.792  115.507   1951.9    738.4
     1     1    10     4     4    15     0     3    -3.0   39.732  115.082   1667.9    734.7
     1     1    10     4     4    14     0     2    -4.0   39.671  114.707   1380.6    759.6
     1     1    10     4     4    13     0     1    -5.0   39.617  114.381   1127.2    777.5
     1     1    10     4     4    12     0     0    -6.0   39.584  114.044    901.1    787.0
     1     1    10     4     4    11     0     1    -7.0   39.582  113.691    739.4    800.9
     1     1    10     4     4    10     0     2    -8.0   39.611  113.331    682.8    803.7
     1     1    10     4     4     9     0     3    -9.0   39.668  112.928    749.7    792.6
     1     1    10     4     4     8     0     2   -10.0   39.732  112.494    828.9    768.6
     1     1    10     4     4     7     0     1   -11.0   39.796  112.065    834.6    764.3
     1     1    10     4     4     6     0     0   -12.0   39.866  111.645    812.6    780.0
     1     1    10     4     4     5     0     1   -13.0   39.923  111.269    792.2    797.0
     1     1    10     4     4     4     0     2   -14.0   39.956  110.951    806.5    806.5
     1     1    10     4     4     3     0     3   -15.0   39.972  110.660    861.5    794.1
     1     1    10     4     4     2     0     2   -16.0   40.000  110.355    923.2    778.7
     1     1    10     4     4     1     0     1   -17.0   40.045  110.013    977.7    765.5
     1     1    10     4     4     0     0     0   -18.0   40.101  109.611   1025.6    758.6
     1     1    10     4     3    23     0     1   -19.0   40.172  109.172   1036.1    757.2
     1     1    10     4     3    22     0     2   -20.0   40.235  108.764   1028.4    763.6
     1     1    10     4     3    21     0     3   -21.0   40.272  108.396   1039.4    766.3
     1     1    10     4     3    20     0     2   -22.0   40.305  108.045   1066.0    766.2
     1     1    10     4     3    19     0     1   -23.0   40.352  107.713   1068.5    763.1
     1     1    10     4     3    18     0     0   -24.0   40.407  107.434   1014.3    765.8
     1     1    10     4     3    17     0     1   -25.0   40.480  107.183    922.1    773.9
     1     1    10     4     3    16     0     2   -26.0   40.580  106.923    823.7    781.2
     1     1    10     4     3    15     0     3   -27.0   40.718  106.649    737.3    787.6
     1     1    10     4     3    14     0     2   -28.0   40.883  106.308    671.5    788.6
     1     1    10     4     3    13     0     1   -29.0   41.054  105.854    600.1    793.0
     1     1    10     4     3    12     0     0   -30.0   41.195  105.386    545.4    818.4
     1     1    10     4     3    11     0     1   -31.0   41.305  104.939    517.3    826.8
     1     1    10     4     3    10     0     2   -32.0   41.410  104.469    490.2    826.1
     1     1    10     4     3     9     0     3   -33.0   41.520  103.947    478.6    824.8
     1     1    10     4     3     8     0     2   -34.0   41.619  103.395    468.6    823.7
     1     1    10     4     3     7     0     1   -35.0   41.691  102.846    437.5    829.9
     1     1    10     4     3     6     0     0   -36.0   41.742  102.314    396.2    846.2
     1     1    10     4     3     5     0     1   -37.0   41.799  101.820    360.0    858.2
     1     1    10     4     3     4     0     2   -38.0   41.887  101.364    329.1    864.9
     1     1    10     4     3     3     0     3   -39.0   42.006  100.927    299.8    870.5
     1     1    10     4     3     2     0     2   -40.0   42.160  100.518    282.7    864.2
     1     1    10     4     3     1     0     1   -41.0   42.357  100.128    281.6    855.7
     1     1    10     4     3     0     0     0   -42.0   42.583   99.705    294.0    843.6
     1     1    10     4     2    23     0     1   -43.0   42.811   99.164    343.6    827.3
     1     1    10     4     2    22     0     2   -44.0   43.024   98.492    421.7    811.7
     1     1    10     4     2    21     0     3   -45.0   43.212   97.786    487.2    803.0
     1     1    10     4     2    20     0     2   -46.0   43.362   97.098    553.2    800.2
     1     1    10     4     2    19     0     1   -47.0   43.490   96.443    596.1    805.7
     1     1    10     4     2    18     0     0   -48.0   43.611   95.829    559.4    822.2
     1     1    10     4     2    17     0     1   -49.0   43.747   95.261    547.1    858.1
     1     1    10     4     2    16     0     2   -50.0   43.920   94.707    653.7    863.3
     1     1    10     4     2    15     0     3   -51.0   44.090   94.180    753.2    816.6
     1     1    10     4     2    14     0     2   -52.0   44.233   93.713    780.3    782.9
     1     1    10     4     2    13     0     1   -53.0   44.354   93.298    777.1    763.5
     1     1    10     4     2    12     0     0   -54.0   44.451   92.931    771.4    756.5
     1     1    10     4     2    11     0     1   -55.0   44.521   92.612    766.7    763.6
     1     1    10     4     2    10     0     2   -56.0   44.560   92.338    755.1    769.3
     1     1    10     4     2     9     0     3   -57.0   44.570   92.104    739.1    773.7
     1     1    10     4     2     8     0     2   -58.0   44.558   91.907    721.1    777.4
     1     1    10     4     2     7     0     1   -59.0   44.536   91.746    701.7    781.0
     1     1    10     4     2     6     0     0   -60.0   44.506   91.616    683.8    784.2
     1     1    10     4     2     5     0     1   -61.0   44.458   91.504    676.6    785.9
     1     1    10     4     2     4     0     2   -62.0   44.381   91.388    690.1    784.6
     1     1    10     4     2     3     0     3   -63.0   44.274   91.260    727.4    781.2
     1     1    10     4     2     2     0     2   -64.0   44.158   91.125    784.4    776.6
     1     1    10     4     2     1     0     1   -65.0   44.052   91.001    857.3    772.2
     1     1    10     4     2     0     0     0   -66.0   43.959   90.897    941.3    771.1
     1     1    10     4     1    23     0     1   -67.0   43.880   90.800   1010.1    773.3
     1     1    10     4     1    22     0     2   -68.0   43.816   90.695   1045.8    779.0
     1     1    10     4     1    21     0     3   -69.0   43.766   90.583   1053.6    785.2
     1     1    10     4     1    20     0     2   -70.0   43.721   90.468   1051.0    792.9
     1     1    10     4     1    19     0     1   -71.0   43.670   90.352   1049.9    798.2
     1     1    10     4     1    18     0     0   -72.0   43.614   90.232   1047.2    802.8
     1     1    10     4     1    17     0     1   -73.0   43.561   90.126   1026.8    806.3
     1     1    10     4     1    16     0     2   -74.0   43.515   90.053    980.3    813.0
     1     1    10     4     1    15     0     3   -75.0   43.473   90.013    913.9    821.2
     1     1    10     4     1    14     0     2   -76.0   43.439   89.998    859.8    830.6
     1     1    10     4     1    13     0     1   -77.0   43.418   90.002    846.6    832.3
     1     1    10     4     1    12     0     0   -78.0   43.408   90.024    877.1    829.6
     1     1    10     4     1    11     0     1   -79.0   43.396   90.047    927.8    822.5
     1     1    10     4     1    10     0     2   -80.0   43.377   90.057    978.3    818.2
     1     1    10     4     1     9     0     3   -81.0   43.355   90.055   1033.1    813.7
     1     1    10     4     1     8     0     2   -82.0   43.339   90.055   1095.7    808.3
     1     1    10     4     1     7     0     1   -83.0   43.333   90.064   1165.8    801.7
     1     1    10     4     1     6     0     0   -84.0   43.335   90.072   1238.1    794.4
     1     1    10     4     1     5     0     1   -85.0   43.338   90.067   1294.6    787.4
     1     1    10     4     1     4     0     2   -86.0   43.335   90.047   1321.4    785.1
     1     1    10     4     1     3     0     3   -87.0   43.325   90.018   1318.9    785.4
     1     1    10     4     1     2     0     2   -88.0   43.315   89.984   1290.8    788.9
     1     1    10     4     1     1     0     1   -89.0   43.310   89.946   1244.9    794.7
     1     1    10     4     1     0     0     0   -90.0   43.310   89.905   1183.4    802.2
     1     1    10     3    31    23     0     1   -91.0   43.316   89.861   1112.4    811.3
     1     1    10     3    31    22     0     2   -92.0   43.328   89.815   1033.2    819.8
     1     1    10     3    31    21     0     3   -93.0   43.341   89.766    937.3    830.2
     1     1    10     3    31    20     0     2   -94.0   43.351   89.715    824.4    843.9
     1     1    10     3    31    19     0     1   -95.0   43.357   89.664    709.8    857.8
     1     1    10     3    31    18     0     0   -96.0   43.365   89.609    602.3    870.8
