     7     1
    GDAS    10     3    22     0     0
    GDAS    10     4     8     0     0
    GDAS    10     4    15     0     0
    GDAS    10     4    22     0     0
    GDAS    10     4    29     0     0
    GDAS    10     4     1     0     0
    GDAS    10     3    29     0     0
     1 BACKWARD OMEGA   
    10     4    20    18   39.977  116.381  2200.0
     1 PRESSURE
     1     1    10     4    20    18     0     0     0.0   39.977  116.381   1967.5    780.9
     1     1    10     4    20    17     0     1    -1.0   39.853  116.553   1914.7    792.3
     1     1    10     4    20    16     0     2    -2.0   39.769  116.753   1838.2    807.9
     1     1    10     4    20    15     0     3    -3.0   39.718  116.968   1757.7    822.6
     1     1    10     4    20    14     0     2    -4.0   39.695  117.180   1687.0    830.0
     1     1    10     4    20    13     0     1    -5.0   39.693  117.364   1632.3    833.8
     1     1    10     4    20    12     0     0    -6.0   39.708  117.510   1583.9    837.1
     1     1    10     4    20    11     0     1    -7.0   39.732  117.628   1540.2    840.9
     1     1    10     4    20    10     0     2    -8.0   39.758  117.731   1494.4    843.3
     1     1    10     4    20     9     0     3    -9.0   39.772  117.822   1422.3    848.6
     1     1    10     4    20     8     0     2   -10.0   39.775  117.919   1329.0    858.7
     1     1    10     4    20     7     0     1   -11.0   39.784  118.043   1235.6    868.6
     1     1    10     4    20     6     0     0   -12.0   39.811  118.204   1170.1    876.9
     1     1    10     4    20     5     0     1   -13.0   39.861  118.388   1149.8    878.9
     1     1    10     4    20     4     0     2   -14.0   39.930  118.576   1173.3    875.5
     1     1    10     4    20     3     0     3   -15.0   40.010  118.759   1231.6    867.2
     1     1    10     4    20     2     0     2   -16.0   40.089  118.927   1287.6    853.6
     1     1    10     4    20     1     0     1   -17.0   40.162  119.089   1316.8    847.5
     1     1    10     4    20     0     0     0   -18.0   40.234  119.253   1324.1    844.6
     1     1    10     4    19    23     0     1   -19.0   40.321  119.412   1329.0    843.3
     1     1    10     4    19    22     0     2   -20.0   40.437  119.541   1348.4    838.0
     1     1    10     4    19    21     0     3   -21.0   40.579  119.632   1383.8    830.1
     1     1    10     4    19    20     0     2   -22.0   40.742  119.685   1429.0    820.2
     1     1    10     4    19    19     0     1   -23.0   40.923  119.700   1475.2    809.5
     1     1    10     4    19    18     0     0   -24.0   41.113  119.673   1519.9    798.8
     1     1    10     4    19    17     0     1   -25.0   41.308  119.619   1568.4    788.5
     1     1    10     4    19    16     0     2   -26.0   41.504  119.551   1634.5    776.9
     1     1    10     4    19    15     0     3   -27.0   41.700  119.453   1730.1    762.3
     1     1    10     4    19    14     0     2   -28.0   41.903  119.286   1843.0    744.0
     1     1    10     4    19    13     0     1   -29.0   42.119  119.049   1942.9    729.5
     1     1    10     4    19    12     0     0   -30.0   42.331  118.780   2020.4    715.3
     1     1    10     4    19    11     0     1   -31.0   42.498  118.488   2094.5    697.1
     1     1    10     4    19    10     0     2   -32.0   42.601  118.175   2161.6    677.1
     1     1    10     4    19     9     0     3   -33.0   42.656  117.863   2192.4    663.1
     1     1    10     4    19     8     0     2   -34.0   42.695  117.573   2199.9    662.0
     1     1    10     4    19     7     0     1   -35.0   42.743  117.299   2227.0    657.1
     1     1    10     4    19     6     0     0   -36.0   42.806  117.042   2295.0    648.6
     1     1    10     4    19     5     0     1   -37.0   42.892  116.798   2375.9    637.7
     1     1    10     4    19     4     0     2   -38.0   43.003  116.582   2415.1    634.5
     1     1    10     4    19     3     0     3   -39.0   43.146  116.390   2413.6    637.9
     1     1    10     4    19     2     0     2   -40.0   43.337  116.189   2429.9    644.4
     1     1    10     4    19     1     0     1   -41.0   43.591  115.931   2497.8    642.9
     1     1    10     4    19     0     0     0   -42.0   43.906  115.585   2557.6    637.9
     1     1    10     4    18    23     0     1   -43.0   44.209  115.129   2593.8    634.0
     1     1    10     4    18    22     0     2   -44.0   44.437  114.572   2660.1    626.7
     1     1    10     4    18    21     0     3   -45.0   44.592  113.958   2751.1    616.2
     1     1    10     4    18    20     0     2   -46.0   44.695  113.339   2841.1    613.0
     1     1    10     4    18    19     0     1   -47.0   44.767  112.750   2904.5    613.9
     1     1    10     4    18    18     0     0   -48.0   44.823  112.195   2952.9    613.8
     1     1    10     4    18    17     0     1   -49.0   44.885  111.679   3017.0    613.5
     1     1    10     4    18    16     0     2   -50.0   44.970  111.199   3097.9    609.1
     1     1    10     4    18    15     0     3   -51.0   45.079  110.735   3167.2    603.2
     1     1    10     4    18    14     0     2   -52.0   45.198  110.248   3228.3    596.4
     1     1    10     4    18    13     0     1   -53.0   45.324  109.726   3292.5    587.6
     1     1    10     4    18    12     0     0   -54.0   45.455  109.175   3363.0    574.6
     1     1    10     4    18    11     0     1   -55.0   45.598  108.576   3437.4    563.7
     1     1    10     4    18    10     0     2   -56.0   45.764  107.917   3495.3    554.3
     1     1    10     4    18     9     0     3   -57.0   45.950  107.215   3516.0    543.5
     1     1    10     4    18     8     0     2   -58.0   46.144  106.492   3526.7    540.2
     1     1    10     4    18     7     0     1   -59.0   46.332  105.757   3556.1    537.9
     1     1    10     4    18     6     0     0   -60.0   46.506  105.008   3597.5    534.2
     1     1    10     4    18     5     0     1   -61.0   46.680  104.243   3643.2    522.8
     1     1    10     4    18     4     0     2   -62.0   46.863  103.444   3707.2    509.6
     1     1    10     4    18     3     0     3   -63.0   47.057  102.598   3771.6    496.1
     1     1    10     4    18     2     0     2   -64.0   47.259  101.704   3849.2    473.3
     1     1    10     4    18     1     0     1   -65.0   47.464  100.777   3906.5    452.6
     1     1    10     4    18     0     0     0   -66.0   47.651   99.814   3947.8    444.9
     1     1    10     4    17    23     0     1   -67.0   47.821   98.823   3937.9    436.9
     1     1    10     4    17    22     0     2   -68.0   47.983   97.838   3965.9    436.9
     1     1    10     4    17    21     0     3   -69.0   48.135   96.890   4031.7    445.6
     1     1    10     4    17    20     0     2   -70.0   48.296   96.021   4116.4    461.3
     1     1    10     4    17    19     0     1   -71.0   48.480   95.216   4191.6    467.3
     1     1    10     4    17    18     0     0   -72.0   48.689   94.441   4317.3    477.2
     1     1    10     4    17    17     0     1   -73.0   48.925   93.684   4453.8    484.9
     1     1    10     4    17    16     0     2   -74.0   49.165   92.904   4539.9    491.3
     1     1    10     4    17    15     0     3   -75.0   49.399   92.063   4482.8    469.5
     1     1    10     4    17    14     0     2   -76.0   49.616   91.131   4510.6    439.6
     1     1    10     4    17    13     0     1   -77.0   49.816   90.079   4628.5    409.1
     1     1    10     4    17    12     0     0   -78.0   49.989   88.945   4620.2    400.3
     1     1    10     4    17    11     0     1   -79.0   50.123   87.841   4623.8    410.8
     1     1    10     4    17    10     0     2   -80.0   50.214   86.809   4644.2    420.3
     1     1    10     4    17     9     0     3   -81.0   50.252   85.873   4669.2    440.4
     1     1    10     4    17     8     0     2   -82.0   50.262   85.014   4686.0    454.8
     1     1    10     4    17     7     0     1   -83.0   50.270   84.223   4709.7    469.8
     1     1    10     4    17     6     0     0   -84.0   50.273   83.512   4734.5    488.7
     1     1    10     4    17     5     0     1   -85.0   50.277   82.872   4776.5    506.3
     1     1    10     4    17     4     0     2   -86.0   50.299   82.275   4822.5    516.6
     1     1    10     4    17     3     0     3   -87.0   50.342   81.710   4853.4    521.8
     1     1    10     4    17     2     0     2   -88.0   50.399   81.154   4875.6    521.5
     1     1    10     4    17     1     0     1   -89.0   50.464   80.592   4901.2    521.6
     1     1    10     4    17     0     0     0   -90.0   50.538   80.025   4923.7    522.2
     1     1    10     4    16    23     0     1   -91.0   50.613   79.449   4937.5    521.9
     1     1    10     4    16    22     0     2   -92.0   50.681   78.860   4941.3    522.4
     1     1    10     4    16    21     0     3   -93.0   50.742   78.255   4923.5    523.5
     1     1    10     4    16    20     0     2   -94.0   50.796   77.641   4891.9    526.1
     1     1    10     4    16    19     0     1   -95.0   50.842   77.027   4866.7    528.2
     1     1    10     4    16    18     0     0   -96.0   50.880   76.417   4856.2    527.0
