     5     1
    GDAS    10     3     1     0     0
    GDAS    10     3     8     0     0
    GDAS    10     3    15     0     0
    GDAS    10     3    22     0     0
    GDAS    10     3    29     0     0
     1 BACKWARD OMEGA   
    10     3    22    12   39.977  116.381  2400.0
     1 PRESSURE
     1     1    10     3    22    12     0     0     0.0   39.977  116.381   2163.8    755.0
     1     1    10     3    22    11     0     1    -1.0   40.296  116.125   2514.4    683.5
     1     1    10     3    22    10     0     2    -2.0   40.725  115.693   2666.3    628.4
     1     1    10     3    22     9     0     3    -3.0   41.228  115.048   2847.4    597.8
     1     1    10     3    22     8     0     2    -4.0   41.747  114.222   3187.0    561.7
     1     1    10     3    22     7     0     1    -5.0   42.257  113.313   3621.7    533.3
     1     1    10     3    22     6     0     0    -6.0   42.718  112.356   3961.2    522.1
     1     1    10     3    22     5     0     1    -7.0   43.148  111.343   4219.8    512.0
     1     1    10     3    22     4     0     2    -8.0   43.586  110.222   4506.2    494.0
     1     1    10     3    22     3     0     3    -9.0   44.000  109.040   4839.5    479.4
     1     1    10     3    22     2     0     2   -10.0   44.352  107.815   4927.4    457.3
     1     1    10     3    22     1     0     1   -11.0   44.672  106.561   4922.5    449.6
     1     1    10     3    22     0     0     0   -12.0   44.961  105.345   4963.5    445.7
     1     1    10     3    21    23     0     1   -13.0   45.238  104.149   5078.4    434.8
     1     1    10     3    21    22     0     2   -14.0   45.543  102.862   5182.1    411.4
     1     1    10     3    21    21     0     3   -15.0   45.819  101.457   5094.3    387.7
     1     1    10     3    21    20     0     2   -16.0   46.061  100.069   5162.9    402.4
     1     1    10     3    21    19     0     1   -17.0   46.306   98.664   5189.6    389.6
     1     1    10     3    21    18     0     0   -18.0   46.520   97.211   5105.1    386.5
     1     1    10     3    21    17     0     1   -19.0   46.718   95.797   5180.0    390.4
     1     1    10     3    21    16     0     2   -20.0   46.922   94.471   5212.7    405.8
     1     1    10     3    21    15     0     3   -21.0   47.123   93.149   5130.7    401.2
     1     1    10     3    21    14     0     2   -22.0   47.355   91.685   5069.7    375.2
     1     1    10     3    21    13     0     1   -23.0   47.604   90.047   5159.4    366.1
     1     1    10     3    21    12     0     0   -24.0   47.778   88.437   5374.5    392.1
     1     1    10     3    21    11     0     1   -25.0   47.919   86.876   5650.9    428.6
     1     1    10     3    21    10     0     2   -26.0   48.052   85.349   5849.3    442.0
     1     1    10     3    21     9     0     3   -27.0   48.128   83.804   5882.0    439.4
     1     1    10     3    21     8     0     2   -28.0   48.155   82.234   5726.0    431.7
     1     1    10     3    21     7     0     1   -29.0   48.142   80.602   5649.4    432.8
     1     1    10     3    21     6     0     0   -30.0   48.053   79.006   5487.7    448.7
     1     1    10     3    21     5     0     1   -31.0   47.931   77.450   5314.7    462.3
     1     1    10     3    21     4     0     2   -32.0   47.823   75.936   5147.5    478.9
     1     1    10     3    21     3     0     3   -33.0   47.715   74.529   4944.9    490.0
     1     1    10     3    21     2     0     2   -34.0   47.628   73.186   4818.0    494.6
     1     1    10     3    21     1     0     1   -35.0   47.566   71.845   4750.7    506.3
     1     1    10     3    21     0     0     0   -36.0   47.511   70.516   4693.0    522.8
     1     1    10     3    20    23     0     1   -37.0   47.456   69.225   4623.7    535.5
     1     1    10     3    20    22     0     2   -38.0   47.397   67.981   4546.8    542.0
     1     1    10     3    20    21     0     3   -39.0   47.323   66.761   4516.0    542.9
     1     1    10     3    20    20     0     2   -40.0   47.229   65.556   4554.0    549.8
     1     1    10     3    20    19     0     1   -41.0   47.120   64.416   4463.6    566.1
     1     1    10     3    20    18     0     0   -42.0   47.006   63.325   4322.1    581.4
     1     1    10     3    20    17     0     1   -43.0   46.913   62.248   4290.4    585.1
     1     1    10     3    20    16     0     2   -44.0   46.857   61.203   4308.4    580.3
     1     1    10     3    20    15     0     3   -45.0   46.833   60.187   4282.6    579.5
     1     1    10     3    20    14     0     2   -46.0   46.825   59.187   4257.8    580.6
     1     1    10     3    20    13     0     1   -47.0   46.821   58.208   4252.1    582.1
     1     1    10     3    20    12     0     0   -48.0   46.811   57.244   4271.7    584.1
     1     1    10     3    20    11     0     1   -49.0   46.792   56.286   4252.7    586.5
     1     1    10     3    20    10     0     2   -50.0   46.775   55.357   4206.9    592.9
     1     1    10     3    20     9     0     3   -51.0   46.765   54.473   4188.0    597.7
     1     1    10     3    20     8     0     2   -52.0   46.773   53.622   4174.4    600.3
     1     1    10     3    20     7     0     1   -53.0   46.809   52.781   4140.0    604.0
     1     1    10     3    20     6     0     0   -54.0   46.870   51.956   4108.9    609.0
     1     1    10     3    20     5     0     1   -55.0   46.955   51.139   4098.7    606.5
     1     1    10     3    20     4     0     2   -56.0   47.074   50.316   4119.9    603.8
     1     1    10     3    20     3     0     3   -57.0   47.229   49.486   4149.7    600.9
     1     1    10     3    20     2     0     2   -58.0   47.403   48.644   4182.2    598.2
     1     1    10     3    20     1     0     1   -59.0   47.585   47.797   4227.2    594.4
     1     1    10     3    20     0     0     0   -60.0   47.784   46.969   4285.0    589.6
     1     1    10     3    19    23     0     1   -61.0   48.014   46.149   4329.0    585.4
     1     1    10     3    19    22     0     2   -62.0   48.256   45.317   4325.1    583.8
     1     1    10     3    19    21     0     3   -63.0   48.505   44.482   4287.8    582.6
     1     1    10     3    19    20     0     2   -64.0   48.774   43.648   4271.9    580.7
     1     1    10     3    19    19     0     1   -65.0   49.053   42.829   4293.9    576.1
     1     1    10     3    19    18     0     0   -66.0   49.335   42.014   4299.8    576.2
     1     1    10     3    19    17     0     1   -67.0   49.647   41.178   4281.9    576.8
     1     1    10     3    19    16     0     2   -68.0   50.004   40.327   4252.9    578.6
     1     1    10     3    19    15     0     3   -69.0   50.384   39.456   4203.5    582.1
     1     1    10     3    19    14     0     2   -70.0   50.766   38.551   4098.5    588.9
     1     1    10     3    19    13     0     1   -71.0   51.145   37.635   3923.7    600.1
     1     1    10     3    19    12     0     0   -72.0   51.504   36.700   3740.0    614.5
     1     1    10     3    19    11     0     1   -73.0   51.838   35.752   3572.3    628.0
     1     1    10     3    19    10     0     2   -74.0   52.166   34.800   3408.5    642.3
     1     1    10     3    19     9     0     3   -75.0   52.465   33.839   3281.4    655.6
     1     1    10     3    19     8     0     2   -76.0   52.761   32.906   3156.2    666.3
     1     1    10     3    19     7     0     1   -77.0   53.073   31.949   3017.4    680.5
     1     1    10     3    19     6     0     0   -78.0   53.384   30.961   2840.6    694.3
     1     1    10     3    19     5     0     1   -79.0   53.726   29.944   2656.7    712.4
     1     1    10     3    19     4     0     2   -80.0   54.065   28.883   2531.4    721.4
     1     1    10     3    19     3     0     3   -81.0   54.395   27.783   2390.5    732.3
     1     1    10     3    19     2     0     2   -82.0   54.725   26.570   2247.6    748.5
     1     1    10     3    19     1     0     1   -83.0   54.982   25.350   2055.0    771.2
     1     1    10     3    19     0     0     0   -84.0   55.174   24.162   1865.2    798.1
     1     1    10     3    18    23     0     1   -85.0   55.342   22.979   1784.2    808.1
     1     1    10     3    18    22     0     2   -86.0   55.512   21.820   1757.9    809.6
     1     1    10     3    18    21     0     3   -87.0   55.626   20.765   1615.1    829.7
     1     1    10     3    18    20     0     2   -88.0   55.699   19.743   1497.6    846.1
     1     1    10     3    18    19     0     1   -89.0   55.791   18.738   1487.3    846.9
     1     1    10     3    18    18     0     0   -90.0   55.896   17.771   1493.2    845.1
     1     1    10     3    18    17     0     1   -91.0   55.977   16.790   1454.2    849.6
     1     1    10     3    18    16     0     2   -92.0   56.064   15.817   1407.4    853.9
     1     1    10     3    18    15     0     3   -93.0   56.168   14.843   1408.7    849.3
     1     1    10     3    18    14     0     2   -94.0   56.246   13.833   1474.6    837.1
     1     1    10     3    18    13     0     1   -95.0   56.289   12.806   1487.3    839.2
     1     1    10     3    18    12     0     0   -96.0   56.313   11.828   1385.9    855.9
