     7     1
    GDAS    10     3    22     0     0
    GDAS    10     4     8     0     0
    GDAS    10     4    15     0     0
    GDAS    10     4    22     0     0
    GDAS    10     4    29     0     0
    GDAS    10     4     1     0     0
    GDAS    10     3    29     0     0
     1 BACKWARD OMEGA   
    10     4    26     0   39.977  116.381  6200.0
     1 PRESSURE
     1     1    10     4    26     0     0     0     0.0   39.977  116.381   5958.2    446.2
     1     1    10     4    25    23     0     1    -1.0   40.115  115.174   5843.3    399.9
     1     1    10     4    25    22     0     2    -2.0   40.229  113.909   5974.9    385.5
     1     1    10     4    25    21     0     3    -3.0   40.469  112.472   6181.3    357.8
     1     1    10     4    25    20     0     2    -4.0   40.680  110.860   6313.4    350.9
     1     1    10     4    25    19     0     1    -5.0   40.886  109.262   6414.1    357.5
     1     1    10     4    25    18     0     0    -6.0   41.171  107.635   6388.8    368.0
     1     1    10     4    25    17     0     1    -7.0   41.462  106.116   6297.0    369.5
     1     1    10     4    25    16     0     2    -8.0   41.894  104.820   6105.1    384.9
     1     1    10     4    25    15     0     3    -9.0   42.418  103.626   5531.3    412.5
     1     1    10     4    25    14     0     2   -10.0   43.032  102.697   5152.6    433.3
     1     1    10     4    25    13     0     1   -11.0   43.853  102.032   5014.2    445.1
     1     1    10     4    25    12     0     0   -12.0   44.747  101.493   4773.8    448.5
     1     1    10     4    25    11     0     1   -13.0   45.973  101.233   4736.6    408.8
     1     1    10     4    25    10     0     2   -14.0   47.490  101.143   4552.7    415.4
     1     1    10     4    25     9     0     3   -15.0   48.878  101.044   4461.0    457.4
     1     1    10     4    25     8     0     2   -16.0   50.212  101.012   4220.3    468.2
     1     1    10     4    25     7     0     1   -17.0   51.593  101.045   4048.4    457.7
     1     1    10     4    25     6     0     0   -18.0   52.939  101.096   4080.3    504.1
     1     1    10     4    25     5     0     1   -19.0   53.980  101.058   4148.1    555.3
     1     1    10     4    25     4     0     2   -20.0   54.844  101.057   4137.3    557.3
     1     1    10     4    25     3     0     3   -21.0   55.652  101.139   4172.8    554.6
     1     1    10     4    25     2     0     2   -22.0   56.408  101.283   4205.8    554.6
     1     1    10     4    25     1     0     1   -23.0   57.142  101.463   4281.5    550.2
     1     1    10     4    25     0     0     0   -24.0   57.852  101.611   4374.2    546.0
     1     1    10     4    24    23     0     1   -25.0   58.547  101.742   4462.2    541.9
     1     1    10     4    24    22     0     2   -26.0   59.205  101.882   4529.3    537.9
     1     1    10     4    24    21     0     3   -27.0   59.816  101.989   4565.0    534.8
     1     1    10     4    24    20     0     2   -28.0   60.395  102.075   4601.8    532.3
     1     1    10     4    24    19     0     1   -29.0   60.959  102.161   4665.5    524.1
     1     1    10     4    24    18     0     0   -30.0   61.517  102.253   4762.8    515.8
     1     1    10     4    24    17     0     1   -31.0   62.074  102.380   4884.4    504.6
     1     1    10     4    24    16     0     2   -32.0   62.620  102.558   5017.6    493.6
     1     1    10     4    24    15     0     3   -33.0   63.151  102.790   5167.1    483.2
     1     1    10     4    24    14     0     2   -34.0   63.663  103.053   5311.2    473.3
     1     1    10     4    24    13     0     1   -35.0   64.149  103.337   5421.7    464.6
     1     1    10     4    24    12     0     0   -36.0   64.587  103.652   5513.0    453.4
     1     1    10     4    24    11     0     1   -37.0   64.980  103.966   5598.5    441.9
     1     1    10     4    24    10     0     2   -38.0   65.344  104.227   5681.4    436.5
     1     1    10     4    24     9     0     3   -39.0   65.674  104.425   5732.2    435.0
     1     1    10     4    24     8     0     2   -40.0   65.976  104.586   5759.3    435.1
     1     1    10     4    24     7     0     1   -41.0   66.271  104.729   5771.4    434.8
     1     1    10     4    24     6     0     0   -42.0   66.560  104.857   5781.1    433.6
     1     1    10     4    24     5     0     1   -43.0   66.827  104.971   5793.0    432.0
     1     1    10     4    24     4     0     2   -44.0   67.060  105.062   5813.7    430.3
     1     1    10     4    24     3     0     3   -45.0   67.261  105.128   5843.6    429.8
     1     1    10     4    24     2     0     2   -46.0   67.447  105.166   5871.1    429.7
     1     1    10     4    24     1     0     1   -47.0   67.633  105.178   5895.3    429.8
     1     1    10     4    24     0     0     0   -48.0   67.819  105.167   5916.0    430.1
     1     1    10     4    23    23     0     1   -49.0   67.996  105.144   5934.2    430.6
     1     1    10     4    23    22     0     2   -50.0   68.150  105.112   5945.7    430.0
     1     1    10     4    23    21     0     3   -51.0   68.280  105.064   5955.4    429.4
     1     1    10     4    23    20     0     2   -52.0   68.398  105.003   5964.5    429.1
     1     1    10     4    23    19     0     1   -53.0   68.513  104.937   5973.7    428.8
     1     1    10     4    23    18     0     0   -54.0   68.625  104.865   5980.7    428.7
     1     1    10     4    23    17     0     1   -55.0   68.730  104.765   5984.7    429.2
     1     1    10     4    23    16     0     2   -56.0   68.829  104.616   5985.8    430.2
     1     1    10     4    23    15     0     3   -57.0   68.926  104.415   5984.3    431.9
     1     1    10     4    23    14     0     2   -58.0   69.015  104.169   5981.5    434.1
     1     1    10     4    23    13     0     1   -59.0   69.088  103.882   5975.5    435.1
     1     1    10     4    23    12     0     0   -60.0   69.147  103.553   5976.8    434.7
     1     1    10     4    23    11     0     1   -61.0   69.211  103.217   5986.3    432.5
     1     1    10     4    23    10     0     2   -62.0   69.300  102.916   5987.4    431.0
     1     1    10     4    23     9     0     3   -63.0   69.417  102.659   5973.0    429.9
     1     1    10     4    23     8     0     2   -64.0   69.554  102.415   5959.1    430.2
     1     1    10     4    23     7     0     1   -65.0   69.705  102.146   5962.3    428.5
     1     1    10     4    23     6     0     0   -66.0   69.876  101.846   5983.2    425.6
     1     1    10     4    23     5     0     1   -67.0   70.055  101.546   6007.5    421.9
     1     1    10     4    23     4     0     2   -68.0   70.223  101.280   6028.4    421.6
     1     1    10     4    23     3     0     3   -69.0   70.379  101.052   6044.2    422.3
     1     1    10     4    23     2     0     2   -70.0   70.529  100.843   6056.6    423.9
     1     1    10     4    23     1     0     1   -71.0   70.682  100.635   6068.3    426.3
     1     1    10     4    23     0     0     0   -72.0   70.839  100.435   6079.8    429.4
     1     1    10     4    22    23     0     1   -73.0   71.000  100.216   6091.8    433.5
     1     1    10     4    22    22     0     2   -74.0   71.169   99.944   6090.6    435.1
     1     1    10     4    22    21     0     3   -75.0   71.353   99.614   6094.1    435.2
     1     1    10     4    22    20     0     2   -76.0   71.544   99.254   6101.7    434.3
     1     1    10     4    22    19     0     1   -77.0   71.727   98.906   6105.6    433.6
     1     1    10     4    22    18     0     0   -78.0   71.902   98.579   6105.0    433.1
     1     1    10     4    22    17     0     1   -79.0   72.079   98.266   6101.9    432.6
     1     1    10     4    22    16     0     2   -80.0   72.264   97.955   6096.6    432.2
     1     1    10     4    22    15     0     3   -81.0   72.454   97.649   6089.1    431.8
     1     1    10     4    22    14     0     2   -82.0   72.641   97.331   6084.2    432.0
     1     1    10     4    22    13     0     1   -83.0   72.812   96.987   6090.2    431.3
     1     1    10     4    22    12     0     0   -84.0   72.969   96.632   6110.8    430.1
     1     1    10     4    22    11     0     1   -85.0   73.102   96.234   6127.0    427.3
     1     1    10     4    22    10     0     2   -86.0   73.202   95.763   6129.8    425.8
     1     1    10     4    22     9     0     3   -87.0   73.264   95.231   6123.0    425.3
     1     1    10     4    22     8     0     2   -88.0   73.306   94.678   6110.3    425.5
     1     1    10     4    22     7     0     1   -89.0   73.340   94.133   6100.4    424.9
     1     1    10     4    22     6     0     0   -90.0   73.357   93.595   6097.2    424.6
     1     1    10     4    22     5     0     1   -91.0   73.365   93.053   6096.4    424.0
     1     1    10     4    22     4     0     2   -92.0   73.373   92.502   6093.1    424.4
     1     1    10     4    22     3     0     3   -93.0   73.371   91.945   6083.7    425.6
     1     1    10     4    22     2     0     2   -94.0   73.367   91.361   6072.1    427.4
     1     1    10     4    22     1     0     1   -95.0   73.370   90.725   6058.5    428.6
     1     1    10     4    22     0     0     0   -96.0   73.373   90.031   6038.6    429.7
