     5     1
    GDAS    10     3     1     0     0
    GDAS    10     3     8     0     0
    GDAS    10     3    15     0     0
    GDAS    10     3    22     0     0
    GDAS    10     3    29     0     0
     1 BACKWARD OMEGA   
    10     3    29     0   39.977  116.381  5800.0
     1 PRESSURE
     1     1    10     3    29     0     0     0     0.0   39.977  116.381   5563.5    490.2
     1     1    10     3    28    23     0     1    -1.0   40.042  115.984   5520.6    479.6
     1     1    10     3    28    22     0     2    -2.0   40.150  115.538   5415.3    461.4
     1     1    10     3    28    21     0     3    -3.0   40.301  115.050   5331.7    441.3
     1     1    10     3    28    20     0     2    -4.0   40.468  114.549   5336.0    438.8
     1     1    10     3    28    19     0     1    -5.0   40.632  114.043   5353.6    436.7
     1     1    10     3    28    18     0     0    -6.0   40.812  113.525   5334.7    429.0
     1     1    10     3    28    17     0     1    -7.0   41.008  113.001   5288.4    420.8
     1     1    10     3    28    16     0     2    -8.0   41.211  112.495   5288.1    424.5
     1     1    10     3    28    15     0     3    -9.0   41.420  112.008   5320.2    427.0
     1     1    10     3    28    14     0     2   -10.0   41.641  111.509   5398.4    425.0
     1     1    10     3    28    13     0     1   -11.0   41.869  110.991   5500.6    426.1
     1     1    10     3    28    12     0     0   -12.0   42.116  110.466   5572.8    422.9
     1     1    10     3    28    11     0     1   -13.0   42.373  109.923   5630.5    420.1
     1     1    10     3    28    10     0     2   -14.0   42.636  109.351   5694.0    417.5
     1     1    10     3    28     9     0     3   -15.0   42.922  108.771   5780.8    417.5
     1     1    10     3    28     8     0     2   -16.0   43.203  108.179   5889.2    420.8
     1     1    10     3    28     7     0     1   -17.0   43.458  107.545   5915.8    413.0
     1     1    10     3    28     6     0     0   -18.0   43.709  106.853   5883.5    406.1
     1     1    10     3    28     5     0     1   -19.0   43.946  106.114   5874.5    401.2
     1     1    10     3    28     4     0     2   -20.0   44.152  105.352   5921.3    396.0
     1     1    10     3    28     3     0     3   -21.0   44.355  104.604   5938.6    395.9
     1     1    10     3    28     2     0     2   -22.0   44.541  103.854   5895.0    398.9
     1     1    10     3    28     1     0     1   -23.0   44.688  103.075   5922.2    398.1
     1     1    10     3    28     0     0     0   -24.0   44.819  102.246   5994.2    384.1
     1     1    10     3    27    23     0     1   -25.0   44.934  101.411   6025.3    376.3
     1     1    10     3    27    22     0     2   -26.0   45.035  100.628   6005.2    374.4
     1     1    10     3    27    21     0     3   -27.0   45.149   99.843   6068.0    365.1
     1     1    10     3    27    20     0     2   -28.0   45.260   99.023   6138.1    351.7
     1     1    10     3    27    19     0     1   -29.0   45.358   98.163   6207.7    342.1
     1     1    10     3    27    18     0     0   -30.0   45.473   97.280   6397.7    341.4
     1     1    10     3    27    17     0     1   -31.0   45.590   96.315   6583.1    334.8
     1     1    10     3    27    16     0     2   -32.0   45.679   95.244   6672.2    338.1
     1     1    10     3    27    15     0     3   -33.0   45.751   94.074   6549.4    325.8
     1     1    10     3    27    14     0     2   -34.0   45.786   92.838   6552.3    337.4
     1     1    10     3    27    13     0     1   -35.0   45.778   91.610   6701.1    356.9
     1     1    10     3    27    12     0     0   -36.0   45.710   90.310   6880.9    357.0
     1     1    10     3    27    11     0     1   -37.0   45.578   88.973   7026.0    364.4
     1     1    10     3    27    10     0     2   -38.0   45.403   87.659   7075.9    376.6
     1     1    10     3    27     9     0     3   -39.0   45.174   86.382   7036.1    388.9
     1     1    10     3    27     8     0     2   -40.0   44.897   85.144   6970.2    388.6
     1     1    10     3    27     7     0     1   -41.0   44.554   83.925   6719.6    351.9
     1     1    10     3    27     6     0     0   -42.0   44.177   82.784   6481.3    347.9
     1     1    10     3    27     5     0     1   -43.0   43.813   81.726   6455.2    364.0
     1     1    10     3    27     4     0     2   -44.0   43.455   80.695   6512.7    361.8
     1     1    10     3    27     3     0     3   -45.0   43.145   79.701   6329.8    346.1
     1     1    10     3    27     2     0     2   -46.0   42.883   78.709   6155.7    330.1
     1     1    10     3    27     1     0     1   -47.0   42.648   77.689   5921.0    316.5
     1     1    10     3    27     0     0     0   -48.0   42.443   76.670   5883.6    331.8
     1     1    10     3    26    23     0     1   -49.0   42.239   75.623   5813.0    340.1
     1     1    10     3    26    22     0     2   -50.0   42.024   74.562   5724.0    334.0
     1     1    10     3    26    21     0     3   -51.0   41.789   73.499   5890.3    340.3
     1     1    10     3    26    20     0     2   -52.0   41.514   72.495   6075.6    369.9
     1     1    10     3    26    19     0     1   -53.0   41.213   71.588   6078.2    399.2
     1     1    10     3    26    18     0     0   -54.0   40.931   70.724   5915.4    397.2
     1     1    10     3    26    17     0     1   -55.0   40.664   69.934   5915.4    395.5
     1     1    10     3    26    16     0     2   -56.0   40.424   69.211   6118.4    423.4
     1     1    10     3    26    15     0     3   -57.0   40.220   68.518   6082.1    431.9
     1     1    10     3    26    14     0     2   -58.0   40.034   67.848   5998.9    437.4
     1     1    10     3    26    13     0     1   -59.0   39.864   67.188   5910.3    428.1
     1     1    10     3    26    12     0     0   -60.0   39.712   66.540   5885.8    434.4
     1     1    10     3    26    11     0     1   -61.0   39.557   65.940   5900.2    457.0
     1     1    10     3    26    10     0     2   -62.0   39.401   65.389   5899.4    464.0
     1     1    10     3    26     9     0     3   -63.0   39.252   64.867   5913.3    465.3
     1     1    10     3    26     8     0     2   -64.0   39.125   64.383   5937.6    468.3
     1     1    10     3    26     7     0     1   -65.0   39.019   63.941   5958.7    471.7
     1     1    10     3    26     6     0     0   -66.0   38.913   63.528   5952.2    469.6
     1     1    10     3    26     5     0     1   -67.0   38.822   63.139   5934.5    469.0
     1     1    10     3    26     4     0     2   -68.0   38.750   62.768   5910.4    471.1
     1     1    10     3    26     3     0     3   -69.0   38.696   62.408   5871.7    474.2
     1     1    10     3    26     2     0     2   -70.0   38.650   62.053   5836.2    479.1
     1     1    10     3    26     1     0     1   -71.0   38.605   61.705   5819.8    479.2
     1     1    10     3    26     0     0     0   -72.0   38.569   61.362   5818.1    478.0
     1     1    10     3    25    23     0     1   -73.0   38.527   61.017   5815.0    477.4
     1     1    10     3    25    22     0     2   -74.0   38.472   60.664   5806.2    479.7
     1     1    10     3    25    21     0     3   -75.0   38.424   60.301   5757.7    483.1
     1     1    10     3    25    20     0     2   -76.0   38.383   59.934   5669.3    491.2
     1     1    10     3    25    19     0     1   -77.0   38.326   59.580   5591.2    497.0
     1     1    10     3    25    18     0     0   -78.0   38.261   59.236   5569.1    496.8
     1     1    10     3    25    17     0     1   -79.0   38.217   58.901   5573.3    491.2
     1     1    10     3    25    16     0     2   -80.0   38.197   58.595   5544.6    480.6
     1     1    10     3    25    15     0     3   -81.0   38.211   58.334   5484.5    475.5
     1     1    10     3    25    14     0     2   -82.0   38.237   58.126   5386.7    475.6
     1     1    10     3    25    13     0     1   -83.0   38.235   57.955   5251.8    480.1
     1     1    10     3    25    12     0     0   -84.0   38.199   57.798   5093.3    486.6
     1     1    10     3    25    11     0     1   -85.0   38.151   57.623   4929.2    492.2
     1     1    10     3    25    10     0     2   -86.0   38.104   57.429   4776.0    495.8
     1     1    10     3    25     9     0     3   -87.0   38.044   57.215   4619.4    497.4
     1     1    10     3    25     8     0     2   -88.0   37.948   57.004   4468.4    499.9
     1     1    10     3    25     7     0     1   -89.0   37.795   56.827   4379.2    511.7
     1     1    10     3    25     6     0     0   -90.0   37.596   56.673   4321.3    517.8
     1     1    10     3    25     5     0     1   -91.0   37.380   56.531   4287.3    516.6
     1     1    10     3    25     4     0     2   -92.0   37.159   56.404   4246.3    513.6
     1     1    10     3    25     3     0     3   -93.0   36.922   56.281   4187.3    512.7
     1     1    10     3    25     2     0     2   -94.0   36.688   56.135   4087.1    522.3
     1     1    10     3    25     1     0     1   -95.0   36.478   55.951   3924.9    538.4
     1     1    10     3    25     0     0     0   -96.0   36.291   55.713   3750.2    554.8
