     7     1
    GDAS    10     3    22     0     0
    GDAS    10     4     8     0     0
    GDAS    10     4    15     0     0
    GDAS    10     4    22     0     0
    GDAS    10     4    29     0     0
    GDAS    10     4     1     0     0
    GDAS    10     3    29     0     0
     1 BACKWARD OMEGA   
    10     4    10     6   39.977  116.381  5200.0
     1 PRESSURE
     1     1    10     4    10     6     0     0     0.0   39.977  116.381   4955.0    520.3
     1     1    10     4    10     5     0     1    -1.0   40.214  114.535   5065.8    445.7
     1     1    10     4    10     4     0     2    -2.0   40.340  112.579   5183.4    427.1
     1     1    10     4    10     3     0     3    -3.0   40.412  110.684   5300.7    426.1
     1     1    10     4    10     2     0     2    -4.0   40.496  108.829   5467.6    422.4
     1     1    10     4    10     1     0     1    -5.0   40.619  107.071   5517.2    416.6
     1     1    10     4    10     0     0     0    -6.0   40.758  105.295   5744.2    404.8
     1     1    10     4     9    23     0     1    -7.0   40.914  103.515   5858.2    396.4
     1     1    10     4     9    22     0     2    -8.0   41.140  101.752   5912.6    404.8
     1     1    10     4     9    21     0     3    -9.0   41.394   99.941   5936.0    400.6
     1     1    10     4     9    20     0     2   -10.0   41.642   98.123   5671.5    397.7
     1     1    10     4     9    19     0     1   -11.0   41.876   96.269   5429.6    383.5
     1     1    10     4     9    18     0     0   -12.0   42.122   94.436   5443.6    425.5
     1     1    10     4     9    17     0     1   -13.0   42.375   92.835   5388.2    455.9
     1     1    10     4     9    16     0     2   -14.0   42.626   91.367   5312.8    468.0
     1     1    10     4     9    15     0     3   -15.0   42.842   90.008   5244.6    463.8
     1     1    10     4     9    14     0     2   -16.0   43.059   88.723   5252.4    483.0
     1     1    10     4     9    13     0     1   -17.0   43.286   87.181   4887.4    395.4
     1     1    10     4     9    12     0     0   -18.0   43.580   85.369   4830.8    397.3
     1     1    10     4     9    11     0     1   -19.0   43.842   83.594   4670.3    393.7
     1     1    10     4     9    10     0     2   -20.0   44.049   82.146   4572.9    463.2
     1     1    10     4     9     9     0     3   -21.0   44.191   80.851   4532.5    498.1
     1     1    10     4     9     8     0     2   -22.0   44.288   79.600   4510.1    503.7
     1     1    10     4     9     7     0     1   -23.0   44.394   78.525   4394.0    522.8
     1     1    10     4     9     6     0     0   -24.0   44.421   77.673   4235.6    559.3
     1     1    10     4     9     5     0     1   -25.0   44.434   76.973   3996.2    586.8
     1     1    10     4     9     4     0     2   -26.0   44.496   76.351   3797.8    604.7
     1     1    10     4     9     3     0     3   -27.0   44.591   75.759   3701.0    608.5
     1     1    10     4     9     2     0     2   -28.0   44.689   75.183   3658.5    607.7
     1     1    10     4     9     1     0     1   -29.0   44.775   74.627   3653.8    610.4
     1     1    10     4     9     0     0     0   -30.0   44.853   74.093   3666.2    612.5
     1     1    10     4     8    23     0     1   -31.0   44.931   73.588   3683.8    610.9
     1     1    10     4     8    22     0     2   -32.0   45.024   73.110   3712.9    605.6
     1     1    10     4     8    21     0     3   -33.0   45.152   72.639   3777.8    606.3
     1     1    10     4     8    20     0     2   -34.0   45.308   72.169   3874.3    604.1
     1     1    10     4     8    19     0     1   -35.0   45.482   71.700   3989.3    594.8
     1     1    10     4     8    18     0     0   -36.0   45.680   71.221   4117.1    584.3
     1     1    10     4     8    17     0     1   -37.0   45.897   70.733   4243.4    574.2
     1     1    10     4     8    16     0     2   -38.0   46.124   70.240   4357.3    565.3
     1     1    10     4     8    15     0     3   -39.0   46.360   69.732   4475.0    558.9
     1     1    10     4     8    14     0     2   -40.0   46.601   69.216   4633.9    551.0
     1     1    10     4     8    13     0     1   -41.0   46.846   68.708   4825.3    535.0
     1     1    10     4     8    12     0     0   -42.0   47.103   68.212   5007.2    519.3
     1     1    10     4     8    11     0     1   -43.0   47.363   67.720   5161.7    504.8
     1     1    10     4     8    10     0     2   -44.0   47.602   67.224   5277.2    491.3
     1     1    10     4     8     9     0     3   -45.0   47.804   66.722   5362.2    483.7
     1     1    10     4     8     8     0     2   -46.0   47.980   66.250   5450.8    480.2
     1     1    10     4     8     7     0     1   -47.0   48.154   65.845   5570.1    477.0
     1     1    10     4     8     6     0     0   -48.0   48.329   65.501   5702.6    472.8
     1     1    10     4     8     5     0     1   -49.0   48.505   65.209   5839.4    467.4
     1     1    10     4     8     4     0     2   -50.0   48.688   64.959   5978.9    458.8
     1     1    10     4     8     3     0     3   -51.0   48.875   64.732   6096.8    450.4
     1     1    10     4     8     2     0     2   -52.0   49.052   64.533   6189.4    445.6
     1     1    10     4     8     1     0     1   -53.0   49.221   64.389   6278.6    441.9
     1     1    10     4     8     0     0     0   -54.0   49.392   64.309   6378.0    436.1
     1     1    10     4     7    23     0     1   -55.0   49.554   64.271   6460.1    429.3
     1     1    10     4     7    22     0     2   -56.0   49.692   64.261   6505.1    426.8
     1     1    10     4     7    21     0     3   -57.0   49.811   64.281   6524.9    425.7
     1     1    10     4     7    20     0     2   -58.0   49.913   64.317   6526.9    425.9
     1     1    10     4     7    19     0     1   -59.0   49.997   64.357   6512.3    426.9
     1     1    10     4     7    18     0     0   -60.0   50.064   64.397   6477.8    428.8
     1     1    10     4     7    17     0     1   -61.0   50.121   64.441   6445.0    432.0
     1     1    10     4     7    16     0     2   -62.0   50.177   64.496   6435.9    432.5
     1     1    10     4     7    15     0     3   -63.0   50.235   64.559   6450.3    431.5
     1     1    10     4     7    14     0     2   -64.0   50.289   64.615   6474.4    429.0
     1     1    10     4     7    13     0     1   -65.0   50.333   64.659   6495.1    427.7
     1     1    10     4     7    12     0     0   -66.0   50.368   64.694   6512.6    426.5
     1     1    10     4     7    11     0     1   -67.0   50.405   64.722   6536.5    425.4
     1     1    10     4     7    10     0     2   -68.0   50.454   64.741   6575.7    422.7
     1     1    10     4     7     9     0     3   -69.0   50.519   64.753   6628.8    419.1
     1     1    10     4     7     8     0     2   -70.0   50.600   64.772   6672.4    414.9
     1     1    10     4     7     7     0     1   -71.0   50.699   64.811   6683.0    413.9
     1     1    10     4     7     6     0     0   -72.0   50.820   64.871   6660.0    415.1
     1     1    10     4     7     5     0     1   -73.0   50.955   64.957   6621.5    418.4
     1     1    10     4     7     4     0     2   -74.0   51.093   65.062   6583.7    419.8
     1     1    10     4     7     3     0     3   -75.0   51.227   65.174   6548.9    420.4
     1     1    10     4     7     2     0     2   -76.0   51.364   65.277   6525.3    421.3
     1     1    10     4     7     1     0     1   -77.0   51.511   65.374   6514.9    420.9
     1     1    10     4     7     0     0     0   -78.0   51.666   65.484   6505.7    420.4
     1     1    10     4     6    23     0     1   -79.0   51.818   65.624   6482.5    420.7
     1     1    10     4     6    22     0     2   -80.0   51.963   65.803   6447.7    423.0
     1     1    10     4     6    21     0     3   -81.0   52.114   66.011   6423.7    425.0
     1     1    10     4     6    20     0     2   -82.0   52.277   66.195   6413.2    425.0
     1     1    10     4     6    19     0     1   -83.0   52.445   66.343   6406.0    425.4
     1     1    10     4     6    18     0     0   -84.0   52.618   66.477   6395.8    426.3
     1     1    10     4     6    17     0     1   -85.0   52.800   66.600   6371.4    427.6
     1     1    10     4     6    16     0     2   -86.0   52.998   66.708   6327.4    431.0
     1     1    10     4     6    15     0     3   -87.0   53.213   66.804   6270.9    435.7
     1     1    10     4     6    14     0     2   -88.0   53.446   66.867   6214.1    441.4
     1     1    10     4     6    13     0     1   -89.0   53.691   66.877   6138.1    446.1
     1     1    10     4     6    12     0     0   -90.0   53.950   66.839   5986.9    455.7
     1     1    10     4     6    11     0     1   -91.0   54.231   66.721   5856.0    473.3
     1     1    10     4     6    10     0     2   -92.0   54.531   66.479   5851.0    472.1
     1     1    10     4     6     9     0     3   -93.0   54.842   66.117   5905.9    466.3
     1     1    10     4     6     8     0     2   -94.0   55.163   65.714   5983.3    462.0
     1     1    10     4     6     7     0     1   -95.0   55.495   65.314   6084.2    456.9
     1     1    10     4     6     6     0     0   -96.0   55.842   64.907   6208.1    448.7
