     7     1
    GDAS    10     3    22     0     0
    GDAS    10     4     8     0     0
    GDAS    10     4    15     0     0
    GDAS    10     4    22     0     0
    GDAS    10     4    29     0     0
    GDAS    10     4     1     0     0
    GDAS    10     3    29     0     0
     1 BACKWARD OMEGA   
    10     4    21     6   39.977  116.381  5000.0
     1 PRESSURE
     1     1    10     4    21     6     0     0     0.0   39.977  116.381   4763.3    542.7
     1     1    10     4    21     5     0     1    -1.0   39.890  115.871   4633.9    536.3
     1     1    10     4    21     4     0     2    -2.0   39.785  115.380   4475.6    528.9
     1     1    10     4    21     3     0     3    -3.0   39.704  114.909   4374.1    521.5
     1     1    10     4    21     2     0     2    -4.0   39.634  114.447   4338.2    518.1
     1     1    10     4    21     1     0     1    -5.0   39.554  113.965   4332.3    508.7
     1     1    10     4    21     0     0     0    -6.0   39.479  113.443   4334.4    500.9
     1     1    10     4    20    23     0     1    -7.0   39.394  112.929   4292.0    499.5
     1     1    10     4    20    22     0     2    -8.0   39.281  112.473   4232.3    498.3
     1     1    10     4    20    21     0     3    -9.0   39.147  112.076   4177.4    497.6
     1     1    10     4    20    20     0     2   -10.0   39.006  111.740   4128.3    503.6
     1     1    10     4    20    19     0     1   -11.0   38.862  111.484   4045.6    517.1
     1     1    10     4    20    18     0     0   -12.0   38.722  111.283   3963.3    528.8
     1     1    10     4    20    17     0     1   -13.0   38.594  111.125   3900.8    535.8
     1     1    10     4    20    16     0     2   -14.0   38.480  111.013   3852.3    540.8
     1     1    10     4    20    15     0     3   -15.0   38.373  110.953   3815.5    543.7
     1     1    10     4    20    14     0     2   -16.0   38.279  110.919   3791.4    545.0
     1     1    10     4    20    13     0     1   -17.0   38.205  110.880   3768.7    546.4
     1     1    10     4    20    12     0     0   -18.0   38.148  110.836   3739.1    548.8
     1     1    10     4    20    11     0     1   -19.0   38.100  110.778   3752.0    552.3
     1     1    10     4    20    10     0     2   -20.0   38.067  110.684   3862.3    546.3
     1     1    10     4    20     9     0     3   -21.0   38.064  110.532   4076.0    534.0
     1     1    10     4    20     8     0     2   -22.0   38.094  110.308   4263.4    516.2
     1     1    10     4    20     7     0     1   -23.0   38.144  110.041   4305.3    517.3
     1     1    10     4    20     6     0     0   -24.0   38.199  109.742   4182.1    521.1
     1     1    10     4    20     5     0     1   -25.0   38.235  109.413   3990.8    533.2
     1     1    10     4    20     4     0     2   -26.0   38.236  109.053   3807.6    540.3
     1     1    10     4    20     3     0     3   -27.0   38.200  108.684   3693.9    549.2
     1     1    10     4    20     2     0     2   -28.0   38.127  108.316   3649.2    548.9
     1     1    10     4    20     1     0     1   -29.0   38.009  107.946   3610.7    548.9
     1     1    10     4    20     0     0     0   -30.0   37.856  107.579   3531.5    550.4
     1     1    10     4    19    23     0     1   -31.0   37.663  107.209   3419.6    553.6
     1     1    10     4    19    22     0     2   -32.0   37.431  106.828   3311.7    557.7
     1     1    10     4    19    21     0     3   -33.0   37.181  106.446   3218.7    561.5
     1     1    10     4    19    20     0     2   -34.0   36.914  106.114   3109.0    563.8
     1     1    10     4    19    19     0     1   -35.0   36.619  105.857   2993.0    567.0
     1     1    10     4    19    18     0     0   -36.0   36.327  105.642   2930.7    564.9
     1     1    10     4    19    17     0     1   -37.0   36.077  105.454   2913.7    558.0
     1     1    10     4    19    16     0     2   -38.0   35.866  105.300   2895.4    557.8
     1     1    10     4    19    15     0     3   -39.0   35.679  105.179   2851.3    562.9
     1     1    10     4    19    14     0     2   -40.0   35.514  105.084   2796.4    569.9
     1     1    10     4    19    13     0     1   -41.0   35.386  105.002   2735.2    574.3
     1     1    10     4    19    12     0     0   -42.0   35.300  104.927   2638.3    578.7
     1     1    10     4    19    11     0     1   -43.0   35.240  104.864   2524.3    586.6
     1     1    10     4    19    10     0     2   -44.0   35.179  104.800   2425.0    591.7
     1     1    10     4    19     9     0     3   -45.0   35.108  104.730   2350.8    593.8
     1     1    10     4    19     8     0     2   -46.0   35.030  104.654   2299.5    592.9
     1     1    10     4    19     7     0     1   -47.0   34.953  104.573   2266.2    590.0
     1     1    10     4    19     6     0     0   -48.0   34.880  104.467   2244.8    583.6
     1     1    10     4    19     5     0     1   -49.0   34.801  104.308   2209.8    574.3
     1     1    10     4    19     4     0     2   -50.0   34.703  104.066   2147.3    562.9
     1     1    10     4    19     3     0     3   -51.0   34.586  103.713   2061.8    550.9
     1     1    10     4    19     2     0     2   -52.0   34.457  103.259   1979.7    537.9
     1     1    10     4    19     1     0     1   -53.0   34.297  102.669   1938.2    520.3
     1     1    10     4    19     0     0     0   -54.0   34.116  101.918   1919.4    504.6
     1     1    10     4    18    23     0     1   -55.0   33.946  101.095   1869.5    483.8
     1     1    10     4    18    22     0     2   -56.0   33.772  100.260   1697.1    483.4
     1     1    10     4    18    21     0     3   -57.0   33.610   99.405   1432.8    494.9
     1     1    10     4    18    20     0     2   -58.0   33.408   98.683   1130.3    513.8
     1     1    10     4    18    19     0     1   -59.0   33.120   98.065   1004.1    529.3
     1     1    10     4    18    18     0     0   -60.0   32.820   97.467   1018.4    523.2
     1     1    10     4    18    17     0     1   -61.0   32.562   96.923   1001.0    524.5
     1     1    10     4    18    16     0     2   -62.0   32.346   96.447   1005.8    526.1
     1     1    10     4    18    15     0     3   -63.0   32.205   95.986   1142.6    510.1
     1     1    10     4    18    14     0     2   -64.0   32.132   95.497   1263.8    480.2
     1     1    10     4    18    13     0     1   -65.0   32.052   95.009   1211.2    467.2
     1     1    10     4    18    12     0     0   -66.0   31.932   94.546    956.7    487.0
     1     1    10     4    18    11     0     1   -67.0   31.784   94.121    624.3    522.3
     1     1    10     4    18    10     0     2   -68.0   31.674   93.742    417.2    539.3
     1     1    10     4    18     9     0     3   -69.0   31.628   93.362    338.2    541.4
     1     1    10     4    18     8     0     2   -70.0   31.633   92.948    352.5    539.9
     1     1    10     4    18     7     0     1   -71.0   31.653   92.511    389.7    534.6
     1     1    10     4    18     6     0     0   -72.0   31.681   92.079    396.1    534.9
     1     1    10     4    18     5     0     1   -73.0   31.702   91.663    397.2    538.0
     1     1    10     4    18     4     0     2   -74.0   31.705   91.268    418.8    538.6
     1     1    10     4    18     3     0     3   -75.0   31.707   90.883    453.1    537.4
     1     1    10     4    18     2     0     2   -76.0   31.695   90.510    469.4    536.4
     1     1    10     4    18     1     0     1   -77.0   31.659   90.146    448.6    538.7
     1     1    10     4    18     0     0     0   -78.0   31.614   89.774    406.1    543.0
     1     1    10     4    17    23     0     1   -79.0   31.568   89.411    378.2    546.4
     1     1    10     4    17    22     0     2   -80.0   31.533   89.050    377.2    546.2
     1     1    10     4    17    21     0     3   -81.0   31.515   88.678    389.0    540.6
     1     1    10     4    17    20     0     2   -82.0   31.509   88.326    397.4    535.8
     1     1    10     4    17    19     0     1   -83.0   31.502   88.013    379.0    532.3
     1     1    10     4    17    18     0     0   -84.0   31.476   87.719    331.6    538.1
     1     1    10     4    17    17     0     1   -85.0   31.447   87.414    283.2    543.9
     1     1    10     4    17    16     0     2   -86.0   31.440   87.125    227.2    548.1
     1     1    10     4    17    15     0     3   -87.0   31.453   86.889    161.5    554.1
     1     1    10     4    17    14     0     2   -88.0   31.479   86.666    115.0    558.1
     1     1    10     4    17    13     0     1   -89.0   31.511   86.390    100.6    557.6
     1     1    10     4    17    12     0     0   -90.0   31.558   86.081    112.9    555.5
     1     1    10     4    17    11     0     1   -91.0   31.620   85.750    136.4    552.5
     1     1    10     4    17    10     0     2   -92.0   31.687   85.415    144.6    551.9
     1     1    10     4    17     9     0     3   -93.0   31.747   85.100    132.3    553.3
     1     1    10     4    17     8     0     2   -94.0   31.803   84.817    113.2    556.1
     1     1    10     4    17     7     0     1   -95.0   31.862   84.569     99.8    557.6
     1     1    10     4    17     6     0     0   -96.0   31.916   84.367     93.7    559.2
