     5     1
    GDAS    10     3     1     0     0
    GDAS    10     3     8     0     0
    GDAS    10     3    15     0     0
    GDAS    10     3    22     0     0
    GDAS    10     3    29     0     0
     1 BACKWARD OMEGA   
    10     3    29    12   39.977  116.381  5800.0
     1 PRESSURE
     1     1    10     3    29    12     0     0     0.0   39.977  116.381   5564.4    488.1
     1     1    10     3    29    11     0     1    -1.0   39.734  115.935   5435.8    491.4
     1     1    10     3    29    10     0     2    -2.0   39.495  115.511   5317.4    491.7
     1     1    10     3    29     9     0     3    -3.0   39.272  115.100   5250.3    494.5
     1     1    10     3    29     8     0     2    -4.0   39.059  114.716   5181.5    493.3
     1     1    10     3    29     7     0     1    -5.0   38.841  114.363   5079.9    485.3
     1     1    10     3    29     6     0     0    -6.0   38.608  114.013   4949.2    480.1
     1     1    10     3    29     5     0     1    -7.0   38.375  113.664   4827.4    491.4
     1     1    10     3    29     4     0     2    -8.0   38.167  113.311   4704.0    497.3
     1     1    10     3    29     3     0     3    -9.0   37.979  112.932   4591.9    498.0
     1     1    10     3    29     2     0     2   -10.0   37.782  112.533   4496.8    494.3
     1     1    10     3    29     1     0     1   -11.0   37.550  112.130   4438.2    495.3
     1     1    10     3    29     0     0     0   -12.0   37.294  111.718   4402.6    501.0
     1     1    10     3    28    23     0     1   -13.0   37.016  111.334   4328.4    508.1
     1     1    10     3    28    22     0     2   -14.0   36.705  111.020   4229.5    520.9
     1     1    10     3    28    21     0     3   -15.0   36.373  110.750   4144.6    533.9
     1     1    10     3    28    20     0     2   -16.0   36.044  110.500   4061.0    538.4
     1     1    10     3    28    19     0     1   -17.0   35.715  110.277   3997.7    552.9
     1     1    10     3    28    18     0     0   -18.0   35.370  110.081   3958.7    573.1
     1     1    10     3    28    17     0     1   -19.0   35.018  109.888   3937.6    591.1
     1     1    10     3    28    16     0     2   -20.0   34.691  109.693   3812.9    574.5
     1     1    10     3    28    15     0     3   -21.0   34.399  109.532   3629.0    572.1
     1     1    10     3    28    14     0     2   -22.0   34.139  109.380   3428.6    580.7
     1     1    10     3    28    13     0     1   -23.0   33.884  109.167   3313.9    593.9
     1     1    10     3    28    12     0     0   -24.0   33.600  108.887   3334.0    600.4
     1     1    10     3    28    11     0     1   -25.0   33.285  108.572   3443.8    594.6
     1     1    10     3    28    10     0     2   -26.0   32.949  108.216   3558.4    592.6
     1     1    10     3    28     9     0     3   -27.0   32.602  107.841   3611.5    582.7
     1     1    10     3    28     8     0     2   -28.0   32.261  107.468   3625.1    581.8
     1     1    10     3    28     7     0     1   -29.0   31.913  107.099   3584.8    598.8
     1     1    10     3    28     6     0     0   -30.0   31.539  106.792   3516.4    619.2
     1     1    10     3    28     5     0     1   -31.0   31.147  106.561   3448.2    632.2
     1     1    10     3    28     4     0     2   -32.0   30.739  106.395   3347.4    645.0
     1     1    10     3    28     3     0     3   -33.0   30.307  106.288   3249.2    656.5
     1     1    10     3    28     2     0     2   -34.0   29.868  106.224   3194.2    659.9
     1     1    10     3    28     1     0     1   -35.0   29.452  106.175   3156.0    658.1
     1     1    10     3    28     0     0     0   -36.0   29.064  106.139   3115.9    660.1
     1     1    10     3    27    23     0     1   -37.0   28.720  106.071   3035.9    652.8
     1     1    10     3    27    22     0     2   -38.0   28.434  105.940   2922.4    649.2
     1     1    10     3    27    21     0     3   -39.0   28.191  105.762   2803.6    647.3
     1     1    10     3    27    20     0     2   -40.0   27.972  105.557   2702.7    644.2
     1     1    10     3    27    19     0     1   -41.0   27.772  105.333   2619.7    641.8
     1     1    10     3    27    18     0     0   -42.0   27.595  105.083   2543.1    636.7
     1     1    10     3    27    17     0     1   -43.0   27.442  104.796   2487.0    628.4
     1     1    10     3    27    16     0     2   -44.0   27.303  104.449   2471.1    614.3
     1     1    10     3    27    15     0     3   -45.0   27.163  103.991   2500.4    594.6
     1     1    10     3    27    14     0     2   -46.0   27.020  103.452   2545.6    578.2
     1     1    10     3    27    13     0     1   -47.0   26.858  102.989   2464.9    575.0
     1     1    10     3    27    12     0     0   -48.0   26.677  102.634   2262.2    597.3
     1     1    10     3    27    11     0     1   -49.0   26.503  102.294   2043.3    619.3
     1     1    10     3    27    10     0     2   -50.0   26.331  101.987   1762.6    642.7
     1     1    10     3    27     9     0     3   -51.0   26.169  101.769   1364.0    675.4
     1     1    10     3    27     8     0     2   -52.0   26.042  101.605   1007.0    717.2
     1     1    10     3    27     7     0     1   -53.0   25.947  101.464    788.9    735.9
     1     1    10     3    27     6     0     0   -54.0   25.862  101.344    676.3    743.4
     1     1    10     3    27     5     0     1   -55.0   25.787  101.253    614.0    745.7
     1     1    10     3    27     4     0     2   -56.0   25.739  101.201    563.4    749.7
     1     1    10     3    27     3     0     3   -57.0   25.720  101.194    516.2    753.8
     1     1    10     3    27     2     0     2   -58.0   25.720  101.212    472.3    757.7
     1     1    10     3    27     1     0     1   -59.0   25.725  101.237    433.9    761.1
     1     1    10     3    27     0     0     0   -60.0   25.735  101.270    401.2    764.2
     1     1    10     3    26    23     0     1   -61.0   25.742  101.289    362.2    765.8
     1     1    10     3    26    22     0     2   -62.0   25.739  101.271    309.1    769.7
     1     1    10     3    26    21     0     3   -63.0   25.726  101.222    251.0    774.3
     1     1    10     3    26    20     0     2   -64.0   25.696  101.149    201.2    778.6
     1     1    10     3    26    19     0     1   -65.0   25.643  101.052    161.1    781.1
     1     1    10     3    26    18     0     0   -66.0   25.575  100.940    121.0    784.4
     1     1    10     3    26    17     0     1   -67.0   25.502  100.826     85.4    788.5
     1     1    10     3    26    16     0     2   -68.0   25.430  100.716     61.7    791.5
     1     1    10     3    26    15     0     3   -69.0   25.362  100.604     48.4    793.4
     1     1    10     3    26    14     0     2   -70.0   25.296  100.492     37.2    794.9
     1     1    10     3    26    13     0     1   -71.0   25.228  100.389     23.2    798.1
     1     1    10     3    26    12     0     0   -72.0   25.161  100.298     12.7    802.4
     1     1    10     3    26    11     0     1   -73.0   25.086  100.188      3.3    805.9
     1     1    10     3    26    10     0     2   -74.0   25.000  100.028      0.0    811.4
     1     1    10     3    26     9     0     3   -75.0   24.901   99.825      0.0    813.7
     1     1    10     3    26     8     0     2   -76.0   24.803   99.620      0.0    817.6
     1     1    10     3    26     7     0     1   -77.0   24.711   99.438      0.0    822.6
     1     1    10     3    26     6     0     0   -78.0   24.623   99.277      0.0    828.5
     1     1    10     3    26     5     0     1   -79.0   24.544   99.158      0.0    833.0
     1     1    10     3    26     4     0     2   -80.0   24.481   99.104      0.0    835.9
     1     1    10     3    26     3     0     3   -81.0   24.433   99.114      0.0    837.2
     1     1    10     3    26     2     0     2   -82.0   24.398   99.165      0.0    837.8
     1     1    10     3    26     1     0     1   -83.0   24.374   99.234      0.0    837.4
     1     1    10     3    26     0     0     0   -84.0   24.360   99.324      0.0    836.1
     1     1    10     3    25    23     0     1   -85.0   24.353   99.422      0.3    833.6
     1     1    10     3    25    22     0     2   -86.0   24.353   99.517      1.5    831.1
     1     1    10     3    25    21     0     3   -87.0   24.362   99.609      3.4    828.7
     1     1    10     3    25    20     0     2   -88.0   24.379   99.697      5.7    826.6
     1     1    10     3    25    19     0     1   -89.0   24.401   99.783      8.3    824.5
     1     1    10     3    25    18     0     0   -90.0   24.431   99.871     11.7    822.2
     1     1    10     3    25    17     0     1   -91.0   24.463   99.949     16.8    819.6
     1     1    10     3    25    16     0     2   -92.0   24.491  100.001     21.7    817.7
     1     1    10     3    25    15     0     3   -93.0   24.515  100.023     23.5    817.2
     1     1    10     3    25    14     0     2   -94.0   24.530  100.018     20.9    816.3
     1     1    10     3    25    13     0     1   -95.0   24.532   99.992     15.1    816.1
     1     1    10     3    25    12     0     0   -96.0   24.524   99.948      9.6    817.0
