     5     1
    GDAS    10     3     1     0     0
    GDAS    10     3     8     0     0
    GDAS    10     3    15     0     0
    GDAS    10     3    22     0     0
    GDAS    10     3    29     0     0
     1 BACKWARD OMEGA   
    10     3    19     6   39.977  116.381  9200.0
     1 PRESSURE
     1     1    10     3    19     6     0     0     0.0   39.977  116.381   8957.2    298.3
     1     1    10     3    19     5     0     1    -1.0   39.877  114.713   8557.1    278.3
     1     1    10     3    19     4     0     2    -2.0   39.850  112.909   8659.1    265.5
     1     1    10     3    19     3     0     3    -3.0   39.877  111.127   8782.4    268.2
     1     1    10     3    19     2     0     2    -4.0   39.941  109.412   8615.3    269.3
     1     1    10     3    19     1     0     1    -5.0   39.992  107.705   8614.3    269.8
     1     1    10     3    19     0     0     0    -6.0   40.111  106.035   8768.8    272.8
     1     1    10     3    18    23     0     1    -7.0   40.263  104.422   8574.9    270.0
     1     1    10     3    18    22     0     2    -8.0   40.377  102.946   8454.9    275.4
     1     1    10     3    18    21     0     3    -9.0   40.505  101.541   8473.0    283.0
     1     1    10     3    18    20     0     2   -10.0   40.669  100.153   8384.5    285.3
     1     1    10     3    18    19     0     1   -11.0   40.869   98.814   8153.8    287.9
     1     1    10     3    18    18     0     0   -12.0   41.058   97.556   7943.2    288.2
     1     1    10     3    18    17     0     1   -13.0   41.252   96.270   7737.6    291.9
     1     1    10     3    18    16     0     2   -14.0   41.529   94.769   7912.2    300.8
     1     1    10     3    18    15     0     3   -15.0   41.780   93.165   7874.8    321.1
     1     1    10     3    18    14     0     2   -16.0   41.919   91.644   7645.9    330.2
     1     1    10     3    18    13     0     1   -17.0   42.010   90.069   7443.1    342.4
     1     1    10     3    18    12     0     0   -18.0   42.054   88.483   7084.3    355.5
     1     1    10     3    18    11     0     1   -19.0   42.140   86.870   7181.6    337.1
     1     1    10     3    18    10     0     2   -20.0   42.335   85.244   6935.2    321.0
     1     1    10     3    18     9     0     3   -21.0   42.488   83.411   7061.6    308.3
     1     1    10     3    18     8     0     2   -22.0   42.517   81.582   6795.9    308.5
     1     1    10     3    18     7     0     1   -23.0   42.645   79.765   6276.5    313.6
     1     1    10     3    18     6     0     0   -24.0   42.682   77.859   6088.4    315.0
     1     1    10     3    18     5     0     1   -25.0   42.558   75.884   6289.7    336.8
     1     1    10     3    18     4     0     2   -26.0   42.430   73.857   6236.1    362.6
     1     1    10     3    18     3     0     3   -27.0   42.194   71.849   5704.9    364.8
     1     1    10     3    18     2     0     2   -28.0   41.882   69.943   5475.7    420.6
     1     1    10     3    18     1     0     1   -29.0   41.613   68.324   5323.6    508.8
     1     1    10     3    18     0     0     0   -30.0   41.321   66.830   5014.8    532.8
     1     1    10     3    17    23     0     1   -31.0   41.062   65.439   4673.9    556.2
     1     1    10     3    17    22     0     2   -32.0   40.823   64.006   4564.5    560.7
     1     1    10     3    17    21     0     3   -33.0   40.488   62.611   4534.5    569.9
     1     1    10     3    17    20     0     2   -34.0   40.116   61.312   4421.2    580.5
     1     1    10     3    17    19     0     1   -35.0   39.766   60.008   4372.7    586.6
     1     1    10     3    17    18     0     0   -36.0   39.384   58.789   4263.6    592.3
     1     1    10     3    17    17     0     1   -37.0   39.006   57.647   4067.6    616.9
     1     1    10     3    17    16     0     2   -38.0   38.619   56.515   3830.7    607.6
     1     1    10     3    17    15     0     3   -39.0   38.210   55.443   3732.0    628.0
     1     1    10     3    17    14     0     2   -40.0   37.792   54.440   3686.7    640.3
     1     1    10     3    17    13     0     1   -41.0   37.369   53.524   3619.1    651.3
     1     1    10     3    17    12     0     0   -42.0   36.948   52.718   3374.1    676.6
     1     1    10     3    17    11     0     1   -43.0   36.515   51.917   3342.4    600.0
     1     1    10     3    17    10     0     2   -44.0   36.018   50.779   3048.5    545.4
     1     1    10     3    17     9     0     3   -45.0   35.559   49.743   2748.4    601.3
     1     1    10     3    17     8     0     2   -46.0   35.081   48.713   2654.0    589.0
     1     1    10     3    17     7     0     1   -47.0   34.518   47.606   2761.3    579.4
     1     1    10     3    17     6     0     0   -48.0   33.967   46.623   2570.2    632.3
     1     1    10     3    17     5     0     1   -49.0   33.558   45.867   2299.9    727.8
     1     1    10     3    17     4     0     2   -50.0   33.294   45.293   2210.2    771.3
     1     1    10     3    17     3     0     3   -51.0   33.064   44.749   2184.6    782.3
     1     1    10     3    17     2     0     2   -52.0   32.825   44.197   2180.5    782.8
     1     1    10     3    17     1     0     1   -53.0   32.566   43.643   2207.1    774.9
     1     1    10     3    17     0     0     0   -54.0   32.273   43.067   2276.7    759.3
     1     1    10     3    16    23     0     1   -55.0   31.942   42.468   2327.4    738.5
     1     1    10     3    16    22     0     2   -56.0   31.610   41.924   2225.9    738.0
     1     1    10     3    16    21     0     3   -57.0   31.306   41.444   2024.1    753.9
     1     1    10     3    16    20     0     2   -58.0   31.005   40.962   1874.4    762.6
     1     1    10     3    16    19     0     1   -59.0   30.695   40.467   1822.1    759.3
     1     1    10     3    16    18     0     0   -60.0   30.379   39.950   1856.5    750.2
     1     1    10     3    16    17     0     1   -61.0   30.071   39.419   1952.1    746.2
     1     1    10     3    16    16     0     2   -62.0   29.791   38.899   2063.6    737.2
     1     1    10     3    16    15     0     3   -63.0   29.517   38.407   2059.6    716.9
     1     1    10     3    16    14     0     2   -64.0   29.296   38.001   1826.9    733.3
     1     1    10     3    16    13     0     1   -65.0   29.112   37.652   1553.8    767.2
     1     1    10     3    16    12     0     0   -66.0   28.892   37.307   1404.4    776.0
     1     1    10     3    16    11     0     1   -67.0   28.634   36.958   1360.6    774.1
     1     1    10     3    16    10     0     2   -68.0   28.357   36.619   1348.1    768.1
     1     1    10     3    16     9     0     3   -69.0   28.092   36.341   1296.3    774.9
     1     1    10     3    16     8     0     2   -70.0   27.845   36.140   1221.8    796.2
     1     1    10     3    16     7     0     1   -71.0   27.614   36.010   1136.1    827.4
     1     1    10     3    16     6     0     0   -72.0   27.394   35.931   1043.4    857.5
     1     1    10     3    16     5     0     1   -73.0   27.168   35.891    954.0    885.0
     1     1    10     3    16     4     0     2   -74.0   26.913   35.893    861.6    907.1
     1     1    10     3    16     3     0     3   -75.0   26.619   35.926    757.5    919.5
     1     1    10     3    16     2     0     2   -76.0   26.263   35.993    654.3    933.9
     1     1    10     3    16     1     0     1   -77.0   25.843   36.101    565.3    944.4
     1     1    10     3    16     0     0     0   -78.0   25.391   36.245    497.5    951.2
     1     1    10     3    15    23     0     1   -79.0   24.900   36.428    450.7    956.1
     1     1    10     3    15    22     0     2   -80.0   24.394   36.647    431.4    956.8
     1     1    10     3    15    21     0     3   -81.0   23.883   36.896    414.6    958.3
     1     1    10     3    15    20     0     2   -82.0   23.338   37.139    381.1    962.9
     1     1    10     3    15    19     0     1   -83.0   22.745   37.330    365.1    966.4
     1     1    10     3    15    18     0     0   -84.0   22.156   37.477    416.7    961.5
     1     1    10     3    15    17     0     1   -85.0   21.589   37.627    516.1    943.4
     1     1    10     3    15    16     0     2   -86.0   21.047   37.809    596.4    934.6
     1     1    10     3    15    15     0     3   -87.0   20.507   38.041    615.3    940.7
     1     1    10     3    15    14     0     2   -88.0   20.021   38.324    598.6    946.0
     1     1    10     3    15    13     0     1   -89.0   19.566   38.632    603.3    940.4
     1     1    10     3    15    12     0     0   -90.0   19.039   38.952    645.4    938.7
     1     1    10     3    15    11     0     1   -91.0   18.454   39.265    717.7    928.3
     1     1    10     3    15    10     0     2   -92.0   17.879   39.552    782.3    920.1
     1     1    10     3    15     9     0     3   -93.0   17.291   39.829    815.9    922.7
     1     1    10     3    15     8     0     2   -94.0   16.689   40.104    816.2    931.3
     1     1    10     3    15     7     0     1   -95.0   16.085   40.363    804.0    928.4
     1     1    10     3    15     6     0     0   -96.0   15.484   40.589    849.8    916.7
