     7     1
    GDAS    10     3    22     0     0
    GDAS    10     4     8     0     0
    GDAS    10     4    15     0     0
    GDAS    10     4    22     0     0
    GDAS    10     4    29     0     0
    GDAS    10     4     1     0     0
    GDAS    10     3    29     0     0
     1 BACKWARD OMEGA   
    10     4    10     0   39.977  116.381  3200.0
     1 PRESSURE
     1     1    10     4    10     0     0     0     0.0   39.977  116.381   2962.7    680.5
     1     1    10     4     9    23     0     1    -1.0   40.190  115.896   2969.7    648.2
     1     1    10     4     9    22     0     2    -2.0   40.396  115.247   2979.7    603.5
     1     1    10     4     9    21     0     3    -3.0   40.567  114.472   3075.4    581.7
     1     1    10     4     9    20     0     2    -4.0   40.695  113.683   3192.2    566.2
     1     1    10     4     9    19     0     1    -5.0   40.817  112.854   3249.9    547.8
     1     1    10     4     9    18     0     0    -6.0   40.956  112.040   3295.3    543.1
     1     1    10     4     9    17     0     1    -7.0   41.131  111.249   3347.5    537.2
     1     1    10     4     9    16     0     2    -8.0   41.356  110.416   3470.0    536.1
     1     1    10     4     9    15     0     3    -9.0   41.637  109.558   3600.6    532.5
     1     1    10     4     9    14     0     2   -10.0   41.956  108.711   3583.4    534.7
     1     1    10     4     9    13     0     1   -11.0   42.284  107.808   3650.9    541.7
     1     1    10     4     9    12     0     0   -12.0   42.634  106.857   3716.0    543.4
     1     1    10     4     9    11     0     1   -13.0   42.963  105.877   3646.1    534.2
     1     1    10     4     9    10     0     2   -14.0   43.246  104.805   3692.7    515.7
     1     1    10     4     9     9     0     3   -15.0   43.515  103.663   3954.8    500.9
     1     1    10     4     9     8     0     2   -16.0   43.787  102.522   4161.5    490.6
     1     1    10     4     9     7     0     1   -17.0   44.044  101.435   4440.0    488.6
     1     1    10     4     9     6     0     0   -18.0   44.301  100.348   4595.9    463.4
     1     1    10     4     9     5     0     1   -19.0   44.594   99.199   4645.8    435.0
     1     1    10     4     9     4     0     2   -20.0   44.925   97.988   4553.7    404.7
     1     1    10     4     9     3     0     3   -21.0   45.315   96.715   4739.1    422.9
     1     1    10     4     9     2     0     2   -22.0   45.708   95.422   4759.9    426.1
     1     1    10     4     9     1     0     1   -23.0   46.080   94.150   4663.9    409.1
     1     1    10     4     9     0     0     0   -24.0   46.448   92.809   4823.6    406.1
     1     1    10     4     8    23     0     1   -25.0   46.803   91.452   4853.4    381.4
     1     1    10     4     8    22     0     2   -26.0   47.159   90.103   5080.9    393.3
     1     1    10     4     8    21     0     3   -27.0   47.532   88.857   5259.1    405.7
     1     1    10     4     8    20     0     2   -28.0   47.896   87.682   5332.7    417.2
     1     1    10     4     8    19     0     1   -29.0   48.231   86.581   5377.8    437.0
     1     1    10     4     8    18     0     0   -30.0   48.588   85.505   5389.2    430.2
     1     1    10     4     8    17     0     1   -31.0   48.974   84.452   5451.0    432.3
     1     1    10     4     8    16     0     2   -32.0   49.362   83.459   5511.7    441.8
     1     1    10     4     8    15     0     3   -33.0   49.766   82.525   5582.0    454.0
     1     1    10     4     8    14     0     2   -34.0   50.178   81.640   5695.5    460.9
     1     1    10     4     8    13     0     1   -35.0   50.592   80.769   5769.1    458.3
     1     1    10     4     8    12     0     0   -36.0   51.025   79.928   5833.7    457.9
     1     1    10     4     8    11     0     1   -37.0   51.470   79.125   5893.7    458.2
     1     1    10     4     8    10     0     2   -38.0   51.913   78.347   5936.0    456.8
     1     1    10     4     8     9     0     3   -39.0   52.361   77.592   5974.7    455.9
     1     1    10     4     8     8     0     2   -40.0   52.807   76.857   6007.7    454.3
     1     1    10     4     8     7     0     1   -41.0   53.251   76.159   6025.1    452.6
     1     1    10     4     8     6     0     0   -42.0   53.705   75.512   6041.6    452.9
     1     1    10     4     8     5     0     1   -43.0   54.168   74.917   6062.2    452.1
     1     1    10     4     8     4     0     2   -44.0   54.644   74.375   6084.5    449.8
     1     1    10     4     8     3     0     3   -45.0   55.153   73.879   6140.1    446.5
     1     1    10     4     8     2     0     2   -46.0   55.689   73.395   6208.0    441.2
     1     1    10     4     8     1     0     1   -47.0   56.237   72.898   6258.7    438.8
     1     1    10     4     8     0     0     0   -48.0   56.810   72.391   6292.1    436.5
     1     1    10     4     7    23     0     1   -49.0   57.386   71.892   6312.0    435.0
     1     1    10     4     7    22     0     2   -50.0   57.949   71.419   6329.4    434.2
     1     1    10     4     7    21     0     3   -51.0   58.512   70.942   6356.7    433.9
     1     1    10     4     7    20     0     2   -52.0   59.055   70.435   6374.9    431.8
     1     1    10     4     7    19     0     1   -53.0   59.562   69.903   6382.3    433.4
     1     1    10     4     7    18     0     0   -54.0   60.048   69.340   6389.6    435.5
     1     1    10     4     7    17     0     1   -55.0   60.513   68.761   6386.1    435.9
     1     1    10     4     7    16     0     2   -56.0   60.957   68.195   6371.0    436.0
     1     1    10     4     7    15     0     3   -57.0   61.391   67.651   6349.3    437.0
     1     1    10     4     7    14     0     2   -58.0   61.806   67.103   6323.3    439.3
     1     1    10     4     7    13     0     1   -59.0   62.194   66.520   6296.9    439.9
     1     1    10     4     7    12     0     0   -60.0   62.564   65.900   6284.3    440.4
     1     1    10     4     7    11     0     1   -61.0   62.907   65.243   6286.2    441.0
     1     1    10     4     7    10     0     2   -62.0   63.214   64.563   6295.0    442.2
     1     1    10     4     7     9     0     3   -63.0   63.497   63.856   6303.9    440.4
     1     1    10     4     7     8     0     2   -64.0   63.753   63.127   6289.3    436.0
     1     1    10     4     7     7     0     1   -65.0   63.984   62.402   6277.8    439.8
     1     1    10     4     7     6     0     0   -66.0   64.200   61.685   6261.3    440.1
     1     1    10     4     7     5     0     1   -67.0   64.384   60.944   6207.1    432.3
     1     1    10     4     7     4     0     2   -68.0   64.521   60.168   6087.7    422.7
     1     1    10     4     7     3     0     3   -69.0   64.626   59.363   6007.2    430.8
     1     1    10     4     7     2     0     2   -70.0   64.694   58.527   6008.3    445.5
     1     1    10     4     7     1     0     1   -71.0   64.725   57.659   6062.9    453.2
     1     1    10     4     7     0     0     0   -72.0   64.717   56.773   6048.7    455.0
     1     1    10     4     6    23     0     1   -73.0   64.686   55.949   5963.7    459.5
     1     1    10     4     6    22     0     2   -74.0   64.643   55.242   5870.8    466.6
     1     1    10     4     6    21     0     3   -75.0   64.587   54.629   5801.3    472.3
     1     1    10     4     6    20     0     2   -76.0   64.524   54.052   5748.2    476.6
     1     1    10     4     6    19     0     1   -77.0   64.460   53.460   5693.6    479.0
     1     1    10     4     6    18     0     0   -78.0   64.389   52.850   5621.1    482.4
     1     1    10     4     6    17     0     1   -79.0   64.320   52.208   5545.6    487.5
     1     1    10     4     6    16     0     2   -80.0   64.259   51.512   5496.4    490.6
     1     1    10     4     6    15     0     3   -81.0   64.200   50.773   5462.4    492.3
     1     1    10     4     6    14     0     2   -82.0   64.121   50.027   5423.4    493.2
     1     1    10     4     6    13     0     1   -83.0   64.018   49.299   5402.9    498.4
     1     1    10     4     6    12     0     0   -84.0   63.897   48.595   5376.1    501.2
     1     1    10     4     6    11     0     1   -85.0   63.766   47.952   5343.5    503.9
     1     1    10     4     6    10     0     2   -86.0   63.636   47.397   5318.1    505.8
     1     1    10     4     6     9     0     3   -87.0   63.515   46.924   5305.1    506.8
     1     1    10     4     6     8     0     2   -88.0   63.397   46.496   5307.3    506.7
     1     1    10     4     6     7     0     1   -89.0   63.279   46.076   5326.2    505.1
     1     1    10     4     6     6     0     0   -90.0   63.159   45.663   5356.3    502.3
     1     1    10     4     6     5     0     1   -91.0   63.040   45.243   5377.4    498.8
     1     1    10     4     6     4     0     2   -92.0   62.921   44.808   5378.0    499.1
     1     1    10     4     6     3     0     3   -93.0   62.802   44.366   5360.0    502.3
     1     1    10     4     6     2     0     2   -94.0   62.673   43.932   5335.6    506.5
     1     1    10     4     6     1     0     1   -95.0   62.530   43.511   5324.9    509.3
     1     1    10     4     6     0     0     0   -96.0   62.379   43.094   5332.6    510.0
