     7     1
    GDAS    10     3    22     0     0
    GDAS    10     4     8     0     0
    GDAS    10     4    15     0     0
    GDAS    10     4    22     0     0
    GDAS    10     4    29     0     0
    GDAS    10     4     1     0     0
    GDAS    10     3    29     0     0
     1 BACKWARD OMEGA   
    10     4     6    18   39.977  116.381  7600.0
     1 PRESSURE
     1     1    10     4     6    18     0     0     0.0   39.977  116.381   7356.4    373.3
     1     1    10     4     6    17     0     1    -1.0   40.562  115.082   7188.5    327.7
     1     1    10     4     6    16     0     2    -2.0   41.128  113.741   7236.5    317.7
     1     1    10     4     6    15     0     3    -3.0   41.677  112.375   7315.4    311.8
     1     1    10     4     6    14     0     2    -4.0   42.174  111.003   7463.9    316.4
     1     1    10     4     6    13     0     1    -5.0   42.650  109.682   7564.2    311.4
     1     1    10     4     6    12     0     0    -6.0   43.140  108.360   7683.0    315.1
     1     1    10     4     6    11     0     1    -7.0   43.586  107.033   7661.2    308.6
     1     1    10     4     6    10     0     2    -8.0   43.992  105.688   7593.1    301.4
     1     1    10     4     6     9     0     3    -9.0   44.368  104.348   7626.2    302.4
     1     1    10     4     6     8     0     2   -10.0   44.709  103.003   7713.5    297.6
     1     1    10     4     6     7     0     1   -11.0   45.028  101.638   7674.7    285.0
     1     1    10     4     6     6     0     0   -12.0   45.342  100.260   7714.0    280.3
     1     1    10     4     6     5     0     1   -13.0   45.622   98.887   7777.1    272.2
     1     1    10     4     6     4     0     2   -14.0   45.855   97.507   7815.2    270.6
     1     1    10     4     6     3     0     3   -15.0   46.043   96.068   7775.8    267.1
     1     1    10     4     6     2     0     2   -16.0   46.225   94.611   7823.1    272.6
     1     1    10     4     6     1     0     1   -17.0   46.389   93.196   7768.4    264.5
     1     1    10     4     6     0     0     0   -18.0   46.529   91.819   7759.7    265.4
     1     1    10     4     5    23     0     1   -19.0   46.657   90.494   7850.2    269.7
     1     1    10     4     5    22     0     2   -20.0   46.782   89.202   8192.3    292.6
     1     1    10     4     5    21     0     3   -21.0   46.885   87.937   8441.4    302.5
     1     1    10     4     5    20     0     2   -22.0   46.972   86.687   8320.8    285.1
     1     1    10     4     5    19     0     1   -23.0   47.052   85.443   8086.0    264.6
     1     1    10     4     5    18     0     0   -24.0   47.099   84.246   8186.1    278.0
     1     1    10     4     5    17     0     1   -25.0   47.140   83.125   8249.0    285.0
     1     1    10     4     5    16     0     2   -26.0   47.193   82.071   8288.4    292.5
     1     1    10     4     5    15     0     3   -27.0   47.238   81.049   8352.3    304.5
     1     1    10     4     5    14     0     2   -28.0   47.272   80.074   8382.2    312.4
     1     1    10     4     5    13     0     1   -29.0   47.308   79.131   8350.1    312.5
     1     1    10     4     5    12     0     0   -30.0   47.309   78.182   8283.0    312.1
     1     1    10     4     5    11     0     1   -31.0   47.290   77.270   8224.6    316.1
     1     1    10     4     5    10     0     2   -32.0   47.271   76.419   8190.0    320.9
     1     1    10     4     5     9     0     3   -33.0   47.199   75.615   8163.8    324.3
     1     1    10     4     5     8     0     2   -34.0   47.092   74.890   8143.0    326.2
     1     1    10     4     5     7     0     1   -35.0   46.996   74.247   8119.3    327.2
     1     1    10     4     5     6     0     0   -36.0   46.892   73.664   8079.1    326.6
     1     1    10     4     5     5     0     1   -37.0   46.783   73.159   8037.2    326.9
     1     1    10     4     5     4     0     2   -38.0   46.688   72.745   8023.2    327.4
     1     1    10     4     5     3     0     3   -39.0   46.591   72.407   8025.2    327.7
     1     1    10     4     5     2     0     2   -40.0   46.489   72.129   8034.6    327.9
     1     1    10     4     5     1     0     1   -41.0   46.386   71.898   8052.8    327.8
     1     1    10     4     5     0     0     0   -42.0   46.272   71.718   8075.3    327.9
     1     1    10     4     4    23     0     1   -43.0   46.158   71.575   8102.6    328.1
     1     1    10     4     4    22     0     2   -44.0   46.055   71.452   8140.1    327.3
     1     1    10     4     4    21     0     3   -45.0   45.951   71.354   8183.4    326.0
     1     1    10     4     4    20     0     2   -46.0   45.858   71.265   8216.1    324.9
     1     1    10     4     4    19     0     1   -47.0   45.792   71.171   8229.6    325.4
     1     1    10     4     4    18     0     0   -48.0   45.751   71.074   8231.9    326.2
     1     1    10     4     4    17     0     1   -49.0   45.740   70.983   8220.6    327.0
     1     1    10     4     4    16     0     2   -50.0   45.764   70.908   8189.6    328.8
     1     1    10     4     4    15     0     3   -51.0   45.824   70.847   8139.2    331.4
     1     1    10     4     4    14     0     2   -52.0   45.911   70.796   8086.8    334.5
     1     1    10     4     4    13     0     1   -53.0   46.016   70.752   8049.8    335.8
     1     1    10     4     4    12     0     0   -54.0   46.143   70.694   8031.3    336.2
     1     1    10     4     4    11     0     1   -55.0   46.267   70.606   8024.5    335.0
     1     1    10     4     4    10     0     2   -56.0   46.351   70.508   8016.6    334.8
     1     1    10     4     4     9     0     3   -57.0   46.391   70.415   8005.0    335.0
     1     1    10     4     4     8     0     2   -58.0   46.410   70.339   7989.1    335.8
     1     1    10     4     4     7     0     1   -59.0   46.429   70.276   7968.5    336.8
     1     1    10     4     4     6     0     0   -60.0   46.451   70.225   7942.9    337.9
     1     1    10     4     4     5     0     1   -61.0   46.482   70.171   7918.7    339.5
     1     1    10     4     4     4     0     2   -62.0   46.531   70.102   7904.3    340.4
     1     1    10     4     4     3     0     3   -63.0   46.597   70.015   7904.8    340.5
     1     1    10     4     4     2     0     2   -64.0   46.668   69.908   7913.0    339.8
     1     1    10     4     4     1     0     1   -65.0   46.730   69.782   7913.5    340.0
     1     1    10     4     4     0     0     0   -66.0   46.784   69.638   7899.1    341.1
     1     1    10     4     3    23     0     1   -67.0   46.827   69.501   7874.9    343.2
     1     1    10     4     3    22     0     2   -68.0   46.857   69.398   7852.6    344.7
     1     1    10     4     3    21     0     3   -69.0   46.871   69.334   7835.4    345.8
     1     1    10     4     3    20     0     2   -70.0   46.879   69.289   7813.3    346.7
     1     1    10     4     3    19     0     1   -71.0   46.888   69.245   7775.0    349.0
     1     1    10     4     3    18     0     0   -72.0   46.900   69.201   7718.2    352.2
     1     1    10     4     3    17     0     1   -73.0   46.924   69.160   7656.0    356.6
     1     1    10     4     3    16     0     2   -74.0   46.973   69.120   7606.0    359.8
     1     1    10     4     3    15     0     3   -75.0   47.054   69.069   7579.8    361.8
     1     1    10     4     3    14     0     2   -76.0   47.157   68.971   7569.2    361.5
     1     1    10     4     3    13     0     1   -77.0   47.270   68.798   7556.3    361.6
     1     1    10     4     3    12     0     0   -78.0   47.391   68.535   7537.7    361.7
     1     1    10     4     3    11     0     1   -79.0   47.497   68.149   7529.8    362.2
     1     1    10     4     3    10     0     2   -80.0   47.556   67.633   7545.2    359.4
     1     1    10     4     3     9     0     3   -81.0   47.553   67.008   7583.5    354.8
     1     1    10     4     3     8     0     2   -82.0   47.465   66.346   7661.0    353.1
     1     1    10     4     3     7     0     1   -83.0   47.294   65.724   7743.2    354.3
     1     1    10     4     3     6     0     0   -84.0   47.032   65.141   7859.8    355.9
     1     1    10     4     3     5     0     1   -85.0   46.689   64.624   7947.1    349.2
     1     1    10     4     3     4     0     2   -86.0   46.322   64.221   7984.0    348.1
     1     1    10     4     3     3     0     3   -87.0   45.942   63.911   8003.5    347.8
     1     1    10     4     3     2     0     2   -88.0   45.565   63.679   8024.2    347.8
     1     1    10     4     3     1     0     1   -89.0   45.197   63.505   8054.6    346.6
     1     1    10     4     3     0     0     0   -90.0   44.838   63.374   8081.3    344.0
     1     1    10     4     2    23     0     1   -91.0   44.500   63.288   8086.3    343.9
     1     1    10     4     2    22     0     2   -92.0   44.173   63.244   8091.9    345.2
     1     1    10     4     2    21     0     3   -93.0   43.828   63.228   8124.4    343.5
     1     1    10     4     2    20     0     2   -94.0   43.449   63.223   8167.4    338.1
     1     1    10     4     2    19     0     1   -95.0   43.037   63.220   8198.5    334.5
     1     1    10     4     2    18     0     0   -96.0   42.593   63.220   8257.5    334.3
