     7     1
    GDAS    10     3    22     0     0
    GDAS    10     4     8     0     0
    GDAS    10     4    15     0     0
    GDAS    10     4    22     0     0
    GDAS    10     4    29     0     0
    GDAS    10     4     1     0     0
    GDAS    10     3    29     0     0
     1 BACKWARD OMEGA   
    10     4    11     0   39.977  116.381  6000.0
     1 PRESSURE
     1     1    10     4    11     0     0     0     0.0   39.977  116.381   5758.3    469.2
     1     1    10     4    10    23     0     1    -1.0   39.788  114.782   5503.9    434.8
     1     1    10     4    10    22     0     2    -2.0   39.624  113.096   5356.6    427.3
     1     1    10     4    10    21     0     3    -3.0   39.479  111.484   5166.7    440.3
     1     1    10     4    10    20     0     2    -4.0   39.343  109.969   5043.9    452.4
     1     1    10     4    10    19     0     1    -5.0   39.241  108.491   5067.3    442.5
     1     1    10     4    10    18     0     0    -6.0   39.153  107.022   5172.6    445.1
     1     1    10     4    10    17     0     1    -7.0   39.126  105.535   5164.2    434.8
     1     1    10     4    10    16     0     2    -8.0   39.173  103.971   5170.3    439.3
     1     1    10     4    10    15     0     3    -9.0   39.223  102.445   4910.9    446.8
     1     1    10     4    10    14     0     2   -10.0   39.360  100.900   4648.1    458.2
     1     1    10     4    10    13     0     1   -11.0   39.509   99.246   4645.4    424.9
     1     1    10     4    10    12     0     0   -12.0   39.691   97.281   4746.4    393.1
     1     1    10     4    10    11     0     1   -13.0   39.842   95.263   4901.8    419.8
     1     1    10     4    10    10     0     2   -14.0   39.953   93.468   4973.2    462.7
     1     1    10     4    10     9     0     3   -15.0   40.076   91.783   4688.4    494.9
     1     1    10     4    10     8     0     2   -16.0   40.184   90.194   4380.0    523.1
     1     1    10     4    10     7     0     1   -17.0   40.250   88.822   3929.0    552.0
     1     1    10     4    10     6     0     0   -18.0   40.325   87.533   3677.9    570.9
     1     1    10     4    10     5     0     1   -19.0   40.437   86.336   3521.0    589.3
     1     1    10     4    10     4     0     2   -20.0   40.531   85.305   3391.3    591.6
     1     1    10     4    10     3     0     3   -21.0   40.575   84.391   3251.6    601.3
     1     1    10     4    10     2     0     2   -22.0   40.586   83.547   3163.3    607.4
     1     1    10     4    10     1     0     1   -23.0   40.602   82.745   3033.8    616.5
     1     1    10     4    10     0     0     0   -24.0   40.630   82.001   2861.1    627.0
     1     1    10     4     9    23     0     1   -25.0   40.665   81.312   2728.6    638.8
     1     1    10     4     9    22     0     2   -26.0   40.695   80.675   2711.4    642.4
     1     1    10     4     9    21     0     3   -27.0   40.712   80.098   2765.8    634.4
     1     1    10     4     9    20     0     2   -28.0   40.760   79.537   2786.3    601.8
     1     1    10     4     9    19     0     1   -29.0   40.883   78.931   2697.0    557.3
     1     1    10     4     9    18     0     0   -30.0   41.100   78.137   2516.0    497.0
     1     1    10     4     9    17     0     1   -31.0   41.373   76.996   2594.9    484.8
     1     1    10     4     9    16     0     2   -32.0   41.565   75.882   2896.7    487.2
     1     1    10     4     9    15     0     3   -33.0   41.692   74.859   2957.6    488.7
     1     1    10     4     9    14     0     2   -34.0   41.764   73.904   2857.4    511.4
     1     1    10     4     9    13     0     1   -35.0   41.812   73.042   2780.8    543.6
     1     1    10     4     9    12     0     0   -36.0   41.853   72.265   2660.1    549.7
     1     1    10     4     9    11     0     1   -37.0   41.891   71.528   2502.0    538.7
     1     1    10     4     9    10     0     2   -38.0   41.920   70.798   2400.8    545.7
     1     1    10     4     9     9     0     3   -39.0   41.909   70.165   2450.3    608.1
     1     1    10     4     9     8     0     2   -40.0   41.863   69.660   2483.3    653.4
     1     1    10     4     9     7     0     1   -41.0   41.800   69.255   2487.2    694.4
     1     1    10     4     9     6     0     0   -42.0   41.728   68.913   2469.7    725.2
     1     1    10     4     9     5     0     1   -43.0   41.670   68.584   2440.0    731.7
     1     1    10     4     9     4     0     2   -44.0   41.650   68.237   2436.3    733.9
     1     1    10     4     9     3     0     3   -45.0   41.667   67.884   2446.8    734.4
     1     1    10     4     9     2     0     2   -46.0   41.700   67.527   2456.7    735.0
     1     1    10     4     9     1     0     1   -47.0   41.725   67.156   2462.8    737.1
     1     1    10     4     9     0     0     0   -48.0   41.741   66.767   2474.9    736.4
     1     1    10     4     8    23     0     1   -49.0   41.753   66.388   2504.9    731.6
     1     1    10     4     8    22     0     2   -50.0   41.764   66.047   2553.0    725.3
     1     1    10     4     8    21     0     3   -51.0   41.766   65.726   2604.8    720.2
     1     1    10     4     8    20     0     2   -52.0   41.764   65.408   2645.4    718.6
     1     1    10     4     8    19     0     1   -53.0   41.764   65.091   2678.3    717.6
     1     1    10     4     8    18     0     0   -54.0   41.762   64.780   2714.6    715.7
     1     1    10     4     8    17     0     1   -55.0   41.763   64.460   2762.8    710.7
     1     1    10     4     8    16     0     2   -56.0   41.775   64.124   2823.4    705.2
     1     1    10     4     8    15     0     3   -57.0   41.790   63.770   2896.4    701.4
     1     1    10     4     8    14     0     2   -58.0   41.807   63.400   2958.6    700.2
     1     1    10     4     8    13     0     1   -59.0   41.824   63.012   2991.9    702.8
     1     1    10     4     8    12     0     0   -60.0   41.840   62.609   2996.5    701.2
     1     1    10     4     8    11     0     1   -61.0   41.847   62.190   3011.0    698.2
     1     1    10     4     8    10     0     2   -62.0   41.843   61.761   3045.9    694.4
     1     1    10     4     8     9     0     3   -63.0   41.828   61.332   3088.9    692.8
     1     1    10     4     8     8     0     2   -64.0   41.808   60.898   3130.6    690.4
     1     1    10     4     8     7     0     1   -65.0   41.783   60.449   3166.4    685.6
     1     1    10     4     8     6     0     0   -66.0   41.752   59.975   3198.9    680.8
     1     1    10     4     8     5     0     1   -67.0   41.717   59.499   3223.4    680.1
     1     1    10     4     8     4     0     2   -68.0   41.675   59.038   3231.1    681.8
     1     1    10     4     8     3     0     3   -69.0   41.619   58.586   3238.6    682.2
     1     1    10     4     8     2     0     2   -70.0   41.556   58.141   3257.0    679.4
     1     1    10     4     8     1     0     1   -71.0   41.498   57.710   3272.7    678.0
     1     1    10     4     8     0     0     0   -72.0   41.447   57.304   3271.0    678.7
     1     1    10     4     7    23     0     1   -73.0   41.400   56.903   3265.7    681.0
     1     1    10     4     7    22     0     2   -74.0   41.358   56.479   3269.5    676.5
     1     1    10     4     7    21     0     3   -75.0   41.321   56.034   3280.4    671.6
     1     1    10     4     7    20     0     2   -76.0   41.283   55.579   3309.9    669.6
     1     1    10     4     7    19     0     1   -77.0   41.240   55.120   3362.7    665.1
     1     1    10     4     7    18     0     0   -78.0   41.191   54.659   3430.8    661.7
     1     1    10     4     7    17     0     1   -79.0   41.145   54.188   3495.1    660.1
     1     1    10     4     7    16     0     2   -80.0   41.108   53.702   3553.2    659.0
     1     1    10     4     7    15     0     3   -81.0   41.076   53.206   3615.9    656.1
     1     1    10     4     7    14     0     2   -82.0   41.048   52.700   3669.8    651.3
     1     1    10     4     7    13     0     1   -83.0   41.022   52.175   3690.2    648.8
     1     1    10     4     7    12     0     0   -84.0   40.991   51.634   3700.0    649.3
     1     1    10     4     7    11     0     1   -85.0   40.946   51.079   3744.0    644.6
     1     1    10     4     7    10     0     2   -86.0   40.883   50.523   3809.0    639.1
     1     1    10     4     7     9     0     3   -87.0   40.808   49.981   3853.1    636.7
     1     1    10     4     7     8     0     2   -88.0   40.732   49.458   3834.1    614.5
     1     1    10     4     7     7     0     1   -89.0   40.666   48.950   3806.1    596.5
     1     1    10     4     7     6     0     0   -90.0   40.610   48.439   3742.6    583.0
     1     1    10     4     7     5     0     1   -91.0   40.559   47.919   3697.1    581.8
     1     1    10     4     7     4     0     2   -92.0   40.513   47.429   3768.5    597.0
     1     1    10     4     7     3     0     3   -93.0   40.470   46.987   3879.4    597.2
     1     1    10     4     7     2     0     2   -94.0   40.412   46.542   3876.0    555.7
     1     1    10     4     7     1     0     1   -95.0   40.328   46.042   3787.6    510.9
     1     1    10     4     7     0     0     0   -96.0   40.235   45.512   3767.4    502.6
