     7     1
    GDAS    10     3    22     0     0
    GDAS    10     4     8     0     0
    GDAS    10     4    15     0     0
    GDAS    10     4    22     0     0
    GDAS    10     4    29     0     0
    GDAS    10     4     1     0     0
    GDAS    10     3    29     0     0
     1 BACKWARD OMEGA   
    10     4     4    18   39.977  116.381  4000.0
     1 PRESSURE
     1     1    10     4     4    18     0     0     0.0   39.977  116.381   3762.5    613.8
     1     1    10     4     4    17     0     1    -1.0   39.954  115.737   3487.7    607.9
     1     1    10     4     4    16     0     2    -2.0   39.996  115.061   3125.3    588.1
     1     1    10     4     4    15     0     3    -3.0   40.045  114.397   2876.5    613.4
     1     1    10     4     4    14     0     2    -4.0   40.081  113.769   2769.1    622.4
     1     1    10     4     4    13     0     1    -5.0   40.153  113.137   2692.1    611.7
     1     1    10     4     4    12     0     0    -6.0   40.269  112.543   2526.4    615.0
     1     1    10     4     4    11     0     1    -7.0   40.393  112.001   2296.2    629.7
     1     1    10     4     4    10     0     2    -8.0   40.505  111.463   2080.8    656.5
     1     1    10     4     4     9     0     3    -9.0   40.609  110.892   1874.3    669.8
     1     1    10     4     4     8     0     2   -10.0   40.706  110.293   1681.4    686.6
     1     1    10     4     4     7     0     1   -11.0   40.786  109.689   1561.1    704.8
     1     1    10     4     4     6     0     0   -12.0   40.842  109.094   1529.5    725.4
     1     1    10     4     4     5     0     1   -13.0   40.897  108.508   1551.1    732.7
     1     1    10     4     4     4     0     2   -14.0   40.976  107.931   1597.9    739.0
     1     1    10     4     4     3     0     3   -15.0   41.071  107.356   1607.2    711.9
     1     1    10     4     4     2     0     2   -16.0   41.167  106.761   1580.7    705.6
     1     1    10     4     4     1     0     1   -17.0   41.251  106.136   1567.4    710.0
     1     1    10     4     4     0     0     0   -18.0   41.309  105.522   1584.8    718.6
     1     1    10     4     3    23     0     1   -19.0   41.347  104.953   1617.7    721.9
     1     1    10     4     3    22     0     2   -20.0   41.378  104.441   1613.6    715.4
     1     1    10     4     3    21     0     3   -21.0   41.406  103.998   1538.5    718.7
     1     1    10     4     3    20     0     2   -22.0   41.446  103.615   1409.2    732.9
     1     1    10     4     3    19     0     1   -23.0   41.504  103.266   1267.9    747.3
     1     1    10     4     3    18     0     0   -24.0   41.569  102.950   1141.7    761.7
     1     1    10     4     3    17     0     1   -25.0   41.641  102.652   1057.7    776.4
     1     1    10     4     3    16     0     2   -26.0   41.726  102.363   1021.6    784.9
     1     1    10     4     3    15     0     3   -27.0   41.823  102.080   1017.0    790.7
     1     1    10     4     3    14     0     2   -28.0   41.944  101.786   1030.9    793.0
     1     1    10     4     3    13     0     1   -29.0   42.090  101.475   1047.7    786.7
     1     1    10     4     3    12     0     0   -30.0   42.244  101.157   1064.1    776.1
     1     1    10     4     3    11     0     1   -31.0   42.393  100.799   1077.3    765.9
     1     1    10     4     3    10     0     2   -32.0   42.538  100.382   1088.3    763.4
     1     1    10     4     3     9     0     3   -33.0   42.692   99.924   1106.8    761.3
     1     1    10     4     3     8     0     2   -34.0   42.850   99.424   1110.7    750.8
     1     1    10     4     3     7     0     1   -35.0   43.008   98.868   1094.4    747.8
     1     1    10     4     3     6     0     0   -36.0   43.152   98.277   1086.5    750.4
     1     1    10     4     3     5     0     1   -37.0   43.289   97.680   1116.7    748.6
     1     1    10     4     3     4     0     2   -38.0   43.439   97.076   1189.2    742.7
     1     1    10     4     3     3     0     3   -39.0   43.602   96.478   1268.6    745.1
     1     1    10     4     3     2     0     2   -40.0   43.765   95.874   1314.2    753.2
     1     1    10     4     3     1     0     1   -41.0   43.933   95.254   1353.5    790.4
     1     1    10     4     3     0     0     0   -42.0   44.110   94.656   1396.7    782.3
     1     1    10     4     2    23     0     1   -43.0   44.281   94.106   1472.7    738.9
     1     1    10     4     2    22     0     2   -44.0   44.450   93.582   1549.1    701.9
     1     1    10     4     2    21     0     3   -45.0   44.629   93.081   1609.5    688.1
     1     1    10     4     2    20     0     2   -46.0   44.816   92.608   1690.7    693.0
     1     1    10     4     2    19     0     1   -47.0   45.002   92.171   1784.7    695.8
     1     1    10     4     2    18     0     0   -48.0   45.183   91.759   1873.9    685.4
     1     1    10     4     2    17     0     1   -49.0   45.364   91.339   1953.4    677.1
     1     1    10     4     2    16     0     2   -50.0   45.549   90.907   1998.7    677.2
     1     1    10     4     2    15     0     3   -51.0   45.741   90.485   2007.1    682.3
     1     1    10     4     2    14     0     2   -52.0   45.920   90.108   2006.1    688.2
     1     1    10     4     2    13     0     1   -53.0   46.072   89.771   2023.2    689.9
     1     1    10     4     2    12     0     0   -54.0   46.204   89.454   2065.3    690.3
     1     1    10     4     2    11     0     1   -55.0   46.318   89.139   2105.8    693.2
     1     1    10     4     2    10     0     2   -56.0   46.406   88.831   2112.3    702.0
     1     1    10     4     2     9     0     3   -57.0   46.467   88.537   2089.4    712.3
     1     1    10     4     2     8     0     2   -58.0   46.503   88.274   2070.2    723.6
     1     1    10     4     2     7     0     1   -59.0   46.519   88.044   2076.0    729.3
     1     1    10     4     2     6     0     0   -60.0   46.512   87.829   2090.9    727.6
     1     1    10     4     2     5     0     1   -61.0   46.499   87.621   2098.9    724.6
     1     1    10     4     2     4     0     2   -62.0   46.489   87.420   2091.7    724.6
     1     1    10     4     2     3     0     3   -63.0   46.482   87.225   2073.6    725.7
     1     1    10     4     2     2     0     2   -64.0   46.474   87.034   2057.2    727.8
     1     1    10     4     2     1     0     1   -65.0   46.469   86.844   2048.7    724.3
     1     1    10     4     2     0     0     0   -66.0   46.467   86.651   2050.8    718.8
     1     1    10     4     1    23     0     1   -67.0   46.471   86.445   2058.0    711.6
     1     1    10     4     1    22     0     2   -68.0   46.479   86.220   2065.1    703.8
     1     1    10     4     1    21     0     3   -69.0   46.496   85.978   2074.6    693.9
     1     1    10     4     1    20     0     2   -70.0   46.512   85.729   2088.8    684.6
     1     1    10     4     1    19     0     1   -71.0   46.517   85.485   2105.5    676.7
     1     1    10     4     1    18     0     0   -72.0   46.514   85.246   2124.0    670.0
     1     1    10     4     1    17     0     1   -73.0   46.516   85.035   2135.0    663.3
     1     1    10     4     1    16     0     2   -74.0   46.539   84.875   2138.7    660.3
     1     1    10     4     1    15     0     3   -75.0   46.579   84.762   2137.0    657.3
     1     1    10     4     1    14     0     2   -76.0   46.637   84.665   2127.4    654.0
     1     1    10     4     1    13     0     1   -77.0   46.716   84.556   2109.7    651.8
     1     1    10     4     1    12     0     0   -78.0   46.814   84.433   2090.1    651.2
     1     1    10     4     1    11     0     1   -79.0   46.905   84.315   2083.1    652.8
     1     1    10     4     1    10     0     2   -80.0   46.963   84.217   2091.3    654.2
     1     1    10     4     1     9     0     3   -81.0   46.988   84.139   2106.0    655.8
     1     1    10     4     1     8     0     2   -82.0   47.002   84.082   2124.0    657.4
     1     1    10     4     1     7     0     1   -83.0   47.027   84.049   2148.0    659.5
     1     1    10     4     1     6     0     0   -84.0   47.063   84.036   2176.6    661.0
     1     1    10     4     1     5     0     1   -85.0   47.110   84.034   2200.0    662.4
     1     1    10     4     1     4     0     2   -86.0   47.167   84.035   2209.9    666.6
     1     1    10     4     1     3     0     3   -87.0   47.233   84.042   2208.7    672.5
     1     1    10     4     1     2     0     2   -88.0   47.312   84.059   2214.4    680.0
     1     1    10     4     1     1     0     1   -89.0   47.406   84.084   2243.2    685.3
     1     1    10     4     1     0     0     0   -90.0   47.515   84.115   2293.3    690.1
     1     1    10     3    31    23     0     1   -91.0   47.635   84.157   2354.9    694.4
     1     1    10     3    31    22     0     2   -92.0   47.762   84.216   2416.2    700.5
     1     1    10     3    31    21     0     3   -93.0   47.898   84.287   2471.3    708.7
     1     1    10     3    31    20     0     2   -94.0   48.047   84.364   2509.0    714.1
     1     1    10     3    31    19     0     1   -95.0   48.222   84.438   2522.2    704.0
     1     1    10     3    31    18     0     0   -96.0   48.434   84.500   2543.5    689.3
