     7     1
    GDAS    10     3    22     0     0
    GDAS    10     4     8     0     0
    GDAS    10     4    15     0     0
    GDAS    10     4    22     0     0
    GDAS    10     4    29     0     0
    GDAS    10     4     1     0     0
    GDAS    10     3    29     0     0
     1 BACKWARD OMEGA   
    10     4    15     0   39.977  116.381  8600.0
     1 PRESSURE
     1     1    10     4    15     0     0     0     0.0   39.977  116.381   8361.5    315.9
     1     1    10     4    14    23     0     1    -1.0   40.050  115.603   8260.1    294.8
     1     1    10     4    14    22     0     2    -2.0   40.102  114.732   8084.4    282.5
     1     1    10     4    14    21     0     3    -3.0   40.190  113.832   8029.0    285.3
     1     1    10     4    14    20     0     2    -4.0   40.313  112.906   7922.3    284.2
     1     1    10     4    14    19     0     1    -5.0   40.436  111.922   7901.1    281.3
     1     1    10     4    14    18     0     0    -6.0   40.546  110.875   8009.1    279.8
     1     1    10     4    14    17     0     1    -7.0   40.656  109.752   8063.5    277.1
     1     1    10     4    14    16     0     2    -8.0   40.792  108.612   8141.6    286.4
     1     1    10     4    14    15     0     3    -9.0   40.921  107.489   8104.8    286.3
     1     1    10     4    14    14     0     2   -10.0   41.028  106.370   7959.1    283.1
     1     1    10     4    14    13     0     1   -11.0   41.139  105.265   7980.1    292.4
     1     1    10     4    14    12     0     0   -12.0   41.257  104.173   7972.8    293.0
     1     1    10     4    14    11     0     1   -13.0   41.424  103.055   7993.5    291.0
     1     1    10     4    14    10     0     2   -14.0   41.654  101.918   8086.8    295.6
     1     1    10     4    14     9     0     3   -15.0   41.924  100.784   8106.1    297.8
     1     1    10     4    14     8     0     2   -16.0   42.226   99.644   8035.8    294.8
     1     1    10     4    14     7     0     1   -17.0   42.546   98.478   7973.1    285.6
     1     1    10     4    14     6     0     0   -18.0   42.887   97.342   7944.5    281.6
     1     1    10     4    14     5     0     1   -19.0   43.264   96.288   8024.7    289.7
     1     1    10     4    14     4     0     2   -20.0   43.647   95.298   8101.6    296.1
     1     1    10     4    14     3     0     3   -21.0   43.956   94.359   8099.4    302.8
     1     1    10     4    14     2     0     2   -22.0   44.230   93.417   7869.4    285.2
     1     1    10     4    14     1     0     1   -23.0   44.565   92.456   7903.6    282.5
     1     1    10     4    14     0     0     0   -24.0   44.908   91.544   8021.6    286.7
     1     1    10     4    13    23     0     1   -25.0   45.269   90.668   8102.9    286.3
     1     1    10     4    13    22     0     2   -26.0   45.646   89.776   8221.3    288.0
     1     1    10     4    13    21     0     3   -27.0   45.958   88.882   8348.3    290.6
     1     1    10     4    13    20     0     2   -28.0   46.232   87.993   8462.6    295.7
     1     1    10     4    13    19     0     1   -29.0   46.534   87.088   8483.8    294.0
     1     1    10     4    13    18     0     0   -30.0   46.824   86.167   8264.6    272.8
     1     1    10     4    13    17     0     1   -31.0   47.113   85.231   8199.3    259.9
     1     1    10     4    13    16     0     2   -32.0   47.397   84.315   8452.7    276.5
     1     1    10     4    13    15     0     3   -33.0   47.652   83.400   8605.2    286.4
     1     1    10     4    13    14     0     2   -34.0   47.878   82.456   8576.8    288.5
     1     1    10     4    13    13     0     1   -35.0   48.098   81.468   8473.2    285.5
     1     1    10     4    13    12     0     0   -36.0   48.287   80.457   8459.6    290.6
     1     1    10     4    13    11     0     1   -37.0   48.451   79.465   8418.2    294.6
     1     1    10     4    13    10     0     2   -38.0   48.599   78.518   8338.5    296.1
     1     1    10     4    13     9     0     3   -39.0   48.698   77.601   8255.9    295.5
     1     1    10     4    13     8     0     2   -40.0   48.795   76.691   8183.7    294.7
     1     1    10     4    13     7     0     1   -41.0   48.931   75.798   8130.0    293.9
     1     1    10     4    13     6     0     0   -42.0   49.067   74.935   8110.3    295.6
     1     1    10     4    13     5     0     1   -43.0   49.208   74.135   8133.3    301.1
     1     1    10     4    13     4     0     2   -44.0   49.341   73.408   8165.1    304.8
     1     1    10     4    13     3     0     3   -45.0   49.434   72.741   8177.6    307.7
     1     1    10     4    13     2     0     2   -46.0   49.500   72.117   8187.2    311.7
     1     1    10     4    13     1     0     1   -47.0   49.560   71.526   8201.4    312.6
     1     1    10     4    13     0     0     0   -48.0   49.611   70.953   8223.7    312.0
     1     1    10     4    12    23     0     1   -49.0   49.654   70.399   8258.8    312.2
     1     1    10     4    12    22     0     2   -50.0   49.682   69.873   8297.6    310.9
     1     1    10     4    12    21     0     3   -51.0   49.685   69.381   8323.9    309.6
     1     1    10     4    12    20     0     2   -52.0   49.678   68.908   8335.6    308.9
     1     1    10     4    12    19     0     1   -53.0   49.679   68.457   8324.3    308.3
     1     1    10     4    12    18     0     0   -54.0   49.678   68.050   8303.9    308.3
     1     1    10     4    12    17     0     1   -55.0   49.652   67.656   8295.4    309.5
     1     1    10     4    12    16     0     2   -56.0   49.592   67.240   8297.8    309.3
     1     1    10     4    12    15     0     3   -57.0   49.511   66.816   8317.4    309.9
     1     1    10     4    12    14     0     2   -58.0   49.418   66.385   8352.1    311.9
     1     1    10     4    12    13     0     1   -59.0   49.312   65.945   8379.0    314.5
     1     1    10     4    12    12     0     0   -60.0   49.185   65.493   8379.6    315.5
     1     1    10     4    12    11     0     1   -61.0   49.050   65.049   8381.5    316.7
     1     1    10     4    12    10     0     2   -62.0   48.911   64.628   8396.0    317.7
     1     1    10     4    12     9     0     3   -63.0   48.751   64.214   8410.0    318.8
     1     1    10     4    12     8     0     2   -64.0   48.578   63.776   8408.5    319.8
     1     1    10     4    12     7     0     1   -65.0   48.413   63.305   8398.6    321.7
     1     1    10     4    12     6     0     0   -66.0   48.255   62.798   8395.4    323.0
     1     1    10     4    12     5     0     1   -67.0   48.109   62.252   8406.1    322.5
     1     1    10     4    12     4     0     2   -68.0   47.975   61.673   8439.4    319.6
     1     1    10     4    12     3     0     3   -69.0   47.843   61.059   8486.6    315.1
     1     1    10     4    12     2     0     2   -70.0   47.708   60.432   8515.9    311.1
     1     1    10     4    12     1     0     1   -71.0   47.565   59.812   8516.1    310.5
     1     1    10     4    12     0     0     0   -72.0   47.419   59.178   8509.5    311.6
     1     1    10     4    11    23     0     1   -73.0   47.288   58.527   8508.9    312.8
     1     1    10     4    11    22     0     2   -74.0   47.178   57.874   8528.8    313.2
     1     1    10     4    11    21     0     3   -75.0   47.085   57.212   8571.4    314.1
     1     1    10     4    11    20     0     2   -76.0   47.011   56.531   8614.9    313.2
     1     1    10     4    11    19     0     1   -77.0   46.957   55.828   8663.1    311.3
     1     1    10     4    11    18     0     0   -78.0   46.920   55.109   8723.2    309.5
     1     1    10     4    11    17     0     1   -79.0   46.880   54.376   8775.4    308.2
     1     1    10     4    11    16     0     2   -80.0   46.814   53.628   8797.6    308.4
     1     1    10     4    11    15     0     3   -81.0   46.729   52.866   8796.5    309.6
     1     1    10     4    11    14     0     2   -82.0   46.631   52.092   8799.2    310.7
     1     1    10     4    11    13     0     1   -83.0   46.514   51.299   8797.9    309.3
     1     1    10     4    11    12     0     0   -84.0   46.377   50.470   8805.1    308.8
     1     1    10     4    11    11     0     1   -85.0   46.237   49.610   8788.2    309.9
     1     1    10     4    11    10     0     2   -86.0   46.100   48.741   8757.3    310.3
     1     1    10     4    11     9     0     3   -87.0   45.966   47.864   8738.4    311.2
     1     1    10     4    11     8     0     2   -88.0   45.870   47.001   8732.6    311.3
     1     1    10     4    11     7     0     1   -89.0   45.845   46.148   8754.5    310.1
     1     1    10     4    11     6     0     0   -90.0   45.889   45.312   8791.9    306.2
     1     1    10     4    11     5     0     1   -91.0   45.986   44.496   8849.6    302.1
     1     1    10     4    11     4     0     2   -92.0   46.131   43.746   8912.5    298.6
     1     1    10     4    11     3     0     3   -93.0   46.309   43.117   8962.6    296.8
     1     1    10     4    11     2     0     2   -94.0   46.512   42.606   8986.3    295.0
     1     1    10     4    11     1     0     1   -95.0   46.737   42.204   8999.2    294.5
     1     1    10     4    11     0     0     0   -96.0   46.984   41.896   9004.9    294.6
