     5     1
    GDAS    10     3     1     0     0
    GDAS    10     3     8     0     0
    GDAS    10     3    15     0     0
    GDAS    10     3    22     0     0
    GDAS    10     3    29     0     0
     1 BACKWARD OMEGA   
    10     3    23     0   39.977  116.381  6600.0
     1 PRESSURE
     1     1    10     3    23     0     0     0     0.0   39.977  116.381   6355.9    428.8
     1     1    10     3    22    23     0     1    -1.0   40.166  114.592   6263.1    376.7
     1     1    10     3    22    22     0     2    -2.0   40.296  112.580   6267.2    367.4
     1     1    10     3    22    21     0     3    -3.0   40.441  110.624   6375.1    363.7
     1     1    10     3    22    20     0     2    -4.0   40.569  108.738   6518.8    365.2
     1     1    10     3    22    19     0     1    -5.0   40.647  106.892   6609.7    354.4
     1     1    10     3    22    18     0     0    -6.0   40.807  105.016   6766.9    353.2
     1     1    10     3    22    17     0     1    -7.0   41.025  103.084   6826.6    346.0
     1     1    10     3    22    16     0     2    -8.0   41.243  101.276   6983.3    350.9
     1     1    10     3    22    15     0     3    -9.0   41.488   99.542   7073.1    337.5
     1     1    10     3    22    14     0     2   -10.0   41.806   97.594   7032.0    319.1
     1     1    10     3    22    13     0     1   -11.0   42.137   95.292   7221.0    310.4
     1     1    10     3    22    12     0     0   -12.0   42.456   93.224   7450.9    330.4
     1     1    10     3    22    11     0     1   -13.0   42.698   91.287   7517.7    341.3
     1     1    10     3    22    10     0     2   -14.0   42.838   89.276   7531.6    349.7
     1     1    10     3    22     9     0     3   -15.0   42.925   87.100   6830.4    264.7
     1     1    10     3    22     8     0     2   -16.0   42.950   84.758   6843.3    274.1
     1     1    10     3    22     7     0     1   -17.0   42.976   82.520   7004.1    276.2
     1     1    10     3    22     6     0     0   -18.0   42.954   80.281   6795.7    300.7
     1     1    10     3    22     5     0     1   -19.0   42.836   78.089   6465.3    291.7
     1     1    10     3    22     4     0     2   -20.0   42.684   76.003   6535.8    317.1
     1     1    10     3    22     3     0     3   -21.0   42.527   74.180   6407.8    349.3
     1     1    10     3    22     2     0     2   -22.0   42.316   72.538   6007.0    356.0
     1     1    10     3    22     1     0     1   -23.0   42.068   70.927   5665.3    331.1
     1     1    10     3    22     0     0     0   -24.0   41.886   69.502   6015.9    412.7
     1     1    10     3    21    23     0     1   -25.0   41.830   68.490   6185.9    440.8
     1     1    10     3    21    22     0     2   -26.0   41.830   67.518   6196.8    445.1
     1     1    10     3    21    21     0     3   -27.0   41.887   66.564   6160.2    448.9
     1     1    10     3    21    20     0     2   -28.0   41.943   65.607   6153.2    448.5
     1     1    10     3    21    19     0     1   -29.0   41.971   64.635   6200.7    446.7
     1     1    10     3    21    18     0     0   -30.0   41.984   63.656   6303.5    445.1
     1     1    10     3    21    17     0     1   -31.0   41.996   62.739   6415.7    442.6
     1     1    10     3    21    16     0     2   -32.0   41.993   61.883   6430.9    437.8
     1     1    10     3    21    15     0     3   -33.0   41.964   61.069   6437.3    441.0
     1     1    10     3    21    14     0     2   -34.0   41.908   60.285   6420.4    440.9
     1     1    10     3    21    13     0     1   -35.0   41.822   59.508   6425.7    441.9
     1     1    10     3    21    12     0     0   -36.0   41.693   58.721   6448.8    442.1
     1     1    10     3    21    11     0     1   -37.0   41.546   57.936   6460.5    441.3
     1     1    10     3    21    10     0     2   -38.0   41.412   57.167   6487.4    441.6
     1     1    10     3    21     9     0     3   -39.0   41.274   56.400   6499.0    437.5
     1     1    10     3    21     8     0     2   -40.0   41.118   55.624   6509.8    435.1
     1     1    10     3    21     7     0     1   -41.0   40.952   54.853   6521.5    435.4
     1     1    10     3    21     6     0     0   -42.0   40.776   54.123   6532.3    437.2
     1     1    10     3    21     5     0     1   -43.0   40.602   53.428   6524.3    439.2
     1     1    10     3    21     4     0     2   -44.0   40.443   52.743   6499.3    444.4
     1     1    10     3    21     3     0     3   -45.0   40.294   52.054   6451.9    447.0
     1     1    10     3    21     2     0     2   -46.0   40.128   51.366   6429.6    450.9
     1     1    10     3    21     1     0     1   -47.0   39.920   50.663   6445.8    449.4
     1     1    10     3    21     0     0     0   -48.0   39.665   49.925   6477.2    445.9
     1     1    10     3    20    23     0     1   -49.0   39.364   49.191   6436.9    441.9
     1     1    10     3    20    22     0     2   -50.0   39.004   48.480   6268.0    430.1
     1     1    10     3    20    21     0     3   -51.0   38.570   47.689   5986.0    394.9
     1     1    10     3    20    20     0     2   -52.0   38.060   46.752   5822.9    373.1
     1     1    10     3    20    19     0     1   -53.0   37.521   45.775   5817.5    388.4
     1     1    10     3    20    18     0     0   -54.0   36.986   44.775   5810.7    390.4
     1     1    10     3    20    17     0     1   -55.0   36.459   43.784   5905.5    434.9
     1     1    10     3    20    16     0     2   -56.0   35.992   42.895   5963.4    460.2
     1     1    10     3    20    15     0     3   -57.0   35.544   42.007   5937.2    458.0
     1     1    10     3    20    14     0     2   -58.0   35.075   41.102   5934.8    465.7
     1     1    10     3    20    13     0     1   -59.0   34.577   40.175   5833.1    462.1
     1     1    10     3    20    12     0     0   -60.0   34.069   39.212   5668.1    458.0
     1     1    10     3    20    11     0     1   -61.0   33.577   38.215   5524.3    464.1
     1     1    10     3    20    10     0     2   -62.0   33.168   37.262   5410.5    465.2
     1     1    10     3    20     9     0     3   -63.0   32.847   36.327   5412.0    471.2
     1     1    10     3    20     8     0     2   -64.0   32.661   35.446   5429.5    491.6
     1     1    10     3    20     7     0     1   -65.0   32.616   34.634   5453.9    507.6
     1     1    10     3    20     6     0     0   -66.0   32.679   33.884   5463.1    512.4
     1     1    10     3    20     5     0     1   -67.0   32.836   33.185   5488.2    511.2
     1     1    10     3    20     4     0     2   -68.0   33.064   32.513   5567.1    506.8
     1     1    10     3    20     3     0     3   -69.0   33.361   31.895   5670.8    498.4
     1     1    10     3    20     2     0     2   -70.0   33.743   31.362   5797.8    490.3
     1     1    10     3    20     1     0     1   -71.0   34.191   30.903   5953.2    480.7
     1     1    10     3    20     0     0     0   -72.0   34.708   30.508   6107.4    468.1
     1     1    10     3    19    23     0     1   -73.0   35.293   30.188   6264.7    458.1
     1     1    10     3    19    22     0     2   -74.0   35.936   29.943   6533.9    444.3
     1     1    10     3    19    21     0     3   -75.0   36.645   29.775   6546.0    383.4
     1     1    10     3    19    20     0     2   -76.0   37.400   29.685   6578.6    372.0
     1     1    10     3    19    19     0     1   -77.0   38.191   29.661   6838.6    365.7
     1     1    10     3    19    18     0     0   -78.0   39.026   29.759   7041.4    346.1
     1     1    10     3    19    17     0     1   -79.0   39.885   29.974   7362.6    345.1
     1     1    10     3    19    16     0     2   -80.0   40.761   30.276   7778.9    349.4
     1     1    10     3    19    15     0     3   -81.0   41.650   30.655   8092.6    344.6
     1     1    10     3    19    14     0     2   -82.0   42.524   31.049   8370.0    334.9
     1     1    10     3    19    13     0     1   -83.0   43.387   31.418   8587.8    323.6
     1     1    10     3    19    12     0     0   -84.0   44.256   31.747   8761.1    314.7
     1     1    10     3    19    11     0     1   -85.0   45.159   32.020   8938.9    306.3
     1     1    10     3    19    10     0     2   -86.0   46.131   32.202   9096.6    297.2
     1     1    10     3    19     9     0     3   -87.0   47.172   32.260   9177.0    289.8
     1     1    10     3    19     8     0     2   -88.0   48.251   32.197   9199.6    284.9
     1     1    10     3    19     7     0     1   -89.0   49.359   31.972   9224.3    283.3
     1     1    10     3    19     6     0     0   -90.0   50.497   31.572   9248.8    282.4
     1     1    10     3    19     5     0     1   -91.0   51.647   31.027   9265.6    280.5
     1     1    10     3    19     4     0     2   -92.0   52.765   30.276   9247.8    280.0
     1     1    10     3    19     3     0     3   -93.0   53.878   29.375   9237.2    278.3
     1     1    10     3    19     2     0     2   -94.0   55.016   28.256   9251.3    277.3
     1     1    10     3    19     1     0     1   -95.0   56.115   26.886   9239.2    278.1
     1     1    10     3    19     0     0     0   -96.0   57.165   25.399   9139.8    284.1
