     5     1
    GDAS    10     3     1     0     0
    GDAS    10     3     8     0     0
    GDAS    10     3    15     0     0
    GDAS    10     3    22     0     0
    GDAS    10     3    29     0     0
     1 BACKWARD OMEGA   
    10     3    15    18   39.977  116.381  3800.0
     1 PRESSURE
     1     1    10     3    15    18     0     0     0.0   39.977  116.381   3559.1    623.5
     1     1    10     3    15    17     0     1    -1.0   40.403  115.390   3495.9    563.0
     1     1    10     3    15    16     0     2    -2.0   40.894  114.273   3574.5    531.2
     1     1    10     3    15    15     0     3    -3.0   41.420  113.100   3594.7    517.1
     1     1    10     3    15    14     0     2    -4.0   41.952  111.914   3568.7    526.2
     1     1    10     3    15    13     0     1    -5.0   42.431  110.765   3520.8    548.8
     1     1    10     3    15    12     0     0    -6.0   42.879  109.622   3469.6    553.7
     1     1    10     3    15    11     0     1    -7.0   43.320  108.525   3453.8    565.3
     1     1    10     3    15    10     0     2    -8.0   43.705  107.516   3337.6    570.5
     1     1    10     3    15     9     0     3    -9.0   44.117  106.525   3262.1    560.4
     1     1    10     3    15     8     0     2   -10.0   44.574  105.539   3214.1    563.7
     1     1    10     3    15     7     0     1   -11.0   45.035  104.608   3185.9    572.4
     1     1    10     3    15     6     0     0   -12.0   45.514  103.719   3157.0    562.5
     1     1    10     3    15     5     0     1   -13.0   46.051  102.829   3026.3    544.7
     1     1    10     3    15     4     0     2   -14.0   46.665  101.936   2938.0    527.9
     1     1    10     3    15     3     0     3   -15.0   47.349  101.027   2875.5    511.9
     1     1    10     3    15     2     0     2   -16.0   48.024  100.125   2848.3    526.7
     1     1    10     3    15     1     0     1   -17.0   48.696   99.260   2844.2    529.1
     1     1    10     3    15     0     0     0   -18.0   49.333   98.457   2793.1    541.1
     1     1    10     3    14    23     0     1   -19.0   49.974   97.682   2743.0    535.4
     1     1    10     3    14    22     0     2   -20.0   50.590   96.995   2783.6    562.2
     1     1    10     3    14    21     0     3   -21.0   51.117   96.420   2800.2    590.0
     1     1    10     3    14    20     0     2   -22.0   51.617   95.902   2826.4    583.5
     1     1    10     3    14    19     0     1   -23.0   52.134   95.393   2879.3    575.5
     1     1    10     3    14    18     0     0   -24.0   52.642   94.892   2899.5    591.0
     1     1    10     3    14    17     0     1   -25.0   53.115   94.421   2869.8    609.6
     1     1    10     3    14    16     0     2   -26.0   53.541   93.999   2881.4    632.4
     1     1    10     3    14    15     0     3   -27.0   53.926   93.620   2932.1    652.8
     1     1    10     3    14    14     0     2   -28.0   54.300   93.243   2946.4    651.8
     1     1    10     3    14    13     0     1   -29.0   54.681   92.831   2935.4    650.0
     1     1    10     3    14    12     0     0   -30.0   55.063   92.370   2932.4    652.1
     1     1    10     3    14    11     0     1   -31.0   55.412   91.878   2946.7    658.5
     1     1    10     3    14    10     0     2   -32.0   55.713   91.380   2963.0    662.5
     1     1    10     3    14     9     0     3   -33.0   55.980   90.896   2976.2    667.1
     1     1    10     3    14     8     0     2   -34.0   56.221   90.445   2987.5    670.8
     1     1    10     3    14     7     0     1   -35.0   56.446   90.034   2999.2    672.6
     1     1    10     3    14     6     0     0   -36.0   56.663   89.653   3004.0    674.1
     1     1    10     3    14     5     0     1   -37.0   56.889   89.297   3001.0    676.8
     1     1    10     3    14     4     0     2   -38.0   57.138   88.965   2994.6    678.7
     1     1    10     3    14     3     0     3   -39.0   57.403   88.650   2983.7    680.7
     1     1    10     3    14     2     0     2   -40.0   57.671   88.318   2976.4    682.5
     1     1    10     3    14     1     0     1   -41.0   57.947   87.943   2980.1    682.2
     1     1    10     3    14     0     0     0   -42.0   58.235   87.525   2998.2    679.7
     1     1    10     3    13    23     0     1   -43.0   58.519   87.066   3025.1    676.6
     1     1    10     3    13    22     0     2   -44.0   58.787   86.581   3057.7    675.8
     1     1    10     3    13    21     0     3   -45.0   59.051   86.088   3105.8    672.1
     1     1    10     3    13    20     0     2   -46.0   59.312   85.599   3154.7    664.6
     1     1    10     3    13    19     0     1   -47.0   59.565   85.132   3187.0    660.9
     1     1    10     3    13    18     0     0   -48.0   59.822   84.699   3212.4    658.6
     1     1    10     3    13    17     0     1   -49.0   60.075   84.288   3244.2    656.8
     1     1    10     3    13    16     0     2   -50.0   60.323   83.869   3289.4    652.9
     1     1    10     3    13    15     0     3   -51.0   60.579   83.435   3346.2    647.3
     1     1    10     3    13    14     0     2   -52.0   60.846   82.982   3406.3    640.7
     1     1    10     3    13    13     0     1   -53.0   61.112   82.500   3461.5    636.7
     1     1    10     3    13    12     0     0   -54.0   61.383   81.969   3512.8    633.4
     1     1    10     3    13    11     0     1   -55.0   61.633   81.397   3554.8    628.3
     1     1    10     3    13    10     0     2   -56.0   61.840   80.807   3589.1    624.7
     1     1    10     3    13     9     0     3   -57.0   62.023   80.200   3627.9    621.1
     1     1    10     3    13     8     0     2   -58.0   62.180   79.605   3668.6    615.9
     1     1    10     3    13     7     0     1   -59.0   62.303   79.055   3705.9    613.1
     1     1    10     3    13     6     0     0   -60.0   62.402   78.549   3742.0    609.9
     1     1    10     3    13     5     0     1   -61.0   62.475   78.072   3781.2    606.3
     1     1    10     3    13     4     0     2   -62.0   62.513   77.608   3825.3    601.8
     1     1    10     3    13     3     0     3   -63.0   62.526   77.154   3880.5    596.4
     1     1    10     3    13     2     0     2   -64.0   62.525   76.716   3946.1    590.3
     1     1    10     3    13     1     0     1   -65.0   62.508   76.302   4014.1    584.8
     1     1    10     3    13     0     0     0   -66.0   62.465   75.914   4080.1    579.5
     1     1    10     3    12    23     0     1   -67.0   62.404   75.537   4138.8    574.3
     1     1    10     3    12    22     0     2   -68.0   62.330   75.166   4191.5    570.1
     1     1    10     3    12    21     0     3   -69.0   62.230   74.815   4246.8    566.0
     1     1    10     3    12    20     0     2   -70.0   62.120   74.481   4313.6    561.3
     1     1    10     3    12    19     0     1   -71.0   62.021   74.153   4390.3    554.9
     1     1    10     3    12    18     0     0   -72.0   61.929   73.826   4464.0    548.4
     1     1    10     3    12    17     0     1   -73.0   61.835   73.490   4522.6    543.1
     1     1    10     3    12    16     0     2   -74.0   61.751   73.137   4563.9    539.9
     1     1    10     3    12    15     0     3   -75.0   61.686   72.766   4597.6    537.2
     1     1    10     3    12    14     0     2   -76.0   61.620   72.401   4638.8    533.8
     1     1    10     3    12    13     0     1   -77.0   61.555   72.055   4688.6    528.9
     1     1    10     3    12    12     0     0   -78.0   61.508   71.722   4737.0    524.6
     1     1    10     3    12    11     0     1   -79.0   61.476   71.398   4777.7    521.3
     1     1    10     3    12    10     0     2   -80.0   61.467   71.074   4811.1    518.5
     1     1    10     3    12     9     0     3   -81.0   61.491   70.745   4837.3    516.1
     1     1    10     3    12     8     0     2   -82.0   61.520   70.428   4851.2    514.3
     1     1    10     3    12     7     0     1   -83.0   61.538   70.145   4847.6    514.2
     1     1    10     3    12     6     0     0   -84.0   61.555   69.899   4828.6    515.5
     1     1    10     3    12     5     0     1   -85.0   61.557   69.677   4806.9    518.6
     1     1    10     3    12     4     0     2   -86.0   61.533   69.460   4792.8    520.2
     1     1    10     3    12     3     0     3   -87.0   61.495   69.245   4785.2    521.4
     1     1    10     3    12     2     0     2   -88.0   61.453   69.029   4788.5    522.0
     1     1    10     3    12     1     0     1   -89.0   61.408   68.812   4808.6    520.4
     1     1    10     3    12     0     0     0   -90.0   61.361   68.592   4851.3    516.9
     1     1    10     3    11    23     0     1   -91.0   61.300   68.364   4901.6    511.6
     1     1    10     3    11    22     0     2   -92.0   61.216   68.122   4938.7    508.2
     1     1    10     3    11    21     0     3   -93.0   61.113   67.872   4955.9    506.3
     1     1    10     3    11    20     0     2   -94.0   60.995   67.617   4961.5    507.1
     1     1    10     3    11    19     0     1   -95.0   60.866   67.364   4972.4    506.8
     1     1    10     3    11    18     0     0   -96.0   60.732   67.116   4996.4    505.6
