     7     1
    GDAS    10     3    22     0     0
    GDAS    10     4     8     0     0
    GDAS    10     4    15     0     0
    GDAS    10     4    22     0     0
    GDAS    10     4    29     0     0
    GDAS    10     4     1     0     0
    GDAS    10     3    29     0     0
     1 BACKWARD OMEGA   
    10     4     8    18   39.977  116.381  8000.0
     1 PRESSURE
     1     1    10     4     8    18     0     0     0.0   39.977  116.381   7756.8    355.7
     1     1    10     4     8    17     0     1    -1.0   40.164  114.741   7543.2    314.1
     1     1    10     4     8    16     0     2    -2.0   40.389  112.839   7344.6    315.8
     1     1    10     4     8    15     0     3    -3.0   40.645  110.900   7043.0    330.5
     1     1    10     4     8    14     0     2    -4.0   40.813  109.009   7030.1    343.1
     1     1    10     4     8    13     0     1    -5.0   40.887  107.171   6837.1    348.8
     1     1    10     4     8    12     0     0    -6.0   41.033  105.369   6674.6    362.5
     1     1    10     4     8    11     0     1    -7.0   41.205  103.516   6816.4    351.5
     1     1    10     4     8    10     0     2    -8.0   41.325  101.716   6799.2    362.9
     1     1    10     4     8     9     0     3    -9.0   41.471   99.960   6724.1    366.4
     1     1    10     4     8     8     0     2   -10.0   41.681   98.077   6541.1    356.2
     1     1    10     4     8     7     0     1   -11.0   41.838   96.114   6330.8    339.7
     1     1    10     4     8     6     0     0   -12.0   41.958   94.301   6483.5    379.8
     1     1    10     4     8     5     0     1   -13.0   42.136   92.567   6444.7    392.4
     1     1    10     4     8     4     0     2   -14.0   42.293   90.799   6255.0    398.5
     1     1    10     4     8     3     0     3   -15.0   42.424   89.057   6106.6    423.3
     1     1    10     4     8     2     0     2   -16.0   42.521   87.253   5776.4    368.7
     1     1    10     4     8     1     0     1   -17.0   42.571   85.370   5553.6    362.2
     1     1    10     4     8     0     0     0   -18.0   42.606   83.555   5582.3    369.5
     1     1    10     4     7    23     0     1   -19.0   42.633   81.771   5608.7    366.3
     1     1    10     4     7    22     0     2   -20.0   42.645   79.915   5501.0    341.2
     1     1    10     4     7    21     0     3   -21.0   42.658   78.069   5651.0    328.2
     1     1    10     4     7    20     0     2   -22.0   42.687   76.188   5834.1    352.9
     1     1    10     4     7    19     0     1   -23.0   42.643   74.427   5897.9    391.7
     1     1    10     4     7    18     0     0   -24.0   42.524   72.764   5817.4    390.9
     1     1    10     4     7    17     0     1   -25.0   42.356   71.138   5610.6    375.6
     1     1    10     4     7    16     0     2   -26.0   42.196   69.670   5831.3    422.5
     1     1    10     4     7    15     0     3   -27.0   42.111   68.427   5917.1    463.7
     1     1    10     4     7    14     0     2   -28.0   42.009   67.228   5846.3    475.1
     1     1    10     4     7    13     0     1   -29.0   41.890   66.048   5836.3    472.4
     1     1    10     4     7    12     0     0   -30.0   41.771   64.881   5858.3    472.9
     1     1    10     4     7    11     0     1   -31.0   41.645   63.722   5877.3    471.9
     1     1    10     4     7    10     0     2   -32.0   41.521   62.592   5890.8    476.4
     1     1    10     4     7     9     0     3   -33.0   41.416   61.481   5886.3    477.4
     1     1    10     4     7     8     0     2   -34.0   41.344   60.378   5890.8    476.0
     1     1    10     4     7     7     0     1   -35.0   41.321   59.267   5875.3    478.5
     1     1    10     4     7     6     0     0   -36.0   41.341   58.131   5819.9    482.2
     1     1    10     4     7     5     0     1   -37.0   41.399   56.970   5774.9    488.9
     1     1    10     4     7     4     0     2   -38.0   41.497   55.791   5780.6    481.0
     1     1    10     4     7     3     0     3   -39.0   41.626   54.610   5827.7    477.1
     1     1    10     4     7     2     0     2   -40.0   41.784   53.459   5869.3    480.8
     1     1    10     4     7     1     0     1   -41.0   41.956   52.349   5967.7    476.6
     1     1    10     4     7     0     0     0   -42.0   42.136   51.295   6104.4    471.1
     1     1    10     4     6    23     0     1   -43.0   42.348   50.302   6160.5    463.3
     1     1    10     4     6    22     0     2   -44.0   42.599   49.360   6229.6    463.7
     1     1    10     4     6    21     0     3   -45.0   42.887   48.472   6270.0    457.9
     1     1    10     4     6    20     0     2   -46.0   43.198   47.647   6324.8    448.0
     1     1    10     4     6    19     0     1   -47.0   43.527   46.857   6379.6    434.8
     1     1    10     4     6    18     0     0   -48.0   43.882   46.081   6430.9    440.6
     1     1    10     4     6    17     0     1   -49.0   44.250   45.337   6387.4    442.1
     1     1    10     4     6    16     0     2   -50.0   44.624   44.634   6402.8    442.2
     1     1    10     4     6    15     0     3   -51.0   45.015   43.994   6497.5    434.0
     1     1    10     4     6    14     0     2   -52.0   45.420   43.410   6650.5    424.6
     1     1    10     4     6    13     0     1   -53.0   45.840   42.842   6872.6    415.8
     1     1    10     4     6    12     0     0   -54.0   46.288   42.270   7105.4    401.8
     1     1    10     4     6    11     0     1   -55.0   46.757   41.680   7324.1    388.7
     1     1    10     4     6    10     0     2   -56.0   47.239   41.057   7518.4    378.0
     1     1    10     4     6     9     0     3   -57.0   47.742   40.402   7643.9    367.0
     1     1    10     4     6     8     0     2   -58.0   48.253   39.719   7731.0    360.4
     1     1    10     4     6     7     0     1   -59.0   48.724   38.993   7813.9    357.0
     1     1    10     4     6     6     0     0   -60.0   49.130   38.210   7861.5    355.8
     1     1    10     4     6     5     0     1   -61.0   49.457   37.420   7862.3    355.9
     1     1    10     4     6     4     0     2   -62.0   49.687   36.666   7805.3    358.1
     1     1    10     4     6     3     0     3   -63.0   49.799   35.920   7667.5    364.1
     1     1    10     4     6     2     0     2   -64.0   49.814   35.202   7514.2    375.9
     1     1    10     4     6     1     0     1   -65.0   49.762   34.542   7394.2    383.0
     1     1    10     4     6     0     0     0   -66.0   49.639   33.932   7264.9    388.4
     1     1    10     4     5    23     0     1   -67.0   49.471   33.402   7113.7    399.3
     1     1    10     4     5    22     0     2   -68.0   49.301   32.981   6984.1    407.5
     1     1    10     4     5    21     0     3   -69.0   49.133   32.646   6881.6    412.8
     1     1    10     4     5    20     0     2   -70.0   48.971   32.342   6793.8    416.9
     1     1    10     4     5    19     0     1   -71.0   48.820   32.048   6722.0    421.7
     1     1    10     4     5    18     0     0   -72.0   48.682   31.788   6685.4    424.1
     1     1    10     4     5    17     0     1   -73.0   48.571   31.509   6672.8    423.5
     1     1    10     4     5    16     0     2   -74.0   48.499   31.162   6681.8    423.6
     1     1    10     4     5    15     0     3   -75.0   48.474   30.761   6738.2    420.7
     1     1    10     4     5    14     0     2   -76.0   48.466   30.277   6833.2    413.4
     1     1    10     4     5    13     0     1   -77.0   48.439   29.678   6936.9    405.6
     1     1    10     4     5    12     0     0   -78.0   48.394   28.953   7004.5    398.2
     1     1    10     4     5    11     0     1   -79.0   48.306   28.146   7056.3    398.2
     1     1    10     4     5    10     0     2   -80.0   48.178   27.261   7141.9    393.9
     1     1    10     4     5     9     0     3   -81.0   48.013   26.242   7194.6    384.6
     1     1    10     4     5     8     0     2   -82.0   47.730   25.100   7021.7    363.2
     1     1    10     4     5     7     0     1   -83.0   47.341   23.922   7185.3    374.1
     1     1    10     4     5     6     0     0   -84.0   46.875   22.676   7268.3    371.0
     1     1    10     4     5     5     0     1   -85.0   46.293   21.473   7355.8    382.4
     1     1    10     4     5     4     0     2   -86.0   45.600   20.284   7298.5    390.8
     1     1    10     4     5     3     0     3   -87.0   44.773   19.058   7224.7    383.3
     1     1    10     4     5     2     0     2   -88.0   43.828   17.938   6665.8    381.4
     1     1    10     4     5     1     0     1   -89.0   42.874   16.884   6776.4    427.1
     1     1    10     4     5     0     0     0   -90.0   41.949   15.844   6073.8    460.7
     1     1    10     4     4    23     0     1   -91.0   41.103   14.796   5748.1    476.2
     1     1    10     4     4    22     0     2   -92.0   40.353   13.705   5732.6    491.7
     1     1    10     4     4    21     0     3   -93.0   39.718   12.671   5518.5    510.8
     1     1    10     4     4    20     0     2   -94.0   39.148   11.686   5455.2    514.4
     1     1    10     4     4    19     0     1   -95.0   38.656   10.684   5534.0    510.8
     1     1    10     4     4    18     0     0   -96.0   38.203    9.661   5795.4    492.5
