     5     1
    GDAS    10     3     1     0     0
    GDAS    10     3     8     0     0
    GDAS    10     3    15     0     0
    GDAS    10     3    22     0     0
    GDAS    10     3    29     0     0
     1 BACKWARD OMEGA   
    10     3    18     6   39.977  116.381  4400.0
     1 PRESSURE
     1     1    10     3    18     6     0     0     0.0   39.977  116.381   4158.7    580.3
     1     1    10     3    18     5     0     1    -1.0   40.620  115.488   4095.9    522.9
     1     1    10     3    18     4     0     2    -2.0   41.347  114.531   4105.4    500.7
     1     1    10     3    18     3     0     3    -3.0   42.073  113.588   4112.7    497.6
     1     1    10     3    18     2     0     2    -4.0   42.774  112.655   4132.1    515.9
     1     1    10     3    18     1     0     1    -5.0   43.441  111.724   4124.8    522.8
     1     1    10     3    18     0     0     0    -6.0   44.072  110.817   4118.3    524.8
     1     1    10     3    17    23     0     1    -7.0   44.681  109.895   4109.9    529.0
     1     1    10     3    17    22     0     2    -8.0   45.298  108.915   4048.6    519.2
     1     1    10     3    17    21     0     3    -9.0   45.910  107.898   3980.8    514.4
     1     1    10     3    17    20     0     2   -10.0   46.514  106.858   3932.9    507.9
     1     1    10     3    17    19     0     1   -11.0   47.108  105.797   3998.0    507.6
     1     1    10     3    17    18     0     0   -12.0   47.683  104.733   4120.4    506.5
     1     1    10     3    17    17     0     1   -13.0   48.239  103.682   4159.1    503.8
     1     1    10     3    17    16     0     2   -14.0   48.797  102.583   4163.0    491.7
     1     1    10     3    17    15     0     3   -15.0   49.365  101.380   4140.7    485.6
     1     1    10     3    17    14     0     2   -16.0   49.952  100.051   4011.1    473.9
     1     1    10     3    17    13     0     1   -17.0   50.543   98.536   4021.9    462.6
     1     1    10     3    17    12     0     0   -18.0   51.069   96.849   4216.8    485.5
     1     1    10     3    17    11     0     1   -19.0   51.484   95.150   4263.1    487.3
     1     1    10     3    17    10     0     2   -20.0   51.813   93.430   4273.8    499.7
     1     1    10     3    17     9     0     3   -21.0   52.064   91.565   4169.2    484.3
     1     1    10     3    17     8     0     2   -22.0   52.149   89.683   3934.6    504.3
     1     1    10     3    17     7     0     1   -23.0   52.110   87.923   3777.0    557.2
     1     1    10     3    17     6     0     0   -24.0   51.971   86.527   3580.1    599.5
     1     1    10     3    17     5     0     1   -25.0   51.752   85.425   3244.9    615.1
     1     1    10     3    17     4     0     2   -26.0   51.511   84.410   2973.9    624.0
     1     1    10     3    17     3     0     3   -27.0   51.247   83.441   2793.7    637.5
     1     1    10     3    17     2     0     2   -28.0   50.953   82.624   2624.4    666.0
     1     1    10     3    17     1     0     1   -29.0   50.701   82.000   2450.7    706.6
     1     1    10     3    17     0     0     0   -30.0   50.500   81.463   2292.0    728.0
     1     1    10     3    16    23     0     1   -31.0   50.324   80.989   2174.1    742.2
     1     1    10     3    16    22     0     2   -32.0   50.154   80.578   2111.7    749.7
     1     1    10     3    16    21     0     3   -33.0   50.012   80.227   2104.3    751.5
     1     1    10     3    16    20     0     2   -34.0   49.887   79.884   2103.0    745.7
     1     1    10     3    16    19     0     1   -35.0   49.752   79.486   2082.5    743.4
     1     1    10     3    16    18     0     0   -36.0   49.625   79.015   2070.4    737.6
     1     1    10     3    16    17     0     1   -37.0   49.513   78.482   2045.7    729.3
     1     1    10     3    16    16     0     2   -38.0   49.411   77.931   1998.6    726.3
     1     1    10     3    16    15     0     3   -39.0   49.321   77.381   1965.4    720.5
     1     1    10     3    16    14     0     2   -40.0   49.227   76.793   1938.1    712.0
     1     1    10     3    16    13     0     1   -41.0   49.116   76.161   1885.7    710.0
     1     1    10     3    16    12     0     0   -42.0   48.987   75.543   1826.9    714.2
     1     1    10     3    16    11     0     1   -43.0   48.850   74.949   1790.7    722.8
     1     1    10     3    16    10     0     2   -44.0   48.705   74.380   1749.7    731.4
     1     1    10     3    16     9     0     3   -45.0   48.545   73.842   1670.0    744.2
     1     1    10     3    16     8     0     2   -46.0   48.358   73.319   1536.6    756.8
     1     1    10     3    16     7     0     1   -47.0   48.119   72.851   1301.4    774.4
     1     1    10     3    16     6     0     0   -48.0   47.833   72.561   1005.5    814.8
     1     1    10     3    16     5     0     1   -49.0   47.534   72.444    801.3    852.7
     1     1    10     3    16     4     0     2   -50.0   47.231   72.363    693.7    865.2
     1     1    10     3    16     3     0     3   -51.0   46.950   72.358    644.3    875.1
     1     1    10     3    16     2     0     2   -52.0   46.685   72.368    619.8    878.6
     1     1    10     3    16     1     0     1   -53.0   46.411   72.376    593.8    885.6
     1     1    10     3    16     0     0     0   -54.0   46.126   72.412    573.0    892.2
     1     1    10     3    15    23     0     1   -55.0   45.845   72.465    550.2    897.3
     1     1    10     3    15    22     0     2   -56.0   45.581   72.491    504.4    903.2
     1     1    10     3    15    21     0     3   -57.0   45.311   72.451    423.4    915.1
     1     1    10     3    15    20     0     2   -58.0   45.021   72.431    332.1    931.9
     1     1    10     3    15    19     0     1   -59.0   44.737   72.534    296.7    939.5
     1     1    10     3    15    18     0     0   -60.0   44.474   72.699    334.1    932.1
     1     1    10     3    15    17     0     1   -61.0   44.242   72.811    415.0    922.4
     1     1    10     3    15    16     0     2   -62.0   44.046   72.828    508.8    912.1
     1     1    10     3    15    15     0     3   -63.0   43.873   72.761    599.8    897.5
     1     1    10     3    15    14     0     2   -64.0   43.697   72.627    702.4    881.9
     1     1    10     3    15    13     0     1   -65.0   43.495   72.418    823.7    863.7
     1     1    10     3    15    12     0     0   -66.0   43.253   72.120    953.9    847.5
     1     1    10     3    15    11     0     1   -67.0   42.999   71.743   1084.6    831.8
     1     1    10     3    15    10     0     2   -68.0   42.776   71.331   1180.0    774.2
     1     1    10     3    15     9     0     3   -69.0   42.603   70.920   1225.8    732.4
     1     1    10     3    15     8     0     2   -70.0   42.453   70.529   1225.0    723.7
     1     1    10     3    15     7     0     1   -71.0   42.299   70.175   1183.8    735.9
     1     1    10     3    15     6     0     0   -72.0   42.136   69.873   1149.9    757.5
     1     1    10     3    15     5     0     1   -73.0   41.978   69.625   1156.6    777.2
     1     1    10     3    15     4     0     2   -74.0   41.849   69.416   1207.2    795.3
     1     1    10     3    15     3     0     3   -75.0   41.754   69.229   1280.4    810.1
     1     1    10     3    15     2     0     2   -76.0   41.673   69.016   1348.1    826.4
     1     1    10     3    15     1     0     1   -77.0   41.583   68.747   1377.4    828.1
     1     1    10     3    15     0     0     0   -78.0   41.487   68.413   1365.4    831.3
     1     1    10     3    14    23     0     1   -79.0   41.399   68.064   1319.6    838.7
     1     1    10     3    14    22     0     2   -80.0   41.322   67.733   1289.2    847.5
     1     1    10     3    14    21     0     3   -81.0   41.236   67.401   1311.6    847.9
     1     1    10     3    14    20     0     2   -82.0   41.130   67.052   1382.7    841.6
     1     1    10     3    14    19     0     1   -83.0   41.016   66.681   1461.7    826.5
     1     1    10     3    14    18     0     0   -84.0   40.925   66.293   1499.5    812.0
     1     1    10     3    14    17     0     1   -85.0   40.872   65.868   1493.0    810.0
     1     1    10     3    14    16     0     2   -86.0   40.871   65.399   1480.9    823.7
     1     1    10     3    14    15     0     3   -87.0   40.928   64.882   1489.6    830.5
     1     1    10     3    14    14     0     2   -88.0   41.019   64.291   1547.0    817.7
     1     1    10     3    14    13     0     1   -89.0   41.107   63.600   1645.8    805.2
     1     1    10     3    14    12     0     0   -90.0   41.184   62.845   1699.5    806.3
     1     1    10     3    14    11     0     1   -91.0   41.251   62.083   1702.8    810.4
     1     1    10     3    14    10     0     2   -92.0   41.284   61.291   1698.8    815.6
     1     1    10     3    14     9     0     3   -93.0   41.268   60.456   1671.2    816.3
     1     1    10     3    14     8     0     2   -94.0   41.225   59.613   1629.4    822.4
     1     1    10     3    14     7     0     1   -95.0   41.160   58.792   1677.2    820.5
     1     1    10     3    14     6     0     0   -96.0   41.093   57.988   1733.4    813.2
