     5     1
    GDAS    10     3     1     0     0
    GDAS    10     3     8     0     0
    GDAS    10     3    15     0     0
    GDAS    10     3    22     0     0
    GDAS    10     3    29     0     0
     1 BACKWARD OMEGA   
    10     3    27     6   39.977  116.381  8000.0
     1 PRESSURE
     1     1    10     3    27     6     0     0     0.0   39.977  116.381   7761.5    345.8
     1     1    10     3    27     5     0     1    -1.0   40.111  115.666   7579.5    329.9
     1     1    10     3    27     4     0     2    -2.0   40.274  114.925   7391.3    312.8
     1     1    10     3    27     3     0     3    -3.0   40.461  114.158   7360.9    313.4
     1     1    10     3    27     2     0     2    -4.0   40.666  113.400   7273.5    310.5
     1     1    10     3    27     1     0     1    -5.0   40.880  112.676   7198.7    306.5
     1     1    10     3    27     0     0     0    -6.0   41.094  111.991   7168.2    308.3
     1     1    10     3    26    23     0     1    -7.0   41.326  111.302   7158.8    310.7
     1     1    10     3    26    22     0     2    -8.0   41.589  110.590   7176.7    314.1
     1     1    10     3    26    21     0     3    -9.0   41.858  109.888   7172.4    316.9
     1     1    10     3    26    20     0     2   -10.0   42.131  109.196   7175.8    318.3
     1     1    10     3    26    19     0     1   -11.0   42.408  108.494   7228.4    320.3
     1     1    10     3    26    18     0     0   -12.0   42.670  107.794   7276.3    326.0
     1     1    10     3    26    17     0     1   -13.0   42.918  107.119   7261.1    328.5
     1     1    10     3    26    16     0     2   -14.0   43.164  106.472   7222.1    324.2
     1     1    10     3    26    15     0     3   -15.0   43.391  105.851   7179.2    318.3
     1     1    10     3    26    14     0     2   -16.0   43.597  105.254   7116.1    316.5
     1     1    10     3    26    13     0     1   -17.0   43.808  104.679   7073.8    320.5
     1     1    10     3    26    12     0     0   -18.0   44.022  104.142   7057.6    323.4
     1     1    10     3    26    11     0     1   -19.0   44.236  103.630   7051.1    322.5
     1     1    10     3    26    10     0     2   -20.0   44.460  103.133   7079.9    321.1
     1     1    10     3    26     9     0     3   -21.0   44.702  102.654   7138.0    318.3
     1     1    10     3    26     8     0     2   -22.0   44.948  102.165   7136.3    309.2
     1     1    10     3    26     7     0     1   -23.0   45.181  101.653   7114.0    303.1
     1     1    10     3    26     6     0     0   -24.0   45.403  101.142   7104.4    300.2
     1     1    10     3    26     5     0     1   -25.0   45.619  100.597   7123.4    299.1
     1     1    10     3    26     4     0     2   -26.0   45.822   99.989   7190.5    302.1
     1     1    10     3    26     3     0     3   -27.0   46.004   99.349   7186.7    301.1
     1     1    10     3    26     2     0     2   -28.0   46.180   98.704   7122.1    299.7
     1     1    10     3    26     1     0     1   -29.0   46.366   98.052   7042.0    297.5
     1     1    10     3    26     0     0     0   -30.0   46.549   97.389   6970.6    294.3
     1     1    10     3    25    23     0     1   -31.0   46.724   96.753   6968.6    295.6
     1     1    10     3    25    22     0     2   -32.0   46.890   96.162   7008.0    297.4
     1     1    10     3    25    21     0     3   -33.0   47.066   95.589   7096.4    298.7
     1     1    10     3    25    20     0     2   -34.0   47.263   95.000   7178.6    302.7
     1     1    10     3    25    19     0     1   -35.0   47.465   94.383   7248.9    307.0
     1     1    10     3    25    18     0     0   -36.0   47.659   93.746   7316.1    309.3
     1     1    10     3    25    17     0     1   -37.0   47.851   93.077   7396.2    309.5
     1     1    10     3    25    16     0     2   -38.0   48.028   92.373   7474.2    304.2
     1     1    10     3    25    15     0     3   -39.0   48.194   91.662   7388.8    291.6
     1     1    10     3    25    14     0     2   -40.0   48.364   90.957   7240.0    279.4
     1     1    10     3    25    13     0     1   -41.0   48.535   90.230   7195.6    274.8
     1     1    10     3    25    12     0     0   -42.0   48.710   89.466   7218.9    271.6
     1     1    10     3    25    11     0     1   -43.0   48.870   88.677   7189.8    269.2
     1     1    10     3    25    10     0     2   -44.0   48.979   87.802   7164.8    265.5
     1     1    10     3    25     9     0     3   -45.0   49.040   86.819   7331.1    276.9
     1     1    10     3    25     8     0     2   -46.0   49.089   85.811   7489.3    288.4
     1     1    10     3    25     7     0     1   -47.0   49.144   84.804   7638.7    301.8
     1     1    10     3    25     6     0     0   -48.0   49.199   83.776   7802.5    319.6
     1     1    10     3    25     5     0     1   -49.0   49.275   82.732   7817.3    321.0
     1     1    10     3    25     4     0     2   -50.0   49.378   81.666   7878.6    327.3
     1     1    10     3    25     3     0     3   -51.0   49.504   80.572   7909.1    329.6
     1     1    10     3    25     2     0     2   -52.0   49.626   79.439   7953.0    327.7
     1     1    10     3    25     1     0     1   -53.0   49.751   78.204   7991.6    322.0
     1     1    10     3    25     0     0     0   -54.0   49.903   76.932   7915.7    316.6
     1     1    10     3    24    23     0     1   -55.0   50.048   75.665   7835.1    322.2
     1     1    10     3    24    22     0     2   -56.0   50.217   74.331   7862.4    324.7
     1     1    10     3    24    21     0     3   -57.0   50.394   72.923   7956.9    319.9
     1     1    10     3    24    20     0     2   -58.0   50.574   71.459   8080.3    319.8
     1     1    10     3    24    19     0     1   -59.0   50.825   69.934   8148.3    318.6
     1     1    10     3    24    18     0     0   -60.0   51.082   68.419   8156.1    318.8
     1     1    10     3    24    17     0     1   -61.0   51.356   66.892   8146.3    320.7
     1     1    10     3    24    16     0     2   -62.0   51.730   65.258   8180.5    322.2
     1     1    10     3    24    15     0     3   -63.0   52.151   63.482   8191.3    320.9
     1     1    10     3    24    14     0     2   -64.0   52.588   61.555   8221.4    316.0
     1     1    10     3    24    13     0     1   -65.0   53.098   59.463   8208.2    308.1
     1     1    10     3    24    12     0     0   -66.0   53.585   57.262   8119.3    308.2
     1     1    10     3    24    11     0     1   -67.0   54.010   54.872   8276.0    311.1
     1     1    10     3    24    10     0     2   -68.0   54.362   52.496   8284.8    313.2
     1     1    10     3    24     9     0     3   -69.0   54.672   50.120   8288.2    315.9
     1     1    10     3    24     8     0     2   -70.0   54.894   47.740   8261.9    316.6
     1     1    10     3    24     7     0     1   -71.0   55.029   45.373   8278.3    315.2
     1     1    10     3    24     6     0     0   -72.0   55.110   42.987   8286.1    316.6
     1     1    10     3    24     5     0     1   -73.0   55.113   40.767   8271.9    319.0
     1     1    10     3    24     4     0     2   -74.0   55.097   38.661   8188.5    321.7
     1     1    10     3    24     3     0     3   -75.0   54.960   36.543   8057.8    327.5
     1     1    10     3    24     2     0     2   -76.0   54.697   34.435   7860.5    337.1
     1     1    10     3    24     1     0     1   -77.0   54.380   32.391   7706.2    346.3
     1     1    10     3    24     0     0     0   -78.0   53.995   30.258   7546.6    356.0
     1     1    10     3    23    23     0     1   -79.0   53.619   28.045   7279.3    372.5
     1     1    10     3    23    22     0     2   -80.0   53.423   25.879   7070.9    385.3
     1     1    10     3    23    21     0     3   -81.0   53.384   23.647   6833.5    401.7
     1     1    10     3    23    20     0     2   -82.0   53.565   21.398   6805.0    404.9
     1     1    10     3    23    19     0     1   -83.0   53.925   19.078   6763.0    411.3
     1     1    10     3    23    18     0     0   -84.0   54.499   16.761   6821.0    407.0
     1     1    10     3    23    17     0     1   -85.0   55.254   14.468   6904.2    404.7
     1     1    10     3    23    16     0     2   -86.0   56.067   12.264   7006.3    397.5
     1     1    10     3    23    15     0     3   -87.0   56.926   10.034   7197.8    388.0
     1     1    10     3    23    14     0     2   -88.0   57.697    7.778   7498.1    366.9
     1     1    10     3    23    13     0     1   -89.0   58.284    5.597   7567.8    363.8
     1     1    10     3    23    12     0     0   -90.0   58.771    3.351   7862.4    349.2
     1     1    10     3    23    11     0     1   -91.0   59.074    1.195   8027.6    340.2
     1     1    10     3    23    10     0     2   -92.0   59.210   -0.791   8156.4    333.6
     1     1    10     3    23     9     0     3   -93.0   59.259   -2.640   8275.0    327.3
     1     1    10     3    23     8     0     2   -94.0   59.179   -4.472   8363.0    322.2
     1     1    10     3    23     7     0     1   -95.0   58.971   -6.200   8406.9    319.5
     1     1    10     3    23     6     0     0   -96.0   58.673   -7.924   8477.9    315.5
