     5     1
    GDAS    10     3     1     0     0
    GDAS    10     3     8     0     0
    GDAS    10     3    15     0     0
    GDAS    10     3    22     0     0
    GDAS    10     3    29     0     0
     1 BACKWARD OMEGA   
    10     3    21    12   39.977  116.381  9200.0
     1 PRESSURE
     1     1    10     3    21    12     0     0     0.0   39.977  116.381   8956.1    298.8
     1     1    10     3    21    11     0     1    -1.0   40.158  114.680   8512.2    275.7
     1     1    10     3    21    10     0     2    -2.0   40.450  112.886   8643.5    260.2
     1     1    10     3    21     9     0     3    -3.0   40.735  111.021   8579.9    259.0
     1     1    10     3    21     8     0     2    -4.0   40.931  109.171   8439.6    277.1
     1     1    10     3    21     7     0     1    -5.0   41.111  107.410   8187.4    290.3
     1     1    10     3    21     6     0     0    -6.0   41.346  105.658   7965.0    298.5
     1     1    10     3    21     5     0     1    -7.0   41.495  103.973   7744.8    310.8
     1     1    10     3    21     4     0     2    -8.0   41.640  102.248   7743.4    316.2
     1     1    10     3    21     3     0     3    -9.0   41.744  100.479   7580.9    328.7
     1     1    10     3    21     2     0     2   -10.0   41.799   98.662   7258.1    327.6
     1     1    10     3    21     1     0     1   -11.0   41.904   96.836   6937.0    321.0
     1     1    10     3    21     0     0     0   -12.0   41.905   95.031   7080.3    332.5
     1     1    10     3    20    23     0     1   -13.0   41.802   93.475   6920.5    363.8
     1     1    10     3    20    22     0     2   -14.0   41.797   92.090   6726.7    375.6
     1     1    10     3    20    21     0     3   -15.0   41.897   90.746   6705.0    369.4
     1     1    10     3    20    20     0     2   -16.0   41.930   89.244   6739.4    369.8
     1     1    10     3    20    19     0     1   -17.0   41.896   87.693   6670.7    368.1
     1     1    10     3    20    18     0     0   -18.0   41.894   86.181   6576.7    373.1
     1     1    10     3    20    17     0     1   -19.0   41.794   84.635   6274.3    379.4
     1     1    10     3    20    16     0     2   -20.0   41.628   82.995   6146.1    390.8
     1     1    10     3    20    15     0     3   -21.0   41.380   81.275   5917.8    378.4
     1     1    10     3    20    14     0     2   -22.0   41.073   79.595   5881.7    388.1
     1     1    10     3    20    13     0     1   -23.0   40.850   77.836   5523.3    332.1
     1     1    10     3    20    12     0     0   -24.0   40.699   75.782   5726.5    333.8
     1     1    10     3    20    11     0     1   -25.0   40.485   73.710   5870.6    335.6
     1     1    10     3    20    10     0     2   -26.0   40.190   71.803   5693.2    382.3
     1     1    10     3    20     9     0     3   -27.0   39.833   70.001   5812.6    397.2
     1     1    10     3    20     8     0     2   -28.0   39.508   68.232   5812.9    388.6
     1     1    10     3    20     7     0     1   -29.0   39.146   66.584   5902.3    427.7
     1     1    10     3    20     6     0     0   -30.0   38.775   65.151   6009.3    462.6
     1     1    10     3    20     5     0     1   -31.0   38.434   63.784   5947.6    472.8
     1     1    10     3    20     4     0     2   -32.0   38.073   62.438   5879.4    478.6
     1     1    10     3    20     3     0     3   -33.0   37.712   61.076   5775.8    483.8
     1     1    10     3    20     2     0     2   -34.0   37.346   59.735   5553.1    467.4
     1     1    10     3    20     1     0     1   -35.0   36.908   58.242   5290.4    428.8
     1     1    10     3    20     0     0     0   -36.0   36.428   56.707   5293.7    450.2
     1     1    10     3    19    23     0     1   -37.0   35.931   55.267   5068.3    466.8
     1     1    10     3    19    22     0     2   -38.0   35.415   53.868   5009.1    470.3
     1     1    10     3    19    21     0     3   -39.0   34.903   52.511   5217.1    480.4
     1     1    10     3    19    20     0     2   -40.0   34.373   51.220   5228.0    447.0
     1     1    10     3    19    19     0     1   -41.0   33.730   49.926   4984.2    414.0
     1     1    10     3    19    18     0     0   -42.0   33.132   48.674   4917.7    451.8
     1     1    10     3    19    17     0     1   -43.0   32.618   47.526   4991.6    513.3
     1     1    10     3    19    16     0     2   -44.0   32.130   46.439   5032.5    544.2
     1     1    10     3    19    15     0     3   -45.0   31.647   45.387   4906.5    555.9
     1     1    10     3    19    14     0     2   -46.0   31.101   44.388   4765.4    557.8
     1     1    10     3    19    13     0     1   -47.0   30.494   43.403   4738.7    545.6
     1     1    10     3    19    12     0     0   -48.0   29.872   42.460   4721.8    537.0
     1     1    10     3    19    11     0     1   -49.0   29.241   41.583   4620.2    532.0
     1     1    10     3    19    10     0     2   -50.0   28.643   40.785   4499.0    532.1
     1     1    10     3    19     9     0     3   -51.0   28.099   40.054   4338.9    533.6
     1     1    10     3    19     8     0     2   -52.0   27.597   39.373   4216.0    542.1
     1     1    10     3    19     7     0     1   -53.0   27.127   38.723   4108.4    545.5
     1     1    10     3    19     6     0     0   -54.0   26.693   38.106   4024.5    553.2
     1     1    10     3    19     5     0     1   -55.0   26.297   37.539   3977.5    579.5
     1     1    10     3    19     4     0     2   -56.0   25.946   37.035   3917.9    613.0
     1     1    10     3    19     3     0     3   -57.0   25.639   36.580   3820.9    633.7
     1     1    10     3    19     2     0     2   -58.0   25.362   36.151   3718.8    651.9
     1     1    10     3    19     1     0     1   -59.0   25.112   35.727   3608.9    661.6
     1     1    10     3    19     0     0     0   -60.0   24.909   35.281   3529.5    657.0
     1     1    10     3    18    23     0     1   -61.0   24.741   34.801   3483.3    645.7
     1     1    10     3    18    22     0     2   -62.0   24.596   34.279   3460.3    640.3
     1     1    10     3    18    21     0     3   -63.0   24.472   33.712   3488.3    643.3
     1     1    10     3    18    20     0     2   -64.0   24.349   33.140   3583.5    646.8
     1     1    10     3    18    19     0     1   -65.0   24.219   32.574   3676.3    631.8
     1     1    10     3    18    18     0     0   -66.0   24.094   31.991   3744.5    616.9
     1     1    10     3    18    17     0     1   -67.0   23.988   31.410   3819.9    618.9
     1     1    10     3    18    16     0     2   -68.0   23.909   30.853   3864.8    621.2
     1     1    10     3    18    15     0     3   -69.0   23.855   30.310   3865.8    621.9
     1     1    10     3    18    14     0     2   -70.0   23.820   29.769   3838.2    624.4
     1     1    10     3    18    13     0     1   -71.0   23.799   29.218   3803.8    624.6
     1     1    10     3    18    12     0     0   -72.0   23.790   28.654   3783.0    623.6
     1     1    10     3    18    11     0     1   -73.0   23.781   28.086   3780.8    620.5
     1     1    10     3    18    10     0     2   -74.0   23.758   27.517   3770.7    611.5
     1     1    10     3    18     9     0     3   -75.0   23.716   26.946   3750.0    603.2
     1     1    10     3    18     8     0     2   -76.0   23.664   26.376   3722.7    596.4
     1     1    10     3    18     7     0     1   -77.0   23.614   25.809   3698.8    594.4
     1     1    10     3    18     6     0     0   -78.0   23.583   25.256   3689.2    601.8
     1     1    10     3    18     5     0     1   -79.0   23.587   24.711   3684.8    610.2
     1     1    10     3    18     4     0     2   -80.0   23.625   24.162   3702.2    617.9
     1     1    10     3    18     3     0     3   -81.0   23.696   23.600   3736.4    618.6
     1     1    10     3    18     2     0     2   -82.0   23.788   23.024   3791.7    614.9
     1     1    10     3    18     1     0     1   -83.0   23.889   22.434   3858.1    608.9
     1     1    10     3    18     0     0     0   -84.0   24.004   21.828   3928.4    604.0
     1     1    10     3    17    23     0     1   -85.0   24.125   21.214   3998.1    597.3
     1     1    10     3    17    22     0     2   -86.0   24.241   20.594   4059.7    589.7
     1     1    10     3    17    21     0     3   -87.0   24.363   19.962   4117.2    582.6
     1     1    10     3    17    20     0     2   -88.0   24.485   19.328   4200.1    581.7
     1     1    10     3    17    19     0     1   -89.0   24.599   18.695   4294.8    578.7
     1     1    10     3    17    18     0     0   -90.0   24.709   18.059   4384.9    574.0
     1     1    10     3    17    17     0     1   -91.0   24.815   17.418   4450.0    568.5
     1     1    10     3    17    16     0     2   -92.0   24.911   16.769   4497.7    563.0
     1     1    10     3    17    15     0     3   -93.0   24.997   16.098   4529.6    552.6
     1     1    10     3    17    14     0     2   -94.0   25.081   15.412   4578.5    547.2
     1     1    10     3    17    13     0     1   -95.0   25.168   14.726   4618.2    543.2
     1     1    10     3    17    12     0     0   -96.0   25.253   14.036   4621.1    541.5
