     7     1
    GDAS    10     3    22     0     0
    GDAS    10     4     8     0     0
    GDAS    10     4    15     0     0
    GDAS    10     4    22     0     0
    GDAS    10     4    29     0     0
    GDAS    10     4     1     0     0
    GDAS    10     3    29     0     0
     1 BACKWARD OMEGA   
    10     4    26     6   39.977  116.381  1400.0
     1 PRESSURE
     1     1    10     4    26     6     0     0     0.0   39.977  116.381   1166.0    849.8
     1     1    10     4    26     5     0     1    -1.0   39.808  116.236   1138.8    851.6
     1     1    10     4    26     4     0     2    -2.0   39.682  116.110   1094.8    859.4
     1     1    10     4    26     3     0     3    -3.0   39.596  116.014   1052.8    866.5
     1     1    10     4    26     2     0     2    -4.0   39.563  115.911   1026.0    866.7
     1     1    10     4    26     1     0     1    -5.0   39.602  115.739   1017.9    855.2
     1     1    10     4    26     0     0     0    -6.0   39.723  115.456   1046.8    827.3
     1     1    10     4    25    23     0     1    -7.0   39.908  115.027   1097.2    770.0
     1     1    10     4    25    22     0     2    -8.0   40.068  114.524   1190.4    753.5
     1     1    10     4    25    21     0     3    -9.0   40.149  114.010   1335.2    739.3
     1     1    10     4    25    20     0     2   -10.0   40.202  113.487   1464.5    716.9
     1     1    10     4    25    19     0     1   -11.0   40.250  112.973   1522.4    705.3
     1     1    10     4    25    18     0     0   -12.0   40.272  112.480   1530.8    701.1
     1     1    10     4    25    17     0     1   -13.0   40.299  111.993   1504.3    699.0
     1     1    10     4    25    16     0     2   -14.0   40.365  111.523   1450.6    712.3
     1     1    10     4    25    15     0     3   -15.0   40.451  111.090   1372.9    724.6
     1     1    10     4    25    14     0     2   -16.0   40.554  110.687   1309.4    727.9
     1     1    10     4    25    13     0     1   -17.0   40.684  110.306   1283.2    724.6
     1     1    10     4    25    12     0     0   -18.0   40.831  109.956   1271.0    722.7
     1     1    10     4    25    11     0     1   -19.0   40.993  109.626   1275.5    732.1
     1     1    10     4    25    10     0     2   -20.0   41.181  109.298   1292.7    738.2
     1     1    10     4    25     9     0     3   -21.0   41.403  108.988   1282.8    740.9
     1     1    10     4    25     8     0     2   -22.0   41.652  108.681   1236.4    742.8
     1     1    10     4    25     7     0     1   -23.0   41.920  108.360   1168.4    743.4
     1     1    10     4    25     6     0     0   -24.0   42.203  108.042   1101.9    758.3
     1     1    10     4    25     5     0     1   -25.0   42.488  107.760   1030.4    777.0
     1     1    10     4    25     4     0     2   -26.0   42.783  107.544    953.4    795.2
     1     1    10     4    25     3     0     3   -27.0   43.110  107.399    900.6    803.5
     1     1    10     4    25     2     0     2   -28.0   43.494  107.286    883.5    797.7
     1     1    10     4    25     1     0     1   -29.0   43.939  107.169    892.6    785.6
     1     1    10     4    25     0     0     0   -30.0   44.419  107.071    901.3    786.2
     1     1    10     4    24    23     0     1   -31.0   44.906  107.025    902.6    793.2
     1     1    10     4    24    22     0     2   -32.0   45.400  107.032    915.5    783.9
     1     1    10     4    24    21     0     3   -33.0   45.915  107.094    993.4    763.6
     1     1    10     4    24    20     0     2   -34.0   46.440  107.183   1126.5    741.4
     1     1    10     4    24    19     0     1   -35.0   46.968  107.235   1255.0    724.0
     1     1    10     4    24    18     0     0   -36.0   47.512  107.231   1435.5    704.9
     1     1    10     4    24    17     0     1   -37.0   48.051  107.103   1762.0    670.9
     1     1    10     4    24    16     0     2   -38.0   48.533  106.855   2136.2    644.5
     1     1    10     4    24    15     0     3   -39.0   48.963  106.597   2418.3    644.7
     1     1    10     4    24    14     0     2   -40.0   49.354  106.332   2629.8    642.0
     1     1    10     4    24    13     0     1   -41.0   49.706  106.072   2730.7    641.1
     1     1    10     4    24    12     0     0   -42.0   50.018  105.838   2693.1    646.9
     1     1    10     4    24    11     0     1   -43.0   50.315  105.621   2631.1    653.9
     1     1    10     4    24    10     0     2   -44.0   50.611  105.358   2679.5    634.7
     1     1    10     4    24     9     0     3   -45.0   50.885  105.067   2811.2    602.6
     1     1    10     4    24     8     0     2   -46.0   51.131  104.762   2976.2    584.7
     1     1    10     4    24     7     0     1   -47.0   51.376  104.440   3122.6    587.6
     1     1    10     4    24     6     0     0   -48.0   51.632  104.111   3234.2    597.1
     1     1    10     4    24     5     0     1   -49.0   51.908  103.802   3326.5    604.9
     1     1    10     4    24     4     0     2   -50.0   52.198  103.523   3398.0    600.2
     1     1    10     4    24     3     0     3   -51.0   52.482  103.267   3465.4    595.9
     1     1    10     4    24     2     0     2   -52.0   52.768  103.011   3527.6    599.1
     1     1    10     4    24     1     0     1   -53.0   53.061  102.721   3577.7    603.6
     1     1    10     4    24     0     0     0   -54.0   53.350  102.384   3596.8    599.4
     1     1    10     4    23    23     0     1   -55.0   53.625  102.012   3590.1    598.8
     1     1    10     4    23    22     0     2   -56.0   53.886  101.621   3567.8    600.8
     1     1    10     4    23    21     0     3   -57.0   54.131  101.215   3568.8    604.6
     1     1    10     4    23    20     0     2   -58.0   54.360  100.807   3571.4    601.8
     1     1    10     4    23    19     0     1   -59.0   54.581  100.405   3557.5    601.0
     1     1    10     4    23    18     0     0   -60.0   54.795  100.005   3520.5    605.0
     1     1    10     4    23    17     0     1   -61.0   55.021   99.599   3459.3    610.6
     1     1    10     4    23    16     0     2   -62.0   55.275   99.169   3396.0    619.1
     1     1    10     4    23    15     0     3   -63.0   55.554   98.712   3340.8    627.7
     1     1    10     4    23    14     0     2   -64.0   55.846   98.243   3293.2    637.8
     1     1    10     4    23    13     0     1   -65.0   56.145   97.779   3238.7    648.1
     1     1    10     4    23    12     0     0   -66.0   56.454   97.318   3168.1    656.5
     1     1    10     4    23    11     0     1   -67.0   56.775   96.860   3096.5    665.2
     1     1    10     4    23    10     0     2   -68.0   57.111   96.403   3045.3    672.7
     1     1    10     4    23     9     0     3   -69.0   57.473   95.930   3026.3    671.1
     1     1    10     4    23     8     0     2   -70.0   57.859   95.440   3026.5    669.3
     1     1    10     4    23     7     0     1   -71.0   58.259   94.952   3019.0    671.0
     1     1    10     4    23     6     0     0   -72.0   58.671   94.455   2994.9    666.8
     1     1    10     4    23     5     0     1   -73.0   59.109   93.934   2956.5    660.9
     1     1    10     4    23     4     0     2   -74.0   59.592   93.371   2947.9    659.5
     1     1    10     4    23     3     0     3   -75.0   60.119   92.731   2990.4    654.7
     1     1    10     4    23     2     0     2   -76.0   60.670   92.052   3066.0    659.7
     1     1    10     4    23     1     0     1   -77.0   61.235   91.369   3137.2    657.6
     1     1    10     4    23     0     0     0   -78.0   61.804   90.654   3206.2    656.7
     1     1    10     4    22    23     0     1   -79.0   62.378   89.908   3257.1    652.6
     1     1    10     4    22    22     0     2   -80.0   62.972   89.137   3323.7    651.1
     1     1    10     4    22    21     0     3   -81.0   63.584   88.335   3365.9    649.6
     1     1    10     4    22    20     0     2   -82.0   64.189   87.512   3415.7    651.7
     1     1    10     4    22    19     0     1   -83.0   64.775   86.687   3489.3    646.5
     1     1    10     4    22    18     0     0   -84.0   65.344   85.826   3533.2    639.2
     1     1    10     4    22    17     0     1   -85.0   65.888   84.953   3577.6    636.9
     1     1    10     4    22    16     0     2   -86.0   66.397   84.063   3642.6    631.4
     1     1    10     4    22    15     0     3   -87.0   66.876   83.120   3722.9    624.2
     1     1    10     4    22    14     0     2   -88.0   67.335   82.110   3795.2    618.0
     1     1    10     4    22    13     0     1   -89.0   67.771   81.056   3843.2    613.9
     1     1    10     4    22    12     0     0   -90.0   68.183   79.965   3862.8    611.3
     1     1    10     4    22    11     0     1   -91.0   68.564   78.857   3877.3    610.8
     1     1    10     4    22    10     0     2   -92.0   68.913   77.751   3894.8    608.1
     1     1    10     4    22     9     0     3   -93.0   69.234   76.657   3910.9    607.3
     1     1    10     4    22     8     0     2   -94.0   69.537   75.576   3934.6    604.2
     1     1    10     4    22     7     0     1   -95.0   69.827   74.480   3979.5    600.4
     1     1    10     4    22     6     0     0   -96.0   70.104   73.353   4031.9    597.4
