     7     1
    GDAS    10     3    22     0     0
    GDAS    10     4     8     0     0
    GDAS    10     4    15     0     0
    GDAS    10     4    22     0     0
    GDAS    10     4    29     0     0
    GDAS    10     4     1     0     0
    GDAS    10     3    29     0     0
     1 BACKWARD OMEGA   
    10     4    25    12   39.977  116.381  6200.0
     1 PRESSURE
     1     1    10     4    25    12     0     0     0.0   39.977  116.381   5965.2    457.1
     1     1    10     4    25    11     0     1    -1.0   39.278  115.731   5689.8    479.1
     1     1    10     4    25    10     0     2    -2.0   38.719  115.000   5536.3    493.8
     1     1    10     4    25     9     0     3    -3.0   38.197  114.130   5229.4    481.5
     1     1    10     4    25     8     0     2    -4.0   37.664  113.148   4928.2    473.3
     1     1    10     4    25     7     0     1    -5.0   37.104  112.139   4829.1    473.4
     1     1    10     4    25     6     0     0    -6.0   36.617  111.139   4838.3    480.9
     1     1    10     4    25     5     0     1    -7.0   36.227  110.175   4850.2    479.1
     1     1    10     4    25     4     0     2    -8.0   35.858  109.311   4813.9    475.3
     1     1    10     4    25     3     0     3    -9.0   35.524  108.614   4696.5    483.2
     1     1    10     4    25     2     0     2   -10.0   35.281  108.016   4587.1    491.2
     1     1    10     4    25     1     0     1   -11.0   35.103  107.473   4506.2    488.1
     1     1    10     4    25     0     0     0   -12.0   34.976  107.010   4409.4    488.4
     1     1    10     4    24    23     0     1   -13.0   34.877  106.605   4329.2    488.6
     1     1    10     4    24    22     0     2   -14.0   34.764  106.234   4286.4    483.3
     1     1    10     4    24    21     0     3   -15.0   34.672  105.929   4234.7    484.3
     1     1    10     4    24    20     0     2   -16.0   34.612  105.677   4118.1    486.5
     1     1    10     4    24    19     0     1   -17.0   34.604  105.470   3906.4    496.8
     1     1    10     4    24    18     0     0   -18.0   34.675  105.331   3611.6    514.8
     1     1    10     4    24    17     0     1   -19.0   34.828  105.226   3346.5    539.6
     1     1    10     4    24    16     0     2   -20.0   35.028  105.094   3175.8    551.2
     1     1    10     4    24    15     0     3   -21.0   35.248  104.932   3014.4    552.9
     1     1    10     4    24    14     0     2   -22.0   35.453  104.721   2797.9    558.1
     1     1    10     4    24    13     0     1   -23.0   35.612  104.482   2575.5    574.1
     1     1    10     4    24    12     0     0   -24.0   35.739  104.240   2522.3    582.9
     1     1    10     4    24    11     0     1   -25.0   35.862  103.977   2604.1    568.5
     1     1    10     4    24    10     0     2   -26.0   35.959  103.741   2648.7    564.1
     1     1    10     4    24     9     0     3   -27.0   35.995  103.572   2557.6    567.7
     1     1    10     4    24     8     0     2   -28.0   36.004  103.451   2452.1    586.8
     1     1    10     4    24     7     0     1   -29.0   36.039  103.281   2466.6    582.6
     1     1    10     4    24     6     0     0   -30.0   36.095  103.028   2591.7    567.7
     1     1    10     4    24     5     0     1   -31.0   36.148  102.666   2697.3    530.3
     1     1    10     4    24     4     0     2   -32.0   36.184  102.233   2702.0    509.1
     1     1    10     4    24     3     0     3   -33.0   36.225  101.733   2748.6    497.3
     1     1    10     4    24     2     0     2   -34.0   36.274  101.164   2857.8    482.4
     1     1    10     4    24     1     0     1   -35.0   36.313  100.547   2910.0    468.7
     1     1    10     4    24     0     0     0   -36.0   36.364   99.892   2931.5    458.3
     1     1    10     4    23    23     0     1   -37.0   36.418   99.178   2967.9    430.7
     1     1    10     4    23    22     0     2   -38.0   36.471   98.424   3099.1    430.7
     1     1    10     4    23    21     0     3   -39.0   36.551   97.736   3147.0    440.7
     1     1    10     4    23    20     0     2   -40.0   36.636   97.152   3077.5    457.4
     1     1    10     4    23    19     0     1   -41.0   36.720   96.670   2974.8    474.2
     1     1    10     4    23    18     0     0   -42.0   36.831   96.246   2934.0    483.2
     1     1    10     4    23    17     0     1   -43.0   36.966   95.877   2959.1    491.7
     1     1    10     4    23    16     0     2   -44.0   37.106   95.536   2977.4    487.6
     1     1    10     4    23    15     0     3   -45.0   37.251   95.175   2989.7    482.9
     1     1    10     4    23    14     0     2   -46.0   37.404   94.774   3005.1    481.9
     1     1    10     4    23    13     0     1   -47.0   37.555   94.345   3047.5    487.1
     1     1    10     4    23    12     0     0   -48.0   37.703   93.894   3123.5    491.8
     1     1    10     4    23    11     0     1   -49.0   37.847   93.420   3159.6    484.1
     1     1    10     4    23    10     0     2   -50.0   37.977   92.936   3162.7    482.6
     1     1    10     4    23     9     0     3   -51.0   38.076   92.445   3226.6    486.5
     1     1    10     4    23     8     0     2   -52.0   38.140   91.941   3365.5    476.4
     1     1    10     4    23     7     0     1   -53.0   38.186   91.448   3451.3    453.3
     1     1    10     4    23     6     0     0   -54.0   38.226   90.972   3475.9    437.2
     1     1    10     4    23     5     0     1   -55.0   38.264   90.523   3472.1    433.5
     1     1    10     4    23     4     0     2   -56.0   38.294   90.103   3455.2    431.1
     1     1    10     4    23     3     0     3   -57.0   38.318   89.707   3442.7    431.3
     1     1    10     4    23     2     0     2   -58.0   38.335   89.334   3439.8    431.3
     1     1    10     4    23     1     0     1   -59.0   38.333   88.978   3445.0    430.5
     1     1    10     4    23     0     0     0   -60.0   38.307   88.643   3488.7    433.3
     1     1    10     4    22    23     0     1   -61.0   38.264   88.327   3524.6    430.8
     1     1    10     4    22    22     0     2   -62.0   38.207   88.014   3527.6    427.2
     1     1    10     4    22    21     0     3   -63.0   38.136   87.694   3488.4    428.8
     1     1    10     4    22    20     0     2   -64.0   38.076   87.384   3421.3    439.5
     1     1    10     4    22    19     0     1   -65.0   38.039   87.106   3375.2    450.7
     1     1    10     4    22    18     0     0   -66.0   38.013   86.869   3376.5    466.0
     1     1    10     4    22    17     0     1   -67.0   37.997   86.662   3439.2    481.1
     1     1    10     4    22    16     0     2   -68.0   37.996   86.477   3556.4    491.4
     1     1    10     4    22    15     0     3   -69.0   38.017   86.320   3712.0    498.2
     1     1    10     4    22    14     0     2   -70.0   38.070   86.178   3854.9    502.4
     1     1    10     4    22    13     0     1   -71.0   38.158   86.045   3944.1    512.2
     1     1    10     4    22    12     0     0   -72.0   38.270   85.918   3968.2    519.7
     1     1    10     4    22    11     0     1   -73.0   38.371   85.793   3975.5    527.4
     1     1    10     4    22    10     0     2   -74.0   38.438   85.651   4007.9    529.2
     1     1    10     4    22     9     0     3   -75.0   38.475   85.486   4068.9    528.3
     1     1    10     4    22     8     0     2   -76.0   38.493   85.311   4138.7    524.8
     1     1    10     4    22     7     0     1   -77.0   38.502   85.145   4193.0    523.6
     1     1    10     4    22     6     0     0   -78.0   38.502   84.991   4230.9    522.9
     1     1    10     4    22     5     0     1   -79.0   38.490   84.837   4241.2    521.3
     1     1    10     4    22     4     0     2   -80.0   38.464   84.668   4224.0    521.8
     1     1    10     4    22     3     0     3   -81.0   38.423   84.480   4181.1    523.9
     1     1    10     4    22     2     0     2   -82.0   38.363   84.293   4135.6    527.4
     1     1    10     4    22     1     0     1   -83.0   38.281   84.117   4112.1    527.8
     1     1    10     4    22     0     0     0   -84.0   38.177   83.939   4117.5    526.3
     1     1    10     4    21    23     0     1   -85.0   38.079   83.761   4135.1    522.8
     1     1    10     4    21    22     0     2   -86.0   38.004   83.603   4138.7    522.0
     1     1    10     4    21    21     0     3   -87.0   37.947   83.473   4120.0    520.8
     1     1    10     4    21    20     0     2   -88.0   37.903   83.370   4114.0    521.8
     1     1    10     4    21    19     0     1   -89.0   37.873   83.281   4140.7    519.5
     1     1    10     4    21    18     0     0   -90.0   37.860   83.195   4192.6    516.4
     1     1    10     4    21    17     0     1   -91.0   37.875   83.081   4259.5    513.0
     1     1    10     4    21    16     0     2   -92.0   37.925   82.923   4335.0    510.5
     1     1    10     4    21    15     0     3   -93.0   38.006   82.721   4418.4    507.1
     1     1    10     4    21    14     0     2   -94.0   38.105   82.473   4489.0    502.4
     1     1    10     4    21    13     0     1   -95.0   38.208   82.187   4534.8    500.5
     1     1    10     4    21    12     0     0   -96.0   38.312   81.874   4566.1    499.5
