     5     1
    GDAS    10     3     1     0     0
    GDAS    10     3     8     0     0
    GDAS    10     3    15     0     0
    GDAS    10     3    22     0     0
    GDAS    10     3    29     0     0
     1 BACKWARD OMEGA   
    10     3    21    18   39.977  116.381  9200.0
     1 PRESSURE
     1     1    10     3    21    18     0     0     0.0   39.977  116.381   8954.3    298.4
     1     1    10     3    21    17     0     1    -1.0   40.005  114.200   8698.2    269.7
     1     1    10     3    21    16     0     2    -2.0   40.075  111.918   8808.2    255.3
     1     1    10     3    21    15     0     3    -3.0   40.076  109.666   8758.0    261.6
     1     1    10     3    21    14     0     2    -4.0   40.047  107.520   8696.0    267.0
     1     1    10     3    21    13     0     1    -5.0   40.029  105.467   8774.9    265.3
     1     1    10     3    21    12     0     0    -6.0   39.936  103.386   8631.5    263.7
     1     1    10     3    21    11     0     1    -7.0   39.907  101.423   8579.5    271.2
     1     1    10     3    21    10     0     2    -8.0   40.003   99.488   8669.5    270.7
     1     1    10     3    21     9     0     3    -9.0   40.099   97.534   8657.9    248.8
     1     1    10     3    21     8     0     2   -10.0   40.164   95.560   8701.3    248.1
     1     1    10     3    21     7     0     1   -11.0   40.258   93.608   9046.4    259.6
     1     1    10     3    21     6     0     0   -12.0   40.401   91.629   9095.9    265.4
     1     1    10     3    21     5     0     1   -13.0   40.546   89.630   9134.1    261.7
     1     1    10     3    21     4     0     2   -14.0   40.627   87.593   8952.1    270.8
     1     1    10     3    21     3     0     3   -15.0   40.705   85.538   8893.2    277.2
     1     1    10     3    21     2     0     2   -16.0   40.841   83.409   8889.2    274.2
     1     1    10     3    21     1     0     1   -17.0   40.926   81.179   8964.4    267.1
     1     1    10     3    21     0     0     0   -18.0   41.081   78.796   8507.5    228.3
     1     1    10     3    20    23     0     1   -19.0   41.290   76.102   8207.7    217.6
     1     1    10     3    20    22     0     2   -20.0   41.303   73.258   8632.6    246.2
     1     1    10     3    20    21     0     3   -21.0   41.059   70.690   8556.5    265.8
     1     1    10     3    20    20     0     2   -22.0   40.790   68.297   8763.6    306.5
     1     1    10     3    20    19     0     1   -23.0   40.486   66.029   8599.4    307.8
     1     1    10     3    20    18     0     0   -24.0   40.110   63.832   8585.0    321.7
     1     1    10     3    20    17     0     1   -25.0   39.734   61.728   8496.3    329.1
     1     1    10     3    20    16     0     2   -26.0   39.313   59.624   8484.5    331.7
     1     1    10     3    20    15     0     3   -27.0   38.765   57.655   8272.2    335.8
     1     1    10     3    20    14     0     2   -28.0   38.250   55.706   8089.8    343.3
     1     1    10     3    20    13     0     1   -29.0   37.721   53.966   8120.7    355.8
     1     1    10     3    20    12     0     0   -30.0   37.068   52.317   8207.7    362.7
     1     1    10     3    20    11     0     1   -31.0   36.354   50.428   7756.4    313.7
     1     1    10     3    20    10     0     2   -32.0   35.584   48.463   7385.5    304.3
     1     1    10     3    20     9     0     3   -33.0   34.772   46.532   7335.4    324.7
     1     1    10     3    20     8     0     2   -34.0   34.011   44.942   7675.9    380.5
     1     1    10     3    20     7     0     1   -35.0   33.289   43.549   7607.9    380.8
     1     1    10     3    20     6     0     0   -36.0   32.567   42.163   7401.3    378.9
     1     1    10     3    20     5     0     1   -37.0   31.811   40.732   7153.4    373.4
     1     1    10     3    20     4     0     2   -38.0   31.045   39.303   6892.3    379.4
     1     1    10     3    20     3     0     3   -39.0   30.358   37.945   6690.8    398.5
     1     1    10     3    20     2     0     2   -40.0   29.751   36.603   6447.9    398.4
     1     1    10     3    20     1     0     1   -41.0   29.207   35.311   6349.6    407.1
     1     1    10     3    20     0     0     0   -42.0   28.767   34.087   6347.3    415.6
     1     1    10     3    19    23     0     1   -43.0   28.430   32.968   6474.6    431.5
     1     1    10     3    19    22     0     2   -44.0   28.147   31.928   6426.5    423.2
     1     1    10     3    19    21     0     3   -45.0   27.924   30.945   6578.4    440.4
     1     1    10     3    19    20     0     2   -46.0   27.766   30.024   6647.6    434.0
     1     1    10     3    19    19     0     1   -47.0   27.651   29.132   6759.9    425.4
     1     1    10     3    19    18     0     0   -48.0   27.575   28.268   6901.0    416.9
     1     1    10     3    19    17     0     1   -49.0   27.538   27.423   7036.5    409.9
     1     1    10     3    19    16     0     2   -50.0   27.536   26.614   7118.8    406.0
     1     1    10     3    19    15     0     3   -51.0   27.565   25.851   7184.4    402.1
     1     1    10     3    19    14     0     2   -52.0   27.611   25.130   7253.0    399.3
     1     1    10     3    19    13     0     1   -53.0   27.664   24.452   7315.7    395.8
     1     1    10     3    19    12     0     0   -54.0   27.724   23.816   7384.6    392.2
     1     1    10     3    19    11     0     1   -55.0   27.792   23.233   7469.3    389.7
     1     1    10     3    19    10     0     2   -56.0   27.863   22.701   7559.9    385.9
     1     1    10     3    19     9     0     3   -57.0   27.929   22.199   7657.3    380.8
     1     1    10     3    19     8     0     2   -58.0   27.996   21.709   7754.5    375.0
     1     1    10     3    19     7     0     1   -59.0   28.079   21.221   7840.0    370.3
     1     1    10     3    19     6     0     0   -60.0   28.176   20.730   7905.5    366.2
     1     1    10     3    19     5     0     1   -61.0   28.287   20.240   7970.9    361.9
     1     1    10     3    19     4     0     2   -62.0   28.415   19.758   8055.1    356.4
     1     1    10     3    19     3     0     3   -63.0   28.556   19.299   8146.3    351.0
     1     1    10     3    19     2     0     2   -64.0   28.707   18.881   8238.1    346.6
     1     1    10     3    19     1     0     1   -65.0   28.870   18.514   8344.8    340.9
     1     1    10     3    19     0     0     0   -66.0   29.050   18.198   8482.3    333.9
     1     1    10     3    18    23     0     1   -67.0   29.239   17.874   8618.8    325.4
     1     1    10     3    18    22     0     2   -68.0   29.427   17.509   8734.4    318.9
     1     1    10     3    18    21     0     3   -69.0   29.612   17.126   8832.3    313.4
     1     1    10     3    18    20     0     2   -70.0   29.785   16.758   8917.9    308.4
     1     1    10     3    18    19     0     1   -71.0   29.936   16.427   8999.5    304.3
     1     1    10     3    18    18     0     0   -72.0   30.071   16.116   9086.0    300.9
     1     1    10     3    18    17     0     1   -73.0   30.195   15.797   9169.8    297.7
     1     1    10     3    18    16     0     2   -74.0   30.313   15.461   9236.8    295.4
     1     1    10     3    18    15     0     3   -75.0   30.424   15.122   9282.1    293.8
     1     1    10     3    18    14     0     2   -76.0   30.524   14.764   9297.6    292.5
     1     1    10     3    18    13     0     1   -77.0   30.610   14.367   9297.9    290.7
     1     1    10     3    18    12     0     0   -78.0   30.676   13.940   9286.6    288.9
     1     1    10     3    18    11     0     1   -79.0   30.726   13.485   9251.5    286.6
     1     1    10     3    18    10     0     2   -80.0   30.759   12.996   9205.7    284.4
     1     1    10     3    18     9     0     3   -81.0   30.759   12.465   9187.0    283.8
     1     1    10     3    18     8     0     2   -82.0   30.730   11.900   9145.7    283.5
     1     1    10     3    18     7     0     1   -83.0   30.692   11.326   9076.3    288.2
     1     1    10     3    18     6     0     0   -84.0   30.646   10.752   8969.7    296.1
     1     1    10     3    18     5     0     1   -85.0   30.597   10.173   8870.7    306.3
     1     1    10     3    18     4     0     2   -86.0   30.565    9.577   8787.9    312.2
     1     1    10     3    18     3     0     3   -87.0   30.563    8.977   8711.6    317.3
     1     1    10     3    18     2     0     2   -88.0   30.592    8.376   8613.6    322.7
     1     1    10     3    18     1     0     1   -89.0   30.649    7.776   8488.7    331.3
     1     1    10     3    18     0     0     0   -90.0   30.732    7.190   8354.9    340.0
     1     1    10     3    17    23     0     1   -91.0   30.844    6.610   8224.8    348.3
     1     1    10     3    17    22     0     2   -92.0   30.978    6.005   8132.1    352.8
     1     1    10     3    17    21     0     3   -93.0   31.149    5.365   8097.1    354.9
     1     1    10     3    17    20     0     2   -94.0   31.382    4.695   8074.0    352.5
     1     1    10     3    17    19     0     1   -95.0   31.662    3.999   8023.3    349.6
     1     1    10     3    17    18     0     0   -96.0   32.005    3.251   7922.7    343.4
