     5     1
    GDAS    10     3     1     0     0
    GDAS    10     3     8     0     0
    GDAS    10     3    15     0     0
    GDAS    10     3    22     0     0
    GDAS    10     3    29     0     0
     1 BACKWARD OMEGA   
    10     3    18     6   39.977  116.381  3600.0
     1 PRESSURE
     1     1    10     3    18     6     0     0     0.0   39.977  116.381   3360.0    644.2
     1     1    10     3    18     5     0     1    -1.0   40.400  115.583   3339.5    590.8
     1     1    10     3    18     4     0     2    -2.0   40.959  114.725   3382.3    553.4
     1     1    10     3    18     3     0     3    -3.0   41.526  113.863   3406.1    546.9
     1     1    10     3    18     2     0     2    -4.0   42.100  113.006   3416.1    548.8
     1     1    10     3    18     1     0     1    -5.0   42.678  112.155   3426.8    564.1
     1     1    10     3    18     0     0     0    -6.0   43.206  111.330   3409.1    574.5
     1     1    10     3    17    23     0     1    -7.0   43.705  110.501   3358.2    581.6
     1     1    10     3    17    22     0     2    -8.0   44.175  109.658   3288.2    595.1
     1     1    10     3    17    21     0     3    -9.0   44.616  108.783   3194.0    592.7
     1     1    10     3    17    20     0     2   -10.0   45.051  107.891   3135.1    592.6
     1     1    10     3    17    19     0     1   -11.0   45.498  106.982   3084.6    583.9
     1     1    10     3    17    18     0     0   -12.0   45.942  106.030   3047.7    574.9
     1     1    10     3    17    17     0     1   -13.0   46.380  105.079   3056.8    572.8
     1     1    10     3    17    16     0     2   -14.0   46.799  104.156   3069.0    561.2
     1     1    10     3    17    15     0     3   -15.0   47.185  103.213   3084.3    555.8
     1     1    10     3    17    14     0     2   -16.0   47.574  102.233   3088.2    549.8
     1     1    10     3    17    13     0     1   -17.0   47.994  101.215   3103.5    538.2
     1     1    10     3    17    12     0     0   -18.0   48.407  100.099   3062.1    527.5
     1     1    10     3    17    11     0     1   -19.0   48.793   98.896   2988.3    526.5
     1     1    10     3    17    10     0     2   -20.0   49.099   97.719   2948.7    538.9
     1     1    10     3    17     9     0     3   -21.0   49.303   96.574   2903.4    543.3
     1     1    10     3    17     8     0     2   -22.0   49.432   95.451   2796.0    576.6
     1     1    10     3    17     7     0     1   -23.0   49.509   94.479   2674.3    615.0
     1     1    10     3    17     6     0     0   -24.0   49.531   93.666   2639.2    634.2
     1     1    10     3    17     5     0     1   -25.0   49.541   92.911   2772.8    633.5
     1     1    10     3    17     4     0     2   -26.0   49.652   91.967   2912.0    584.0
     1     1    10     3    17     3     0     3   -27.0   49.864   90.829   2947.0    531.1
     1     1    10     3    17     2     0     2   -28.0   50.065   89.595   2816.0    524.6
     1     1    10     3    17     1     0     1   -29.0   50.201   88.225   2681.2    538.8
     1     1    10     3    17     0     0     0   -30.0   50.260   86.904   2575.4    561.5
     1     1    10     3    16    23     0     1   -31.0   50.245   85.743   2539.5    592.1
     1     1    10     3    16    22     0     2   -32.0   50.189   84.754   2458.8    621.4
     1     1    10     3    16    21     0     3   -33.0   50.127   83.921   2427.1    650.6
     1     1    10     3    16    20     0     2   -34.0   50.027   83.216   2459.6    676.2
     1     1    10     3    16    19     0     1   -35.0   49.871   82.599   2454.4    692.1
     1     1    10     3    16    18     0     0   -36.0   49.690   82.063   2349.5    709.0
     1     1    10     3    16    17     0     1   -37.0   49.513   81.601   2200.4    727.2
     1     1    10     3    16    16     0     2   -38.0   49.353   81.160   2098.0    733.6
     1     1    10     3    16    15     0     3   -39.0   49.197   80.761   2003.4    737.0
     1     1    10     3    16    14     0     2   -40.0   49.048   80.419   1901.2    746.0
     1     1    10     3    16    13     0     1   -41.0   48.920   80.074   1807.5    753.5
     1     1    10     3    16    12     0     0   -42.0   48.797   79.692   1687.1    757.6
     1     1    10     3    16    11     0     1   -43.0   48.657   79.263   1512.9    770.6
     1     1    10     3    16    10     0     2   -44.0   48.499   78.859   1326.2    789.0
     1     1    10     3    16     9     0     3   -45.0   48.313   78.543   1158.5    807.3
     1     1    10     3    16     8     0     2   -46.0   48.092   78.333   1001.2    824.6
     1     1    10     3    16     7     0     1   -47.0   47.835   78.250    843.9    846.1
     1     1    10     3    16     6     0     0   -48.0   47.543   78.273    691.2    867.1
     1     1    10     3    16     5     0     1   -49.0   47.260   78.374    540.8    888.8
     1     1    10     3    16     4     0     2   -50.0   47.039   78.597    382.8    913.7
     1     1    10     3    16     3     0     3   -51.0   46.911   78.918    232.5    941.6
     1     1    10     3    16     2     0     2   -52.0   46.862   79.235    138.8    959.8
     1     1    10     3    16     1     0     1   -53.0   46.841   79.563    104.2    963.0
     1     1    10     3    16     0     0     0   -54.0   46.822   79.930    113.0    962.5
     1     1    10     3    15    23     0     1   -55.0   46.791   80.334    164.2    948.9
     1     1    10     3    15    22     0     2   -56.0   46.735   80.723    244.2    927.2
     1     1    10     3    15    21     0     3   -57.0   46.659   81.018    323.3    907.5
     1     1    10     3    15    20     0     2   -58.0   46.570   81.194    394.2    896.1
     1     1    10     3    15    19     0     1   -59.0   46.472   81.260    472.4    886.2
     1     1    10     3    15    18     0     0   -60.0   46.366   81.223    571.3    876.8
     1     1    10     3    15    17     0     1   -61.0   46.257   81.048    686.7    862.7
     1     1    10     3    15    16     0     2   -62.0   46.144   80.736    768.9    855.9
     1     1    10     3    15    15     0     3   -63.0   46.028   80.382    735.7    864.5
     1     1    10     3    15    14     0     2   -64.0   45.943   80.052    639.3    878.6
     1     1    10     3    15    13     0     1   -65.0   45.883   79.696    555.2    884.0
     1     1    10     3    15    12     0     0   -66.0   45.810   79.281    529.8    883.2
     1     1    10     3    15    11     0     1   -67.0   45.697   78.847    578.6    875.9
     1     1    10     3    15    10     0     2   -68.0   45.556   78.431    660.7    871.4
     1     1    10     3    15     9     0     3   -69.0   45.415   78.053    721.2    882.8
     1     1    10     3    15     8     0     2   -70.0   45.291   77.689    746.2    886.4
     1     1    10     3    15     7     0     1   -71.0   45.197   77.296    755.8    889.3
     1     1    10     3    15     6     0     0   -72.0   45.133   76.864    768.9    891.4
     1     1    10     3    15     5     0     1   -73.0   45.102   76.385    786.6    888.7
     1     1    10     3    15     4     0     2   -74.0   45.113   75.845    813.7    885.3
     1     1    10     3    15     3     0     3   -75.0   45.180   75.236    844.2    875.4
     1     1    10     3    15     2     0     2   -76.0   45.275   74.566    863.1    871.7
     1     1    10     3    15     1     0     1   -77.0   45.354   73.836    874.7    870.0
     1     1    10     3    15     0     0     0   -78.0   45.412   73.028    904.0    858.2
     1     1    10     3    14    23     0     1   -79.0   45.480   72.186    951.6    860.6
     1     1    10     3    14    22     0     2   -80.0   45.569   71.348    992.9    859.8
     1     1    10     3    14    21     0     3   -81.0   45.661   70.502   1034.1    858.2
     1     1    10     3    14    20     0     2   -82.0   45.743   69.695   1076.1    856.7
     1     1    10     3    14    19     0     1   -83.0   45.837   68.961   1113.0    857.2
     1     1    10     3    14    18     0     0   -84.0   45.963   68.279   1149.4    853.5
     1     1    10     3    14    17     0     1   -85.0   46.120   67.616   1188.4    847.9
     1     1    10     3    14    16     0     2   -86.0   46.319   66.979   1211.2    844.4
     1     1    10     3    14    15     0     3   -87.0   46.560   66.378   1217.9    843.0
     1     1    10     3    14    14     0     2   -88.0   46.806   65.777   1223.4    844.3
     1     1    10     3    14    13     0     1   -89.0   47.052   65.171   1259.8    849.3
     1     1    10     3    14    12     0     0   -90.0   47.311   64.582   1311.5    842.6
     1     1    10     3    14    11     0     1   -91.0   47.550   64.045   1327.6    838.4
     1     1    10     3    14    10     0     2   -92.0   47.751   63.590   1305.0    845.0
     1     1    10     3    14     9     0     3   -93.0   47.932   63.200   1268.6    852.3
     1     1    10     3    14     8     0     2   -94.0   48.092   62.866   1247.2    857.5
     1     1    10     3    14     7     0     1   -95.0   48.217   62.581   1256.7    854.3
     1     1    10     3    14     6     0     0   -96.0   48.311   62.337   1283.3    848.7
