     7     1
    GDAS    10     3    22     0     0
    GDAS    10     4     8     0     0
    GDAS    10     4    15     0     0
    GDAS    10     4    22     0     0
    GDAS    10     4    29     0     0
    GDAS    10     4     1     0     0
    GDAS    10     3    29     0     0
     1 BACKWARD OMEGA   
    10     4     7    18   39.977  116.381  1200.0
     1 PRESSURE
     1     1    10     4     7    18     0     0     0.0   39.977  116.381    964.7    876.5
     1     1    10     4     7    17     0     1    -1.0   39.651  115.998    817.4    896.6
     1     1    10     4     7    16     0     2    -2.0   39.286  115.593    754.5    899.5
     1     1    10     4     7    15     0     3    -3.0   38.901  115.211    683.1    910.1
     1     1    10     4     7    14     0     2    -4.0   38.494  114.918    575.5    931.7
     1     1    10     4     7    13     0     1    -5.0   38.085  114.634    576.6    934.1
     1     1    10     4     7    12     0     0    -6.0   37.757  114.236    726.7    887.8
     1     1    10     4     7    11     0     1    -7.0   37.555  113.776    883.1    828.9
     1     1    10     4     7    10     0     2    -8.0   37.376  113.347    932.1    798.6
     1     1    10     4     7     9     0     3    -9.0   37.200  112.937    905.9    780.8
     1     1    10     4     7     8     0     2   -10.0   37.028  112.573    900.5    789.6
     1     1    10     4     7     7     0     1   -11.0   36.848  112.291    935.8    795.0
     1     1    10     4     7     6     0     0   -12.0   36.662  112.073    981.5    799.2
     1     1    10     4     7     5     0     1   -13.0   36.482  111.897   1018.8    803.0
     1     1    10     4     7     4     0     2   -14.0   36.328  111.748   1052.2    803.3
     1     1    10     4     7     3     0     3   -15.0   36.204  111.626   1080.9    803.8
     1     1    10     4     7     2     0     2   -16.0   36.113  111.526   1099.8    803.3
     1     1    10     4     7     1     0     1   -17.0   36.056  111.440   1103.4    804.3
     1     1    10     4     7     0     0     0   -18.0   36.031  111.367   1098.2    805.2
     1     1    10     4     6    23     0     1   -19.0   36.022  111.303   1085.9    805.7
     1     1    10     4     6    22     0     2   -20.0   36.015  111.246   1062.1    807.3
     1     1    10     4     6    21     0     3   -21.0   36.006  111.201   1021.1    810.7
     1     1    10     4     6    20     0     2   -22.0   35.998  111.164    961.1    817.0
     1     1    10     4     6    19     0     1   -23.0   36.000  111.133    880.2    825.2
     1     1    10     4     6    18     0     0   -24.0   36.011  111.114    775.6    835.6
     1     1    10     4     6    17     0     1   -25.0   36.035  111.106    678.7    847.8
     1     1    10     4     6    16     0     2   -26.0   36.082  111.101    625.2    852.5
     1     1    10     4     6    15     0     3   -27.0   36.161  111.093    625.0    850.5
     1     1    10     4     6    14     0     2   -28.0   36.266  111.065    683.8    840.7
     1     1    10     4     6    13     0     1   -29.0   36.389  110.997    803.7    824.0
     1     1    10     4     6    12     0     0   -30.0   36.523  110.886    969.6    801.6
     1     1    10     4     6    11     0     1   -31.0   36.656  110.740   1119.4    780.8
     1     1    10     4     6    10     0     2   -32.0   36.779  110.584   1216.6    771.0
     1     1    10     4     6     9     0     3   -33.0   36.898  110.436   1269.2    767.9
     1     1    10     4     6     8     0     2   -34.0   37.021  110.301   1302.5    769.5
     1     1    10     4     6     7     0     1   -35.0   37.160  110.174   1343.4    769.1
     1     1    10     4     6     6     0     0   -36.0   37.316  110.046   1400.0    766.9
     1     1    10     4     6     5     0     1   -37.0   37.501  109.902   1472.9    757.6
     1     1    10     4     6     4     0     2   -38.0   37.720  109.712   1574.3    742.6
     1     1    10     4     6     3     0     3   -39.0   37.959  109.447   1714.1    723.5
     1     1    10     4     6     2     0     2   -40.0   38.211  109.110   1850.6    696.8
     1     1    10     4     6     1     0     1   -41.0   38.472  108.733   1943.2    681.1
     1     1    10     4     6     0     0     0   -42.0   38.737  108.330   1976.1    674.0
     1     1    10     4     5    23     0     1   -43.0   38.998  107.918   1965.3    675.3
     1     1    10     4     5    22     0     2   -44.0   39.243  107.533   1957.8    683.7
     1     1    10     4     5    21     0     3   -45.0   39.463  107.193   1976.1    687.4
     1     1    10     4     5    20     0     2   -46.0   39.656  106.882   2037.7    685.2
     1     1    10     4     5    19     0     1   -47.0   39.835  106.580   2147.3    679.0
     1     1    10     4     5    18     0     0   -48.0   40.017  106.285   2288.9    672.9
     1     1    10     4     5    17     0     1   -49.0   40.223  105.995   2399.6    657.4
     1     1    10     4     5    16     0     2   -50.0   40.473  105.689   2458.8    643.2
     1     1    10     4     5    15     0     3   -51.0   40.765  105.354   2506.0    639.6
     1     1    10     4     5    14     0     2   -52.0   41.077  105.008   2562.9    644.8
     1     1    10     4     5    13     0     1   -53.0   41.401  104.662   2604.3    639.4
     1     1    10     4     5    12     0     0   -54.0   41.749  104.312   2655.6    634.9
     1     1    10     4     5    11     0     1   -55.0   42.135  103.933   2744.6    624.5
     1     1    10     4     5    10     0     2   -56.0   42.556  103.456   2878.9    604.9
     1     1    10     4     5     9     0     3   -57.0   42.991  102.873   3037.8    586.6
     1     1    10     4     5     8     0     2   -58.0   43.422  102.249   3187.7    570.0
     1     1    10     4     5     7     0     1   -59.0   43.855  101.622   3378.2    571.5
     1     1    10     4     5     6     0     0   -60.0   44.285  100.992   3515.8    555.1
     1     1    10     4     5     5     0     1   -61.0   44.709  100.336   3552.6    528.1
     1     1    10     4     5     4     0     2   -62.0   45.137   99.637   3573.1    506.4
     1     1    10     4     5     3     0     3   -63.0   45.576   98.929   3665.4    502.1
     1     1    10     4     5     2     0     2   -64.0   46.021   98.224   3807.9    502.7
     1     1    10     4     5     1     0     1   -65.0   46.463   97.503   3790.3    476.2
     1     1    10     4     5     0     0     0   -66.0   46.897   96.760   3825.6    474.7
     1     1    10     4     4    23     0     1   -67.0   47.323   96.039   3891.8    474.3
     1     1    10     4     4    22     0     2   -68.0   47.746   95.359   3954.5    480.8
     1     1    10     4     4    21     0     3   -69.0   48.156   94.720   4012.3    489.6
     1     1    10     4     4    20     0     2   -70.0   48.561   94.113   4105.6    501.8
     1     1    10     4     4    19     0     1   -71.0   48.979   93.532   4201.2    505.4
     1     1    10     4     4    18     0     0   -72.0   49.406   92.990   4269.5    516.8
     1     1    10     4     4    17     0     1   -73.0   49.860   92.459   4231.2    511.0
     1     1    10     4     4    16     0     2   -74.0   50.363   91.881   4137.2    489.9
     1     1    10     4     4    15     0     3   -75.0   50.907   91.261   4134.6    496.6
     1     1    10     4     4    14     0     2   -76.0   51.470   90.572   4137.8    483.9
     1     1    10     4     4    13     0     1   -77.0   52.023   89.807   4155.4    480.2
     1     1    10     4     4    12     0     0   -78.0   52.548   89.029   4197.6    512.2
     1     1    10     4     4    11     0     1   -79.0   53.038   88.249   4261.7    542.2
     1     1    10     4     4    10     0     2   -80.0   53.491   87.428   4328.9    551.7
     1     1    10     4     4     9     0     3   -81.0   53.918   86.575   4342.4    556.0
     1     1    10     4     4     8     0     2   -82.0   54.341   85.716   4289.7    562.6
     1     1    10     4     4     7     0     1   -83.0   54.751   84.837   4224.6    574.1
     1     1    10     4     4     6     0     0   -84.0   55.148   83.937   4140.1    581.5
     1     1    10     4     4     5     0     1   -85.0   55.540   83.020   4091.6    593.4
     1     1    10     4     4     4     0     2   -86.0   55.929   82.088   4040.3    594.9
     1     1    10     4     4     3     0     3   -87.0   56.301   81.150   4003.0    598.3
     1     1    10     4     4     2     0     2   -88.0   56.681   80.200   3980.5    600.3
     1     1    10     4     4     1     0     1   -89.0   57.083   79.239   3956.7    601.0
     1     1    10     4     4     0     0     0   -90.0   57.491   78.271   3933.0    605.1
     1     1    10     4     3    23     0     1   -91.0   57.909   77.328   3921.9    606.4
     1     1    10     4     3    22     0     2   -92.0   58.341   76.457   3922.3    607.0
     1     1    10     4     3    21     0     3   -93.0   58.787   75.606   3920.6    608.5
     1     1    10     4     3    20     0     2   -94.0   59.242   74.733   3922.4    608.6
     1     1    10     4     3    19     0     1   -95.0   59.719   73.837   3919.4    608.8
     1     1    10     4     3    18     0     0   -96.0   60.226   72.935   3914.4    609.7
