     7     1
    GDAS    10     3    22     0     0
    GDAS    10     4     8     0     0
    GDAS    10     4    15     0     0
    GDAS    10     4    22     0     0
    GDAS    10     4    29     0     0
    GDAS    10     4     1     0     0
    GDAS    10     3    29     0     0
     1 BACKWARD OMEGA   
    10     4     1    12   39.977  116.381  7200.0
     1 PRESSURE
     1     1    10     4     1    12     0     0     0.0   39.977  116.381   6954.5    384.5
     1     1    10     4     1    11     0     1    -1.0   40.426  114.548   6819.1    335.8
     1     1    10     4     1    10     0     2    -2.0   40.933  112.740   6960.0    313.0
     1     1    10     4     1     9     0     3    -3.0   41.550  110.997   7304.1    302.3
     1     1    10     4     1     8     0     2    -4.0   42.202  109.344   7499.3    298.2
     1     1    10     4     1     7     0     1    -5.0   42.984  107.840   7769.3    303.0
     1     1    10     4     1     6     0     0    -6.0   43.892  106.426   7750.8    287.7
     1     1    10     4     1     5     0     1    -7.0   44.804  105.155   7845.0    285.4
     1     1    10     4     1     4     0     2    -8.0   45.839  104.060   7880.3    276.2
     1     1    10     4     1     3     0     3    -9.0   46.939  103.085   7727.1    272.7
     1     1    10     4     1     2     0     2   -10.0   48.048  102.214   7778.4    273.9
     1     1    10     4     1     1     0     1   -11.0   49.252  101.504   7815.3    274.3
     1     1    10     4     1     0     0     0   -12.0   50.523  100.819   7767.4    264.3
     1     1    10     3    31    23     0     1   -13.0   51.712  100.135   7594.9    261.0
     1     1    10     3    31    22     0     2   -14.0   52.931   99.499   7666.9    261.1
     1     1    10     3    31    21     0     3   -15.0   54.155   98.782   8066.4    284.1
     1     1    10     3    31    20     0     2   -16.0   55.289   97.981   8171.9    294.5
     1     1    10     3    31    19     0     1   -17.0   56.349   97.179   8260.8    307.8
     1     1    10     3    31    18     0     0   -18.0   57.307   96.347   8221.0    311.8
     1     1    10     3    31    17     0     1   -19.0   58.158   95.451   8159.6    313.7
     1     1    10     3    31    16     0     2   -20.0   58.955   94.496   8065.3    314.0
     1     1    10     3    31    15     0     3   -21.0   59.710   93.476   7962.7    313.9
     1     1    10     3    31    14     0     2   -22.0   60.395   92.414   7949.7    320.6
     1     1    10     3    31    13     0     1   -23.0   61.008   91.288   7916.6    326.1
     1     1    10     3    31    12     0     0   -24.0   61.539   90.065   7876.0    336.0
     1     1    10     3    31    11     0     1   -25.0   61.966   88.850   7791.7    342.1
     1     1    10     3    31    10     0     2   -26.0   62.312   87.677   7696.9    347.4
     1     1    10     3    31     9     0     3   -27.0   62.605   86.474   7609.4    354.9
     1     1    10     3    31     8     0     2   -28.0   62.849   85.255   7487.5    359.9
     1     1    10     3    31     7     0     1   -29.0   63.049   84.085   7361.4    366.9
     1     1    10     3    31     6     0     0   -30.0   63.227   82.922   7257.3    373.8
     1     1    10     3    31     5     0     1   -31.0   63.365   81.724   7167.4    379.5
     1     1    10     3    31     4     0     2   -32.0   63.447   80.519   7068.9    385.7
     1     1    10     3    31     3     0     3   -33.0   63.501   79.333   6988.9    392.7
     1     1    10     3    31     2     0     2   -34.0   63.540   78.156   6894.2    399.0
     1     1    10     3    31     1     0     1   -35.0   63.566   76.963   6781.3    405.4
     1     1    10     3    31     0     0     0   -36.0   63.592   75.732   6694.6    411.1
     1     1    10     3    30    23     0     1   -37.0   63.611   74.430   6616.1    414.7
     1     1    10     3    30    22     0     2   -38.0   63.607   73.058   6524.2    420.8
     1     1    10     3    30    21     0     3   -39.0   63.591   71.583   6441.2    426.1
     1     1    10     3    30    20     0     2   -40.0   63.549   70.016   6373.7    430.6
     1     1    10     3    30    19     0     1   -41.0   63.465   68.428   6276.6    436.6
     1     1    10     3    30    18     0     0   -42.0   63.356   66.823   6159.2    445.0
     1     1    10     3    30    17     0     1   -43.0   63.215   65.173   6072.1    454.3
     1     1    10     3    30    16     0     2   -44.0   63.025   63.487   6051.2    457.2
     1     1    10     3    30    15     0     3   -45.0   62.773   61.774   6161.5    448.8
     1     1    10     3    30    14     0     2   -46.0   62.442   60.094   6027.0    444.8
     1     1    10     3    30    13     0     1   -47.0   62.078   58.410   5800.1    458.7
     1     1    10     3    30    12     0     0   -48.0   61.664   56.703   5866.2    462.4
     1     1    10     3    30    11     0     1   -49.0   61.176   55.036   5838.4    465.8
     1     1    10     3    30    10     0     2   -50.0   60.677   53.421   5785.9    468.3
     1     1    10     3    30     9     0     3   -51.0   60.145   51.897   5747.3    470.7
     1     1    10     3    30     8     0     2   -52.0   59.528   50.463   5690.8    474.6
     1     1    10     3    30     7     0     1   -53.0   58.919   49.074   5626.7    479.1
     1     1    10     3    30     6     0     0   -54.0   58.295   47.784   5548.1    486.8
     1     1    10     3    30     5     0     1   -55.0   57.652   46.611   5434.8    496.5
     1     1    10     3    30     4     0     2   -56.0   57.058   45.529   5347.8    503.6
     1     1    10     3    30     3     0     3   -57.0   56.473   44.553   5269.1    508.7
     1     1    10     3    30     2     0     2   -58.0   55.889   43.625   5209.0    513.6
     1     1    10     3    30     1     0     1   -59.0   55.340   42.757   5156.3    516.1
     1     1    10     3    30     0     0     0   -60.0   54.803   41.985   5078.2    520.8
     1     1    10     3    29    23     0     1   -61.0   54.303   41.277   5010.8    527.0
     1     1    10     3    29    22     0     2   -62.0   53.857   40.587   4982.4    529.6
     1     1    10     3    29    21     0     3   -63.0   53.445   39.939   4986.2    529.2
     1     1    10     3    29    20     0     2   -64.0   53.057   39.345   4992.8    525.7
     1     1    10     3    29    19     0     1   -65.0   52.694   38.809   4987.5    525.2
     1     1    10     3    29    18     0     0   -66.0   52.349   38.330   4974.9    524.9
     1     1    10     3    29    17     0     1   -67.0   52.022   37.881   4976.0    525.8
     1     1    10     3    29    16     0     2   -68.0   51.709   37.439   5012.0    523.5
     1     1    10     3    29    15     0     3   -69.0   51.407   37.010   5064.2    518.8
     1     1    10     3    29    14     0     2   -70.0   51.106   36.606   5107.4    514.7
     1     1    10     3    29    13     0     1   -71.0   50.798   36.237   5135.3    513.7
     1     1    10     3    29    12     0     0   -72.0   50.488   35.900   5163.8    513.2
     1     1    10     3    29    11     0     1   -73.0   50.184   35.618   5189.2    511.6
     1     1    10     3    29    10     0     2   -74.0   49.898   35.410   5192.1    512.2
     1     1    10     3    29     9     0     3   -75.0   49.629   35.269   5171.8    514.8
     1     1    10     3    29     8     0     2   -76.0   49.367   35.170   5142.8    519.0
     1     1    10     3    29     7     0     1   -77.0   49.107   35.080   5122.2    521.8
     1     1    10     3    29     6     0     0   -78.0   48.849   34.991   5106.0    523.0
     1     1    10     3    29     5     0     1   -79.0   48.595   34.934   5090.6    523.4
     1     1    10     3    29     4     0     2   -80.0   48.348   34.926   5077.3    523.8
     1     1    10     3    29     3     0     3   -81.0   48.114   34.948   5064.5    524.2
     1     1    10     3    29     2     0     2   -82.0   47.895   34.971   5065.1    525.2
     1     1    10     3    29     1     0     1   -83.0   47.692   34.978   5093.0    524.4
     1     1    10     3    29     0     0     0   -84.0   47.499   34.965   5149.9    521.4
     1     1    10     3    28    23     0     1   -85.0   47.303   34.920   5211.5    516.4
     1     1    10     3    28    22     0     2   -86.0   47.101   34.825   5252.7    514.7
     1     1    10     3    28    21     0     3   -87.0   46.898   34.670   5275.6    514.2
     1     1    10     3    28    20     0     2   -88.0   46.693   34.503   5287.7    514.3
     1     1    10     3    28    19     0     1   -89.0   46.485   34.362   5296.5    514.2
     1     1    10     3    28    18     0     0   -90.0   46.277   34.227   5304.5    514.2
     1     1    10     3    28    17     0     1   -91.0   46.070   34.091   5318.2    514.3
     1     1    10     3    28    16     0     2   -92.0   45.868   33.956   5325.3    511.3
     1     1    10     3    28    15     0     3   -93.0   45.673   33.827   5318.5    509.5
     1     1    10     3    28    14     0     2   -94.0   45.484   33.694   5310.2    509.5
     1     1    10     3    28    13     0     1   -95.0   45.301   33.540   5321.3    509.2
     1     1    10     3    28    12     0     0   -96.0   45.124   33.357   5368.8    508.0
