     7     1
    GDAS    10     3    22     0     0
    GDAS    10     4     8     0     0
    GDAS    10     4    15     0     0
    GDAS    10     4    22     0     0
    GDAS    10     4    29     0     0
    GDAS    10     4     1     0     0
    GDAS    10     3    29     0     0
     1 BACKWARD OMEGA   
    10     4    21    18   39.977  116.381  8000.0
     1 PRESSURE
     1     1    10     4    21    18     0     0     0.0   39.977  116.381   7759.1    354.0
     1     1    10     4    21    17     0     1    -1.0   39.835  115.023   7653.5    318.7
     1     1    10     4    21    16     0     2    -2.0   39.701  113.582   7600.3    314.0
     1     1    10     4    21    15     0     3    -3.0   39.578  112.117   7571.1    305.4
     1     1    10     4    21    14     0     2    -4.0   39.477  110.643   7683.5    313.0
     1     1    10     4    21    13     0     1    -5.0   39.417  109.183   7626.0    309.5
     1     1    10     4    21    12     0     0    -6.0   39.370  107.715   7677.1    306.4
     1     1    10     4    21    11     0     1    -7.0   39.357  106.271   7731.9    304.8
     1     1    10     4    21    10     0     2    -8.0   39.388  104.805   7813.2    298.2
     1     1    10     4    21     9     0     3    -9.0   39.460  103.340   7844.3    296.6
     1     1    10     4    21     8     0     2   -10.0   39.528  101.922   7894.2    291.4
     1     1    10     4    21     7     0     1   -11.0   39.607  100.571   7917.4    286.9
     1     1    10     4    21     6     0     0   -12.0   39.727   99.289   7873.5    282.5
     1     1    10     4    21     5     0     1   -13.0   39.877   98.047   7838.1    277.6
     1     1    10     4    21     4     0     2   -14.0   40.049   96.886   7769.0    273.6
     1     1    10     4    21     3     0     3   -15.0   40.265   95.834   7855.6    276.2
     1     1    10     4    21     2     0     2   -16.0   40.544   94.885   8012.5    283.5
     1     1    10     4    21     1     0     1   -17.0   40.874   94.017   8104.4    288.3
     1     1    10     4    21     0     0     0   -18.0   41.227   93.230   8161.5    290.9
     1     1    10     4    20    23     0     1   -19.0   41.596   92.554   8268.2    293.8
     1     1    10     4    20    22     0     2   -20.0   41.984   91.961   8308.6    293.4
     1     1    10     4    20    21     0     3   -21.0   42.360   91.434   8331.5    298.0
     1     1    10     4    20    20     0     2   -22.0   42.731   90.989   8382.9    306.8
     1     1    10     4    20    19     0     1   -23.0   43.133   90.631   8343.6    310.2
     1     1    10     4    20    18     0     0   -24.0   43.578   90.342   8285.1    301.7
     1     1    10     4    20    17     0     1   -25.0   44.081   90.120   8330.2    293.4
     1     1    10     4    20    16     0     2   -26.0   44.684   89.962   8340.4    288.5
     1     1    10     4    20    15     0     3   -27.0   45.402   89.838   8360.7    290.1
     1     1    10     4    20    14     0     2   -28.0   46.196   89.753   8461.9    279.6
     1     1    10     4    20    13     0     1   -29.0   46.993   89.668   8385.4    268.7
     1     1    10     4    20    12     0     0   -30.0   47.738   89.518   8041.7    251.0
     1     1    10     4    20    11     0     1   -31.0   48.449   89.368   7984.7    245.9
     1     1    10     4    20    10     0     2   -32.0   49.220   89.273   8106.5    244.9
     1     1    10     4    20     9     0     3   -33.0   49.991   89.142   8168.9    238.6
     1     1    10     4    20     8     0     2   -34.0   50.729   88.975   8262.3    241.0
     1     1    10     4    20     7     0     1   -35.0   51.487   88.815   8468.5    251.4
     1     1    10     4    20     6     0     0   -36.0   52.286   88.612   8746.8    265.6
     1     1    10     4    20     5     0     1   -37.0   53.106   88.302   8952.3    276.8
     1     1    10     4    20     4     0     2   -38.0   53.907   87.899   9049.0    281.5
     1     1    10     4    20     3     0     3   -39.0   54.640   87.398   9063.8    282.4
     1     1    10     4    20     2     0     2   -40.0   55.322   86.820   9111.1    287.4
     1     1    10     4    20     1     0     1   -41.0   55.962   86.167   9093.9    288.1
     1     1    10     4    20     0     0     0   -42.0   56.531   85.415   9127.2    290.6
     1     1    10     4    19    23     0     1   -43.0   57.063   84.568   9157.3    290.8
     1     1    10     4    19    22     0     2   -44.0   57.597   83.613   9168.9    290.9
     1     1    10     4    19    21     0     3   -45.0   58.078   82.510   9189.3    289.6
     1     1    10     4    19    20     0     2   -46.0   58.514   81.234   9149.5    291.7
     1     1    10     4    19    19     0     1   -47.0   58.902   79.813   9100.0    294.8
     1     1    10     4    19    18     0     0   -48.0   59.163   78.250   9015.3    298.0
     1     1    10     4    19    17     0     1   -49.0   59.348   76.555   8933.4    301.6
     1     1    10     4    19    16     0     2   -50.0   59.524   74.647   8877.2    304.0
     1     1    10     4    19    15     0     3   -51.0   59.595   72.579   8825.0    306.7
     1     1    10     4    19    14     0     2   -52.0   59.566   70.398   8805.1    307.5
     1     1    10     4    19    13     0     1   -53.0   59.466   68.026   8782.1    309.4
     1     1    10     4    19    12     0     0   -54.0   59.234   65.553   8749.5    309.6
     1     1    10     4    19    11     0     1   -55.0   58.900   63.159   8782.2    306.1
     1     1    10     4    19    10     0     2   -56.0   58.514   60.828   8840.8    300.8
     1     1    10     4    19     9     0     3   -57.0   58.098   58.737   8795.2    296.1
     1     1    10     4    19     8     0     2   -58.0   57.689   56.791   8969.0    293.8
     1     1    10     4    19     7     0     1   -59.0   57.304   54.974   9024.7    293.4
     1     1    10     4    19     6     0     0   -60.0   56.979   53.342   9068.0    291.0
     1     1    10     4    19     5     0     1   -61.0   56.669   51.781   9103.4    290.5
     1     1    10     4    19     4     0     2   -62.0   56.385   50.351   9108.8    290.8
     1     1    10     4    19     3     0     3   -63.0   56.153   49.020   9112.9    291.1
     1     1    10     4    19     2     0     2   -64.0   55.966   47.758   9120.6    291.1
     1     1    10     4    19     1     0     1   -65.0   55.811   46.520   9100.0    291.7
     1     1    10     4    19     0     0     0   -66.0   55.704   45.254   9064.6    292.9
     1     1    10     4    18    23     0     1   -67.0   55.679   43.937   9060.1    292.8
     1     1    10     4    18    22     0     2   -68.0   55.711   42.527   9098.2    290.9
     1     1    10     4    18    21     0     3   -69.0   55.768   40.982   9122.9    289.6
     1     1    10     4    18    20     0     2   -70.0   55.844   39.327   9095.1    289.3
     1     1    10     4    18    19     0     1   -71.0   55.920   37.579   9098.4    287.4
     1     1    10     4    18    18     0     0   -72.0   55.987   35.737   9139.8    283.6
     1     1    10     4    18    17     0     1   -73.0   56.050   33.835   9144.6    282.1
     1     1    10     4    18    16     0     2   -74.0   56.094   31.881   9217.7    281.4
     1     1    10     4    18    15     0     3   -75.0   56.104   29.887   9260.2    279.4
     1     1    10     4    18    14     0     2   -76.0   56.103   27.881   9264.7    280.5
     1     1    10     4    18    13     0     1   -77.0   56.084   25.888   9230.2    283.6
     1     1    10     4    18    12     0     0   -78.0   56.006   23.925   9271.5    284.2
     1     1    10     4    18    11     0     1   -79.0   55.904   22.034   9257.7    283.2
     1     1    10     4    18    10     0     2   -80.0   55.841   20.167   9384.9    281.3
     1     1    10     4    18     9     0     3   -81.0   55.772   18.386   9381.4    282.3
     1     1    10     4    18     8     0     2   -82.0   55.671   16.740   9368.4    283.1
     1     1    10     4    18     7     0     1   -83.0   55.585   15.202   9369.6    282.9
     1     1    10     4    18     6     0     0   -84.0   55.524   13.747   9392.3    280.7
     1     1    10     4    18     5     0     1   -85.0   55.466   12.330   9467.1    278.8
     1     1    10     4    18     4     0     2   -86.0   55.416   10.925   9514.1    276.3
     1     1    10     4    18     3     0     3   -87.0   55.383    9.555   9493.9    277.7
     1     1    10     4    18     2     0     2   -88.0   55.358    8.233   9496.6    279.4
     1     1    10     4    18     1     0     1   -89.0   55.340    6.940   9540.3    277.7
     1     1    10     4    18     0     0     0   -90.0   55.327    5.651   9571.8    276.7
     1     1    10     4    17    23     0     1   -91.0   55.324    4.350   9587.3    275.9
     1     1    10     4    17    22     0     2   -92.0   55.323    3.042   9604.1    275.6
     1     1    10     4    17    21     0     3   -93.0   55.311    1.769   9578.5    276.4
     1     1    10     4    17    20     0     2   -94.0   55.298    0.529   9531.8    279.9
     1     1    10     4    17    19     0     1   -95.0   55.285   -0.728   9551.0    279.4
     1     1    10     4    17    18     0     0   -96.0   55.265   -2.017   9567.9    270.7
