     7     1
    GDAS    10     3    22     0     0
    GDAS    10     4     8     0     0
    GDAS    10     4    15     0     0
    GDAS    10     4    22     0     0
    GDAS    10     4    29     0     0
    GDAS    10     4     1     0     0
    GDAS    10     3    29     0     0
     1 BACKWARD OMEGA   
    10     4    18    18   39.977  116.381  3000.0
     1 PRESSURE
     1     1    10     4    18    18     0     0     0.0   39.977  116.381   2764.9    704.0
     1     1    10     4    18    17     0     1    -1.0   39.825  116.049   2485.8    728.7
     1     1    10     4    18    16     0     2    -2.0   39.696  115.724   2300.2    732.3
     1     1    10     4    18    15     0     3    -3.0   39.597  115.407   2199.3    727.5
     1     1    10     4    18    14     0     2    -4.0   39.512  115.097   2107.2    720.5
     1     1    10     4    18    13     0     1    -5.0   39.407  114.797   1968.5    727.2
     1     1    10     4    18    12     0     0    -6.0   39.268  114.513   1757.3    737.3
     1     1    10     4    18    11     0     1    -7.0   39.105  114.288   1458.7    754.2
     1     1    10     4    18    10     0     2    -8.0   38.932  114.173   1070.3    784.2
     1     1    10     4    18     9     0     3    -9.0   38.757  114.184    674.1    841.0
     1     1    10     4    18     8     0     2   -10.0   38.595  114.262    378.5    893.1
     1     1    10     4    18     7     0     1   -11.0   38.452  114.358    199.0    927.5
     1     1    10     4    18     6     0     0   -12.0   38.329  114.459     97.6    952.6
     1     1    10     4    18     5     0     1   -13.0   38.231  114.551     50.4    969.1
     1     1    10     4    18     4     0     2   -14.0   38.157  114.619     29.0    979.0
     1     1    10     4    18     3     0     3   -15.0   38.102  114.662     20.8    985.2
     1     1    10     4    18     2     0     2   -16.0   38.057  114.688     18.4    990.2
     1     1    10     4    18     1     0     1   -17.0   38.018  114.707     18.6    994.6
     1     1    10     4    18     0     0     0   -18.0   37.982  114.722     20.4    997.3
     1     1    10     4    17    23     0     1   -19.0   37.950  114.727     22.9    996.1
     1     1    10     4    17    22     0     2   -20.0   37.920  114.718     25.5    994.1
     1     1    10     4    17    21     0     3   -21.0   37.892  114.693     29.1    990.9
     1     1    10     4    17    20     0     2   -22.0   37.863  114.657     34.3    988.0
     1     1    10     4    17    19     0     1   -23.0   37.830  114.616     41.0    984.7
     1     1    10     4    17    18     0     0   -24.0   37.793  114.570     49.4    981.0
     1     1    10     4    17    17     0     1   -25.0   37.739  114.521     61.0    976.2
     1     1    10     4    17    16     0     2   -26.0   37.648  114.471     78.5    969.9
     1     1    10     4    17    15     0     3   -27.0   37.513  114.412    103.4    962.0
     1     1    10     4    17    14     0     2   -28.0   37.340  114.345    130.1    952.6
     1     1    10     4    17    13     0     1   -29.0   37.145  114.272    141.4    942.9
     1     1    10     4    17    12     0     0   -30.0   36.945  114.204    117.0    938.9
     1     1    10     4    17    11     0     1   -31.0   36.771  114.161     75.4    944.3
     1     1    10     4    17    10     0     2   -32.0   36.633  114.143     39.4    949.5
     1     1    10     4    17     9     0     3   -33.0   36.528  114.143     17.2    954.7
     1     1    10     4    17     8     0     2   -34.0   36.442  114.158      2.2    957.4
     1     1    10     4    17     7     0     1   -35.0   36.363  114.187      0.0    960.9
     1     1    10     4    17     6     0     0   -36.0   36.287  114.223      0.0    964.8
     1     1    10     4    17     5     0     1   -37.0   36.220  114.266      0.0    969.6
     1     1    10     4    17     4     0     2   -38.0   36.169  114.311      0.0    974.2
     1     1    10     4    17     3     0     3   -39.0   36.131  114.358      0.0    978.6
     1     1    10     4    17     2     0     2   -40.0   36.099  114.406      0.0    981.9
     1     1    10     4    17     1     0     1   -41.0   36.063  114.458      0.0    985.5
     1     1    10     4    17     0     0     0   -42.0   36.019  114.514      0.0    989.3
     1     1    10     4    16    23     0     1   -43.0   35.976  114.570      0.0    993.4
     1     1    10     4    16    22     0     2   -44.0   35.943  114.618      0.0    996.9
     1     1    10     4    16    21     0     3   -45.0   35.917  114.660      0.0    999.7
     1     1    10     4    16    20     0     2   -46.0   35.896  114.704      0.0   1002.4
     1     1    10     4    16    19     0     1   -47.0   35.877  114.760      0.0   1005.6
     1     1    10     4    16    18     0     0   -48.0   35.858  114.828      0.0   1009.3
     1     1    10     4    16    17     0     1   -49.0   35.841  114.901      0.0   1012.9
     1     1    10     4    16    16     0     2   -50.0   35.831  114.972      0.0   1016.3
     1     1    10     4    16    15     0     3   -51.0   35.832  115.038      0.0   1017.3
     1     1    10     4    16    14     0     2   -52.0   35.842  115.114      0.0   1016.7
     1     1    10     4    16    13     0     1   -53.0   35.857  115.214      0.0   1015.8
     1     1    10     4    16    12     0     0   -54.0   35.878  115.335      0.0   1014.6
     1     1    10     4    16    11     0     1   -55.0   35.894  115.458      0.0   1012.4
     1     1    10     4    16    10     0     2   -56.0   35.892  115.557      0.1   1010.5
     1     1    10     4    16     9     0     3   -57.0   35.875  115.629      0.9   1009.0
     1     1    10     4    16     8     0     2   -58.0   35.841  115.656      1.8   1009.0
     1     1    10     4    16     7     0     1   -59.0   35.790  115.631      2.2   1009.4
     1     1    10     4    16     6     0     0   -60.0   35.723  115.557      1.8   1010.1
     1     1    10     4    16     5     0     1   -61.0   35.627  115.465      0.7   1011.2
     1     1    10     4    16     4     0     2   -62.0   35.488  115.380      0.0   1011.6
     1     1    10     4    16     3     0     3   -63.0   35.310  115.296      0.0   1011.1
     1     1    10     4    16     2     0     2   -64.0   35.120  115.220      0.0   1010.1
     1     1    10     4    16     1     0     1   -65.0   34.946  115.159      0.0   1009.9
     1     1    10     4    16     0     0     0   -66.0   34.786  115.116      0.0   1011.0
     1     1    10     4    15    23     0     1   -67.0   34.635  115.085      0.0   1010.9
     1     1    10     4    15    22     0     2   -68.0   34.491  115.057      0.0   1011.2
     1     1    10     4    15    21     0     3   -69.0   34.359  115.034      0.0   1011.7
     1     1    10     4    15    20     0     2   -70.0   34.234  115.015      0.0   1012.9
     1     1    10     4    15    19     0     1   -71.0   34.114  114.998      0.3   1013.7
     1     1    10     4    15    18     0     0   -72.0   33.998  114.984      0.8   1014.3
     1     1    10     4    15    17     0     1   -73.0   33.878  114.982      1.4   1014.9
     1     1    10     4    15    16     0     2   -74.0   33.750  115.000      2.2   1015.5
     1     1    10     4    15    15     0     3   -75.0   33.614  115.043      3.0   1016.3
     1     1    10     4    15    14     0     2   -76.0   33.485  115.096      3.7   1017.0
     1     1    10     4    15    13     0     1   -77.0   33.373  115.146      4.5   1017.5
     1     1    10     4    15    12     0     0   -78.0   33.278  115.193      5.2   1017.9
     1     1    10     4    15    11     0     1   -79.0   33.195  115.230      5.9   1017.4
     1     1    10     4    15    10     0     2   -80.0   33.117  115.250      6.5   1016.8
     1     1    10     4    15     9     0     3   -81.0   33.044  115.252      6.9   1016.0
     1     1    10     4    15     8     0     2   -82.0   32.976  115.252      7.2   1017.0
     1     1    10     4    15     7     0     1   -83.0   32.912  115.267      7.3   1017.6
     1     1    10     4    15     6     0     0   -84.0   32.853  115.297      7.2   1018.1
     1     1    10     4    15     5     0     1   -85.0   32.800  115.329      6.9   1018.8
     1     1    10     4    15     4     0     2   -86.0   32.753  115.354      6.7   1019.7
     1     1    10     4    15     3     0     3   -87.0   32.709  115.371      6.6   1020.5
     1     1    10     4    15     2     0     2   -88.0   32.665  115.389      6.6   1020.7
     1     1    10     4    15     1     0     1   -89.0   32.613  115.417      6.9   1021.0
     1     1    10     4    15     0     0     0   -90.0   32.557  115.456      7.5   1021.5
     1     1    10     4    14    23     0     1   -91.0   32.507  115.502      8.2   1020.8
     1     1    10     4    14    22     0     2   -92.0   32.476  115.552      8.5   1020.1
     1     1    10     4    14    21     0     3   -93.0   32.461  115.603      8.6   1019.4
     1     1    10     4    14    20     0     2   -94.0   32.457  115.654      8.6   1020.5
     1     1    10     4    14    19     0     1   -95.0   32.457  115.706      8.3   1021.7
     1     1    10     4    14    18     0     0   -96.0   32.461  115.758      7.9   1022.9
