     5     1
    GDAS    10     3     1     0     0
    GDAS    10     3     8     0     0
    GDAS    10     3    15     0     0
    GDAS    10     3    22     0     0
    GDAS    10     3    29     0     0
     1 BACKWARD OMEGA   
    10     3    18     0   39.977  116.381  2000.0
     1 PRESSURE
     1     1    10     3    18     0     0     0     0.0   39.977  116.381   1763.0    793.9
     1     1    10     3    17    23     0     1    -1.0   39.953  115.878   1766.4    774.2
     1     1    10     3    17    22     0     2    -2.0   40.039  115.357   1774.4    724.5
     1     1    10     3    17    21     0     3    -3.0   40.247  114.806   1776.2    693.5
     1     1    10     3    17    20     0     2    -4.0   40.496  114.257   1783.3    692.8
     1     1    10     3    17    19     0     1    -5.0   40.760  113.712   1788.9    683.5
     1     1    10     3    17    18     0     0    -6.0   41.076  113.139   1812.9    665.7
     1     1    10     3    17    17     0     1    -7.0   41.414  112.563   1859.8    662.0
     1     1    10     3    17    16     0     2    -8.0   41.720  112.004   1890.8    665.4
     1     1    10     3    17    15     0     3    -9.0   41.985  111.445   1904.6    674.4
     1     1    10     3    17    14     0     2   -10.0   42.223  110.897   1888.9    687.2
     1     1    10     3    17    13     0     1   -11.0   42.456  110.376   1875.5    691.4
     1     1    10     3    17    12     0     0   -12.0   42.684  109.867   1895.8    689.2
     1     1    10     3    17    11     0     1   -13.0   42.895  109.373   1919.2    686.5
     1     1    10     3    17    10     0     2   -14.0   43.090  108.903   1922.0    690.6
     1     1    10     3    17     9     0     3   -15.0   43.272  108.465   1921.5    703.2
     1     1    10     3    17     8     0     2   -16.0   43.446  108.058   1928.3    706.5
     1     1    10     3    17     7     0     1   -17.0   43.622  107.652   1943.4    698.0
     1     1    10     3    17     6     0     0   -18.0   43.798  107.234   1966.2    684.7
     1     1    10     3    17     5     0     1   -19.0   43.974  106.801   1979.7    673.5
     1     1    10     3    17     4     0     2   -20.0   44.156  106.361   1977.6    669.6
     1     1    10     3    17     3     0     3   -21.0   44.329  105.937   1954.5    669.4
     1     1    10     3    17     2     0     2   -22.0   44.496  105.524   1923.6    674.7
     1     1    10     3    17     1     0     1   -23.0   44.654  105.112   1878.6    680.6
     1     1    10     3    17     0     0     0   -24.0   44.786  104.699   1818.3    688.9
     1     1    10     3    16    23     0     1   -25.0   44.883  104.301   1768.0    695.6
     1     1    10     3    16    22     0     2   -26.0   44.932  103.935   1731.5    697.6
     1     1    10     3    16    21     0     3   -27.0   44.930  103.595   1700.7    700.1
     1     1    10     3    16    20     0     2   -28.0   44.915  103.269   1677.2    701.8
     1     1    10     3    16    19     0     1   -29.0   44.908  102.958   1651.2    702.0
     1     1    10     3    16    18     0     0   -30.0   44.907  102.649   1630.3    696.9
     1     1    10     3    16    17     0     1   -31.0   44.928  102.304   1649.1    684.8
     1     1    10     3    16    16     0     2   -32.0   44.973  101.891   1705.3    667.4
     1     1    10     3    16    15     0     3   -33.0   45.022  101.427   1771.4    659.1
     1     1    10     3    16    14     0     2   -34.0   45.065  100.947   1801.4    654.4
     1     1    10     3    16    13     0     1   -35.0   45.117  100.485   1779.3    652.8
     1     1    10     3    16    12     0     0   -36.0   45.178  100.062   1736.3    656.8
     1     1    10     3    16    11     0     1   -37.0   45.271   99.655   1686.2    654.0
     1     1    10     3    16    10     0     2   -38.0   45.417   99.254   1635.9    653.6
     1     1    10     3    16     9     0     3   -39.0   45.602   98.865   1597.1    658.0
     1     1    10     3    16     8     0     2   -40.0   45.822   98.469   1601.9    668.5
     1     1    10     3    16     7     0     1   -41.0   46.082   98.038   1678.5    669.4
     1     1    10     3    16     6     0     0   -42.0   46.370   97.572   1772.4    631.7
     1     1    10     3    16     5     0     1   -43.0   46.690   97.092   1886.5    612.0
     1     1    10     3    16     4     0     2   -44.0   47.041   96.604   2017.2    603.5
     1     1    10     3    16     3     0     3   -45.0   47.384   96.092   2131.1    597.4
     1     1    10     3    16     2     0     2   -46.0   47.700   95.583   2208.6    601.7
     1     1    10     3    16     1     0     1   -47.0   47.992   95.116   2269.2    605.4
     1     1    10     3    16     0     0     0   -48.0   48.257   94.674   2345.2    612.2
     1     1    10     3    15    23     0     1   -49.0   48.497   94.253   2394.4    619.2
     1     1    10     3    15    22     0     2   -50.0   48.725   93.866   2377.3    631.1
     1     1    10     3    15    21     0     3   -51.0   48.941   93.516   2290.9    646.6
     1     1    10     3    15    20     0     2   -52.0   49.157   93.192   2139.2    672.6
     1     1    10     3    15    19     0     1   -53.0   49.379   92.855   1946.9    696.3
     1     1    10     3    15    18     0     0   -54.0   49.588   92.488   1790.8    702.0
     1     1    10     3    15    17     0     1   -55.0   49.770   92.087   1713.6    694.4
     1     1    10     3    15    16     0     2   -56.0   49.940   91.639   1674.4    671.7
     1     1    10     3    15    15     0     3   -57.0   50.114   91.117   1659.7    644.7
     1     1    10     3    15    14     0     2   -58.0   50.277   90.460   1707.4    631.2
     1     1    10     3    15    13     0     1   -59.0   50.406   89.641   1810.6    609.1
     1     1    10     3    15    12     0     0   -60.0   50.454   88.673   1834.6    600.4
     1     1    10     3    15    11     0     1   -61.0   50.369   87.643   1769.9    617.4
     1     1    10     3    15    10     0     2   -62.0   50.165   86.563   1712.8    631.4
     1     1    10     3    15     9     0     3   -63.0   49.865   85.464   1690.6    656.7
     1     1    10     3    15     8     0     2   -64.0   49.521   84.500   1369.8    735.7
     1     1    10     3    15     7     0     1   -65.0   49.090   83.889   1095.7    810.0
     1     1    10     3    15     6     0     0   -66.0   48.623   83.581    904.4    842.9
     1     1    10     3    15     5     0     1   -67.0   48.238   83.601    754.6    877.1
     1     1    10     3    15     4     0     2   -68.0   47.926   83.882    661.9    886.4
     1     1    10     3    15     3     0     3   -69.0   47.648   84.240    592.9    859.4
     1     1    10     3    15     2     0     2   -70.0   47.398   84.471    569.6    830.8
     1     1    10     3    15     1     0     1   -71.0   47.144   84.487    631.1    791.0
     1     1    10     3    15     0     0     0   -72.0   46.893   84.311    722.9    771.4
     1     1    10     3    14    23     0     1   -73.0   46.645   84.118    798.7    775.0
     1     1    10     3    14    22     0     2   -74.0   46.379   83.973    882.1    771.2
     1     1    10     3    14    21     0     3   -75.0   46.079   83.847   1014.1    763.3
     1     1    10     3    14    20     0     2   -76.0   45.790   83.708   1147.9    768.9
     1     1    10     3    14    19     0     1   -77.0   45.547   83.596   1212.9    786.7
     1     1    10     3    14    18     0     0   -78.0   45.336   83.559   1213.7    809.8
     1     1    10     3    14    17     0     1   -79.0   45.147   83.604   1148.8    833.7
     1     1    10     3    14    16     0     2   -80.0   44.985   83.753   1041.6    859.4
     1     1    10     3    14    15     0     3   -81.0   44.852   83.988    983.3    841.5
     1     1    10     3    14    14     0     2   -82.0   44.715   84.170   1024.2    808.9
     1     1    10     3    14    13     0     1   -83.0   44.583   84.230   1116.4    768.1
     1     1    10     3    14    12     0     0   -84.0   44.482   84.178   1210.1    732.4
     1     1    10     3    14    11     0     1   -85.0   44.396   84.050   1298.3    701.8
     1     1    10     3    14    10     0     2   -86.0   44.307   83.862   1376.5    676.3
     1     1    10     3    14     9     0     3   -87.0   44.209   83.646   1400.5    661.0
     1     1    10     3    14     8     0     2   -88.0   44.109   83.418   1345.8    655.6
     1     1    10     3    14     7     0     1   -89.0   44.006   83.203   1195.2    659.6
     1     1    10     3    14     6     0     0   -90.0   43.896   83.040   1012.8    682.5
     1     1    10     3    14     5     0     1   -91.0   43.793   82.932    918.3    698.2
     1     1    10     3    14     4     0     2   -92.0   43.709   82.831    922.6    695.6
     1     1    10     3    14     3     0     3   -93.0   43.642   82.712    978.6    689.9
     1     1    10     3    14     2     0     2   -94.0   43.588   82.560   1041.2    686.9
     1     1    10     3    14     1     0     1   -95.0   43.536   82.375   1099.9    688.6
     1     1    10     3    14     0     0     0   -96.0   43.479   82.157   1173.2    690.3
