     7     1
    GDAS    10     3    22     0     0
    GDAS    10     4     8     0     0
    GDAS    10     4    15     0     0
    GDAS    10     4    22     0     0
    GDAS    10     4    29     0     0
    GDAS    10     4     1     0     0
    GDAS    10     3    29     0     0
     1 BACKWARD OMEGA   
    10     4    21    18   39.977  116.381  3400.0
     1 PRESSURE
     1     1    10     4    21    18     0     0     0.0   39.977  116.381   3163.4    666.1
     1     1    10     4    21    17     0     1    -1.0   40.129  116.021   3092.3    650.6
     1     1    10     4    21    16     0     2    -2.0   40.277  115.663   2955.6    632.9
     1     1    10     4    21    15     0     3    -3.0   40.404  115.293   2801.9    623.4
     1     1    10     4    21    14     0     2    -4.0   40.524  114.890   2682.0    619.6
     1     1    10     4    21    13     0     1    -5.0   40.629  114.446   2612.6    624.0
     1     1    10     4    21    12     0     0    -6.0   40.701  113.982   2535.4    628.0
     1     1    10     4    21    11     0     1    -7.0   40.740  113.493   2456.7    628.4
     1     1    10     4    21    10     0     2    -8.0   40.748  112.974   2421.4    621.4
     1     1    10     4    21     9     0     3    -9.0   40.735  112.457   2395.8    620.2
     1     1    10     4    21     8     0     2   -10.0   40.722  111.981   2348.6    625.1
     1     1    10     4    21     7     0     1   -11.0   40.726  111.555   2318.7    631.0
     1     1    10     4    21     6     0     0   -12.0   40.752  111.169   2319.8    630.3
     1     1    10     4    21     5     0     1   -13.0   40.816  110.797   2345.7    626.6
     1     1    10     4    21     4     0     2   -14.0   40.942  110.397   2415.4    619.8
     1     1    10     4    21     3     0     3   -15.0   41.106  109.944   2547.1    614.3
     1     1    10     4    21     2     0     2   -16.0   41.260  109.472   2652.6    612.5
     1     1    10     4    21     1     0     1   -17.0   41.397  109.008   2662.4    619.9
     1     1    10     4    21     0     0     0   -18.0   41.536  108.545   2615.7    628.8
     1     1    10     4    20    23     0     1   -19.0   41.669  108.128   2569.9    633.3
     1     1    10     4    20    22     0     2   -20.0   41.773  107.786   2537.9    633.9
     1     1    10     4    20    21     0     3   -21.0   41.852  107.506   2514.7    635.4
     1     1    10     4    20    20     0     2   -22.0   41.916  107.267   2485.3    640.6
     1     1    10     4    20    19     0     1   -23.0   41.971  107.052   2447.7    648.3
     1     1    10     4    20    18     0     0   -24.0   42.015  106.866   2416.2    656.7
     1     1    10     4    20    17     0     1   -25.0   42.055  106.704   2411.8    661.7
     1     1    10     4    20    16     0     2   -26.0   42.098  106.563   2440.5    660.9
     1     1    10     4    20    15     0     3   -27.0   42.151  106.443   2484.8    658.0
     1     1    10     4    20    14     0     2   -28.0   42.213  106.332   2519.9    654.1
     1     1    10     4    20    13     0     1   -29.0   42.283  106.226   2529.7    653.2
     1     1    10     4    20    12     0     0   -30.0   42.358  106.128   2518.5    653.3
     1     1    10     4    20    11     0     1   -31.0   42.429  106.047   2487.5    654.1
     1     1    10     4    20    10     0     2   -32.0   42.491  105.991   2437.4    656.4
     1     1    10     4    20     9     0     3   -33.0   42.543  105.972   2369.3    659.9
     1     1    10     4    20     8     0     2   -34.0   42.580  105.994   2300.7    666.2
     1     1    10     4    20     7     0     1   -35.0   42.604  106.050   2247.0    670.5
     1     1    10     4    20     6     0     0   -36.0   42.618  106.133   2213.1    673.2
     1     1    10     4    20     5     0     1   -37.0   42.630  106.234   2202.4    674.1
     1     1    10     4    20     4     0     2   -38.0   42.643  106.340   2217.3    672.6
     1     1    10     4    20     3     0     3   -39.0   42.659  106.440   2258.4    669.0
     1     1    10     4    20     2     0     2   -40.0   42.681  106.506   2302.4    663.0
     1     1    10     4    20     1     0     1   -41.0   42.717  106.523   2327.0    660.7
     1     1    10     4    20     0     0     0   -42.0   42.769  106.497   2336.6    659.2
     1     1    10     4    19    23     0     1   -43.0   42.829  106.427   2357.0    657.5
     1     1    10     4    19    22     0     2   -44.0   42.885  106.300   2404.8    650.4
     1     1    10     4    19    21     0     3   -45.0   42.929  106.116   2472.6    640.7
     1     1    10     4    19    20     0     2   -46.0   42.960  105.883   2539.8    628.6
     1     1    10     4    19    19     0     1   -47.0   42.979  105.605   2587.4    616.8
     1     1    10     4    19    18     0     0   -48.0   42.983  105.290   2612.4    606.8
     1     1    10     4    19    17     0     1   -49.0   42.991  104.946   2639.1    599.4
     1     1    10     4    19    16     0     2   -50.0   43.025  104.577   2699.1    598.2
     1     1    10     4    19    15     0     3   -51.0   43.108  104.197   2790.1    596.3
     1     1    10     4    19    14     0     2   -52.0   43.247  103.799   2917.1    589.5
     1     1    10     4    19    13     0     1   -53.0   43.436  103.379   3082.3    577.3
     1     1    10     4    19    12     0     0   -54.0   43.688  102.911   3275.6    557.5
     1     1    10     4    19    11     0     1   -55.0   43.978  102.365   3594.9    549.7
     1     1    10     4    19    10     0     2   -56.0   44.259  101.673   3968.4    519.0
     1     1    10     4    19     9     0     3   -57.0   44.524  100.864   4185.2    490.4
     1     1    10     4    19     8     0     2   -58.0   44.770   99.994   4324.9    470.8
     1     1    10     4    19     7     0     1   -59.0   45.027   98.929   4511.0    429.6
     1     1    10     4    19     6     0     0   -60.0   45.275   97.584   4725.6    418.6
     1     1    10     4    19     5     0     1   -61.0   45.523   96.215   4971.1    416.1
     1     1    10     4    19     4     0     2   -62.0   45.762   94.907   5062.4    418.5
     1     1    10     4    19     3     0     3   -63.0   45.971   93.374   5049.3    390.7
     1     1    10     4    19     2     0     2   -64.0   46.119   91.707   5262.7    415.7
     1     1    10     4    19     1     0     1   -65.0   46.221   90.252   5295.9    428.3
     1     1    10     4    19     0     0     0   -66.0   46.273   88.912   5363.5    453.0
     1     1    10     4    18    23     0     1   -67.0   46.256   87.657   5402.6    467.0
     1     1    10     4    18    22     0     2   -68.0   46.203   86.479   5412.2    469.4
     1     1    10     4    18    21     0     3   -69.0   46.069   85.353   5389.7    468.0
     1     1    10     4    18    20     0     2   -70.0   45.857   84.290   5300.0    447.0
     1     1    10     4    18    19     0     1   -71.0   45.659   83.319   5352.2    454.8
     1     1    10     4    18    18     0     0   -72.0   45.490   82.436   5375.7    461.3
     1     1    10     4    18    17     0     1   -73.0   45.357   81.607   5136.3    445.0
     1     1    10     4    18    16     0     2   -74.0   45.259   80.725   4820.6    411.0
     1     1    10     4    18    15     0     3   -75.0   45.216   79.831   4797.4    410.2
     1     1    10     4    18    14     0     2   -76.0   45.238   79.006   4988.8    445.8
     1     1    10     4    18    13     0     1   -77.0   45.284   78.233   5134.2    485.4
     1     1    10     4    18    12     0     0   -78.0   45.330   77.488   5165.7    500.0
     1     1    10     4    18    11     0     1   -79.0   45.378   76.782   5159.2    503.9
     1     1    10     4    18    10     0     2   -80.0   45.437   76.125   5178.4    504.1
     1     1    10     4    18     9     0     3   -81.0   45.505   75.498   5224.7    498.3
     1     1    10     4    18     8     0     2   -82.0   45.592   74.891   5274.2    493.2
     1     1    10     4    18     7     0     1   -83.0   45.703   74.301   5318.0    491.1
     1     1    10     4    18     6     0     0   -84.0   45.822   73.716   5342.3    488.3
     1     1    10     4    18     5     0     1   -85.0   45.955   73.131   5370.4    484.7
     1     1    10     4    18     4     0     2   -86.0   46.108   72.565   5435.3    477.7
     1     1    10     4    18     3     0     3   -87.0   46.270   72.032   5535.2    469.0
     1     1    10     4    18     2     0     2   -88.0   46.441   71.510   5657.6    461.1
     1     1    10     4    18     1     0     1   -89.0   46.628   70.994   5764.9    455.0
     1     1    10     4    18     0     0     0   -90.0   46.831   70.501   5849.5    450.2
     1     1    10     4    17    23     0     1   -91.0   47.048   69.996   5916.9    448.6
     1     1    10     4    17    22     0     2   -92.0   47.262   69.445   5976.5    448.1
     1     1    10     4    17    21     0     3   -93.0   47.449   68.863   6018.4    446.4
     1     1    10     4    17    20     0     2   -94.0   47.615   68.251   6035.9    444.0
     1     1    10     4    17    19     0     1   -95.0   47.777   67.628   6039.7    441.2
     1     1    10     4    17    18     0     0   -96.0   47.931   67.064   6055.8    436.9
