     5     1
    GDAS    10     3     1     0     0
    GDAS    10     3     8     0     0
    GDAS    10     3    15     0     0
    GDAS    10     3    22     0     0
    GDAS    10     3    29     0     0
     1 BACKWARD OMEGA   
    10     3    22     0   39.977  116.381  1800.0
     1 PRESSURE
     1     1    10     3    22     0     0     0     0.0   39.977  116.381   1562.0    810.6
     1     1    10     3    21    23     0     1    -1.0   40.282  115.777   1841.2    729.0
     1     1    10     3    21    22     0     2    -2.0   40.566  114.955   2024.9    662.6
     1     1    10     3    21    21     0     3    -3.0   40.776  113.934   2104.4    654.5
     1     1    10     3    21    20     0     2    -4.0   40.922  112.839   2148.3    633.1
     1     1    10     3    21    19     0     1    -5.0   41.071  111.729   2360.1    612.6
     1     1    10     3    21    18     0     0    -6.0   41.208  110.596   2450.4    608.2
     1     1    10     3    21    17     0     1    -7.0   41.348  109.472   2513.2    619.2
     1     1    10     3    21    16     0     2    -8.0   41.508  108.475   2470.4    633.9
     1     1    10     3    21    15     0     3    -9.0   41.673  107.546   2344.8    647.9
     1     1    10     3    21    14     0     2   -10.0   41.844  106.612   2389.8    649.7
     1     1    10     3    21    13     0     1   -11.0   42.035  105.791   2264.2    675.6
     1     1    10     3    21    12     0     0   -12.0   42.253  104.971   2119.6    666.9
     1     1    10     3    21    11     0     1   -13.0   42.510  104.102   2121.5    656.9
     1     1    10     3    21    10     0     2   -14.0   42.792  103.209   2190.0    651.3
     1     1    10     3    21     9     0     3   -15.0   43.089  102.265   2209.5    637.5
     1     1    10     3    21     8     0     2   -16.0   43.414  101.247   2303.9    636.8
     1     1    10     3    21     7     0     1   -17.0   43.741  100.178   2495.2    629.1
     1     1    10     3    21     6     0     0   -18.0   44.065   99.009   2740.1    603.8
     1     1    10     3    21     5     0     1   -19.0   44.410   97.599   3038.5    558.1
     1     1    10     3    21     4     0     2   -20.0   44.806   95.995   3243.7    548.5
     1     1    10     3    21     3     0     3   -21.0   45.337   94.188   3330.6    524.3
     1     1    10     3    21     2     0     2   -22.0   45.813   92.470   3607.9    509.0
     1     1    10     3    21     1     0     1   -23.0   46.214   90.798   3927.0    504.0
     1     1    10     3    21     0     0     0   -24.0   46.588   89.135   4461.6    498.3
     1     1    10     3    20    23     0     1   -25.0   46.883   87.634   4582.8    512.6
     1     1    10     3    20    22     0     2   -26.0   47.074   86.262   4072.9    499.2
     1     1    10     3    20    21     0     3   -27.0   47.384   84.852   4462.2    485.8
     1     1    10     3    20    20     0     2   -28.0   47.785   83.423   5109.9    476.0
     1     1    10     3    20    19     0     1   -29.0   48.132   82.033   5155.3    460.6
     1     1    10     3    20    18     0     0   -30.0   48.554   80.679   5330.0    457.1
     1     1    10     3    20    17     0     1   -31.0   49.015   79.341   5540.0    443.1
     1     1    10     3    20    16     0     2   -32.0   49.419   77.999   5722.6    431.0
     1     1    10     3    20    15     0     3   -33.0   49.868   76.703   5894.7    416.6
     1     1    10     3    20    14     0     2   -34.0   50.331   75.417   6085.2    411.8
     1     1    10     3    20    13     0     1   -35.0   50.756   74.154   6277.7    403.6
     1     1    10     3    20    12     0     0   -36.0   51.223   72.910   6409.6    394.9
     1     1    10     3    20    11     0     1   -37.0   51.680   71.582   6539.3    392.9
     1     1    10     3    20    10     0     2   -38.0   52.111   70.214   6631.2    386.5
     1     1    10     3    20     9     0     3   -39.0   52.584   68.807   6729.2    379.8
     1     1    10     3    20     8     0     2   -40.0   53.071   67.343   6828.6    377.2
     1     1    10     3    20     7     0     1   -41.0   53.532   65.855   6873.0    378.4
     1     1    10     3    20     6     0     0   -42.0   54.001   64.357   6858.3    381.5
     1     1    10     3    20     5     0     1   -43.0   54.479   62.831   6856.5    379.2
     1     1    10     3    20     4     0     2   -44.0   54.993   61.258   6956.4    368.9
     1     1    10     3    20     3     0     3   -45.0   55.524   59.736   6856.3    363.0
     1     1    10     3    20     2     0     2   -46.0   56.037   58.281   6835.8    372.2
     1     1    10     3    20     1     0     1   -47.0   56.534   56.866   6869.3    374.1
     1     1    10     3    20     0     0     0   -48.0   57.015   55.524   6881.7    376.5
     1     1    10     3    19    23     0     1   -49.0   57.462   54.241   6866.2    377.8
     1     1    10     3    19    22     0     2   -50.0   57.897   53.021   6843.1    377.0
     1     1    10     3    19    21     0     3   -51.0   58.340   51.839   6844.0    378.5
     1     1    10     3    19    20     0     2   -52.0   58.762   50.725   6826.1    379.7
     1     1    10     3    19    19     0     1   -53.0   59.177   49.617   6809.6    380.8
     1     1    10     3    19    18     0     0   -54.0   59.572   48.522   6791.2    382.5
     1     1    10     3    19    17     0     1   -55.0   59.953   47.426   6768.8    385.2
     1     1    10     3    19    16     0     2   -56.0   60.321   46.316   6727.3    387.9
     1     1    10     3    19    15     0     3   -57.0   60.662   45.169   6656.8    391.4
     1     1    10     3    19    14     0     2   -58.0   60.975   43.985   6559.5    397.9
     1     1    10     3    19    13     0     1   -59.0   61.251   42.812   6449.7    407.3
     1     1    10     3    19    12     0     0   -60.0   61.484   41.644   6311.0    413.7
     1     1    10     3    19    11     0     1   -61.0   61.694   40.491   6171.1    422.2
     1     1    10     3    19    10     0     2   -62.0   61.906   39.384   6057.3    430.7
     1     1    10     3    19     9     0     3   -63.0   62.104   38.332   5943.6    437.3
     1     1    10     3    19     8     0     2   -64.0   62.311   37.328   5833.2    443.7
     1     1    10     3    19     7     0     1   -65.0   62.541   36.332   5743.4    452.0
     1     1    10     3    19     6     0     0   -66.0   62.768   35.336   5665.9    458.9
     1     1    10     3    19     5     0     1   -67.0   63.009   34.321   5581.8    462.1
     1     1    10     3    19     4     0     2   -68.0   63.265   33.262   5474.7    468.3
     1     1    10     3    19     3     0     3   -69.0   63.517   32.173   5335.2    475.9
     1     1    10     3    19     2     0     2   -70.0   63.771   31.091   5197.9    485.0
     1     1    10     3    19     1     0     1   -71.0   64.031   30.020   5093.2    492.3
     1     1    10     3    19     0     0     0   -72.0   64.288   28.942   5045.1    497.5
     1     1    10     3    18    23     0     1   -73.0   64.546   27.837   5005.9    499.7
     1     1    10     3    18    22     0     2   -74.0   64.798   26.710   4954.4    509.4
     1     1    10     3    18    21     0     3   -75.0   65.041   25.591   4891.0    518.9
     1     1    10     3    18    20     0     2   -76.0   65.297   24.480   4845.8    523.9
     1     1    10     3    18    19     0     1   -77.0   65.569   23.376   4825.7    525.0
     1     1    10     3    18    18     0     0   -78.0   65.861   22.235   4804.6    523.4
     1     1    10     3    18    17     0     1   -79.0   66.196   21.019   4765.8    517.6
     1     1    10     3    18    16     0     2   -80.0   66.560   19.691   4718.8    506.0
     1     1    10     3    18    15     0     3   -81.0   66.942   18.172   4659.8    490.7
     1     1    10     3    18    14     0     2   -82.0   67.336   16.556   4655.0    484.4
     1     1    10     3    18    13     0     1   -83.0   67.667   15.062   4797.7    508.8
     1     1    10     3    18    12     0     0   -84.0   67.952   13.668   4898.2    520.0
     1     1    10     3    18    11     0     1   -85.0   68.240   12.326   4946.7    517.2
     1     1    10     3    18    10     0     2   -86.0   68.540   11.001   5072.3    509.1
     1     1    10     3    18     9     0     3   -87.0   68.896    9.666   5250.5    494.7
     1     1    10     3    18     8     0     2   -88.0   69.301    8.331   5383.5    485.2
     1     1    10     3    18     7     0     1   -89.0   69.691    6.967   5517.7    475.7
     1     1    10     3    18     6     0     0   -90.0   70.099    5.605   5669.4    464.6
     1     1    10     3    18     5     0     1   -91.0   70.510    4.179   5799.9    455.4
     1     1    10     3    18     4     0     2   -92.0   70.889    2.639   5907.4    448.2
     1     1    10     3    18     3     0     3   -93.0   71.288    1.022   6021.3    440.5
     1     1    10     3    18     2     0     2   -94.0   71.715   -0.700   6136.1    432.7
     1     1    10     3    18     1     0     1   -95.0   72.135   -2.506   6203.0    427.8
     1     1    10     3    18     0     0     0   -96.0   72.555   -4.391   6243.4    425.2
