     7     1
    GDAS    10     3    22     0     0
    GDAS    10     4     8     0     0
    GDAS    10     4    15     0     0
    GDAS    10     4    22     0     0
    GDAS    10     4    29     0     0
    GDAS    10     4     1     0     0
    GDAS    10     3    29     0     0
     1 BACKWARD OMEGA   
    10     4    15     0   39.977  116.381  7000.0
     1 PRESSURE
     1     1    10     4    15     0     0     0     0.0   39.977  116.381   6762.1    402.2
     1     1    10     4    14    23     0     1    -1.0   40.079  115.737   6636.9    382.4
     1     1    10     4    14    22     0     2    -2.0   40.175  115.076   6395.5    367.5
     1     1    10     4    14    21     0     3    -3.0   40.280  114.422   6276.6    372.7
     1     1    10     4    14    20     0     2    -4.0   40.398  113.772   6167.7    377.4
     1     1    10     4    14    19     0     1    -5.0   40.521  113.123   6062.9    376.6
     1     1    10     4    14    18     0     0    -6.0   40.654  112.488   6066.8    374.4
     1     1    10     4    14    17     0     1    -7.0   40.794  111.800   6147.2    364.1
     1     1    10     4    14    16     0     2    -8.0   40.933  111.019   6142.9    356.5
     1     1    10     4    14    15     0     3    -9.0   41.085  110.215   6069.0    368.2
     1     1    10     4    14    14     0     2   -10.0   41.247  109.399   6006.3    384.8
     1     1    10     4    14    13     0     1   -11.0   41.395  108.535   5902.5    398.6
     1     1    10     4    14    12     0     0   -12.0   41.535  107.655   5714.5    410.2
     1     1    10     4    14    11     0     1   -13.0   41.686  106.808   5546.2    421.1
     1     1    10     4    14    10     0     2   -14.0   41.816  105.971   5444.8    438.4
     1     1    10     4    14     9     0     3   -15.0   41.898  105.090   5219.8    446.6
     1     1    10     4    14     8     0     2   -16.0   41.957  104.190   4987.2    459.5
     1     1    10     4    14     7     0     1   -17.0   42.017  103.318   4815.3    469.4
     1     1    10     4    14     6     0     0   -18.0   42.074  102.475   4687.1    484.4
     1     1    10     4    14     5     0     1   -19.0   42.144  101.661   4637.9    489.6
     1     1    10     4    14     4     0     2   -20.0   42.244  100.885   4547.8    492.1
     1     1    10     4    14     3     0     3   -21.0   42.374  100.171   4442.1    499.7
     1     1    10     4    14     2     0     2   -22.0   42.520   99.507   4321.9    501.3
     1     1    10     4    14     1     0     1   -23.0   42.663   98.862   4203.9    501.2
     1     1    10     4    14     0     0     0   -24.0   42.793   98.225   4104.0    504.7
     1     1    10     4    13    23     0     1   -25.0   42.919   97.602   4017.4    505.8
     1     1    10     4    13    22     0     2   -26.0   43.036   97.009   3916.4    509.7
     1     1    10     4    13    21     0     3   -27.0   43.127   96.455   3851.8    529.8
     1     1    10     4    13    20     0     2   -28.0   43.208   95.936   3806.3    541.3
     1     1    10     4    13    19     0     1   -29.0   43.284   95.440   3689.9    533.5
     1     1    10     4    13    18     0     0   -30.0   43.347   94.974   3516.9    543.5
     1     1    10     4    13    17     0     1   -31.0   43.422   94.527   3385.9    556.7
     1     1    10     4    13    16     0     2   -32.0   43.528   94.081   3344.0    553.5
     1     1    10     4    13    15     0     3   -33.0   43.659   93.642   3332.4    558.8
     1     1    10     4    13    14     0     2   -34.0   43.807   93.207   3249.5    553.2
     1     1    10     4    13    13     0     1   -35.0   43.960   92.758   3106.9    546.0
     1     1    10     4    13    12     0     0   -36.0   44.111   92.285   3029.0    561.0
     1     1    10     4    13    11     0     1   -37.0   44.249   91.806   3034.2    572.0
     1     1    10     4    13    10     0     2   -38.0   44.380   91.347   3070.1    577.7
     1     1    10     4    13     9     0     3   -39.0   44.518   90.911   3089.5    584.5
     1     1    10     4    13     8     0     2   -40.0   44.657   90.481   3068.6    594.5
     1     1    10     4    13     7     0     1   -41.0   44.790   90.035   2978.3    609.8
     1     1    10     4    13     6     0     0   -42.0   44.910   89.578   2866.2    629.2
     1     1    10     4    13     5     0     1   -43.0   45.022   89.131   2781.6    649.1
     1     1    10     4    13     4     0     2   -44.0   45.140   88.702   2717.4    662.5
     1     1    10     4    13     3     0     3   -45.0   45.277   88.278   2698.2    669.7
     1     1    10     4    13     2     0     2   -46.0   45.437   87.860   2702.5    673.0
     1     1    10     4    13     1     0     1   -47.0   45.614   87.460   2692.0    678.8
     1     1    10     4    13     0     0     0   -48.0   45.800   87.075   2665.3    686.6
     1     1    10     4    12    23     0     1   -49.0   45.992   86.671   2627.2    695.2
     1     1    10     4    12    22     0     2   -50.0   46.199   86.205   2533.2    691.0
     1     1    10     4    12    21     0     3   -51.0   46.420   85.659   2413.8    668.2
     1     1    10     4    12    20     0     2   -52.0   46.630   85.033   2350.7    634.6
     1     1    10     4    12    19     0     1   -53.0   46.796   84.337   2324.9    629.7
     1     1    10     4    12    18     0     0   -54.0   46.903   83.589   2267.8    648.8
     1     1    10     4    12    17     0     1   -55.0   46.949   82.825   2210.0    662.2
     1     1    10     4    12    16     0     2   -56.0   46.938   82.122   2111.6    690.0
     1     1    10     4    12    15     0     3   -57.0   46.893   81.539   1975.7    724.3
     1     1    10     4    12    14     0     2   -58.0   46.845   81.064   1854.4    751.0
     1     1    10     4    12    13     0     1   -59.0   46.805   80.657   1751.8    769.8
     1     1    10     4    12    12     0     0   -60.0   46.766   80.297   1659.1    785.0
     1     1    10     4    12    11     0     1   -61.0   46.703   79.983   1556.1    800.5
     1     1    10     4    12    10     0     2   -62.0   46.599   79.688   1420.4    811.1
     1     1    10     4    12     9     0     3   -63.0   46.461   79.379   1256.9    825.8
     1     1    10     4    12     8     0     2   -64.0   46.312   79.070   1110.5    843.9
     1     1    10     4    12     7     0     1   -65.0   46.171   78.794   1021.8    853.9
     1     1    10     4    12     6     0     0   -66.0   46.033   78.556    989.2    858.1
     1     1    10     4    12     5     0     1   -67.0   45.907   78.350    996.8    853.2
     1     1    10     4    12     4     0     2   -68.0   45.803   78.175   1028.0    848.2
     1     1    10     4    12     3     0     3   -69.0   45.709   78.029   1058.6    846.6
     1     1    10     4    12     2     0     2   -70.0   45.620   77.923   1044.5    845.3
     1     1    10     4    12     1     0     1   -71.0   45.546   77.894    964.5    853.2
     1     1    10     4    12     0     0     0   -72.0   45.504   77.961    828.7    866.9
     1     1    10     4    11    23     0     1   -73.0   45.487   78.143    710.9    877.4
     1     1    10     4    11    22     0     2   -74.0   45.445   78.373    681.2    864.1
     1     1    10     4    11    21     0     3   -75.0   45.368   78.571    734.9    838.5
     1     1    10     4    11    20     0     2   -76.0   45.275   78.678    833.3    809.5
     1     1    10     4    11    19     0     1   -77.0   45.181   78.711    946.4    787.1
     1     1    10     4    11    18     0     0   -78.0   45.082   78.682   1058.6    769.3
     1     1    10     4    11    17     0     1   -79.0   44.957   78.607   1153.9    763.5
     1     1    10     4    11    16     0     2   -80.0   44.799   78.525   1208.8    771.2
     1     1    10     4    11    15     0     3   -81.0   44.618   78.470   1211.3    781.6
     1     1    10     4    11    14     0     2   -82.0   44.439   78.461   1166.7    792.3
     1     1    10     4    11    13     0     1   -83.0   44.287   78.517   1102.7    802.5
     1     1    10     4    11    12     0     0   -84.0   44.167   78.621   1039.9    810.6
     1     1    10     4    11    11     0     1   -85.0   44.073   78.778    967.3    817.3
     1     1    10     4    11    10     0     2   -86.0   43.991   79.011    850.2    829.5
     1     1    10     4    11     9     0     3   -87.0   43.911   79.312    665.7    852.4
     1     1    10     4    11     8     0     2   -88.0   43.841   79.647    468.5    882.6
     1     1    10     4    11     7     0     1   -89.0   43.786   79.990    320.9    904.1
     1     1    10     4    11     6     0     0   -90.0   43.764   80.325    286.7    897.6
     1     1    10     4    11     5     0     1   -91.0   43.784   80.649    422.4    871.1
     1     1    10     4    11     4     0     2   -92.0   43.835   80.939    699.5    837.8
     1     1    10     4    11     3     0     3   -93.0   43.892   81.087    979.4    794.0
     1     1    10     4    11     2     0     2   -94.0   43.928   81.104   1167.8    776.8
     1     1    10     4    11     1     0     1   -95.0   43.931   81.034   1261.8    773.4
     1     1    10     4    11     0     0     0   -96.0   43.898   80.905   1276.2    775.3
