     7     1
    GDAS    10     3    22     0     0
    GDAS    10     4     8     0     0
    GDAS    10     4    15     0     0
    GDAS    10     4    22     0     0
    GDAS    10     4    29     0     0
    GDAS    10     4     1     0     0
    GDAS    10     3    29     0     0
     1 BACKWARD OMEGA   
    10     4     6    18   39.977  116.381  5000.0
     1 PRESSURE
     1     1    10     4     6    18     0     0     0.0   39.977  116.381   4760.5    539.9
     1     1    10     4     6    17     0     1    -1.0   40.412  115.692   4732.2    495.6
     1     1    10     4     6    16     0     2    -2.0   40.924  114.938   4785.0    464.1
     1     1    10     4     6    15     0     3    -3.0   41.479  114.119   4993.8    442.9
     1     1    10     4     6    14     0     2    -4.0   42.035  113.237   5157.7    431.6
     1     1    10     4     6    13     0     1    -5.0   42.563  112.292   5342.2    432.8
     1     1    10     4     6    12     0     0    -6.0   43.036  111.314   5502.6    433.6
     1     1    10     4     6    11     0     1    -7.0   43.455  110.303   5562.8    429.7
     1     1    10     4     6    10     0     2    -8.0   43.826  109.232   5608.8    435.9
     1     1    10     4     6     9     0     3    -9.0   44.133  108.086   5658.6    422.6
     1     1    10     4     6     8     0     2   -10.0   44.380  106.943   5552.9    419.3
     1     1    10     4     6     7     0     1   -11.0   44.600  105.816   5432.6    421.2
     1     1    10     4     6     6     0     0   -12.0   44.780  104.692   5363.7    427.9
     1     1    10     4     6     5     0     1   -13.0   44.917  103.602   5321.3    429.8
     1     1    10     4     6     4     0     2   -14.0   45.048  102.550   5174.6    427.5
     1     1    10     4     6     3     0     3   -15.0   45.188  101.498   4989.4    423.4
     1     1    10     4     6     2     0     2   -16.0   45.343  100.471   4994.9    420.8
     1     1    10     4     6     1     0     1   -17.0   45.506   99.487   5003.4    416.0
     1     1    10     4     6     0     0     0   -18.0   45.681   98.540   4911.3    421.0
     1     1    10     4     5    23     0     1   -19.0   45.881   97.591   4880.3    424.4
     1     1    10     4     5    22     0     2   -20.0   46.082   96.582   4888.6    411.7
     1     1    10     4     5    21     0     3   -21.0   46.273   95.584   4934.3    421.5
     1     1    10     4     5    20     0     2   -22.0   46.440   94.629   5019.2    419.1
     1     1    10     4     5    19     0     1   -23.0   46.615   93.684   5009.5    411.3
     1     1    10     4     5    18     0     0   -24.0   46.816   92.759   4910.3    408.2
     1     1    10     4     5    17     0     1   -25.0   47.043   91.810   4805.8    384.3
     1     1    10     4     5    16     0     2   -26.0   47.265   90.814   4870.0    383.0
     1     1    10     4     5    15     0     3   -27.0   47.476   89.864   4998.9    399.5
     1     1    10     4     5    14     0     2   -28.0   47.684   88.962   5082.7    408.5
     1     1    10     4     5    13     0     1   -29.0   47.886   88.070   5151.3    422.7
     1     1    10     4     5    12     0     0   -30.0   48.080   87.204   5282.3    443.5
     1     1    10     4     5    11     0     1   -31.0   48.238   86.361   5391.4    449.2
     1     1    10     4     5    10     0     2   -32.0   48.340   85.531   5444.8    454.0
     1     1    10     4     5     9     0     3   -33.0   48.406   84.743   5476.3    458.9
     1     1    10     4     5     8     0     2   -34.0   48.461   84.012   5497.6    467.8
     1     1    10     4     5     7     0     1   -35.0   48.521   83.333   5481.4    468.1
     1     1    10     4     5     6     0     0   -36.0   48.598   82.689   5472.4    462.7
     1     1    10     4     5     5     0     1   -37.0   48.694   82.050   5474.7    456.3
     1     1    10     4     5     4     0     2   -38.0   48.807   81.408   5503.9    457.9
     1     1    10     4     5     3     0     3   -39.0   48.931   80.775   5523.5    460.7
     1     1    10     4     5     2     0     2   -40.0   49.064   80.149   5533.1    464.4
     1     1    10     4     5     1     0     1   -41.0   49.200   79.528   5532.1    463.7
     1     1    10     4     5     0     0     0   -42.0   49.335   78.908   5529.6    462.3
     1     1    10     4     4    23     0     1   -43.0   49.470   78.304   5534.4    461.6
     1     1    10     4     4    22     0     2   -44.0   49.607   77.728   5543.9    459.7
     1     1    10     4     4    21     0     3   -45.0   49.745   77.171   5552.0    455.8
     1     1    10     4     4    20     0     2   -46.0   49.888   76.638   5580.7    453.9
     1     1    10     4     4    19     0     1   -47.0   50.041   76.136   5628.1    453.2
     1     1    10     4     4    18     0     0   -48.0   50.200   75.667   5683.4    452.7
     1     1    10     4     4    17     0     1   -49.0   50.371   75.210   5731.0    452.2
     1     1    10     4     4    16     0     2   -50.0   50.560   74.744   5766.2    453.0
     1     1    10     4     4    15     0     3   -51.0   50.767   74.264   5783.0    454.4
     1     1    10     4     4    14     0     2   -52.0   50.979   73.761   5782.6    454.8
     1     1    10     4     4    13     0     1   -53.0   51.178   73.238   5783.3    454.8
     1     1    10     4     4    12     0     0   -54.0   51.362   72.708   5794.6    457.4
     1     1    10     4     4    11     0     1   -55.0   51.520   72.208   5814.1    459.9
     1     1    10     4     4    10     0     2   -56.0   51.647   71.766   5838.1    458.8
     1     1    10     4     4     9     0     3   -57.0   51.747   71.369   5866.0    456.4
     1     1    10     4     4     8     0     2   -58.0   51.843   71.009   5894.0    453.3
     1     1    10     4     4     7     0     1   -59.0   51.955   70.680   5924.2    451.6
     1     1    10     4     4     6     0     0   -60.0   52.085   70.385   5954.7    450.2
     1     1    10     4     4     5     0     1   -61.0   52.239   70.101   5985.6    448.4
     1     1    10     4     4     4     0     2   -62.0   52.422   69.801   6016.2    446.2
     1     1    10     4     4     3     0     3   -63.0   52.630   69.481   6044.5    443.9
     1     1    10     4     4     2     0     2   -64.0   52.852   69.139   6067.9    441.7
     1     1    10     4     4     1     0     1   -65.0   53.073   68.779   6091.6    441.1
     1     1    10     4     4     0     0     0   -66.0   53.289   68.416   6118.4    442.9
     1     1    10     4     3    23     0     1   -67.0   53.496   68.071   6140.8    444.7
     1     1    10     4     3    22     0     2   -68.0   53.700   67.760   6165.9    446.2
     1     1    10     4     3    21     0     3   -69.0   53.908   67.485   6192.0    446.8
     1     1    10     4     3    20     0     2   -70.0   54.123   67.230   6223.1    446.4
     1     1    10     4     3    19     0     1   -71.0   54.343   66.978   6268.9    444.0
     1     1    10     4     3    18     0     0   -72.0   54.575   66.727   6326.5    440.2
     1     1    10     4     3    17     0     1   -73.0   54.825   66.493   6380.7    436.1
     1     1    10     4     3    16     0     2   -74.0   55.099   66.290   6417.6    434.1
     1     1    10     4     3    15     0     3   -75.0   55.392   66.123   6451.0    432.9
     1     1    10     4     3    14     0     2   -76.0   55.704   65.964   6491.6    430.8
     1     1    10     4     3    13     0     1   -77.0   56.039   65.779   6528.9    428.5
     1     1    10     4     3    12     0     0   -78.0   56.401   65.579   6547.9    427.8
     1     1    10     4     3    11     0     1   -79.0   56.768   65.387   6553.0    429.1
     1     1    10     4     3    10     0     2   -80.0   57.121   65.203   6564.5    429.0
     1     1    10     4     3     9     0     3   -81.0   57.462   65.011   6597.8    427.0
     1     1    10     4     3     8     0     2   -82.0   57.804   64.800   6647.8    422.6
     1     1    10     4     3     7     0     1   -83.0   58.163   64.566   6693.7    419.2
     1     1    10     4     3     6     0     0   -84.0   58.544   64.302   6744.0    416.8
     1     1    10     4     3     5     0     1   -85.0   58.958   63.991   6828.4    412.3
     1     1    10     4     3     4     0     2   -86.0   59.404   63.605   6923.4    403.7
     1     1    10     4     3     3     0     3   -87.0   59.863   63.125   6952.2    399.8
     1     1    10     4     3     2     0     2   -88.0   60.315   62.597   6888.6    405.1
     1     1    10     4     3     1     0     1   -89.0   60.770   62.048   6791.6    411.4
     1     1    10     4     3     0     0     0   -90.0   61.241   61.436   6756.1    417.1
     1     1    10     4     2    23     0     1   -91.0   61.732   60.735   6818.6    411.0
     1     1    10     4     2    22     0     2   -92.0   62.239   59.963   6860.4    394.2
     1     1    10     4     2    21     0     3   -93.0   62.752   59.174   6826.0    391.8
     1     1    10     4     2    20     0     2   -94.0   63.269   58.347   6811.0    399.1
     1     1    10     4     2    19     0     1   -95.0   63.777   57.414   6940.7    400.0
     1     1    10     4     2    18     0     0   -96.0   64.277   56.327   7065.4    391.7
