     7     1
    GDAS    10     3    22     0     0
    GDAS    10     4     8     0     0
    GDAS    10     4    15     0     0
    GDAS    10     4    22     0     0
    GDAS    10     4    29     0     0
    GDAS    10     4     1     0     0
    GDAS    10     3    29     0     0
     1 BACKWARD OMEGA   
    10     4     6    12   39.977  116.381  5000.0
     1 PRESSURE
     1     1    10     4     6    12     0     0     0.0   39.977  116.381   4760.6    538.3
     1     1    10     4     6    11     0     1    -1.0   40.452  115.747   4777.2    490.5
     1     1    10     4     6    10     0     2    -2.0   40.933  115.067   4823.5    458.7
     1     1    10     4     6     9     0     3    -3.0   41.421  114.336   4954.5    443.4
     1     1    10     4     6     8     0     2    -4.0   41.899  113.582   5025.5    436.5
     1     1    10     4     6     7     0     1    -5.0   42.349  112.827   5108.9    441.2
     1     1    10     4     6     6     0     0    -6.0   42.760  112.101   5177.9    446.4
     1     1    10     4     6     5     0     1    -7.0   43.161  111.401   5244.7    449.6
     1     1    10     4     6     4     0     2    -8.0   43.576  110.717   5301.2    444.7
     1     1    10     4     6     3     0     3    -9.0   43.972  110.084   5362.9    448.5
     1     1    10     4     6     2     0     2   -10.0   44.355  109.480   5397.9    446.1
     1     1    10     4     6     1     0     1   -11.0   44.733  108.870   5434.0    435.6
     1     1    10     4     6     0     0     0   -12.0   45.096  108.267   5464.2    428.3
     1     1    10     4     5    23     0     1   -13.0   45.460  107.680   5473.9    423.3
     1     1    10     4     5    22     0     2   -14.0   45.831  107.118   5495.5    413.5
     1     1    10     4     5    21     0     3   -15.0   46.200  106.581   5537.9    404.7
     1     1    10     4     5    20     0     2   -16.0   46.576  106.047   5595.1    401.9
     1     1    10     4     5    19     0     1   -17.0   46.965  105.526   5652.3    399.4
     1     1    10     4     5    18     0     0   -18.0   47.350  105.037   5715.7    399.9
     1     1    10     4     5    17     0     1   -19.0   47.726  104.549   5764.1    401.1
     1     1    10     4     5    16     0     2   -20.0   48.103  104.039   5802.1    403.9
     1     1    10     4     5    15     0     3   -21.0   48.495  103.521   5758.5    397.5
     1     1    10     4     5    14     0     2   -22.0   48.904  102.997   5742.9    393.6
     1     1    10     4     5    13     0     1   -23.0   49.315  102.458   5763.0    391.4
     1     1    10     4     5    12     0     0   -24.0   49.732  101.902   5822.4    386.6
     1     1    10     4     5    11     0     1   -25.0   50.164  101.313   5908.3    371.6
     1     1    10     4     5    10     0     2   -26.0   50.586  100.666   5962.5    356.4
     1     1    10     4     5     9     0     3   -27.0   50.984   99.983   5929.6    355.5
     1     1    10     4     5     8     0     2   -28.0   51.371   99.264   5813.6    351.9
     1     1    10     4     5     7     0     1   -29.0   51.743   98.477   5857.3    352.2
     1     1    10     4     5     6     0     0   -30.0   52.098   97.640   5998.2    361.3
     1     1    10     4     5     5     0     1   -31.0   52.419   96.779   6065.9    370.2
     1     1    10     4     5     4     0     2   -32.0   52.696   95.887   6079.6    377.6
     1     1    10     4     5     3     0     3   -33.0   52.945   94.968   6086.7    385.9
     1     1    10     4     5     2     0     2   -34.0   53.201   94.034   6083.9    391.6
     1     1    10     4     5     1     0     1   -35.0   53.462   93.070   6167.8    411.3
     1     1    10     4     5     0     0     0   -36.0   53.710   92.064   6285.7    416.2
     1     1    10     4     4    23     0     1   -37.0   53.944   91.010   6384.7    406.0
     1     1    10     4     4    22     0     2   -38.0   54.169   89.935   6214.1    393.4
     1     1    10     4     4    21     0     3   -39.0   54.433   88.847   6091.3    404.7
     1     1    10     4     4    20     0     2   -40.0   54.724   87.681   6223.9    416.0
     1     1    10     4     4    19     0     1   -41.0   54.998   86.474   6326.5    425.5
     1     1    10     4     4    18     0     0   -42.0   55.258   85.263   6231.0    435.0
     1     1    10     4     4    17     0     1   -43.0   55.512   84.049   6161.1    441.3
     1     1    10     4     4    16     0     2   -44.0   55.767   82.841   6138.0    446.1
     1     1    10     4     4    15     0     3   -45.0   56.031   81.644   6094.0    447.8
     1     1    10     4     4    14     0     2   -46.0   56.308   80.480   6070.9    450.4
     1     1    10     4     4    13     0     1   -47.0   56.586   79.346   6046.7    451.7
     1     1    10     4     4    12     0     0   -48.0   56.862   78.215   6010.2    455.4
     1     1    10     4     4    11     0     1   -49.0   57.146   77.126   5975.9    458.1
     1     1    10     4     4    10     0     2   -50.0   57.430   76.100   5948.0    460.1
     1     1    10     4     4     9     0     3   -51.0   57.710   75.089   5937.6    460.8
     1     1    10     4     4     8     0     2   -52.0   58.001   74.089   5936.4    460.7
     1     1    10     4     4     7     0     1   -53.0   58.309   73.133   5936.4    462.8
     1     1    10     4     4     6     0     0   -54.0   58.631   72.196   5925.4    463.1
     1     1    10     4     4     5     0     1   -55.0   58.966   71.236   5910.8    464.6
     1     1    10     4     4     4     0     2   -56.0   59.315   70.271   5884.6    466.9
     1     1    10     4     4     3     0     3   -57.0   59.666   69.285   5858.6    471.1
     1     1    10     4     4     2     0     2   -58.0   60.011   68.301   5819.8    473.9
     1     1    10     4     4     1     0     1   -59.0   60.362   67.377   5789.0    475.6
     1     1    10     4     4     0     0     0   -60.0   60.716   66.493   5779.9    475.5
     1     1    10     4     3    23     0     1   -61.0   61.059   65.619   5772.0    474.6
     1     1    10     4     3    22     0     2   -62.0   61.413   64.735   5755.6    475.0
     1     1    10     4     3    21     0     3   -63.0   61.789   63.835   5742.9    475.2
     1     1    10     4     3    20     0     2   -64.0   62.179   62.916   5754.0    473.5
     1     1    10     4     3    19     0     1   -65.0   62.565   61.969   5800.9    474.9
     1     1    10     4     3    18     0     0   -66.0   62.920   60.998   5850.1    472.2
     1     1    10     4     3    17     0     1   -67.0   63.263   60.011   5784.7    464.3
     1     1    10     4     3    16     0     2   -68.0   63.616   59.021   5659.2    462.8
     1     1    10     4     3    15     0     3   -69.0   63.953   57.997   5690.2    478.9
     1     1    10     4     3    14     0     2   -70.0   64.270   56.939   5724.8    477.9
     1     1    10     4     3    13     0     1   -71.0   64.564   55.902   5697.8    479.0
     1     1    10     4     3    12     0     0   -72.0   64.836   54.859   5693.2    480.7
     1     1    10     4     3    11     0     1   -73.0   65.088   53.775   5709.9    480.9
     1     1    10     4     3    10     0     2   -74.0   65.322   52.664   5694.7    481.4
     1     1    10     4     3     9     0     3   -75.0   65.535   51.509   5659.2    481.6
     1     1    10     4     3     8     0     2   -76.0   65.724   50.332   5618.8    481.8
     1     1    10     4     3     7     0     1   -77.0   65.877   49.166   5595.8    485.1
     1     1    10     4     3     6     0     0   -78.0   65.987   48.013   5565.2    490.4
     1     1    10     4     3     5     0     1   -79.0   66.069   46.876   5535.4    495.4
     1     1    10     4     3     4     0     2   -80.0   66.134   45.746   5525.6    496.3
     1     1    10     4     3     3     0     3   -81.0   66.173   44.623   5539.8    495.7
     1     1    10     4     3     2     0     2   -82.0   66.185   43.520   5557.5    495.3
     1     1    10     4     3     1     0     1   -83.0   66.168   42.428   5572.8    493.5
     1     1    10     4     3     0     0     0   -84.0   66.132   41.341   5589.1    493.4
     1     1    10     4     2    23     0     1   -85.0   66.081   40.289   5624.2    491.9
     1     1    10     4     2    22     0     2   -86.0   66.013   39.288   5680.5    488.2
     1     1    10     4     2    21     0     3   -87.0   65.934   38.307   5754.1    482.5
     1     1    10     4     2    20     0     2   -88.0   65.842   37.361   5819.5    478.5
     1     1    10     4     2    19     0     1   -89.0   65.730   36.464   5864.8    475.9
     1     1    10     4     2    18     0     0   -90.0   65.605   35.588   5904.0    473.2
     1     1    10     4     2    17     0     1   -91.0   65.451   34.751   5944.3    470.0
     1     1    10     4     2    16     0     2   -92.0   65.250   33.940   5991.6    464.7
     1     1    10     4     2    15     0     3   -93.0   65.025   33.103   6079.3    455.7
     1     1    10     4     2    14     0     2   -94.0   64.789   32.328   6205.1    445.8
     1     1    10     4     2    13     0     1   -95.0   64.529   31.686   6307.3    437.2
     1     1    10     4     2    12     0     0   -96.0   64.258   31.094   6387.5    429.7
