     7     1
    GDAS    10     3    22     0     0
    GDAS    10     4     8     0     0
    GDAS    10     4    15     0     0
    GDAS    10     4    22     0     0
    GDAS    10     4    29     0     0
    GDAS    10     4     1     0     0
    GDAS    10     3    29     0     0
     1 BACKWARD OMEGA   
    10     4    30     0   39.977  116.381  1800.0
     1 PRESSURE
     1     1    10     4    30     0     0     0     0.0   39.977  116.381   1563.6    817.7
     1     1    10     4    29    23     0     1    -1.0   40.349  116.168   1654.1    774.4
     1     1    10     4    29    22     0     2    -2.0   40.797  115.977   1755.5    723.8
     1     1    10     4    29    21     0     3    -3.0   41.285  115.803   1857.7    687.3
     1     1    10     4    29    20     0     2    -4.0   41.803  115.610   1943.5    671.2
     1     1    10     4    29    19     0     1    -5.0   42.336  115.403   2027.4    666.5
     1     1    10     4    29    18     0     0    -6.0   42.837  115.192   2101.1    668.7
     1     1    10     4    29    17     0     1    -7.0   43.303  114.983   2146.4    670.0
     1     1    10     4    29    16     0     2    -8.0   43.745  114.802   2160.2    672.8
     1     1    10     4    29    15     0     3    -9.0   44.173  114.665   2146.3    673.6
     1     1    10     4    29    14     0     2   -10.0   44.608  114.570   2137.8    669.5
     1     1    10     4    29    13     0     1   -11.0   45.070  114.509   2168.1    659.9
     1     1    10     4    29    12     0     0   -12.0   45.545  114.456   2220.4    661.0
     1     1    10     4    29    11     0     1   -13.0   46.014  114.400   2265.0    665.4
     1     1    10     4    29    10     0     2   -14.0   46.464  114.353   2295.7    669.8
     1     1    10     4    29     9     0     3   -15.0   46.873  114.301   2296.2    677.1
     1     1    10     4    29     8     0     2   -16.0   47.259  114.259   2278.8    684.4
     1     1    10     4    29     7     0     1   -17.0   47.642  114.244   2274.8    689.4
     1     1    10     4    29     6     0     0   -18.0   48.006  114.246   2308.4    690.4
     1     1    10     4    29     5     0     1   -19.0   48.359  114.276   2364.6    683.3
     1     1    10     4    29     4     0     2   -20.0   48.715  114.348   2419.6    677.8
     1     1    10     4    29     3     0     3   -21.0   49.061  114.478   2459.3    674.3
     1     1    10     4    29     2     0     2   -22.0   49.408  114.645   2479.0    675.0
     1     1    10     4    29     1     0     1   -23.0   49.774  114.823   2485.1    678.6
     1     1    10     4    29     0     0     0   -24.0   50.157  115.019   2494.1    682.1
     1     1    10     4    28    23     0     1   -25.0   50.550  115.209   2505.5    679.6
     1     1    10     4    28    22     0     2   -26.0   50.940  115.373   2508.4    676.6
     1     1    10     4    28    21     0     3   -27.0   51.320  115.523   2504.7    675.3
     1     1    10     4    28    20     0     2   -28.0   51.688  115.665   2523.1    676.0
     1     1    10     4    28    19     0     1   -29.0   52.038  115.786   2582.9    672.8
     1     1    10     4    28    18     0     0   -30.0   52.366  115.901   2665.8    661.8
     1     1    10     4    28    17     0     1   -31.0   52.692  116.046   2748.6    650.6
     1     1    10     4    28    16     0     2   -32.0   53.019  116.206   2809.0    639.5
     1     1    10     4    28    15     0     3   -33.0   53.359  116.369   2863.6    631.4
     1     1    10     4    28    14     0     2   -34.0   53.724  116.530   2920.9    622.0
     1     1    10     4    28    13     0     1   -35.0   54.095  116.632   2962.3    616.2
     1     1    10     4    28    12     0     0   -36.0   54.460  116.656   2983.1    618.9
     1     1    10     4    28    11     0     1   -37.0   54.811  116.663   3011.2    623.4
     1     1    10     4    28    10     0     2   -38.0   55.129  116.661   3080.8    617.6
     1     1    10     4    28     9     0     3   -39.0   55.418  116.632   3202.8    602.1
     1     1    10     4    28     8     0     2   -40.0   55.697  116.588   3364.4    582.3
     1     1    10     4    28     7     0     1   -41.0   55.972  116.500   3526.1    566.3
     1     1    10     4    28     6     0     0   -42.0   56.253  116.354   3683.3    553.1
     1     1    10     4    28     5     0     1   -43.0   56.550  116.205   3881.3    538.0
     1     1    10     4    28     4     0     2   -44.0   56.850  116.059   4142.6    514.4
     1     1    10     4    28     3     0     3   -45.0   57.133  115.864   4424.4    490.4
     1     1    10     4    28     2     0     2   -46.0   57.438  115.632   4651.3    476.6
     1     1    10     4    28     1     0     1   -47.0   57.775  115.366   4770.6    476.7
     1     1    10     4    28     0     0     0   -48.0   58.090  115.036   4788.8    483.3
     1     1    10     4    27    23     0     1   -49.0   58.387  114.672   4750.3    486.1
     1     1    10     4    27    22     0     2   -50.0   58.684  114.306   4750.9    482.8
     1     1    10     4    27    21     0     3   -51.0   58.938  113.933   4795.3    479.3
     1     1    10     4    27    20     0     2   -52.0   59.172  113.507   4885.4    486.3
     1     1    10     4    27    19     0     1   -53.0   59.422  112.998   4934.3    497.4
     1     1    10     4    27    18     0     0   -54.0   59.680  112.454   4905.8    506.3
     1     1    10     4    27    17     0     1   -55.0   59.942  111.868   4791.8    515.4
     1     1    10     4    27    16     0     2   -56.0   60.230  111.162   4628.5    529.6
     1     1    10     4    27    15     0     3   -57.0   60.574  110.310   4506.4    538.9
     1     1    10     4    27    14     0     2   -58.0   60.965  109.399   4471.3    543.5
     1     1    10     4    27    13     0     1   -59.0   61.352  108.403   4415.7    549.2
     1     1    10     4    27    12     0     0   -60.0   61.724  107.341   4345.5    554.1
     1     1    10     4    27    11     0     1   -61.0   62.127  106.217   4301.4    554.7
     1     1    10     4    27    10     0     2   -62.0   62.524  104.988   4223.4    560.6
     1     1    10     4    27     9     0     3   -63.0   62.877  103.739   4187.8    562.4
     1     1    10     4    27     8     0     2   -64.0   63.225  102.429   4156.9    559.3
     1     1    10     4    27     7     0     1   -65.0   63.558  101.026   4058.1    568.8
     1     1    10     4    27     6     0     0   -66.0   63.863   99.681   3904.5    579.2
     1     1    10     4    27     5     0     1   -67.0   64.145   98.420   3753.6    591.0
     1     1    10     4    27     4     0     2   -68.0   64.399   97.015   3664.6    596.0
     1     1    10     4    27     3     0     3   -69.0   64.619   95.508   3553.7    606.7
     1     1    10     4    27     2     0     2   -70.0   64.795   94.029   3374.4    626.7
     1     1    10     4    27     1     0     1   -71.0   64.936   92.610   3225.0    639.3
     1     1    10     4    27     0     0     0   -72.0   65.078   91.165   3115.4    642.5
     1     1    10     4    26    23     0     1   -73.0   65.199   89.643   3056.9    651.8
     1     1    10     4    26    22     0     2   -74.0   65.259   88.105   3078.7    674.5
     1     1    10     4    26    21     0     3   -75.0   65.245   86.593   3017.4    685.8
     1     1    10     4    26    20     0     2   -76.0   65.189   85.075   2930.3    688.7
     1     1    10     4    26    19     0     1   -77.0   65.102   83.598   2886.7    696.4
     1     1    10     4    26    18     0     0   -78.0   64.966   82.228   2873.0    700.8
     1     1    10     4    26    17     0     1   -79.0   64.809   80.920   2830.0    705.0
     1     1    10     4    26    16     0     2   -80.0   64.667   79.626   2755.4    710.7
     1     1    10     4    26    15     0     3   -81.0   64.524   78.391   2681.9    719.1
     1     1    10     4    26    14     0     2   -82.0   64.368   77.208   2619.0    725.4
     1     1    10     4    26    13     0     1   -83.0   64.203   76.034   2575.1    728.5
     1     1    10     4    26    12     0     0   -84.0   64.025   74.871   2537.8    728.9
     1     1    10     4    26    11     0     1   -85.0   63.828   73.730   2509.1    731.3
     1     1    10     4    26    10     0     2   -86.0   63.614   72.604   2488.7    732.3
     1     1    10     4    26     9     0     3   -87.0   63.386   71.486   2452.7    734.5
     1     1    10     4    26     8     0     2   -88.0   63.149   70.395   2402.4    739.4
     1     1    10     4    26     7     0     1   -89.0   62.910   69.327   2371.3    742.9
     1     1    10     4    26     6     0     0   -90.0   62.654   68.275   2371.2    744.1
     1     1    10     4    26     5     0     1   -91.0   62.373   67.305   2380.7    745.2
     1     1    10     4    26     4     0     2   -92.0   62.085   66.438   2398.5    744.1
     1     1    10     4    26     3     0     3   -93.0   61.799   65.641   2417.6    740.5
     1     1    10     4    26     2     0     2   -94.0   61.510   64.902   2423.9    739.2
     1     1    10     4    26     1     0     1   -95.0   61.219   64.198   2412.5    741.3
     1     1    10     4    26     0     0     0   -96.0   60.927   63.514   2391.5    744.6
