     5     1
    GDAS    10     3     1     0     0
    GDAS    10     3     8     0     0
    GDAS    10     3    15     0     0
    GDAS    10     3    22     0     0
    GDAS    10     3    29     0     0
     1 BACKWARD OMEGA   
    10     3    17     0   39.977  116.381  6600.0
     1 PRESSURE
     1     1    10     3    17     0     0     0     0.0   39.977  116.381   6359.2    424.2
     1     1    10     3    16    23     0     1    -1.0   40.323  115.336   6179.5    387.7
     1     1    10     3    16    22     0     2    -2.0   40.715  114.234   6228.9    368.8
     1     1    10     3    16    21     0     3    -3.0   41.115  113.113   6221.7    355.8
     1     1    10     3    16    20     0     2    -4.0   41.513  112.048   6270.4    357.2
     1     1    10     3    16    19     0     1    -5.0   41.934  111.035   6314.9    365.8
     1     1    10     3    16    18     0     0    -6.0   42.364  110.058   6294.7    369.7
     1     1    10     3    16    17     0     1    -7.0   42.814  109.087   6326.4    369.4
     1     1    10     3    16    16     0     2    -8.0   43.278  108.158   6407.3    378.1
     1     1    10     3    16    15     0     3    -9.0   43.765  107.304   6345.9    372.2
     1     1    10     3    16    14     0     2   -10.0   44.274  106.510   6301.4    368.8
     1     1    10     3    16    13     0     1   -11.0   44.795  105.761   6365.9    364.6
     1     1    10     3    16    12     0     0   -12.0   45.346  105.031   6428.7    359.4
     1     1    10     3    16    11     0     1   -13.0   45.910  104.310   6447.9    352.1
     1     1    10     3    16    10     0     2   -14.0   46.445  103.599   6425.9    344.3
     1     1    10     3    16     9     0     3   -15.0   46.951  102.896   6425.1    339.1
     1     1    10     3    16     8     0     2   -16.0   47.428  102.215   6433.0    333.0
     1     1    10     3    16     7     0     1   -17.0   47.874  101.561   6411.0    334.3
     1     1    10     3    16     6     0     0   -18.0   48.289  100.921   6363.7    334.9
     1     1    10     3    16     5     0     1   -19.0   48.678  100.340   6322.4    336.1
     1     1    10     3    16     4     0     2   -20.0   49.055   99.837   6333.7    335.2
     1     1    10     3    16     3     0     3   -21.0   49.433   99.397   6374.1    329.4
     1     1    10     3    16     2     0     2   -22.0   49.825   98.993   6455.1    326.1
     1     1    10     3    16     1     0     1   -23.0   50.224   98.604   6511.9    318.0
     1     1    10     3    16     0     0     0   -24.0   50.617   98.244   6587.7    313.3
     1     1    10     3    15    23     0     1   -25.0   50.999   97.889   6682.6    313.9
     1     1    10     3    15    22     0     2   -26.0   51.372   97.511   6742.5    320.9
     1     1    10     3    15    21     0     3   -27.0   51.730   97.133   6739.8    328.7
     1     1    10     3    15    20     0     2   -28.0   52.076   96.729   6672.8    334.6
     1     1    10     3    15    19     0     1   -29.0   52.415   96.287   6623.4    341.3
     1     1    10     3    15    18     0     0   -30.0   52.743   95.856   6611.3    349.6
     1     1    10     3    15    17     0     1   -31.0   53.064   95.437   6601.1    355.9
     1     1    10     3    15    16     0     2   -32.0   53.369   95.008   6591.4    360.3
     1     1    10     3    15    15     0     3   -33.0   53.654   94.571   6641.0    366.0
     1     1    10     3    15    14     0     2   -34.0   53.916   94.093   6734.3    374.6
     1     1    10     3    15    13     0     1   -35.0   54.136   93.542   6750.6    381.3
     1     1    10     3    15    12     0     0   -36.0   54.305   92.944   6708.4    387.8
     1     1    10     3    15    11     0     1   -37.0   54.438   92.332   6660.2    393.4
     1     1    10     3    15    10     0     2   -38.0   54.553   91.711   6629.2    395.6
     1     1    10     3    15     9     0     3   -39.0   54.626   91.086   6583.5    397.5
     1     1    10     3    15     8     0     2   -40.0   54.662   90.443   6494.6    398.4
     1     1    10     3    15     7     0     1   -41.0   54.677   89.773   6410.1    397.4
     1     1    10     3    15     6     0     0   -42.0   54.673   89.084   6345.6    392.2
     1     1    10     3    15     5     0     1   -43.0   54.646   88.396   6361.3    396.6
     1     1    10     3    15     4     0     2   -44.0   54.598   87.718   6357.5    407.7
     1     1    10     3    15     3     0     3   -45.0   54.526   87.055   6288.6    423.5
     1     1    10     3    15     2     0     2   -46.0   54.414   86.388   6122.1    435.0
     1     1    10     3    15     1     0     1   -47.0   54.258   85.691   5999.3    444.5
     1     1    10     3    15     0     0     0   -48.0   54.073   84.977   6002.5    449.5
     1     1    10     3    14    23     0     1   -49.0   53.869   84.262   6070.8    444.2
     1     1    10     3    14    22     0     2   -50.0   53.652   83.538   6112.5    442.1
     1     1    10     3    14    21     0     3   -51.0   53.455   82.796   6079.0    442.9
     1     1    10     3    14    20     0     2   -52.0   53.264   82.050   5995.2    451.6
     1     1    10     3    14    19     0     1   -53.0   53.057   81.301   5927.9    458.9
     1     1    10     3    14    18     0     0   -54.0   52.838   80.519   5879.5    462.8
     1     1    10     3    14    17     0     1   -55.0   52.615   79.727   5831.3    468.2
     1     1    10     3    14    16     0     2   -56.0   52.384   78.968   5823.4    468.9
     1     1    10     3    14    15     0     3   -57.0   52.125   78.195   5843.6    467.5
     1     1    10     3    14    14     0     2   -58.0   51.832   77.365   5865.6    466.5
     1     1    10     3    14    13     0     1   -59.0   51.545   76.520   5876.7    464.7
     1     1    10     3    14    12     0     0   -60.0   51.254   75.683   5893.6    457.7
     1     1    10     3    14    11     0     1   -61.0   50.953   74.818   5870.6    450.1
     1     1    10     3    14    10     0     2   -62.0   50.676   73.947   5815.2    449.0
     1     1    10     3    14     9     0     3   -63.0   50.402   73.114   5795.4    448.1
     1     1    10     3    14     8     0     2   -64.0   50.121   72.321   5843.4    448.7
     1     1    10     3    14     7     0     1   -65.0   49.848   71.525   5925.1    445.4
     1     1    10     3    14     6     0     0   -66.0   49.578   70.749   6037.9    438.5
     1     1    10     3    14     5     0     1   -67.0   49.324   69.978   6062.3    436.6
     1     1    10     3    14     4     0     2   -68.0   49.047   69.159   6005.8    441.6
     1     1    10     3    14     3     0     3   -69.0   48.727   68.315   6022.9    437.3
     1     1    10     3    14     2     0     2   -70.0   48.449   67.431   6000.0    436.9
     1     1    10     3    14     1     0     1   -71.0   48.190   66.581   5912.3    446.5
     1     1    10     3    14     0     0     0   -72.0   47.909   65.767   5885.2    456.0
     1     1    10     3    13    23     0     1   -73.0   47.609   64.862   5795.9    472.2
     1     1    10     3    13    22     0     2   -74.0   47.304   63.885   5654.5    487.4
     1     1    10     3    13    21     0     3   -75.0   47.024   62.884   5713.8    483.2
     1     1    10     3    13    20     0     2   -76.0   46.790   61.785   5676.0    483.8
     1     1    10     3    13    19     0     1   -77.0   46.609   60.626   5569.3    491.6
     1     1    10     3    13    18     0     0   -78.0   46.441   59.449   5558.2    490.7
     1     1    10     3    13    17     0     1   -79.0   46.258   58.218   5519.6    491.7
     1     1    10     3    13    16     0     2   -80.0   46.023   56.943   5513.7    495.6
     1     1    10     3    13    15     0     3   -81.0   45.748   55.649   5510.8    497.9
     1     1    10     3    13    14     0     2   -82.0   45.459   54.359   5540.9    499.1
     1     1    10     3    13    13     0     1   -83.0   45.138   53.165   5612.8    495.7
     1     1    10     3    13    12     0     0   -84.0   44.815   52.018   5695.8    491.8
     1     1    10     3    13    11     0     1   -85.0   44.514   50.918   5808.6    484.1
     1     1    10     3    13    10     0     2   -86.0   44.250   49.826   5969.6    475.5
     1     1    10     3    13     9     0     3   -87.0   44.018   48.686   6280.5    455.8
     1     1    10     3    13     8     0     2   -88.0   43.827   47.537   6699.6    425.6
     1     1    10     3    13     7     0     1   -89.0   43.611   46.279   6864.8    396.0
     1     1    10     3    13     6     0     0   -90.0   43.342   44.909   6738.3    377.2
     1     1    10     3    13     5     0     1   -91.0   43.027   43.267   6489.4    307.8
     1     1    10     3    13     4     0     2   -92.0   42.657   41.554   6877.7    369.3
     1     1    10     3    13     3     0     3   -93.0   42.214   40.182   6868.5    414.2
     1     1    10     3    13     2     0     2   -94.0   41.749   38.889   6747.8    418.7
     1     1    10     3    13     1     0     1   -95.0   41.281   37.563   6643.5    415.3
     1     1    10     3    13     0     0     0   -96.0   40.834   36.187   6439.5    397.5
