     5     1
    GDAS    10     3     1     0     0
    GDAS    10     3     8     0     0
    GDAS    10     3    15     0     0
    GDAS    10     3    22     0     0
    GDAS    10     3    29     0     0
     1 BACKWARD OMEGA   
    10     3    22     0   39.977  116.381  9400.0
     1 PRESSURE
     1     1    10     3    22     0     0     0     0.0   39.977  116.381   9152.2    288.6
     1     1    10     3    21    23     0     1    -1.0   39.653  113.908   8695.2    269.3
     1     1    10     3    21    22     0     2    -2.0   39.373  111.526   8720.5    263.3
     1     1    10     3    21    21     0     3    -3.0   39.284  109.018   8769.8    259.8
     1     1    10     3    21    20     0     2    -4.0   39.159  106.611   8666.4    266.1
     1     1    10     3    21    19     0     1    -5.0   39.089  104.366   8634.8    268.6
     1     1    10     3    21    18     0     0    -6.0   38.987  102.115   8665.1    255.9
     1     1    10     3    21    17     0     1    -7.0   38.735   99.952   8374.4    232.6
     1     1    10     3    21    16     0     2    -8.0   38.642   97.879   7780.9    196.7
     1     1    10     3    21    15     0     3    -9.0   38.746   95.806   8055.1    196.7
     1     1    10     3    21    14     0     2   -10.0   38.920   93.689   8409.8    205.8
     1     1    10     3    21    13     0     1   -11.0   39.043   91.594   8510.0    215.9
     1     1    10     3    21    12     0     0   -12.0   39.311   89.478   8887.8    241.4
     1     1    10     3    21    11     0     1   -13.0   39.632   87.504   9178.3    266.0
     1     1    10     3    21    10     0     2   -14.0   39.887   85.423   9302.0    259.2
     1     1    10     3    21     9     0     3   -15.0   40.180   82.891   9603.5    244.0
     1     1    10     3    21     8     0     2   -16.0   40.351   80.253   9617.0    242.0
     1     1    10     3    21     7     0     1   -17.0   40.490   77.590   8934.0    215.2
     1     1    10     3    21     6     0     0   -18.0   40.599   74.894   8569.3    209.8
     1     1    10     3    21     5     0     1   -19.0   40.529   72.171   9020.7    247.4
     1     1    10     3    21     4     0     2   -20.0   40.287   69.632   9014.4    261.9
     1     1    10     3    21     3     0     3   -21.0   39.953   67.253   8990.8    277.6
     1     1    10     3    21     2     0     2   -22.0   39.647   64.967   9097.7    295.6
     1     1    10     3    21     1     0     1   -23.0   39.381   62.736   9105.0    300.4
     1     1    10     3    21     0     0     0   -24.0   39.055   60.529   9061.9    305.1
     1     1    10     3    20    23     0     1   -25.0   38.675   58.369   8939.9    304.3
     1     1    10     3    20    22     0     2   -26.0   38.241   56.132   8775.2    302.4
     1     1    10     3    20    21     0     3   -27.0   37.714   54.037   8835.3    318.3
     1     1    10     3    20    20     0     2   -28.0   37.094   52.115   8776.3    336.0
     1     1    10     3    20    19     0     1   -29.0   36.388   50.122   8168.0    302.2
     1     1    10     3    20    18     0     0   -30.0   35.572   48.080   7740.7    289.5
     1     1    10     3    20    17     0     1   -31.0   34.658   46.142   7774.6    317.1
     1     1    10     3    20    16     0     2   -32.0   33.763   44.484   7920.8    366.3
     1     1    10     3    20    15     0     3   -33.0   32.901   42.945   7754.0    369.7
     1     1    10     3    20    14     0     2   -34.0   32.067   41.403   7561.5    361.0
     1     1    10     3    20    13     0     1   -35.0   31.268   39.876   7392.2    355.7
     1     1    10     3    20    12     0     0   -36.0   30.555   38.434   7376.3    362.7
     1     1    10     3    20    11     0     1   -37.0   29.927   37.069   7258.8    358.9
     1     1    10     3    20    10     0     2   -38.0   29.380   35.759   7212.4    359.8
     1     1    10     3    20     9     0     3   -39.0   28.905   34.555   7219.0    364.1
     1     1    10     3    20     8     0     2   -40.0   28.518   33.458   7360.8    377.7
     1     1    10     3    20     7     0     1   -41.0   28.243   32.442   7391.7    374.6
     1     1    10     3    20     6     0     0   -42.0   28.058   31.503   7501.0    374.9
     1     1    10     3    20     5     0     1   -43.0   27.940   30.650   7660.0    378.2
     1     1    10     3    20     4     0     2   -44.0   27.859   29.819   7718.8    373.5
     1     1    10     3    20     3     0     3   -45.0   27.829   29.000   7777.7    369.2
     1     1    10     3    20     2     0     2   -46.0   27.829   28.225   7828.5    365.2
     1     1    10     3    20     1     0     1   -47.0   27.842   27.511   7907.5    363.2
     1     1    10     3    20     0     0     0   -48.0   27.884   26.858   7999.6    360.9
     1     1    10     3    19    23     0     1   -49.0   27.945   26.270   8070.5    355.9
     1     1    10     3    19    22     0     2   -50.0   28.002   25.733   8148.3    351.9
     1     1    10     3    19    21     0     3   -51.0   28.054   25.238   8231.2    348.5
     1     1    10     3    19    20     0     2   -52.0   28.113   24.758   8296.5    345.1
     1     1    10     3    19    19     0     1   -53.0   28.190   24.279   8343.3    342.4
     1     1    10     3    19    18     0     0   -54.0   28.293   23.814   8383.4    340.6
     1     1    10     3    19    17     0     1   -55.0   28.423   23.376   8435.4    340.2
     1     1    10     3    19    16     0     2   -56.0   28.581   22.964   8510.9    337.3
     1     1    10     3    19    15     0     3   -57.0   28.774   22.576   8613.8    333.4
     1     1    10     3    19    14     0     2   -58.0   29.003   22.221   8730.3    328.5
     1     1    10     3    19    13     0     1   -59.0   29.262   21.883   8847.3    324.2
     1     1    10     3    19    12     0     0   -60.0   29.554   21.534   8966.4    318.6
     1     1    10     3    19    11     0     1   -61.0   29.874   21.182   9082.8    313.2
     1     1    10     3    19    10     0     2   -62.0   30.202   20.841   9197.6    308.4
     1     1    10     3    19     9     0     3   -63.0   30.544   20.524   9343.1    301.5
     1     1    10     3    19     8     0     2   -64.0   30.922   20.228   9517.4    293.0
     1     1    10     3    19     7     0     1   -65.0   31.351   19.943   9661.6    284.8
     1     1    10     3    19     6     0     0   -66.0   31.834   19.679   9741.2    280.5
     1     1    10     3    19     5     0     1   -67.0   32.367   19.453   9803.7    280.2
     1     1    10     3    19     4     0     2   -68.0   32.948   19.276   9881.6    277.8
     1     1    10     3    19     3     0     3   -69.0   33.602   19.153   9969.1    273.5
     1     1    10     3    19     2     0     2   -70.0   34.337   19.046  10049.9    269.1
     1     1    10     3    19     1     0     1   -71.0   35.148   18.932  10096.1    267.4
     1     1    10     3    19     0     0     0   -72.0   36.034   18.843  10125.8    265.9
     1     1    10     3    18    23     0     1   -73.0   36.971   18.748  10177.6    264.8
     1     1    10     3    18    22     0     2   -74.0   37.976   18.620  10217.0    262.0
