     7     1
    GDAS    10     3    22     0     0
    GDAS    10     4     8     0     0
    GDAS    10     4    15     0     0
    GDAS    10     4    22     0     0
    GDAS    10     4    29     0     0
    GDAS    10     4     1     0     0
    GDAS    10     3    29     0     0
     1 BACKWARD OMEGA   
    10     4     5    18   39.977  116.381 10000.0
     1 PRESSURE
     1     1    10     4     5    18     0     0     0.0   39.977  116.381   9752.9    257.1
     1     1    10     4     5    17     0     1    -1.0   40.187  114.288   9427.7    232.6
     1     1    10     4     5    16     0     2    -2.0   40.401  112.315   9378.0    226.5
     1     1    10     4     5    15     0     3    -3.0   40.663  110.461   9455.6    223.7
     1     1    10     4     5    14     0     2    -4.0   40.968  108.706   9711.7    227.1
