     7     1
    GDAS    10     3    22     0     0
    GDAS    10     4     8     0     0
    GDAS    10     4    15     0     0
    GDAS    10     4    22     0     0
    GDAS    10     4    29     0     0
    GDAS    10     4     1     0     0
    GDAS    10     3    29     0     0
     1 BACKWARD OMEGA   
    10     4    25     0   39.977  116.381  2000.0
     1 PRESSURE
     1     1    10     4    25     0     0     0     0.0   39.977  116.381   1767.3    796.9
     1     1    10     4    24    23     0     1    -1.0   39.546  116.208   1586.4    823.4
     1     1    10     4    24    22     0     2    -2.0   39.154  115.967   1457.2    847.4
     1     1    10     4    24    21     0     3    -3.0   38.792  115.671   1374.3    854.0
     1     1    10     4    24    20     0     2    -4.0   38.439  115.347   1324.5    859.0
     1     1    10     4    24    19     0     1    -5.0   38.081  114.997   1291.5    870.9
     1     1    10     4    24    18     0     0    -6.0   37.733  114.644   1235.5    855.0
     1     1    10     4    24    17     0     1    -7.0   37.406  114.330   1179.0    838.7
     1     1    10     4    24    16     0     2    -8.0   37.078  114.054   1118.3    820.7
     1     1    10     4    24    15     0     3    -9.0   36.740  113.801   1089.4    815.2
     1     1    10     4    24    14     0     2   -10.0   36.411  113.568   1164.2    801.7
     1     1    10     4    24    13     0     1   -11.0   36.117  113.342   1351.4    770.8
     1     1    10     4    24    12     0     0   -12.0   35.862  113.116   1564.1    744.8
     1     1    10     4    24    11     0     1   -13.0   35.619  112.896   1746.4    743.9
     1     1    10     4    24    10     0     2   -14.0   35.370  112.700   1862.4    751.2
     1     1    10     4    24     9     0     3   -15.0   35.112  112.528   1891.3    761.6
     1     1    10     4    24     8     0     2   -16.0   34.844  112.383   1844.4    767.3
     1     1    10     4    24     7     0     1   -17.0   34.565  112.260   1808.1    765.2
     1     1    10     4    24     6     0     0   -18.0   34.285  112.144   1865.0    750.7
     1     1    10     4    24     5     0     1   -19.0   34.042  112.039   1993.1    724.5
     1     1    10     4    24     4     0     2   -20.0   33.844  111.955   2103.3    715.3
     1     1    10     4    24     3     0     3   -21.0   33.663  111.893   2150.1    722.2
     1     1    10     4    24     2     0     2   -22.0   33.485  111.852   2161.4    734.5
     1     1    10     4    24     1     0     1   -23.0   33.310  111.835   2169.9    745.1
     1     1    10     4    24     0     0     0   -24.0   33.141  111.846   2187.1    755.2
     1     1    10     4    23    23     0     1   -25.0   32.990  111.864   2199.4    761.3
     1     1    10     4    23    22     0     2   -26.0   32.867  111.867   2172.2    762.1
     1     1    10     4    23    21     0     3   -27.0   32.769  111.854   2112.4    766.1
     1     1    10     4    23    20     0     2   -28.0   32.677  111.823   2052.7    773.2
     1     1    10     4    23    19     0     1   -29.0   32.585  111.769   2022.0    773.5
     1     1    10     4    23    18     0     0   -30.0   32.500  111.693   2021.7    769.8
     1     1    10     4    23    17     0     1   -31.0   32.433  111.601   2035.7    762.0
     1     1    10     4    23    16     0     2   -32.0   32.389  111.503   2047.0    756.2
     1     1    10     4    23    15     0     3   -33.0   32.370  111.397   2059.8    750.1
     1     1    10     4    23    14     0     2   -34.0   32.370  111.261   2068.0    742.3
     1     1    10     4    23    13     0     1   -35.0   32.378  111.074   2065.5    734.2
     1     1    10     4    23    12     0     0   -36.0   32.384  110.833   2059.4    727.1
     1     1    10     4    23    11     0     1   -37.0   32.363  110.589   2071.9    720.0
     1     1    10     4    23    10     0     2   -38.0   32.309  110.385   2109.7    708.1
     1     1    10     4    23     9     0     3   -39.0   32.225  110.226   2150.3    696.6
     1     1    10     4    23     8     0     2   -40.0   32.132  110.103   2166.2    688.2
     1     1    10     4    23     7     0     1   -41.0   32.048  110.004   2139.6    685.9
     1     1    10     4    23     6     0     0   -42.0   31.970  109.920   2080.2    688.1
     1     1    10     4    23     5     0     1   -43.0   31.914  109.845   2012.3    693.8
     1     1    10     4    23     4     0     2   -44.0   31.896  109.774   1948.4    698.0
     1     1    10     4    23     3     0     3   -45.0   31.912  109.701   1895.2    700.1
     1     1    10     4    23     2     0     2   -46.0   31.956  109.630   1862.1    698.9
     1     1    10     4    23     1     0     1   -47.0   32.028  109.570   1858.7    696.0
     1     1    10     4    23     0     0     0   -48.0   32.132  109.518   1897.6    695.9
     1     1    10     4    22    23     0     1   -49.0   32.262  109.475   1961.0    693.4
     1     1    10     4    22    22     0     2   -50.0   32.411  109.442   2027.0    693.9
     1     1    10     4    22    21     0     3   -51.0   32.582  109.417   2092.1    696.2
     1     1    10     4    22    20     0     2   -52.0   32.783  109.386   2150.1    701.3
     1     1    10     4    22    19     0     1   -53.0   33.019  109.336   2198.7    708.5
     1     1    10     4    22    18     0     0   -54.0   33.296  109.263   2215.7    697.9
     1     1    10     4    22    17     0     1   -55.0   33.617  109.157   2258.9    688.2
     1     1    10     4    22    16     0     2   -56.0   33.995  109.022   2385.7    669.0
     1     1    10     4    22    15     0     3   -57.0   34.405  108.874   2516.2    651.0
     1     1    10     4    22    14     0     2   -58.0   34.780  108.703   2517.4    649.5
     1     1    10     4    22    13     0     1   -59.0   35.140  108.497   2434.8    658.8
     1     1    10     4    22    12     0     0   -60.0   35.543  108.279   2396.8    657.3
     1     1    10     4    22    11     0     1   -61.0   36.000  108.031   2445.1    644.4
     1     1    10     4    22    10     0     2   -62.0   36.467  107.707   2550.2    625.2
     1     1    10     4    22     9     0     3   -63.0   36.952  107.286   2736.5    599.0
     1     1    10     4    22     8     0     2   -64.0   37.460  106.776   2975.7    582.5
     1     1    10     4    22     7     0     1   -65.0   37.951  106.231   3152.3    583.4
     1     1    10     4    22     6     0     0   -66.0   38.405  105.682   3242.0    574.6
     1     1    10     4    22     5     0     1   -67.0   38.836  105.139   3386.7    565.7
     1     1    10     4    22     4     0     2   -68.0   39.251  104.646   3549.7    550.4
     1     1    10     4    22     3     0     3   -69.0   39.634  104.238   3676.8    538.8
     1     1    10     4    22     2     0     2   -70.0   40.015  103.895   3824.7    525.1
     1     1    10     4    22     1     0     1   -71.0   40.424  103.590   4026.2    514.0
     1     1    10     4    22     0     0     0   -72.0   40.831  103.325   4207.5    504.7
     1     1    10     4    21    23     0     1   -73.0   41.252  103.073   4340.5    497.8
     1     1    10     4    21    22     0     2   -74.0   41.712  102.838   4491.1    496.6
     1     1    10     4    21    21     0     3   -75.0   42.203  102.648   4706.1    481.2
     1     1    10     4    21    20     0     2   -76.0   42.711  102.468   4872.9    454.4
     1     1    10     4    21    19     0     1   -77.0   43.212  102.318   4995.4    441.7
     1     1    10     4    21    18     0     0   -78.0   43.665  102.213   5127.8    437.5
     1     1    10     4    21    17     0     1   -79.0   44.066  102.146   5233.7    435.8
     1     1    10     4    21    16     0     2   -80.0   44.425  102.127   5293.5    424.8
     1     1    10     4    21    15     0     3   -81.0   44.721  102.133   5370.1    413.4
     1     1    10     4    21    14     0     2   -82.0   44.968  102.155   5453.3    402.3
     1     1    10     4    21    13     0     1   -83.0   45.200  102.201   5523.0    393.5
     1     1    10     4    21    12     0     0   -84.0   45.413  102.273   5589.3    386.0
     1     1    10     4    21    11     0     1   -85.0   45.579  102.346   5633.0    379.7
     1     1    10     4    21    10     0     2   -86.0   45.678  102.425   5631.9    378.9
     1     1    10     4    21     9     0     3   -87.0   45.703  102.535   5580.8    383.4
     1     1    10     4    21     8     0     2   -88.0   45.686  102.679   5467.4    393.8
     1     1    10     4    21     7     0     1   -89.0   45.651  102.846   5276.2    409.9
     1     1    10     4    21     6     0     0   -90.0   45.605  103.035   5005.5    432.4
     1     1    10     4    21     5     0     1   -91.0   45.534  103.243   4665.8    458.3
     1     1    10     4    21     4     0     2   -92.0   45.435  103.462   4278.7    488.0
     1     1    10     4    21     3     0     3   -93.0   45.311  103.687   3818.4    522.7
     1     1    10     4    21     2     0     2   -94.0   45.156  103.885   3305.6    567.3
     1     1    10     4    21     1     0     1   -95.0   44.998  104.030   2819.2    610.5
     1     1    10     4    21     0     0     0   -96.0   44.853  104.139   2390.2    645.6
