     5     1
    GDAS    10     3     1     0     0
    GDAS    10     3     8     0     0
    GDAS    10     3    15     0     0
    GDAS    10     3    22     0     0
    GDAS    10     3    29     0     0
     1 BACKWARD OMEGA   
    10     3    29    12   39.977  116.381  2800.0
     1 PRESSURE
     1     1    10     3    29    12     0     0     0.0   39.977  116.381   2565.0    722.9
     1     1    10     3    29    11     0     1    -1.0   39.670  115.978   2602.6    715.9
     1     1    10     3    29    10     0     2    -2.0   39.374  115.598   2633.0    709.5
     1     1    10     3    29     9     0     3    -3.0   39.079  115.254   2709.7    711.0
     1     1    10     3    29     8     0     2    -4.0   38.784  114.955   2792.0    703.3
     1     1    10     3    29     7     0     1    -5.0   38.504  114.693   2817.9    688.5
     1     1    10     3    29     6     0     0    -6.0   38.246  114.455   2787.6    685.3
     1     1    10     3    29     5     0     1    -7.0   37.999  114.222   2706.6    689.6
     1     1    10     3    29     4     0     2    -8.0   37.755  113.983   2600.7    687.3
     1     1    10     3    29     3     0     3    -9.0   37.524  113.750   2548.4    680.8
     1     1    10     3    29     2     0     2   -10.0   37.307  113.547   2530.2    666.6
     1     1    10     3    29     1     0     1   -11.0   37.089  113.365   2494.3    656.0
     1     1    10     3    29     0     0     0   -12.0   36.874  113.180   2425.1    651.4
     1     1    10     3    28    23     0     1   -13.0   36.666  112.990   2354.0    653.1
     1     1    10     3    28    22     0     2   -14.0   36.458  112.805   2326.9    661.9
     1     1    10     3    28    21     0     3   -15.0   36.234  112.615   2305.4    671.0
     1     1    10     3    28    20     0     2   -16.0   35.990  112.416   2277.3    685.1
     1     1    10     3    28    19     0     1   -17.0   35.719  112.214   2241.1    703.8
     1     1    10     3    28    18     0     0   -18.0   35.405  112.001   2162.9    719.3
     1     1    10     3    28    17     0     1   -19.0   35.044  111.781   2059.8    737.8
     1     1    10     3    28    16     0     2   -20.0   34.655  111.585   2001.9    737.2
     1     1    10     3    28    15     0     3   -21.0   34.271  111.422   2036.7    717.2
     1     1    10     3    28    14     0     2   -22.0   33.910  111.278   2122.7    700.1
     1     1    10     3    28    13     0     1   -23.0   33.576  111.155   2218.7    706.5
     1     1    10     3    28    12     0     0   -24.0   33.258  111.064   2285.6    719.4
     1     1    10     3    28    11     0     1   -25.0   32.948  110.984   2332.0    726.4
     1     1    10     3    28    10     0     2   -26.0   32.648  110.887   2372.3    712.6
     1     1    10     3    28     9     0     3   -27.0   32.375  110.743   2477.5    690.2
     1     1    10     3    28     8     0     2   -28.0   32.124  110.549   2622.7    662.2
     1     1    10     3    28     7     0     1   -29.0   31.883  110.325   2756.1    641.3
     1     1    10     3    28     6     0     0   -30.0   31.645  110.104   2861.1    632.3
     1     1    10     3    28     5     0     1   -31.0   31.418  109.893   2936.9    627.8
     1     1    10     3    28     4     0     2   -32.0   31.205  109.704   3000.0    632.0
     1     1    10     3    28     3     0     3   -33.0   31.005  109.557   3077.0    638.8
     1     1    10     3    28     2     0     2   -34.0   30.807  109.418   3137.2    630.6
     1     1    10     3    28     1     0     1   -35.0   30.593  109.264   3190.6    623.9
     1     1    10     3    28     0     0     0   -36.0   30.374  109.115   3273.4    614.4
     1     1    10     3    27    23     0     1   -37.0   30.183  108.977   3365.6    598.1
     1     1    10     3    27    22     0     2   -38.0   30.048  108.850   3423.7    591.2
     1     1    10     3    27    21     0     3   -39.0   29.976  108.738   3461.4    589.7
     1     1    10     3    27    20     0     2   -40.0   29.958  108.628   3478.3    590.6
     1     1    10     3    27    19     0     1   -41.0   29.980  108.503   3471.4    593.2
     1     1    10     3    27    18     0     0   -42.0   30.037  108.364   3447.8    598.9
     1     1    10     3    27    17     0     1   -43.0   30.129  108.216   3435.1    607.1
     1     1    10     3    27    16     0     2   -44.0   30.259  108.064   3440.9    612.2
     1     1    10     3    27    15     0     3   -45.0   30.426  107.914   3453.6    619.1
     1     1    10     3    27    14     0     2   -46.0   30.617  107.765   3478.3    625.1
     1     1    10     3    27    13     0     1   -47.0   30.820  107.611   3517.2    627.2
     1     1    10     3    27    12     0     0   -48.0   31.039  107.452   3565.5    625.3
     1     1    10     3    27    11     0     1   -49.0   31.272  107.259   3622.4    615.2
     1     1    10     3    27    10     0     2   -50.0   31.516  107.011   3713.4    605.4
     1     1    10     3    27     9     0     3   -51.0   31.763  106.709   3812.8    592.3
     1     1    10     3    27     8     0     2   -52.0   32.002  106.356   3917.2    580.2
     1     1    10     3    27     7     0     1   -53.0   32.241  105.956   4001.9    563.3
     1     1    10     3    27     6     0     0   -54.0   32.488  105.522   4042.3    543.1
     1     1    10     3    27     5     0     1   -55.0   32.777  105.070   4109.6    515.7
     1     1    10     3    27     4     0     2   -56.0   33.173  104.545   4138.3    450.1
     1     1    10     3    27     3     0     3   -57.0   33.687  103.880   4134.5    405.1
     1     1    10     3    27     2     0     2   -58.0   34.254  103.151   4100.3    397.5
     1     1    10     3    27     1     0     1   -59.0   34.830  102.370   4039.7    387.0
     1     1    10     3    27     0     0     0   -60.0   35.382  101.531   4110.1    390.2
     1     1    10     3    26    23     0     1   -61.0   35.918  100.693   4340.2    389.5
     1     1    10     3    26    22     0     2   -62.0   36.448   99.832   4341.7    375.6
     1     1    10     3    26    21     0     3   -63.0   36.939   98.932   4405.5    368.9
     1     1    10     3    26    20     0     2   -64.0   37.428   98.023   4600.4    347.1
     1     1    10     3    26    19     0     1   -65.0   37.925   97.074   4599.0    318.6
     1     1    10     3    26    18     0     0   -66.0   38.378   96.083   4684.4    321.6
     1     1    10     3    26    17     0     1   -67.0   38.832   95.126   5029.0    334.1
     1     1    10     3    26    16     0     2   -68.0   39.298   94.245   5394.4    357.7
     1     1    10     3    26    15     0     3   -69.0   39.709   93.473   5748.0    394.5
     1     1    10     3    26    14     0     2   -70.0   40.072   92.784   5936.1    420.3
     1     1    10     3    26    13     0     1   -71.0   40.425   92.119   5990.1    419.6
     1     1    10     3    26    12     0     0   -72.0   40.767   91.439   6117.2    417.0
     1     1    10     3    26    11     0     1   -73.0   41.096   90.722   6213.1    408.8
     1     1    10     3    26    10     0     2   -74.0   41.425   89.958   6250.4    397.9
     1     1    10     3    26     9     0     3   -75.0   41.746   89.171   6317.8    393.7
     1     1    10     3    26     8     0     2   -76.0   42.064   88.365   6391.0    384.2
     1     1    10     3    26     7     0     1   -77.0   42.415   87.488   6361.2    361.3
     1     1    10     3    26     6     0     0   -78.0   42.783   86.477   6132.4    312.1
     1     1    10     3    26     5     0     1   -79.0   43.163   85.329   6297.7    302.8
     1     1    10     3    26     4     0     2   -80.0   43.550   84.121   6462.1    305.3
     1     1    10     3    26     3     0     3   -81.0   43.900   82.880   6658.2    320.3
     1     1    10     3    26     2     0     2   -82.0   44.178   81.708   6898.1    349.8
     1     1    10     3    26     1     0     1   -83.0   44.404   80.510   6941.8    342.6
     1     1    10     3    26     0     0     0   -84.0   44.568   79.218   7006.1    339.7
     1     1    10     3    25    23     0     1   -85.0   44.638   77.985   7234.9    372.0
     1     1    10     3    25    22     0     2   -86.0   44.630   76.841   7242.7    378.8
     1     1    10     3    25    21     0     3   -87.0   44.572   75.707   7181.0    377.4
     1     1    10     3    25    20     0     2   -88.0   44.483   74.571   7115.9    377.0
     1     1    10     3    25    19     0     1   -89.0   44.385   73.468   7178.1    378.9
     1     1    10     3    25    18     0     0   -90.0   44.275   72.366   7284.4    378.3
     1     1    10     3    25    17     0     1   -91.0   44.166   71.276   7284.3    381.4
     1     1    10     3    25    16     0     2   -92.0   44.094   70.229   7260.8    385.9
     1     1    10     3    25    15     0     3   -93.0   44.061   69.204   7181.8    382.2
     1     1    10     3    25    14     0     2   -94.0   44.031   68.144   7135.0    376.1
     1     1    10     3    25    13     0     1   -95.0   43.988   67.058   7266.2    389.8
     1     1    10     3    25    12     0     0   -96.0   43.934   65.966   7309.5    390.1
