     5     1
    GDAS    10     3     1     0     0
    GDAS    10     3     8     0     0
    GDAS    10     3    15     0     0
    GDAS    10     3    22     0     0
    GDAS    10     3    29     0     0
     1 BACKWARD OMEGA   
    10     3    19     6   39.977  116.381 10000.0
     1 PRESSURE
     1     1    10     3    19     6     0     0     0.0   39.977  116.381   9756.2    264.1
     1     1    10     3    19     5     0     1    -1.0   39.883  114.591   9319.3    246.6
     1     1    10     3    19     4     0     2    -2.0   39.859  112.756   9365.7    237.2
     1     1    10     3    19     3     0     3    -3.0   39.895  110.946   9560.4    238.9
     1     1    10     3    19     2     0     2    -4.0   39.965  109.164   9449.7    235.6
     1     1    10     3    19     1     0     1    -5.0   40.029  107.383   9496.7    235.9
     1     1    10     3    19     0     0     0    -6.0   40.140  105.630   9588.9    235.3
     1     1    10     3    18    23     0     1    -7.0   40.264  103.951   9417.2    235.3
     1     1    10     3    18    22     0     2    -8.0   40.386  102.378   9369.3    242.4
     1     1    10     3    18    21     0     3    -9.0   40.552  100.846   9386.2    246.5
     1     1    10     3    18    20     0     2   -10.0   40.731   99.345   9215.0    247.8
     1     1    10     3    18    19     0     1   -11.0   40.906   97.925   9029.0    248.4
     1     1    10     3    18    18     0     0   -12.0   41.064   96.571   8841.5    245.9
     1     1    10     3    18    17     0     1   -13.0   41.265   95.152   8918.9    250.9
     1     1    10     3    18    16     0     2   -14.0   41.569   93.568   9126.8    261.7
     1     1    10     3    18    15     0     3   -15.0   41.845   91.964   9071.0    269.2
     1     1    10     3    18    14     0     2   -16.0   42.023   90.336   8875.4    274.2
     1     1    10     3    18    13     0     1   -17.0   42.246   88.600   8699.6    283.5
     1     1    10     3    18    12     0     0   -18.0   42.550   86.775   8214.6    249.0
     1     1    10     3    18    11     0     1   -19.0   42.863   85.017   7951.6    244.5
     1     1    10     3    18    10     0     2   -20.0   43.233   82.891   8071.5    243.0
     1     1    10     3    18     9     0     3   -21.0   43.386   80.648   8166.7    285.1
     1     1    10     3    18     8     0     2   -22.0   43.416   78.474   7906.4    287.7
     1     1    10     3    18     7     0     1   -23.0   43.456   76.137   7867.7    304.5
     1     1    10     3    18     6     0     0   -24.0   43.348   73.833   8034.6    330.2
     1     1    10     3    18     5     0     1   -25.0   43.139   71.651   7953.1    337.7
     1     1    10     3    18     4     0     2   -26.0   42.897   69.457   7804.0    346.6
     1     1    10     3    18     3     0     3   -27.0   42.665   67.293   7736.6    366.8
     1     1    10     3    18     2     0     2   -28.0   42.366   65.137   7554.0    374.9
     1     1    10     3    18     1     0     1   -29.0   42.021   62.979   7535.6    384.9
     1     1    10     3    18     0     0     0   -30.0   41.645   60.778   7556.4    380.8
     1     1    10     3    17    23     0     1   -31.0   41.186   58.667   7599.2    378.7
     1     1    10     3    17    22     0     2   -32.0   40.703   56.622   7563.8    380.4
     1     1    10     3    17    21     0     3   -33.0   40.261   54.522   7536.8    378.2
     1     1    10     3    17    20     0     2   -34.0   39.863   52.399   7752.6    373.1
     1     1    10     3    17    19     0     1   -35.0   39.374   50.313   7716.6    377.5
     1     1    10     3    17    18     0     0   -36.0   38.844   48.169   7454.4    345.7
     1     1    10     3    17    17     0     1   -37.0   38.260   45.771   7207.9    318.9
     1     1    10     3    17    16     0     2   -38.0   37.538   43.304   7247.7    316.4
     1     1    10     3    17    15     0     3   -39.0   36.814   41.037   7620.7    354.2
     1     1    10     3    17    14     0     2   -40.0   36.066   38.982   7633.0    362.4
     1     1    10     3    17    13     0     1   -41.0   35.301   36.997   7550.5    360.1
     1     1    10     3    17    12     0     0   -42.0   34.542   35.044   7615.6    380.2
     1     1    10     3    17    11     0     1   -43.0   33.809   33.273   7477.3    390.4
     1     1    10     3    17    10     0     2   -44.0   33.127   31.578   7358.0    396.4
     1     1    10     3    17     9     0     3   -45.0   32.500   29.946   7286.3    401.0
     1     1    10     3    17     8     0     2   -46.0   31.910   28.342   7200.4    405.3
     1     1    10     3    17     7     0     1   -47.0   31.382   26.747   7084.2    405.6
     1     1    10     3    17     6     0     0   -48.0   30.954   25.170   7029.7    404.8
     1     1    10     3    17     5     0     1   -49.0   30.589   23.598   7083.6    407.1
     1     1    10     3    17     4     0     2   -50.0   30.271   22.015   7145.9    406.9
     1     1    10     3    17     3     0     3   -51.0   30.036   20.458   7217.3    404.6
     1     1    10     3    17     2     0     2   -52.0   29.871   18.951   7183.9    403.3
     1     1    10     3    17     1     0     1   -53.0   29.754   17.482   7167.3    397.4
     1     1    10     3    17     0     0     0   -54.0   29.707   16.062   7244.7    387.8
     1     1    10     3    16    23     0     1   -55.0   29.699   14.703   7328.5    379.7
     1     1    10     3    16    22     0     2   -56.0   29.708   13.427   7355.9    371.1
     1     1    10     3    16    21     0     3   -57.0   29.751   12.235   7454.1    362.6
     1     1    10     3    16    20     0     2   -58.0   29.828   11.109   7588.7    358.7
     1     1    10     3    16    19     0     1   -59.0   29.911   10.082   7706.3    359.1
     1     1    10     3    16    18     0     0   -60.0   29.999    9.177   7818.7    358.4
     1     1    10     3    16    17     0     1   -61.0   30.078    8.334   7936.4    353.4
     1     1    10     3    16    16     0     2   -62.0   30.163    7.550   8018.9    350.7
     1     1    10     3    16    15     0     3   -63.0   30.269    6.844   8064.0    349.6
     1     1    10     3    16    14     0     2   -64.0   30.393    6.195   8066.4    349.4
     1     1    10     3    16    13     0     1   -65.0   30.538    5.593   8070.7    350.5
     1     1    10     3    16    12     0     0   -66.0   30.711    5.054   8118.7    349.2
     1     1    10     3    16    11     0     1   -67.0   30.908    4.556   8210.6    343.5
     1     1    10     3    16    10     0     2   -68.0   31.145    4.085   8326.4    334.7
     1     1    10     3    16     9     0     3   -69.0   31.436    3.619   8418.2    323.3
     1     1    10     3    16     8     0     2   -70.0   31.736    3.135   8471.7    313.5
     1     1    10     3    16     7     0     1   -71.0   32.022    2.672   8529.2    309.4
     1     1    10     3    16     6     0     0   -72.0   32.313    2.245   8571.0    305.0
     1     1    10     3    16     5     0     1   -73.0   32.592    1.826   8585.2    300.5
     1     1    10     3    16     4     0     2   -74.0   32.843    1.424   8589.8    294.3
     1     1    10     3    16     3     0     3   -75.0   33.083    1.067   8602.4    288.2
     1     1    10     3    16     2     0     2   -76.0   33.306    0.715   8606.1    283.5
     1     1    10     3    16     1     0     1   -77.0   33.503    0.338   8597.3    281.8
     1     1    10     3    16     0     0     0   -78.0   33.679   -0.037   8565.4    283.5
     1     1    10     3    15    23     0     1   -79.0   33.835   -0.431   8501.5    286.7
     1     1    10     3    15    22     0     2   -80.0   33.965   -0.863   8422.9    289.9
     1     1    10     3    15    21     0     3   -81.0   34.069   -1.317   8335.3    294.8
     1     1    10     3    15    20     0     2   -82.0   34.159   -1.783   8249.0    302.5
     1     1    10     3    15    19     0     1   -83.0   34.242   -2.250   8201.7    310.9
     1     1    10     3    15    18     0     0   -84.0   34.308   -2.705   8188.9    317.2
     1     1    10     3    15    17     0     1   -85.0   34.367   -3.159   8176.7    319.6
     1     1    10     3    15    16     0     2   -86.0   34.427   -3.629   8115.8    317.4
     1     1    10     3    15    15     0     3   -87.0   34.484   -4.117   8023.0    318.3
     1     1    10     3    15    14     0     2   -88.0   34.536   -4.613   7959.1    328.2
     1     1    10     3    15    13     0     1   -89.0   34.588   -5.109   7901.3    338.1
     1     1    10     3    15    12     0     0   -90.0   34.650   -5.597   7894.1    350.9
     1     1    10     3    15    11     0     1   -91.0   34.724   -6.076   7899.0    361.9
     1     1    10     3    15    10     0     2   -92.0   34.800   -6.551   7866.9    367.1
     1     1    10     3    15     9     0     3   -93.0   34.864   -7.028   7842.4    371.4
     1     1    10     3    15     8     0     2   -94.0   34.924   -7.504   7809.1    373.5
     1     1    10     3    15     7     0     1   -95.0   34.987   -7.976   7781.1    375.1
     1     1    10     3    15     6     0     0   -96.0   35.044   -8.442   7758.5    376.1
