     5     1
    GDAS    10     3     1     0     0
    GDAS    10     3     8     0     0
    GDAS    10     3    15     0     0
    GDAS    10     3    22     0     0
    GDAS    10     3    29     0     0
     1 BACKWARD OMEGA   
    10     3    18     0   39.977  116.381  2400.0
     1 PRESSURE
     1     1    10     3    18     0     0     0     0.0   39.977  116.381   2162.3    753.7
     1     1    10     3    17    23     0     1    -1.0   40.092  115.816   2173.3    721.5
     1     1    10     3    17    22     0     2    -2.0   40.318  115.232   2194.0    669.1
     1     1    10     3    17    21     0     3    -3.0   40.632  114.646   2231.6    648.2
     1     1    10     3    17    20     0     2    -4.0   40.974  114.073   2255.1    642.2
     1     1    10     3    17    19     0     1    -5.0   41.337  113.496   2269.9    633.0
     1     1    10     3    17    18     0     0    -6.0   41.720  112.917   2297.3    629.0
     1     1    10     3    17    17     0     1    -7.0   42.087  112.356   2322.1    634.5
     1     1    10     3    17    16     0     2    -8.0   42.422  111.804   2352.9    644.8
     1     1    10     3    17    15     0     3    -9.0   42.735  111.258   2382.3    653.1
     1     1    10     3    17    14     0     2   -10.0   43.047  110.712   2411.8    655.8
     1     1    10     3    17    13     0     1   -11.0   43.357  110.160   2445.2    653.1
     1     1    10     3    17    12     0     0   -12.0   43.647  109.620   2463.3    657.1
     1     1    10     3    17    11     0     1   -13.0   43.917  109.095   2469.0    666.0
     1     1    10     3    17    10     0     2   -14.0   44.176  108.568   2476.8    659.8
     1     1    10     3    17     9     0     3   -15.0   44.435  108.030   2519.9    647.7
     1     1    10     3    17     8     0     2   -16.0   44.698  107.499   2583.7    636.0
     1     1    10     3    17     7     0     1   -17.0   44.958  107.003   2634.6    630.0
     1     1    10     3    17     6     0     0   -18.0   45.218  106.541   2652.3    619.9
     1     1    10     3    17     5     0     1   -19.0   45.503  106.101   2668.6    609.8
     1     1    10     3    17     4     0     2   -20.0   45.817  105.683   2690.0    601.9
     1     1    10     3    17     3     0     3   -21.0   46.142  105.292   2711.7    596.6
     1     1    10     3    17     2     0     2   -22.0   46.474  104.899   2730.3    594.9
     1     1    10     3    17     1     0     1   -23.0   46.818  104.477   2716.4    589.4
     1     1    10     3    17     0     0     0   -24.0   47.180  104.027   2677.1    589.8
     1     1    10     3    16    23     0     1   -25.0   47.518  103.554   2659.0    600.1
     1     1    10     3    16    22     0     2   -26.0   47.804  103.051   2658.5    595.9
     1     1    10     3    16    21     0     3   -27.0   48.051  102.519   2674.9    592.1
     1     1    10     3    16    20     0     2   -28.0   48.274  101.982   2694.3    589.3
     1     1    10     3    16    19     0     1   -29.0   48.495  101.459   2689.3    582.2
     1     1    10     3    16    18     0     0   -30.0   48.723  100.962   2658.8    582.5
     1     1    10     3    16    17     0     1   -31.0   48.955  100.488   2630.5    582.9
     1     1    10     3    16    16     0     2   -32.0   49.198  100.011   2631.4    572.8
     1     1    10     3    16    15     0     3   -33.0   49.469   99.528   2662.6    564.5
     1     1    10     3    16    14     0     2   -34.0   49.760   99.055   2684.4    561.1
     1     1    10     3    16    13     0     1   -35.0   50.045   98.589   2665.9    556.8
     1     1    10     3    16    12     0     0   -36.0   50.334   98.109   2656.8    554.2
     1     1    10     3    16    11     0     1   -37.0   50.625   97.622   2707.2    561.6
     1     1    10     3    16    10     0     2   -38.0   50.884   97.143   2771.0    578.4
     1     1    10     3    16     9     0     3   -39.0   51.107   96.666   2775.1    589.2
     1     1    10     3    16     8     0     2   -40.0   51.316   96.187   2735.7    594.1
     1     1    10     3    16     7     0     1   -41.0   51.523   95.698   2727.5    596.4
     1     1    10     3    16     6     0     0   -42.0   51.719   95.195   2765.2    593.4
     1     1    10     3    16     5     0     1   -43.0   51.908   94.699   2818.9    592.5
     1     1    10     3    16     4     0     2   -44.0   52.089   94.228   2856.3    606.3
     1     1    10     3    16     3     0     3   -45.0   52.265   93.762   2860.5    613.7
     1     1    10     3    16     2     0     2   -46.0   52.443   93.277   2854.0    617.3
     1     1    10     3    16     1     0     1   -47.0   52.624   92.761   2828.1    625.8
     1     1    10     3    16     0     0     0   -48.0   52.828   92.194   2771.1    641.7
     1     1    10     3    15    23     0     1   -49.0   53.028   91.551   2662.5    667.2
     1     1    10     3    15    22     0     2   -50.0   53.185   90.799   2473.8    687.5
     1     1    10     3    15    21     0     3   -51.0   53.313   89.867   2380.6    679.2
     1     1    10     3    15    20     0     2   -52.0   53.405   88.814   2427.6    669.2
     1     1    10     3    15    19     0     1   -53.0   53.454   87.768   2381.6    702.0
     1     1    10     3    15    18     0     0   -54.0   53.485   86.708   2238.7    730.3
     1     1    10     3    15    17     0     1   -55.0   53.497   85.617   2145.5    740.9
     1     1    10     3    15    16     0     2   -56.0   53.487   84.543   2081.0    752.4
     1     1    10     3    15    15     0     3   -57.0   53.518   83.501   1986.8    766.5
     1     1    10     3    15    14     0     2   -58.0   53.584   82.528   1920.3    771.6
     1     1    10     3    15    13     0     1   -59.0   53.669   81.630   1837.8    781.4
     1     1    10     3    15    12     0     0   -60.0   53.833   80.756   1767.2    788.7
     1     1    10     3    15    11     0     1   -61.0   54.031   79.910   1731.6    791.7
     1     1    10     3    15    10     0     2   -62.0   54.202   79.141   1733.2    795.1
     1     1    10     3    15     9     0     3   -63.0   54.360   78.452   1746.3    793.2
     1     1    10     3    15     8     0     2   -64.0   54.484   77.843   1750.6    791.6
     1     1    10     3    15     7     0     1   -65.0   54.570   77.297   1734.9    793.8
     1     1    10     3    15     6     0     0   -66.0   54.653   76.794   1703.1    797.7
     1     1    10     3    15     5     0     1   -67.0   54.707   76.360   1670.5    801.0
     1     1    10     3    15     4     0     2   -68.0   54.714   76.001   1643.8    801.9
     1     1    10     3    15     3     0     3   -69.0   54.701   75.705   1620.0    804.7
     1     1    10     3    15     2     0     2   -70.0   54.673   75.468   1595.4    807.0
     1     1    10     3    15     1     0     1   -71.0   54.631   75.274   1564.6    810.5
     1     1    10     3    15     0     0     0   -72.0   54.577   75.128   1529.1    814.6
     1     1    10     3    14    23     0     1   -73.0   54.480   75.009   1475.9    819.5
     1     1    10     3    14    22     0     2   -74.0   54.327   74.886   1394.7    828.5
     1     1    10     3    14    21     0     3   -75.0   54.132   74.741   1292.7    839.8
     1     1    10     3    14    20     0     2   -76.0   53.901   74.577   1196.3    853.3
     1     1    10     3    14    19     0     1   -77.0   53.616   74.410   1118.8    861.2
     1     1    10     3    14    18     0     0   -78.0   53.270   74.238   1047.9    869.2
     1     1    10     3    14    17     0     1   -79.0   52.883   74.061    976.4    877.4
     1     1    10     3    14    16     0     2   -80.0   52.484   73.860    911.5    880.7
     1     1    10     3    14    15     0     3   -81.0   52.092   73.627    856.1    880.2
     1     1    10     3    14    14     0     2   -82.0   51.684   73.373    792.8    875.6
     1     1    10     3    14    13     0     1   -83.0   51.225   73.108    738.9    869.2
     1     1    10     3    14    12     0     0   -84.0   50.704   72.855    718.9    865.7
     1     1    10     3    14    11     0     1   -85.0   50.131   72.635    673.8    868.3
     1     1    10     3    14    10     0     2   -86.0   49.511   72.541    604.1    877.1
     1     1    10     3    14     9     0     3   -87.0   48.821   72.597    586.2    873.1
     1     1    10     3    14     8     0     2   -88.0   48.060   72.738    678.8    852.7
     1     1    10     3    14     7     0     1   -89.0   47.346   72.895    771.9    847.4
     1     1    10     3    14     6     0     0   -90.0   46.708   73.177    753.0    863.2
     1     1    10     3    14     5     0     1   -91.0   46.195   73.617    677.6    890.0
     1     1    10     3    14     4     0     2   -92.0   45.785   74.166    605.6    906.1
     1     1    10     3    14     3     0     3   -93.0   45.416   74.804    571.1    908.9
     1     1    10     3    14     2     0     2   -94.0   45.063   75.464    540.7    908.6
     1     1    10     3    14     1     0     1   -95.0   44.802   76.081    439.5    916.9
     1     1    10     3    14     0     0     0   -96.0   44.694   76.683    312.0    936.7
