     7     1
    GDAS    10     3    22     0     0
    GDAS    10     4     8     0     0
    GDAS    10     4    15     0     0
    GDAS    10     4    22     0     0
    GDAS    10     4    29     0     0
    GDAS    10     4     1     0     0
    GDAS    10     3    29     0     0
     1 BACKWARD OMEGA   
    10     4     9    18   39.977  116.381  2800.0
     1 PRESSURE
     1     1    10     4     9    18     0     0     0.0   39.977  116.381   2561.1    716.3
     1     1    10     4     9    17     0     1    -1.0   40.221  115.698   2662.7    660.5
     1     1    10     4     9    16     0     2    -2.0   40.371  114.950   2774.2    608.5
     1     1    10     4     9    15     0     3    -3.0   40.506  114.202   2933.1    594.8
     1     1    10     4     9    14     0     2    -4.0   40.688  113.408   3018.5    574.1
     1     1    10     4     9    13     0     1    -5.0   40.918  112.506   3081.3    561.5
     1     1    10     4     9    12     0     0    -6.0   41.202  111.522   3336.4    539.4
     1     1    10     4     9    11     0     1    -7.0   41.499  110.415   3501.5    536.0
     1     1    10     4     9    10     0     2    -8.0   41.764  109.206   3598.4    533.9
     1     1    10     4     9     9     0     3    -9.0   42.013  107.965   3614.6    533.2
     1     1    10     4     9     8     0     2   -10.0   42.254  106.755   3817.9    538.3
     1     1    10     4     9     7     0     1   -11.0   42.481  105.540   4029.4    514.1
     1     1    10     4     9     6     0     0   -12.0   42.695  104.288   4203.3    490.9
     1     1    10     4     9     5     0     1   -13.0   42.933  103.043   4505.7    472.7
     1     1    10     4     9     4     0     2   -14.0   43.177  101.779   4649.9    453.8
     1     1    10     4     9     3     0     3   -15.0   43.454  100.474   4796.2    451.9
     1     1    10     4     9     2     0     2   -16.0   43.741   99.243   4857.3    451.4
     1     1    10     4     9     1     0     1   -17.0   44.003   98.106   4916.3    450.9
     1     1    10     4     9     0     0     0   -18.0   44.265   96.978   4983.8    442.2
     1     1    10     4     8    23     0     1   -19.0   44.598   95.705   5072.9    432.0
     1     1    10     4     8    22     0     2   -20.0   44.917   94.298   5048.0    426.6
     1     1    10     4     8    21     0     3   -21.0   45.203   92.916   5236.4    419.8
     1     1    10     4     8    20     0     2   -22.0   45.478   91.467   5531.2    410.4
     1     1    10     4     8    19     0     1   -23.0   45.731   90.045   5753.8    409.5
     1     1    10     4     8    18     0     0   -24.0   45.989   88.717   5974.8    413.8
     1     1    10     4     8    17     0     1   -25.0   46.257   87.427   6134.2    416.4
     1     1    10     4     8    16     0     2   -26.0   46.531   86.143   5974.9    404.6
     1     1    10     4     8    15     0     3   -27.0   46.796   84.843   5707.5    384.0
     1     1    10     4     8    14     0     2   -28.0   47.058   83.606   5774.8    400.9
     1     1    10     4     8    13     0     1   -29.0   47.321   82.428   5895.9    411.6
     1     1    10     4     8    12     0     0   -30.0   47.572   81.313   5921.9    421.8
     1     1    10     4     8    11     0     1   -31.0   47.833   80.296   5952.2    424.9
     1     1    10     4     8    10     0     2   -32.0   48.112   79.377   5999.8    422.0
     1     1    10     4     8     9     0     3   -33.0   48.392   78.528   6068.7    417.6
     1     1    10     4     8     8     0     2   -34.0   48.673   77.729   6124.3    409.0
     1     1    10     4     8     7     0     1   -35.0   48.965   76.952   6167.6    398.7
     1     1    10     4     8     6     0     0   -36.0   49.269   76.197   6248.8    395.6
     1     1    10     4     8     5     0     1   -37.0   49.593   75.483   6338.0    396.0
     1     1    10     4     8     4     0     2   -38.0   49.948   74.814   6429.6    397.8
     1     1    10     4     8     3     0     3   -39.0   50.330   74.173   6509.7    399.6
     1     1    10     4     8     2     0     2   -40.0   50.721   73.563   6559.7    399.6
     1     1    10     4     8     1     0     1   -41.0   51.119   72.980   6621.4    396.2
     1     1    10     4     8     0     0     0   -42.0   51.519   72.432   6722.6    396.7
     1     1    10     4     7    23     0     1   -43.0   51.910   71.938   6787.6    395.4
     1     1    10     4     7    22     0     2   -44.0   52.296   71.510   6842.7    393.7
     1     1    10     4     7    21     0     3   -45.0   52.693   71.158   6925.3    390.3
     1     1    10     4     7    20     0     2   -46.0   53.123   70.865   7051.6    384.4
     1     1    10     4     7    19     0     1   -47.0   53.595   70.598   7211.2    377.8
     1     1    10     4     7    18     0     0   -48.0   54.109   70.359   7372.4    372.2
     1     1    10     4     7    17     0     1   -49.0   54.656   70.106   7479.2    364.4
     1     1    10     4     7    16     0     2   -50.0   55.225   69.793   7538.6    362.1
     1     1    10     4     7    15     0     3   -51.0   55.807   69.433   7574.9    362.4
     1     1    10     4     7    14     0     2   -52.0   56.396   69.039   7623.6    361.4
     1     1    10     4     7    13     0     1   -53.0   56.985   68.614   7694.0    357.9
     1     1    10     4     7    12     0     0   -54.0   57.572   68.151   7768.1    354.6
     1     1    10     4     7    11     0     1   -55.0   58.152   67.642   7827.5    351.5
     1     1    10     4     7    10     0     2   -56.0   58.713   67.088   7865.0    349.5
     1     1    10     4     7     9     0     3   -57.0   59.251   66.509   7886.9    347.6
     1     1    10     4     7     8     0     2   -58.0   59.767   65.911   7901.6    347.0
     1     1    10     4     7     7     0     1   -59.0   60.261   65.278   7905.2    347.1
     1     1    10     4     7     6     0     0   -60.0   60.733   64.608   7902.6    346.4
     1     1    10     4     7     5     0     1   -61.0   61.183   63.910   7897.9    346.0
     1     1    10     4     7     4     0     2   -62.0   61.600   63.177   7874.5    346.0
     1     1    10     4     7     3     0     3   -63.0   61.967   62.383   7850.2    348.5
     1     1    10     4     7     2     0     2   -64.0   62.286   61.523   7839.6    352.0
     1     1    10     4     7     1     0     1   -65.0   62.563   60.584   7821.7    349.0
     1     1    10     4     7     0     0     0   -66.0   62.790   59.534   7764.4    342.5
     1     1    10     4     6    23     0     1   -67.0   62.978   58.425   7724.1    344.2
     1     1    10     4     6    22     0     2   -68.0   63.117   57.350   7730.6    352.1
     1     1    10     4     6    21     0     3   -69.0   63.201   56.291   7720.2    354.7
     1     1    10     4     6    20     0     2   -70.0   63.229   55.234   7677.6    356.1
     1     1    10     4     6    19     0     1   -71.0   63.207   54.164   7624.9    359.0
     1     1    10     4     6    18     0     0   -72.0   63.131   53.072   7568.8    362.0
     1     1    10     4     6    17     0     1   -73.0   63.007   51.959   7520.7    367.0
     1     1    10     4     6    16     0     2   -74.0   62.853   50.859   7479.5    369.8
     1     1    10     4     6    15     0     3   -75.0   62.671   49.802   7433.5    371.9
     1     1    10     4     6    14     0     2   -76.0   62.449   48.815   7385.3    375.9
     1     1    10     4     6    13     0     1   -77.0   62.192   47.902   7344.7    378.0
     1     1    10     4     6    12     0     0   -78.0   61.901   47.051   7285.7    380.0
     1     1    10     4     6    11     0     1   -79.0   61.590   46.313   7217.8    386.1
     1     1    10     4     6    10     0     2   -80.0   61.281   45.699   7129.4    391.0
     1     1    10     4     6     9     0     3   -81.0   60.974   45.167   7014.8    395.8
     1     1    10     4     6     8     0     2   -82.0   60.670   44.701   6901.2    403.9
     1     1    10     4     6     7     0     1   -83.0   60.366   44.298   6809.9    408.2
     1     1    10     4     6     6     0     0   -84.0   60.057   43.950   6719.7    412.4
     1     1    10     4     6     5     0     1   -85.0   59.757   43.655   6638.9    419.2
     1     1    10     4     6     4     0     2   -86.0   59.480   43.407   6571.0    423.3
     1     1    10     4     6     3     0     3   -87.0   59.215   43.208   6503.4    426.9
     1     1    10     4     6     2     0     2   -88.0   58.955   43.037   6431.8    431.0
     1     1    10     4     6     1     0     1   -89.0   58.694   42.874   6369.1    436.0
     1     1    10     4     6     0     0     0   -90.0   58.431   42.722   6312.6    440.0
     1     1    10     4     5    23     0     1   -91.0   58.168   42.595   6267.3    444.0
     1     1    10     4     5    22     0     2   -92.0   57.908   42.503   6241.3    446.1
     1     1    10     4     5    21     0     3   -93.0   57.653   42.452   6229.9    447.2
     1     1    10     4     5    20     0     2   -94.0   57.409   42.441   6221.3    447.9
     1     1    10     4     5    19     0     1   -95.0   57.180   42.462   6207.1    449.3
     1     1    10     4     5    18     0     0   -96.0   56.966   42.511   6185.2    451.1
