     7     1
    GDAS    10     3    22     0     0
    GDAS    10     4     8     0     0
    GDAS    10     4    15     0     0
    GDAS    10     4    22     0     0
    GDAS    10     4    29     0     0
    GDAS    10     4     1     0     0
    GDAS    10     3    29     0     0
     1 BACKWARD OMEGA   
    10     4    27     0   39.977  116.381  2000.0
     1 PRESSURE
     1     1    10     4    27     0     0     0     0.0   39.977  116.381   1761.8    784.7
     1     1    10     4    26    23     0     1    -1.0   40.361  115.899   1812.7    736.4
     1     1    10     4    26    22     0     2    -2.0   40.792  115.380   1934.2    676.3
     1     1    10     4    26    21     0     3    -3.0   41.229  114.858   2055.4    644.3
     1     1    10     4    26    20     0     2    -4.0   41.645  114.350   2084.8    638.4
     1     1    10     4    26    19     0     1    -5.0   42.046  113.848   2052.7    643.7
     1     1    10     4    26    18     0     0    -6.0   42.419  113.358   2021.4    661.7
     1     1    10     4    26    17     0     1    -7.0   42.743  112.894   1981.4    677.9
     1     1    10     4    26    16     0     2    -8.0   43.029  112.445   1936.8    690.7
     1     1    10     4    26    15     0     3    -9.0   43.286  111.988   1824.8    697.6
     1     1    10     4    26    14     0     2   -10.0   43.537  111.530   1689.9    719.1
     1     1    10     4    26    13     0     1   -11.0   43.799  111.068   1612.8    725.6
     1     1    10     4    26    12     0     0   -12.0   44.058  110.579   1552.4    734.7
     1     1    10     4    26    11     0     1   -13.0   44.338  110.109   1476.7    748.6
     1     1    10     4    26    10     0     2   -14.0   44.655  109.688   1416.3    751.9
     1     1    10     4    26     9     0     3   -15.0   45.005  109.277   1363.8    745.2
     1     1    10     4    26     8     0     2   -16.0   45.396  108.871   1332.8    742.4
     1     1    10     4    26     7     0     1   -17.0   45.832  108.484   1356.3    732.9
     1     1    10     4    26     6     0     0   -18.0   46.301  108.105   1407.3    718.2
     1     1    10     4    26     5     0     1   -19.0   46.776  107.748   1438.4    707.3
     1     1    10     4    26     4     0     2   -20.0   47.249  107.419   1463.5    697.1
     1     1    10     4    26     3     0     3   -21.0   47.743  107.130   1502.3    682.6
     1     1    10     4    26     2     0     2   -22.0   48.244  106.881   1543.1    687.1
     1     1    10     4    26     1     0     1   -23.0   48.700  106.656   1558.3    707.3
     1     1    10     4    26     0     0     0   -24.0   49.093  106.454   1541.0    729.5
     1     1    10     4    25    23     0     1   -25.0   49.452  106.279   1502.7    747.5
     1     1    10     4    25    22     0     2   -26.0   49.805  106.129   1462.8    762.7
     1     1    10     4    25    21     0     3   -27.0   50.174  105.992   1438.2    768.3
     1     1    10     4    25    20     0     2   -28.0   50.603  105.820   1456.9    757.7
     1     1    10     4    25    19     0     1   -29.0   51.103  105.576   1566.6    735.6
     1     1    10     4    25    18     0     0   -30.0   51.569  105.280   1657.3    733.1
     1     1    10     4    25    17     0     1   -31.0   51.928  104.980   1534.4    766.1
     1     1    10     4    25    16     0     2   -32.0   52.242  104.735   1299.2    812.3
     1     1    10     4    25    15     0     3   -33.0   52.568  104.553   1139.6    830.9
     1     1    10     4    25    14     0     2   -34.0   52.891  104.406   1091.4    835.8
     1     1    10     4    25    13     0     1   -35.0   53.194  104.251   1116.2    828.0
     1     1    10     4    25    12     0     0   -36.0   53.476  104.081   1165.1    820.6
     1     1    10     4    25    11     0     1   -37.0   53.742  103.911   1205.1    813.6
     1     1    10     4    25    10     0     2   -38.0   53.996  103.749   1211.3    812.3
     1     1    10     4    25     9     0     3   -39.0   54.237  103.590   1195.3    817.1
     1     1    10     4    25     8     0     2   -40.0   54.465  103.437   1186.4    821.8
     1     1    10     4    25     7     0     1   -41.0   54.679  103.295   1198.5    822.1
     1     1    10     4    25     6     0     0   -42.0   54.879  103.172   1222.7    820.5
     1     1    10     4    25     5     0     1   -43.0   55.078  103.086   1252.0    818.9
     1     1    10     4    25     4     0     2   -44.0   55.292  103.050   1282.1    817.6
     1     1    10     4    25     3     0     3   -45.0   55.522  103.068   1307.9    815.8
     1     1    10     4    25     2     0     2   -46.0   55.767  103.110   1331.0    814.7
     1     1    10     4    25     1     0     1   -47.0   56.024  103.148   1355.2    813.5
     1     1    10     4    25     0     0     0   -48.0   56.293  103.175   1379.4    811.3
     1     1    10     4    24    23     0     1   -49.0   56.547  103.187   1398.1    809.4
     1     1    10     4    24    22     0     2   -50.0   56.759  103.189   1409.9    808.9
     1     1    10     4    24    21     0     3   -51.0   56.932  103.188   1419.5    808.4
     1     1    10     4    24    20     0     2   -52.0   57.083  103.188   1428.1    808.2
     1     1    10     4    24    19     0     1   -53.0   57.231  103.191   1434.6    808.2
     1     1    10     4    24    18     0     0   -54.0   57.377  103.201   1439.2    808.4
     1     1    10     4    24    17     0     1   -55.0   57.529  103.208   1445.7    808.5
     1     1    10     4    24    16     0     2   -56.0   57.696  103.201   1457.8    807.6
     1     1    10     4    24    15     0     3   -57.0   57.875  103.182   1474.2    806.3
     1     1    10     4    24    14     0     2   -58.0   58.063  103.151   1496.4    805.5
     1     1    10     4    24    13     0     1   -59.0   58.255  103.098   1524.2    804.3
     1     1    10     4    24    12     0     0   -60.0   58.450  103.019   1552.1    803.3
     1     1    10     4    24    11     0     1   -61.0   58.653  102.920   1571.5    802.4
     1     1    10     4    24    10     0     2   -62.0   58.870  102.815   1580.9    803.4
     1     1    10     4    24     9     0     3   -63.0   59.104  102.709   1586.6    804.3
     1     1    10     4    24     8     0     2   -64.0   59.341  102.609   1595.0    804.0
     1     1    10     4    24     7     0     1   -65.0   59.566  102.531   1609.1    802.5
     1     1    10     4    24     6     0     0   -66.0   59.781  102.489   1626.9    800.5
     1     1    10     4    24     5     0     1   -67.0   60.007  102.491   1643.4    797.7
     1     1    10     4    24     4     0     2   -68.0   60.263  102.526   1657.3    794.1
     1     1    10     4    24     3     0     3   -69.0   60.549  102.588   1676.3    789.6
     1     1    10     4    24     2     0     2   -70.0   60.853  102.653   1694.8    784.1
     1     1    10     4    24     1     0     1   -71.0   61.172  102.702   1701.7    781.4
     1     1    10     4    24     0     0     0   -72.0   61.515  102.714   1699.2    781.5
     1     1    10     4    23    23     0     1   -73.0   61.869  102.673   1699.6    781.5
     1     1    10     4    23    22     0     2   -74.0   62.215  102.598   1708.5    779.4
     1     1    10     4    23    21     0     3   -75.0   62.551  102.496   1725.4    776.1
     1     1    10     4    23    20     0     2   -76.0   62.872  102.380   1754.3    771.7
     1     1    10     4    23    19     0     1   -77.0   63.180  102.276   1794.2    766.4
     1     1    10     4    23    18     0     0   -78.0   63.478  102.189   1835.4    762.1
     1     1    10     4    23    17     0     1   -79.0   63.779  102.120   1873.9    758.3
     1     1    10     4    23    16     0     2   -80.0   64.101  102.092   1907.3    755.1
     1     1    10     4    23    15     0     3   -81.0   64.447  102.124   1925.8    752.8
     1     1    10     4    23    14     0     2   -82.0   64.818  102.194   1917.6    753.0
     1     1    10     4    23    13     0     1   -83.0   65.221  102.291   1888.9    753.4
     1     1    10     4    23    12     0     0   -84.0   65.666  102.392   1874.6    750.2
     1     1    10     4    23    11     0     1   -85.0   66.145  102.488   1885.0    744.1
     1     1    10     4    23    10     0     2   -86.0   66.643  102.581   1913.1    743.8
     1     1    10     4    23     9     0     3   -87.0   67.150  102.661   1951.0    744.7
     1     1    10     4    23     8     0     2   -88.0   67.646  102.739   1992.2    751.5
     1     1    10     4    23     7     0     1   -89.0   68.117  102.831   2029.9    755.6
     1     1    10     4    23     6     0     0   -90.0   68.574  102.939   2061.1    752.7
     1     1    10     4    23     5     0     1   -91.0   69.017  103.043   2074.6    750.5
     1     1    10     4    23     4     0     2   -92.0   69.458  103.149   2057.4    750.4
     1     1    10     4    23     3     0     3   -93.0   69.916  103.289   2020.9    751.2
     1     1    10     4    23     2     0     2   -94.0   70.390  103.399   1991.7    753.8
     1     1    10     4    23     1     0     1   -95.0   70.862  103.388   1990.6    751.8
     1     1    10     4    23     0     0     0   -96.0   71.334  103.241   2002.8    756.8
