     7     1
    GDAS    10     3    22     0     0
    GDAS    10     4     8     0     0
    GDAS    10     4    15     0     0
    GDAS    10     4    22     0     0
    GDAS    10     4    29     0     0
    GDAS    10     4     1     0     0
    GDAS    10     3    29     0     0
     1 BACKWARD OMEGA   
    10     4    26    12   39.977  116.381  2000.0
     1 PRESSURE
     1     1    10     4    26    12     0     0     0.0   39.977  116.381   1762.2    787.4
     1     1    10     4    26    11     0     1    -1.0   40.385  116.005   2126.4    707.4
     1     1    10     4    26    10     0     2    -2.0   40.637  115.620   2430.0    643.4
     1     1    10     4    26     9     0     3    -3.0   40.799  115.243   2685.9    605.4
     1     1    10     4    26     8     0     2    -4.0   40.879  114.833   2871.6    579.2
     1     1    10     4    26     7     0     1    -5.0   40.915  114.366   2929.9    574.2
     1     1    10     4    26     6     0     0    -6.0   40.972  113.838   2874.1    576.8
     1     1    10     4    26     5     0     1    -7.0   41.067  113.324   2704.5    578.8
     1     1    10     4    26     4     0     2    -8.0   41.195  112.857   2578.7    597.8
     1     1    10     4    26     3     0     3    -9.0   41.313  112.358   2642.9    596.7
     1     1    10     4    26     2     0     2   -10.0   41.442  111.798   2759.1    579.6
     1     1    10     4    26     1     0     1   -11.0   41.602  111.228   2836.2    579.6
     1     1    10     4    26     0     0     0   -12.0   41.796  110.629   2965.9    582.2
     1     1    10     4    25    23     0     1   -13.0   42.046  109.955   3181.7    562.4
     1     1    10     4    25    22     0     2   -14.0   42.330  109.278   3357.1    544.9
     1     1    10     4    25    21     0     3   -15.0   42.648  108.636   3475.6    547.1
     1     1    10     4    25    20     0     2   -16.0   43.032  108.006   3581.3    560.7
     1     1    10     4    25    19     0     1   -17.0   43.457  107.434   3575.7    549.7
     1     1    10     4    25    18     0     0   -18.0   43.910  106.864   3606.6    542.1
     1     1    10     4    25    17     0     1   -19.0   44.393  106.276   3715.8    525.1
     1     1    10     4    25    16     0     2   -20.0   44.895  105.765   3823.6    520.7
     1     1    10     4    25    15     0     3   -21.0   45.405  105.323   3899.8    509.8
     1     1    10     4    25    14     0     2   -22.0   45.943  104.905   3887.4    499.5
     1     1    10     4    25    13     0     1   -23.0   46.550  104.471   3814.9    505.9
     1     1    10     4    25    12     0     0   -24.0   47.209  104.010   3749.1    508.1
     1     1    10     4    25    11     0     1   -25.0   47.863  103.569   3765.6    523.6
     1     1    10     4    25    10     0     2   -26.0   48.475  103.164   3755.2    515.8
     1     1    10     4    25     9     0     3   -27.0   49.035  102.792   3736.8    518.8
     1     1    10     4    25     8     0     2   -28.0   49.589  102.477   3671.7    517.7
     1     1    10     4    25     7     0     1   -29.0   50.152  102.223   3568.9    525.7
     1     1    10     4    25     6     0     0   -30.0   50.772  102.016   3477.7    514.6
     1     1    10     4    25     5     0     1   -31.0   51.506  101.809   3400.4    511.9
     1     1    10     4    25     4     0     2   -32.0   52.304  101.557   3254.5    540.5
     1     1    10     4    25     3     0     3   -33.0   52.988  101.240   3146.6    586.2
     1     1    10     4    25     2     0     2   -34.0   53.587  100.922   3067.1    615.7
     1     1    10     4    25     1     0     1   -35.0   54.122  100.634   2987.7    647.4
     1     1    10     4    25     0     0     0   -36.0   54.603  100.365   2877.8    660.5
     1     1    10     4    24    23     0     1   -37.0   55.060  100.118   2794.5    670.8
     1     1    10     4    24    22     0     2   -38.0   55.489   99.876   2734.8    680.5
     1     1    10     4    24    21     0     3   -39.0   55.902   99.625   2716.2    687.7
     1     1    10     4    24    20     0     2   -40.0   56.302   99.374   2707.4    690.1
     1     1    10     4    24    19     0     1   -41.0   56.691   99.147   2693.9    692.5
     1     1    10     4    24    18     0     0   -42.0   57.080   98.958   2688.1    693.6
     1     1    10     4    24    17     0     1   -43.0   57.471   98.782   2689.0    695.6
     1     1    10     4    24    16     0     2   -44.0   57.864   98.587   2686.3    697.2
     1     1    10     4    24    15     0     3   -45.0   58.263   98.370   2678.5    697.6
     1     1    10     4    24    14     0     2   -46.0   58.660   98.146   2665.0    699.9
     1     1    10     4    24    13     0     1   -47.0   59.049   97.946   2651.4    701.4
     1     1    10     4    24    12     0     0   -48.0   59.436   97.771   2642.9    699.1
     1     1    10     4    24    11     0     1   -49.0   59.833   97.616   2651.8    694.8
     1     1    10     4    24    10     0     2   -50.0   60.240   97.481   2681.4    690.4
     1     1    10     4    24     9     0     3   -51.0   60.652   97.369   2730.1    685.1
     1     1    10     4    24     8     0     2   -52.0   61.071   97.267   2785.6    678.4
     1     1    10     4    24     7     0     1   -53.0   61.499   97.173   2833.3    670.8
     1     1    10     4    24     6     0     0   -54.0   61.932   97.096   2871.4    663.5
     1     1    10     4    24     5     0     1   -55.0   62.369   97.025   2911.2    660.8
     1     1    10     4    24     4     0     2   -56.0   62.813   96.942   2944.7    659.1
     1     1    10     4    24     3     0     3   -57.0   63.262   96.837   2968.2    659.6
     1     1    10     4    24     2     0     2   -58.0   63.716   96.720   3015.3    659.0
     1     1    10     4    24     1     0     1   -59.0   64.179   96.627   3102.3    648.6
     1     1    10     4    24     0     0     0   -60.0   64.649   96.563   3187.2    632.4
     1     1    10     4    23    23     0     1   -61.0   65.122   96.533   3247.4    621.6
     1     1    10     4    23    22     0     2   -62.0   65.614   96.584   3303.6    614.0
     1     1    10     4    23    21     0     3   -63.0   66.126   96.736   3372.1    603.7
     1     1    10     4    23    20     0     2   -64.0   66.663   96.908   3457.5    591.5
     1     1    10     4    23    19     0     1   -65.0   67.228   97.047   3566.2    577.8
     1     1    10     4    23    18     0     0   -66.0   67.795   97.140   3698.1    564.3
     1     1    10     4    23    17     0     1   -67.0   68.359   97.181   3806.5    544.5
     1     1    10     4    23    16     0     2   -68.0   68.901   97.190   3838.6    528.8
     1     1    10     4    23    15     0     3   -69.0   69.425   97.193   3885.7    542.5
     1     1    10     4    23    14     0     2   -70.0   69.955   97.227   3978.0    556.5
     1     1    10     4    23    13     0     1   -71.0   70.488   97.253   4101.8    567.8
     1     1    10     4    23    12     0     0   -72.0   71.020   97.229   4218.2    580.5
     1     1    10     4    23    11     0     1   -73.0   71.560   97.182   4251.2    574.3
     1     1    10     4    23    10     0     2   -74.0   72.112   97.100   4245.1    574.2
     1     1    10     4    23     9     0     3   -75.0   72.669   96.923   4248.9    574.5
     1     1    10     4    23     8     0     2   -76.0   73.232   96.626   4277.2    567.8
     1     1    10     4    23     7     0     1   -77.0   73.787   96.217   4298.5    556.1
     1     1    10     4    23     6     0     0   -78.0   74.321   95.709   4330.2    550.9
     1     1    10     4    23     5     0     1   -79.0   74.835   95.133   4366.4    550.5
     1     1    10     4    23     4     0     2   -80.0   75.331   94.472   4397.6    550.0
     1     1    10     4    23     3     0     3   -81.0   75.798   93.672   4442.4    551.8
     1     1    10     4    23     2     0     2   -82.0   76.257   92.732   4484.6    553.7
     1     1    10     4    23     1     0     1   -83.0   76.716   91.685   4512.7    551.6
     1     1    10     4    23     0     0     0   -84.0   77.164   90.531   4527.3    549.8
     1     1    10     4    22    23     0     1   -85.0   77.598   89.254   4541.7    548.2
     1     1    10     4    22    22     0     2   -86.0   78.028   87.841   4563.7    545.7
     1     1    10     4    22    21     0     3   -87.0   78.443   86.335   4583.5    543.5
     1     1    10     4    22    20     0     2   -88.0   78.838   84.751   4603.5    541.4
     1     1    10     4    22    19     0     1   -89.0   79.218   83.068   4626.1    539.0
     1     1    10     4    22    18     0     0   -90.0   79.566   81.307   4650.0    536.6
     1     1    10     4    22    17     0     1   -91.0   79.883   79.432   4672.8    534.2
     1     1    10     4    22    16     0     2   -92.0   80.184   77.396   4688.6    532.4
     1     1    10     4    22    15     0     3   -93.0   80.461   75.214   4698.5    531.1
     1     1    10     4    22    14     0     2   -94.0   80.709   72.863   4712.8    529.5
     1     1    10     4    22    13     0     1   -95.0   80.928   70.321   4744.3    526.6
     1     1    10     4    22    12     0     0   -96.0   81.110   67.607   4776.4    523.1
