     5     1
    GDAS    10     3     1     0     0
    GDAS    10     3     8     0     0
    GDAS    10     3    15     0     0
    GDAS    10     3    22     0     0
    GDAS    10     3    29     0     0
     1 BACKWARD OMEGA   
    10     3    20     0   39.977  116.381  3600.0
     1 PRESSURE
     1     1    10     3    20     0     0     0     0.0   39.977  116.381   3364.4    632.9
     1     1    10     3    19    23     0     1    -1.0   40.329  116.323   3352.7    609.3
     1     1    10     3    19    22     0     2    -2.0   40.541  116.262   3358.2    596.3
     1     1    10     3    19    21     0     3    -3.0   40.608  116.194   3431.0    584.7
     1     1    10     3    19    20     0     2    -4.0   40.566  116.083   3447.2    573.4
     1     1    10     3    19    19     0     1    -5.0   40.512  115.883   3323.0    580.0
     1     1    10     3    19    18     0     0    -6.0   40.483  115.571   3072.5    590.3
     1     1    10     3    19    17     0     1    -7.0   40.515  115.076   2814.0    598.5
     1     1    10     3    19    16     0     2    -8.0   40.593  114.372   2585.1    609.4
     1     1    10     3    19    15     0     3    -9.0   40.673  113.553   2234.5    637.7
     1     1    10     3    19    14     0     2   -10.0   40.753  112.632   2149.0    629.5
     1     1    10     3    19    13     0     1   -11.0   40.892  111.669   2002.0    639.3
     1     1    10     3    19    12     0     0   -12.0   41.061  110.685   1887.0    647.8
     1     1    10     3    19    11     0     1   -13.0   41.227  109.593   1876.4    667.1
     1     1    10     3    19    10     0     2   -14.0   41.433  108.399   1765.3    697.8
     1     1    10     3    19     9     0     3   -15.0   41.650  107.134   1708.0    697.4
     1     1    10     3    19     8     0     2   -16.0   41.857  105.891   1585.7    732.6
     1     1    10     3    19     7     0     1   -17.0   42.083  104.702   1578.1    721.0
     1     1    10     3    19     6     0     0   -18.0   42.353  103.519   1628.9    707.2
     1     1    10     3    19     5     0     1   -19.0   42.687  102.430   1749.4    689.6
     1     1    10     3    19     4     0     2   -20.0   43.092  101.380   1893.5    660.8
     1     1    10     3    19     3     0     3   -21.0   43.515  100.292   2144.3    648.7
     1     1    10     3    19     2     0     2   -22.0   43.939   99.369   2124.3    660.9
     1     1    10     3    19     1     0     1   -23.0   44.420   98.397   2297.1    612.7
     1     1    10     3    19     0     0     0   -24.0   44.940   96.989   2553.2    578.8
     1     1    10     3    18    23     0     1   -25.0   45.504   95.412   2906.4    555.0
     1     1    10     3    18    22     0     2   -26.0   46.072   93.898   2947.4    518.8
     1     1    10     3    18    21     0     3   -27.0   46.683   92.289   3033.9    520.7
     1     1    10     3    18    20     0     2   -28.0   47.326   90.423   3351.4    483.9
     1     1    10     3    18    19     0     1   -29.0   47.938   88.641   3646.3    485.2
     1     1    10     3    18    18     0     0   -30.0   48.578   86.897   4236.0    470.4
     1     1    10     3    18    17     0     1   -31.0   49.263   85.063   4408.2    470.7
     1     1    10     3    18    16     0     2   -32.0   49.883   83.282   4797.8    489.2
     1     1    10     3    18    15     0     3   -33.0   50.541   81.549   4950.7    510.5
     1     1    10     3    18    14     0     2   -34.0   51.191   79.783   5102.8    505.4
     1     1    10     3    18    13     0     1   -35.0   51.759   77.946   5254.5    498.8
     1     1    10     3    18    12     0     0   -36.0   52.355   76.015   5511.3    481.6
     1     1    10     3    18    11     0     1   -37.0   52.829   73.933   5789.0    460.3
     1     1    10     3    18    10     0     2   -38.0   53.151   71.726   5916.7    446.3
     1     1    10     3    18     9     0     3   -39.0   53.332   69.386   6137.4    423.2
     1     1    10     3    18     8     0     2   -40.0   53.349   66.854   6443.5    407.3
     1     1    10     3    18     7     0     1   -41.0   53.136   64.233   6533.3    403.2
     1     1    10     3    18     6     0     0   -42.0   52.776   61.638   6343.3    411.2
     1     1    10     3    18     5     0     1   -43.0   52.320   59.128   6189.2    414.3
     1     1    10     3    18     4     0     2   -44.0   51.746   56.623   6180.7    417.7
     1     1    10     3    18     3     0     3   -45.0   51.069   54.206   6123.5    431.1
     1     1    10     3    18     2     0     2   -46.0   50.295   51.966   6020.5    444.8
     1     1    10     3    18     1     0     1   -47.0   49.513   49.917   5794.8    462.8
     1     1    10     3    18     0     0     0   -48.0   48.731   48.024   5546.7    481.1
     1     1    10     3    17    23     0     1   -49.0   47.989   46.341   5345.7    497.3
     1     1    10     3    17    22     0     2   -50.0   47.328   44.782   5228.1    503.5
     1     1    10     3    17    21     0     3   -51.0   46.733   43.197   5184.6    502.7
     1     1    10     3    17    20     0     2   -52.0   46.174   41.597   5166.8    504.8
     1     1    10     3    17    19     0     1   -53.0   45.654   40.077   5010.3    518.7
     1     1    10     3    17    18     0     0   -54.0   45.218   38.718   4742.3    540.0
     1     1    10     3    17    17     0     1   -55.0   44.852   37.430   4630.5    552.8
     1     1    10     3    17    16     0     2   -56.0   44.586   36.188   4703.1    547.2
     1     1    10     3    17    15     0     3   -57.0   44.351   34.920   4708.8    543.6
     1     1    10     3    17    14     0     2   -58.0   44.167   33.676   4647.4    551.8
     1     1    10     3    17    13     0     1   -59.0   44.067   32.515   4652.6    554.5
     1     1    10     3    17    12     0     0   -60.0   44.020   31.421   4727.4    549.1
     1     1    10     3    17    11     0     1   -61.0   44.017   30.416   4825.4    540.3
     1     1    10     3    17    10     0     2   -62.0   44.063   29.504   4880.6    536.0
     1     1    10     3    17     9     0     3   -63.0   44.155   28.648   4883.8    533.9
     1     1    10     3    17     8     0     2   -64.0   44.290   27.844   4906.2    528.2
     1     1    10     3    17     7     0     1   -65.0   44.479   27.110   4952.8    524.8
     1     1    10     3    17     6     0     0   -66.0   44.703   26.428   4887.6    517.2
     1     1    10     3    17     5     0     1   -67.0   44.969   25.775   4692.7    519.5
     1     1    10     3    17     4     0     2   -68.0   45.303   25.118   4541.9    527.6
     1     1    10     3    17     3     0     3   -69.0   45.709   24.450   4540.8    525.4
     1     1    10     3    17     2     0     2   -70.0   46.171   23.797   4581.1    522.3
     1     1    10     3    17     1     0     1   -71.0   46.688   23.151   4589.8    513.8
     1     1    10     3    17     0     0     0   -72.0   47.258   22.492   4652.6    531.9
     1     1    10     3    16    23     0     1   -73.0   47.875   21.826   4778.6    537.6
     1     1    10     3    16    22     0     2   -74.0   48.542   21.156   4806.3    508.5
     1     1    10     3    16    21     0     3   -75.0   49.255   20.476   4726.5    497.1
     1     1    10     3    16    20     0     2   -76.0   50.006   19.798   4833.6    519.7
     1     1    10     3    16    19     0     1   -77.0   50.784   19.143   4897.5    511.5
     1     1    10     3    16    18     0     0   -78.0   51.538   18.538   4919.2    518.6
     1     1    10     3    16    17     0     1   -79.0   52.304   17.925   4966.8    518.4
     1     1    10     3    16    16     0     2   -80.0   53.114   17.280   5000.0    515.9
     1     1    10     3    16    15     0     3   -81.0   53.947   16.675   5022.2    511.7
     1     1    10     3    16    14     0     2   -82.0   54.802   16.100   5107.0    511.1
     1     1    10     3    16    13     0     1   -83.0   55.679   15.491   5158.0    508.2
     1     1    10     3    16    12     0     0   -84.0   56.588   14.901   5157.3    499.5
     1     1    10     3    16    11     0     1   -85.0   57.540   14.351   5217.9    490.1
     1     1    10     3    16    10     0     2   -86.0   58.521   13.753   5355.1    482.9
     1     1    10     3    16     9     0     3   -87.0   59.519   13.078   5411.8    478.8
     1     1    10     3    16     8     0     2   -88.0   60.514   12.297   5462.4    459.5
     1     1    10     3    16     7     0     1   -89.0   61.473   11.395   5439.0    442.0
     1     1    10     3    16     6     0     0   -90.0   62.437   10.382   5477.5    430.9
     1     1    10     3    16     5     0     1   -91.0   63.371    9.221   5682.4    443.2
     1     1    10     3    16     4     0     2   -92.0   64.171    8.021   5635.2    470.3
     1     1    10     3    16     3     0     3   -93.0   64.881    6.791   5529.6    479.9
     1     1    10     3    16     2     0     2   -94.0   65.543    5.491   5524.7    478.6
     1     1    10     3    16     1     0     1   -95.0   66.154    4.134   5505.1    480.0
     1     1    10     3    16     0     0     0   -96.0   66.721    2.756   5475.0    482.6
