     7     1
    GDAS    10     3    22     0     0
    GDAS    10     4     8     0     0
    GDAS    10     4    15     0     0
    GDAS    10     4    22     0     0
    GDAS    10     4    29     0     0
    GDAS    10     4     1     0     0
    GDAS    10     3    29     0     0
     1 BACKWARD OMEGA   
    10     4    17    18   39.977  116.381  9400.0
     1 PRESSURE
     1     1    10     4    17    18     0     0     0.0   39.977  116.381   9157.1    290.7
     1     1    10     4    17    17     0     1    -1.0   40.057  114.793   8769.3    266.4
     1     1    10     4    17    16     0     2    -2.0   40.139  113.037   8867.9    257.8
     1     1    10     4    17    15     0     3    -3.0   40.230  111.259   8914.9    258.1
     1     1    10     4    17    14     0     2    -4.0   40.316  109.531   8854.7    258.7
     1     1    10     4    17    13     0     1    -5.0   40.480  107.870   9029.2    258.4
     1     1    10     4    17    12     0     0    -6.0   40.652  106.225   9149.2    247.5
     1     1    10     4    17    11     0     1    -7.0   40.802  104.583   9285.6    245.5
     1     1    10     4    17    10     0     2    -8.0   40.976  103.010   9245.2    245.7
     1     1    10     4    17     9     0     3    -9.0   41.149  101.528   9301.9    251.7
     1     1    10     4    17     8     0     2   -10.0   41.378  100.106   9349.4    250.0
     1     1    10     4    17     7     0     1   -11.0   41.626   98.602   9318.4    238.9
     1     1    10     4    17     6     0     0   -12.0   41.847   97.125   9203.3    228.6
     1     1    10     4    17     5     0     1   -13.0   42.096   95.668   9185.6    228.7
     1     1    10     4    17     4     0     2   -14.0   42.395   94.210   9353.7    235.3
     1     1    10     4    17     3     0     3   -15.0   42.784   92.761   9760.6    248.3
     1     1    10     4    17     2     0     2   -16.0   43.254   91.176   9780.8    246.8
     1     1    10     4    17     1     0     1   -17.0   43.651   89.466   9671.9    240.2
     1     1    10     4    17     0     0     0   -18.0   43.980   87.661   9494.4    240.2
     1     1    10     4    16    23     0     1   -19.0   44.233   85.746   9210.4    246.4
     1     1    10     4    16    22     0     2   -20.0   44.452   83.827   9028.9    239.6
     1     1    10     4    16    21     0     3   -21.0   44.634   81.818   9111.9    249.0
     1     1    10     4    16    20     0     2   -22.0   44.783   79.744   8656.2    236.1
     1     1    10     4    16    19     0     1   -23.0   44.797   77.624   9187.5    278.9
     1     1    10     4    16    18     0     0   -24.0   44.751   75.643   9086.6    285.3
     1     1    10     4    16    17     0     1   -25.0   44.673   73.620   9025.8    286.0
     1     1    10     4    16    16     0     2   -26.0   44.527   71.671   8972.2    296.6
     1     1    10     4    16    15     0     3   -27.0   44.393   69.697   8991.6    296.5
     1     1    10     4    16    14     0     2   -28.0   44.225   67.656   8919.1    295.1
     1     1    10     4    16    13     0     1   -29.0   44.029   65.623   8973.3    304.5
     1     1    10     4    16    12     0     0   -30.0   43.853   63.562   8981.0    304.5
     1     1    10     4    16    11     0     1   -31.0   43.663   61.582   8993.4    306.9
     1     1    10     4    16    10     0     2   -32.0   43.471   59.723   9043.2    304.7
     1     1    10     4    16     9     0     3   -33.0   43.316   57.844   9078.9    299.7
     1     1    10     4    16     8     0     2   -34.0   43.170   55.918   9110.6    294.8
     1     1    10     4    16     7     0     1   -35.0   43.067   53.983   9252.0    292.6
     1     1    10     4    16     6     0     0   -36.0   42.986   52.091   9348.6    291.8
     1     1    10     4    16     5     0     1   -37.0   42.887   50.326   9383.7    292.0
     1     1    10     4    16     4     0     2   -38.0   42.842   48.634   9415.4    290.4
     1     1    10     4    16     3     0     3   -39.0   42.833   46.907   9189.5    263.7
     1     1    10     4    16     2     0     2   -40.0   42.816   45.136   9206.6    252.7
     1     1    10     4    16     1     0     1   -41.0   42.791   43.425   8945.4    227.6
     1     1    10     4    16     0     0     0   -42.0   42.777   41.798   9338.6    241.4
     1     1    10     4    15    23     0     1   -43.0   42.851   40.261   9883.9    268.2
     1     1    10     4    15    22     0     2   -44.0   42.985   38.805   9979.0    265.0
     1     1    10     4    15    21     0     3   -45.0   43.081   37.364  10150.0    259.4
