     5     1
    GDAS    10     3     1     0     0
    GDAS    10     3     8     0     0
    GDAS    10     3    15     0     0
    GDAS    10     3    22     0     0
    GDAS    10     3    29     0     0
     1 BACKWARD OMEGA   
    10     3    25    12   39.977  116.381  8600.0
     1 PRESSURE
     1     1    10     3    25    12     0     0     0.0   39.977  116.381   8354.9    312.2
     1     1    10     3    25    11     0     1    -1.0   40.871  115.058   8178.0    271.9
     1     1    10     3    25    10     0     2    -2.0   41.754  113.742   8359.3    257.7
     1     1    10     3    25     9     0     3    -3.0   42.655  112.464   8584.4    260.2
     1     1    10     3    25     8     0     2    -4.0   43.572  111.291   8723.6    260.2
     1     1    10     3    25     7     0     1    -5.0   44.480  110.231   8814.3    260.4
     1     1    10     3    25     6     0     0    -6.0   45.376  109.214   8814.3    253.3
     1     1    10     3    25     5     0     1    -7.0   46.260  108.223   8836.6    244.8
     1     1    10     3    25     4     0     2    -8.0   47.113  107.284   8835.7    237.8
     1     1    10     3    25     3     0     3    -9.0   47.898  106.422   8861.6    238.8
     1     1    10     3    25     2     0     2   -10.0   48.665  105.633   9012.0    247.7
     1     1    10     3    25     1     0     1   -11.0   49.446  104.896   9042.9    248.0
     1     1    10     3    25     0     0     0   -12.0   50.222  104.211   8992.5    238.0
     1     1    10     3    24    23     0     1   -13.0   50.975  103.540   8923.2    226.9
     1     1    10     3    24    22     0     2   -14.0   51.690  102.871   9076.8    234.7
     1     1    10     3    24    21     0     3   -15.0   52.356  102.226   9127.8    237.7
     1     1    10     3    24    20     0     2   -16.0   52.993  101.618   9236.4    246.8
     1     1    10     3    24    19     0     1   -17.0   53.628  101.042   9261.1    250.4
     1     1    10     3    24    18     0     0   -18.0   54.266  100.479   9386.1    253.1
     1     1    10     3    24    17     0     1   -19.0   54.890   99.920   9422.9    252.1
     1     1    10     3    24    16     0     2   -20.0   55.491   99.355   9459.0    254.4
     1     1    10     3    24    15     0     3   -21.0   56.076   98.771   9532.2    257.2
     1     1    10     3    24    14     0     2   -22.0   56.636   98.165   9542.7    256.4
     1     1    10     3    24    13     0     1   -23.0   57.163   97.532   9540.3    258.0
     1     1    10     3    24    12     0     0   -24.0   57.660   96.868   9527.9    257.7
     1     1    10     3    24    11     0     1   -25.0   58.131   96.180   9523.7    255.1
     1     1    10     3    24    10     0     2   -26.0   58.576   95.473   9537.3    254.4
     1     1    10     3    24     9     0     3   -27.0   59.002   94.751   9513.1    252.8
     1     1    10     3    24     8     0     2   -28.0   59.415   94.000   9468.6    250.6
     1     1    10     3    24     7     0     1   -29.0   59.810   93.209   9432.9    250.6
     1     1    10     3    24     6     0     0   -30.0   60.178   92.386   9424.3    254.3
     1     1    10     3    24     5     0     1   -31.0   60.507   91.518   9432.8    258.7
     1     1    10     3    24     4     0     2   -32.0   60.798   90.610   9448.4    261.3
     1     1    10     3    24     3     0     3   -33.0   61.063   89.670   9483.7    264.0
     1     1    10     3    24     2     0     2   -34.0   61.315   88.684   9474.3    264.2
     1     1    10     3    24     1     0     1   -35.0   61.543   87.649   9440.7    263.9
     1     1    10     3    24     0     0     0   -36.0   61.733   86.559   9444.6    264.8
     1     1    10     3    23    23     0     1   -37.0   61.873   85.416   9467.1    264.1
     1     1    10     3    23    22     0     2   -38.0   61.938   84.218   9480.5    263.9
     1     1    10     3    23    21     0     3   -39.0   61.914   82.983   9478.5    264.3
     1     1    10     3    23    20     0     2   -40.0   61.846   81.771   9482.4    265.5
     1     1    10     3    23    19     0     1   -41.0   61.755   80.606   9473.4    266.0
     1     1    10     3    23    18     0     0   -42.0   61.631   79.475   9466.1    266.6
     1     1    10     3    23    17     0     1   -43.0   61.491   78.368   9456.2    267.5
     1     1    10     3    23    16     0     2   -44.0   61.342   77.278   9438.7    268.5
     1     1    10     3    23    15     0     3   -45.0   61.178   76.200   9414.3    270.0
     1     1    10     3    23    14     0     2   -46.0   61.002   75.140   9395.1    271.1
     1     1    10     3    23    13     0     1   -47.0   60.800   74.074   9397.7    270.8
     1     1    10     3    23    12     0     0   -48.0   60.551   72.979   9404.7    270.1
     1     1    10     3    23    11     0     1   -49.0   60.283   71.916   9403.4    270.0
     1     1    10     3    23    10     0     2   -50.0   60.012   70.910   9411.3    269.5
     1     1    10     3    23     9     0     3   -51.0   59.706   69.931   9445.6    269.1
     1     1    10     3    23     8     0     2   -52.0   59.391   68.988   9484.6    268.2
     1     1    10     3    23     7     0     1   -53.0   59.095   68.063   9477.2    267.7
     1     1    10     3    23     6     0     0   -54.0   58.781   67.147   9416.1    270.4
     1     1    10     3    23     5     0     1   -55.0   58.481   66.277   9336.2    273.3
     1     1    10     3    23     4     0     2   -56.0   58.221   65.423   9298.2    274.9
     1     1    10     3    23     3     0     3   -57.0   57.947   64.577   9306.4    274.6
     1     1    10     3    23     2     0     2   -58.0   57.667   63.761   9319.3    273.5
     1     1    10     3    23     1     0     1   -59.0   57.411   62.969   9310.8    272.9
     1     1    10     3    23     0     0     0   -60.0   57.149   62.196   9277.2    272.8
     1     1    10     3    22    23     0     1   -61.0   56.892   61.447   9225.3    273.2
     1     1    10     3    22    22     0     2   -62.0   56.661   60.739   9157.8    273.4
     1     1    10     3    22    21     0     3   -63.0   56.428   60.107   9057.2    273.5
     1     1    10     3    22    20     0     2   -64.0   56.204   59.524   9004.3    277.6
     1     1    10     3    22    19     0     1   -65.0   56.001   58.935   9013.1    279.4
     1     1    10     3    22    18     0     0   -66.0   55.804   58.337   9033.5    277.4
     1     1    10     3    22    17     0     1   -67.0   55.623   57.706   9055.4    276.8
     1     1    10     3    22    16     0     2   -68.0   55.456   57.032   9058.0    280.7
     1     1    10     3    22    15     0     3   -69.0   55.267   56.354   9034.1    286.6
     1     1    10     3    22    14     0     2   -70.0   55.057   55.696   8995.4    291.0
     1     1    10     3    22    13     0     1   -71.0   54.845   55.040   8948.4    291.5
     1     1    10     3    22    12     0     0   -72.0   54.620   54.398   8903.3    291.2
     1     1    10     3    22    11     0     1   -73.0   54.393   53.784   8859.2    291.4
     1     1    10     3    22    10     0     2   -74.0   54.178   53.200   8794.6    294.8
     1     1    10     3    22     9     0     3   -75.0   53.977   52.667   8682.7    301.5
     1     1    10     3    22     8     0     2   -76.0   53.797   52.166   8557.8    310.2
     1     1    10     3    22     7     0     1   -77.0   53.641   51.660   8450.0    316.6
     1     1    10     3    22     6     0     0   -78.0   53.495   51.145   8354.8    322.5
     1     1    10     3    22     5     0     1   -79.0   53.369   50.595   8265.8    328.1
     1     1    10     3    22     4     0     2   -80.0   53.268   49.990   8189.5    333.1
     1     1    10     3    22     3     0     3   -81.0   53.179   49.321   8150.6    336.4
     1     1    10     3    22     2     0     2   -82.0   53.102   48.601   8142.6    334.9
     1     1    10     3    22     1     0     1   -83.0   53.037   47.860   8139.3    332.2
     1     1    10     3    22     0     0     0   -84.0   52.963   47.105   8125.8    328.5
     1     1    10     3    21    23     0     1   -85.0   52.889   46.338   8131.2    329.1
     1     1    10     3    21    22     0     2   -86.0   52.842   45.568   8116.6    331.0
     1     1    10     3    21    21     0     3   -87.0   52.817   44.802   8094.3    332.8
     1     1    10     3    21    20     0     2   -88.0   52.812   44.035   8069.1    334.3
     1     1    10     3    21    19     0     1   -89.0   52.832   43.267   8051.3    336.9
     1     1    10     3    21    18     0     0   -90.0   52.870   42.494   8044.1    338.5
     1     1    10     3    21    17     0     1   -91.0   52.920   41.684   8032.5    339.8
     1     1    10     3    21    16     0     2   -92.0   52.973   40.838   7983.2    342.7
     1     1    10     3    21    15     0     3   -93.0   53.001   39.949   7907.7    347.1
     1     1    10     3    21    14     0     2   -94.0   53.020   39.010   7835.1    349.5
     1     1    10     3    21    13     0     1   -95.0   53.041   38.067   7802.3    349.8
     1     1    10     3    21    12     0     0   -96.0   53.050   37.107   7793.1    348.6
