     5     1
    GDAS    10     3     1     0     0
    GDAS    10     3     8     0     0
    GDAS    10     3    15     0     0
    GDAS    10     3    22     0     0
    GDAS    10     3    29     0     0
     1 BACKWARD OMEGA   
    10     3    18    12   39.977  116.381  9600.0
     1 PRESSURE
     1     1    10     3    18    12     0     0     0.0   39.977  116.381   9355.7    282.8
     1     1    10     3    18    11     0     1    -1.0   40.641  114.974   8912.1    257.1
     1     1    10     3    18    10     0     2    -2.0   41.309  113.516   8754.2    256.8
     1     1    10     3    18     9     0     3    -3.0   41.885  112.139   8703.9    260.1
     1     1    10     3    18     8     0     2    -4.0   42.428  110.789   8800.6    265.5
     1     1    10     3    18     7     0     1    -5.0   42.986  109.453   8700.3    270.2
     1     1    10     3    18     6     0     0    -6.0   43.526  108.178   8573.2    284.4
     1     1    10     3    18     5     0     1    -7.0   44.031  106.890   8356.4    282.7
     1     1    10     3    18     4     0     2    -8.0   44.544  105.485   8269.4    284.5
     1     1    10     3    18     3     0     3    -9.0   45.062  103.911   8291.3    284.4
     1     1    10     3    18     2     0     2   -10.0   45.514  102.340   7828.2    284.9
     1     1    10     3    18     1     0     1   -11.0   45.946  100.790   7648.1    283.4
     1     1    10     3    18     0     0     0   -12.0   46.319   99.097   7692.9    282.5
     1     1    10     3    17    23     0     1   -13.0   46.635   97.345   7679.3    273.8
     1     1    10     3    17    22     0     2   -14.0   46.823   95.546   7607.8    289.5
     1     1    10     3    17    21     0     3   -15.0   46.937   94.012   7180.8    323.0
     1     1    10     3    17    20     0     2   -16.0   47.100   92.589   6610.6    326.6
     1     1    10     3    17    19     0     1   -17.0   47.189   91.112   6649.4    306.1
     1     1    10     3    17    18     0     0   -18.0   47.183   89.347   7403.0    319.1
     1     1    10     3    17    17     0     1   -19.0   47.133   87.696   7491.9    350.5
     1     1    10     3    17    16     0     2   -20.0   47.036   86.132   6828.6    340.8
     1     1    10     3    17    15     0     3   -21.0   46.857   84.631   6273.4    370.0
     1     1    10     3    17    14     0     2   -22.0   46.701   83.190   6115.2    398.2
     1     1    10     3    17    13     0     1   -23.0   46.488   81.771   6296.0    412.7
     1     1    10     3    17    12     0     0   -24.0   46.180   80.368   6253.3    430.3
     1     1    10     3    17    11     0     1   -25.0   45.870   78.977   6117.4    436.3
     1     1    10     3    17    10     0     2   -26.0   45.512   77.584   6136.0    447.6
     1     1    10     3    17     9     0     3   -27.0   45.105   76.274   6170.0    445.5
     1     1    10     3    17     8     0     2   -28.0   44.694   74.992   5886.5    450.2
     1     1    10     3    17     7     0     1   -29.0   44.266   73.701   5656.5    470.9
     1     1    10     3    17     6     0     0   -30.0   43.797   72.453   5722.3    469.8
     1     1    10     3    17     5     0     1   -31.0   43.302   71.271   5574.4    469.8
     1     1    10     3    17     4     0     2   -32.0   42.783   70.172   5078.9    486.1
     1     1    10     3    17     3     0     3   -33.0   42.200   69.195   5208.4    492.4
     1     1    10     3    17     2     0     2   -34.0   41.641   68.407   5112.0    522.5
     1     1    10     3    17     1     0     1   -35.0   41.172   67.707   5042.0    528.5
     1     1    10     3    17     0     0     0   -36.0   40.780   67.068   4851.9    531.9
     1     1    10     3    16    23     0     1   -37.0   40.444   66.447   4604.7    544.2
     1     1    10     3    16    22     0     2   -38.0   40.129   65.828   4468.3    554.1
     1     1    10     3    16    21     0     3   -39.0   39.853   65.286   4400.9    567.6
     1     1    10     3    16    20     0     2   -40.0   39.616   64.816   4307.4    581.3
     1     1    10     3    16    19     0     1   -41.0   39.411   64.365   4211.5    593.9
     1     1    10     3    16    18     0     0   -42.0   39.238   63.923   4151.4    603.9
     1     1    10     3    16    17     0     1   -43.0   39.079   63.484   4112.3    604.6
     1     1    10     3    16    16     0     2   -44.0   38.931   63.036   4070.8    604.3
     1     1    10     3    16    15     0     3   -45.0   38.818   62.573   4010.3    610.9
     1     1    10     3    16    14     0     2   -46.0   38.713   62.111   3933.4    620.1
     1     1    10     3    16    13     0     1   -47.0   38.583   61.652   3887.2    624.3
     1     1    10     3    16    12     0     0   -48.0   38.441   61.185   3905.9    621.3
     1     1    10     3    16    11     0     1   -49.0   38.286   60.740   3953.0    616.4
     1     1    10     3    16    10     0     2   -50.0   38.101   60.351   3978.2    615.4
     1     1    10     3    16     9     0     3   -51.0   37.904   60.017   3958.2    613.6
     1     1    10     3    16     8     0     2   -52.0   37.729   59.705   3893.5    605.9
     1     1    10     3    16     7     0     1   -53.0   37.588   59.392   3829.7    592.2
     1     1    10     3    16     6     0     0   -54.0   37.467   59.068   3766.5    572.3
     1     1    10     3    16     5     0     1   -55.0   37.360   58.729   3707.7    558.3
     1     1    10     3    16     4     0     2   -56.0   37.258   58.372   3652.4    552.2
     1     1    10     3    16     3     0     3   -57.0   37.148   57.990   3620.0    549.6
     1     1    10     3    16     2     0     2   -58.0   37.023   57.592   3642.7    547.5
     1     1    10     3    16     1     0     1   -59.0   36.876   57.188   3704.1    546.3
     1     1    10     3    16     0     0     0   -60.0   36.713   56.787   3745.1    550.1
     1     1    10     3    15    23     0     1   -61.0   36.567   56.398   3754.3    554.5
     1     1    10     3    15    22     0     2   -62.0   36.445   56.027   3739.4    559.7
     1     1    10     3    15    21     0     3   -63.0   36.337   55.675   3742.8    564.3
     1     1    10     3    15    20     0     2   -64.0   36.245   55.336   3815.7    559.2
     1     1    10     3    15    19     0     1   -65.0   36.165   55.007   3998.0    544.4
     1     1    10     3    15    18     0     0   -66.0   36.108   54.666   4214.8    516.1
     1     1    10     3    15    17     0     1   -67.0   36.084   54.277   4311.9    497.2
     1     1    10     3    15    16     0     2   -68.0   36.077   53.861   4236.5    494.0
     1     1    10     3    15    15     0     3   -69.0   36.076   53.446   4024.8    503.4
     1     1    10     3    15    14     0     2   -70.0   36.083   53.031   3727.0    519.1
     1     1    10     3    15    13     0     1   -71.0   36.087   52.563   3464.7    529.6
     1     1    10     3    15    12     0     0   -72.0   36.092   51.964   3421.3    517.7
     1     1    10     3    15    11     0     1   -73.0   36.045   51.229   3624.0    507.4
     1     1    10     3    15    10     0     2   -74.0   35.909   50.369   3925.4    515.3
     1     1    10     3    15     9     0     3   -75.0   35.742   49.497   3864.1    517.8
     1     1    10     3    15     8     0     2   -76.0   35.535   48.535   3744.9    513.6
     1     1    10     3    15     7     0     1   -77.0   35.284   47.568   3788.8    509.6
     1     1    10     3    15     6     0     0   -78.0   34.999   46.651   4095.0    506.7
     1     1    10     3    15     5     0     1   -79.0   34.714   45.877   4465.7    521.2
     1     1    10     3    15     4     0     2   -80.0   34.453   45.231   4636.7    551.0
     1     1    10     3    15     3     0     3   -81.0   34.233   44.669   4616.8    572.4
     1     1    10     3    15     2     0     2   -82.0   34.045   44.121   4511.1    583.5
     1     1    10     3    15     1     0     1   -83.0   33.872   43.547   4399.7    593.7
     1     1    10     3    15     0     0     0   -84.0   33.695   42.924   4286.9    600.1
     1     1    10     3    14    23     0     1   -85.0   33.493   42.284   4159.5    598.1
     1     1    10     3    14    22     0     2   -86.0   33.270   41.661   4078.6    594.7
     1     1    10     3    14    21     0     3   -87.0   33.019   41.030   4082.3    585.1
     1     1    10     3    14    20     0     2   -88.0   32.740   40.379   4118.8    567.2
     1     1    10     3    14    19     0     1   -89.0   32.439   39.727   4113.2    560.7
     1     1    10     3    14    18     0     0   -90.0   32.123   39.113   4051.9    556.5
     1     1    10     3    14    17     0     1   -91.0   31.784   38.558   3980.0    570.2
     1     1    10     3    14    16     0     2   -92.0   31.427   38.068   3914.8    585.3
     1     1    10     3    14    15     0     3   -93.0   31.071   37.645   3803.3    592.8
     1     1    10     3    14    14     0     2   -94.0   30.731   37.252   3669.8    598.3
     1     1    10     3    14    13     0     1   -95.0   30.411   36.857   3593.2    598.4
     1     1    10     3    14    12     0     0   -96.0   30.110   36.468   3587.9    591.1
