     5     1
    GDAS    10     3     1     0     0
    GDAS    10     3     8     0     0
    GDAS    10     3    15     0     0
    GDAS    10     3    22     0     0
    GDAS    10     3    29     0     0
     1 BACKWARD OMEGA   
    10     3    24    18   39.977  116.381  8400.0
     1 PRESSURE
     1     1    10     3    24    18     0     0     0.0   39.977  116.381   8159.4    317.3
     1     1    10     3    24    17     0     1    -1.0   39.926  115.117   8015.8    286.5
     1     1    10     3    24    16     0     2    -2.0   39.960  113.818   7959.6    283.3
     1     1    10     3    24    15     0     3    -3.0   40.154  112.515   7854.9    281.6
     1     1    10     3    24    14     0     2    -4.0   40.478  111.170   7948.5    276.5
     1     1    10     3    24    13     0     1    -5.0   40.891  109.837   8007.9    270.5
     1     1    10     3    24    12     0     0    -6.0   41.409  108.538   8149.6    275.6
     1     1    10     3    24    11     0     1    -7.0   41.963  107.324   8136.9    274.7
     1     1    10     3    24    10     0     2    -8.0   42.575  106.181   8201.3    278.0
     1     1    10     3    24     9     0     3    -9.0   43.230  105.063   8134.8    261.5
     1     1    10     3    24     8     0     2   -10.0   43.910  104.049   8202.8    264.6
     1     1    10     3    24     7     0     1   -11.0   44.641  103.207   8286.3    263.7
     1     1    10     3    24     6     0     0   -12.0   45.417  102.493   8300.2    250.9
     1     1    10     3    24     5     0     1   -13.0   46.197  101.806   8233.4    235.0
     1     1    10     3    24     4     0     2   -14.0   47.032  101.157   8172.5    224.3
     1     1    10     3    24     3     0     3   -15.0   47.949  100.570   8415.9    229.0
     1     1    10     3    24     2     0     2   -16.0   48.923  100.096   8568.0    231.1
     1     1    10     3    24     1     0     1   -17.0   49.927   99.691   8639.8    226.9
     1     1    10     3    24     0     0     0   -18.0   50.949   99.269   8633.2    221.1
     1     1    10     3    23    23     0     1   -19.0   51.966   98.833   8635.6    216.6
     1     1    10     3    23    22     0     2   -20.0   52.988   98.397   8865.0    220.7
     1     1    10     3    23    21     0     3   -21.0   54.118   97.978   9098.8    229.9
     1     1    10     3    23    20     0     2   -22.0   55.380   97.518   9417.9    243.7
     1     1    10     3    23    19     0     1   -23.0   56.702   97.008   9528.8    250.7
     1     1    10     3    23    18     0     0   -24.0   58.048   96.442   9479.3    249.7
     1     1    10     3    23    17     0     1   -25.0   59.357   95.735   9438.2    248.7
     1     1    10     3    23    16     0     2   -26.0   60.595   94.941   9402.5    249.2
     1     1    10     3    23    15     0     3   -27.0   61.811   94.009   9393.8    249.8
     1     1    10     3    23    14     0     2   -28.0   62.968   92.863   9265.0    248.5
     1     1    10     3    23    13     0     1   -29.0   64.052   91.463   9251.9    254.1
     1     1    10     3    23    12     0     0   -30.0   65.062   89.756   9192.5    255.0
     1     1    10     3    23    11     0     1   -31.0   66.002   87.738   9263.5    266.5
     1     1    10     3    23    10     0     2   -32.0   66.849   85.456   9215.3    268.0
     1     1    10     3    23     9     0     3   -33.0   67.598   82.931   9175.2    269.8
     1     1    10     3    23     8     0     2   -34.0   68.236   80.179   9157.3    270.1
     1     1    10     3    23     7     0     1   -35.0   68.732   77.303   9167.4    270.3
     1     1    10     3    23     6     0     0   -36.0   69.108   74.243   9192.6    269.6
     1     1    10     3    23     5     0     1   -37.0   69.333   71.130   9203.5    268.3
     1     1    10     3    23     4     0     2   -38.0   69.416   68.060   9194.5    269.1
     1     1    10     3    23     3     0     3   -39.0   69.378   64.965   9172.3    268.8
     1     1    10     3    23     2     0     2   -40.0   69.192   62.086   9111.7    266.2
     1     1    10     3    23     1     0     1   -41.0   68.899   59.303   9128.7    271.1
     1     1    10     3    23     0     0     0   -42.0   68.489   56.554   9079.9    270.8
     1     1    10     3    22    23     0     1   -43.0   67.914   53.877   9028.1    273.9
     1     1    10     3    22    22     0     2   -44.0   67.214   51.394   8956.8    275.8
     1     1    10     3    22    21     0     3   -45.0   66.446   49.180   8892.0    274.7
     1     1    10     3    22    20     0     2   -46.0   65.611   47.080   8849.4    279.2
     1     1    10     3    22    19     0     1   -47.0   64.709   45.178   8786.5    283.1
     1     1    10     3    22    18     0     0   -48.0   63.815   43.493   8742.0    285.1
     1     1    10     3    22    17     0     1   -49.0   62.998   41.903   8767.0    288.0
     1     1    10     3    22    16     0     2   -50.0   62.290   40.420   8730.2    286.1
     1     1    10     3    22    15     0     3   -51.0   61.727   39.119   8693.1    288.2
     1     1    10     3    22    14     0     2   -52.0   61.295   37.965   8632.7    290.8
     1     1    10     3    22    13     0     1   -53.0   60.958   36.877   8590.1    293.8
     1     1    10     3    22    12     0     0   -54.0   60.737   35.842   8577.1    298.1
     1     1    10     3    22    11     0     1   -55.0   60.595   34.809   8539.7    298.7
     1     1    10     3    22    10     0     2   -56.0   60.501   33.784   8567.7    299.7
     1     1    10     3    22     9     0     3   -57.0   60.465   32.761   8643.1    299.1
     1     1    10     3    22     8     0     2   -58.0   60.488   31.653   8706.1    297.0
     1     1    10     3    22     7     0     1   -59.0   60.604   30.485   8741.8    294.9
     1     1    10     3    22     6     0     0   -60.0   60.768   29.221   8745.8    293.8
     1     1    10     3    22     5     0     1   -61.0   60.973   27.861   8748.3    293.5
     1     1    10     3    22     4     0     2   -62.0   61.240   26.462   8797.2    289.8
     1     1    10     3    22     3     0     3   -63.0   61.549   24.940   8881.5    283.7
     1     1    10     3    22     2     0     2   -64.0   61.912   23.328   8926.6    281.4
     1     1    10     3    22     1     0     1   -65.0   62.305   21.662   8979.9    283.5
     1     1    10     3    22     0     0     0   -66.0   62.738   19.904   9034.2    283.0
     1     1    10     3    21    23     0     1   -67.0   63.227   18.096   9055.1    274.7
     1     1    10     3    21    22     0     2   -68.0   63.709   16.288   9069.9    267.7
     1     1    10     3    21    21     0     3   -69.0   64.181   14.409   9065.2    256.5
     1     1    10     3    21    20     0     2   -70.0   64.631   12.580   9153.8    260.2
     1     1    10     3    21    19     0     1   -71.0   65.117   10.719   9356.9    268.9
     1     1    10     3    21    18     0     0   -72.0   65.609    8.794   9455.0    264.4
     1     1    10     3    21    17     0     1   -73.0   66.075    6.848   9523.4    262.0
     1     1    10     3    21    16     0     2   -74.0   66.504    4.906   9587.9    259.4
     1     1    10     3    21    15     0     3   -75.0   66.888    3.045   9624.6    258.2
     1     1    10     3    21    14     0     2   -76.0   67.236    1.266   9654.3    257.0
     1     1    10     3    21    13     0     1   -77.0   67.561   -0.422   9691.6    255.8
     1     1    10     3    21    12     0     0   -78.0   67.873   -2.037   9717.3    254.5
     1     1    10     3    21    11     0     1   -79.0   68.184   -3.579   9728.7    254.1
     1     1    10     3    21    10     0     2   -80.0   68.496   -5.044   9739.0    253.8
     1     1    10     3    21     9     0     3   -81.0   68.814   -6.472   9751.4    253.3
     1     1    10     3    21     8     0     2   -82.0   69.129   -7.914   9772.1    252.5
     1     1    10     3    21     7     0     1   -83.0   69.426   -9.384   9803.8    251.0
     1     1    10     3    21     6     0     0   -84.0   69.697  -10.878   9837.6    249.7
     1     1    10     3    21     5     0     1   -85.0   69.924  -12.328   9861.2    248.7
     1     1    10     3    21     4     0     2   -86.0   70.088  -13.654   9878.0    248.1
     1     1    10     3    21     3     0     3   -87.0   70.190  -14.824   9892.9    247.6
     1     1    10     3    21     2     0     2   -88.0   70.258  -15.863   9904.4    247.2
     1     1    10     3    21     1     0     1   -89.0   70.313  -16.802   9912.9    246.9
     1     1    10     3    21     0     0     0   -90.0   70.356  -17.638   9917.4    246.6
     1     1    10     3    20    23     0     1   -91.0   70.397  -18.437   9923.0    246.4
     1     1    10     3    20    22     0     2   -92.0   70.437  -19.266   9931.3    246.4
     1     1    10     3    20    21     0     3   -93.0   70.469  -20.138   9937.2    246.4
     1     1    10     3    20    20     0     2   -94.0   70.493  -21.009   9939.1    245.8
     1     1    10     3    20    19     0     1   -95.0   70.519  -21.832   9901.4    241.7
     1     1    10     3    20    18     0     0   -96.0   70.541  -22.629   9887.2    237.2
