     7     1
    GDAS    10     3    22     0     0
    GDAS    10     4     8     0     0
    GDAS    10     4    15     0     0
    GDAS    10     4    22     0     0
    GDAS    10     4    29     0     0
    GDAS    10     4     1     0     0
    GDAS    10     3    29     0     0
     1 BACKWARD OMEGA   
    10     4    19     6   39.977  116.381  2600.0
     1 PRESSURE
     1     1    10     4    19     6     0     0     0.0   39.977  116.381   2364.3    739.7
     1     1    10     4    19     5     0     1    -1.0   40.101  116.168   2381.1    724.6
     1     1    10     4    19     4     0     2    -2.0   40.234  115.832   2406.3    697.2
     1     1    10     4    19     3     0     3    -3.0   40.383  115.344   2459.6    659.6
     1     1    10     4    19     2     0     2    -4.0   40.520  114.724   2534.7    630.3
     1     1    10     4    19     1     0     1    -5.0   40.623  114.066   2583.2    627.1
     1     1    10     4    19     0     0     0    -6.0   40.717  113.402   2586.7    616.2
     1     1    10     4    18    23     0     1    -7.0   40.788  112.758   2589.5    607.6
     1     1    10     4    18    22     0     2    -8.0   40.815  112.157   2614.0    604.9
     1     1    10     4    18    21     0     3    -9.0   40.825  111.579   2642.6    600.6
     1     1    10     4    18    20     0     2   -10.0   40.848  111.030   2646.9    597.1
     1     1    10     4    18    19     0     1   -11.0   40.874  110.538   2628.3    601.8
     1     1    10     4    18    18     0     0   -12.0   40.885  110.094   2613.9    606.5
     1     1    10     4    18    17     0     1   -13.0   40.899  109.685   2606.7    615.1
     1     1    10     4    18    16     0     2   -14.0   40.934  109.346   2570.8    625.9
     1     1    10     4    18    15     0     3   -15.0   40.989  109.134   2476.4    639.3
     1     1    10     4    18    14     0     2   -16.0   41.034  108.992   2392.5    656.6
     1     1    10     4    18    13     0     1   -17.0   41.043  108.834   2401.8    659.3
     1     1    10     4    18    12     0     0   -18.0   41.029  108.645   2514.6    653.8
     1     1    10     4    18    11     0     1   -19.0   41.032  108.448   2691.9    639.7
     1     1    10     4    18    10     0     2   -20.0   41.057  108.266   2882.6    626.1
     1     1    10     4    18     9     0     3   -21.0   41.051  108.091   3044.6    612.7
     1     1    10     4    18     8     0     2   -22.0   41.021  107.863   3135.5    603.8
     1     1    10     4    18     7     0     1   -23.0   41.020  107.517   3134.8    594.0
     1     1    10     4    18     6     0     0   -24.0   41.025  107.148   3064.0    588.6
     1     1    10     4    18     5     0     1   -25.0   41.045  106.746   2975.0    591.7
     1     1    10     4    18     4     0     2   -26.0   41.094  106.248   2903.6    597.9
     1     1    10     4    18     3     0     3   -27.0   41.175  105.715   2883.8    607.6
     1     1    10     4    18     2     0     2   -28.0   41.292  105.164   2890.3    616.3
     1     1    10     4    18     1     0     1   -29.0   41.431  104.570   2859.4    617.0
     1     1    10     4    18     0     0     0   -30.0   41.593  103.930   2797.3    619.4
     1     1    10     4    17    23     0     1   -31.0   41.763  103.251   2788.7    625.6
     1     1    10     4    17    22     0     2   -32.0   41.926  102.550   2883.9    623.7
     1     1    10     4    17    21     0     3   -33.0   42.074  101.847   2910.7    616.9
     1     1    10     4    17    20     0     2   -34.0   42.218  101.166   2792.9    626.0
     1     1    10     4    17    19     0     1   -35.0   42.368  100.509   2746.6    636.0
     1     1    10     4    17    18     0     0   -36.0   42.534   99.852   2833.8    623.2
     1     1    10     4    17    17     0     1   -37.0   42.704   99.155   2840.3    600.2
     1     1    10     4    17    16     0     2   -38.0   42.898   98.434   2830.2    611.0
     1     1    10     4    17    15     0     3   -39.0   43.124   97.684   2998.8    594.9
     1     1    10     4    17    14     0     2   -40.0   43.353   96.893   3166.2    578.7
     1     1    10     4    17    13     0     1   -41.0   43.589   96.068   3330.3    582.7
     1     1    10     4    17    12     0     0   -42.0   43.857   95.182   3563.6    599.6
     1     1    10     4    17    11     0     1   -43.0   44.098   94.199   3865.0    555.5
     1     1    10     4    17    10     0     2   -44.0   44.281   93.164   3996.9    499.0
     1     1    10     4    17     9     0     3   -45.0   44.446   92.116   4123.3    496.7
     1     1    10     4    17     8     0     2   -46.0   44.608   91.105   4211.9    505.2
     1     1    10     4    17     7     0     1   -47.0   44.757   90.151   4268.3    516.7
     1     1    10     4    17     6     0     0   -48.0   44.847   89.252   4215.9    532.2
     1     1    10     4    17     5     0     1   -49.0   44.905   88.395   4159.1    551.3
     1     1    10     4    17     4     0     2   -50.0   44.992   87.561   4189.8    565.3
     1     1    10     4    17     3     0     3   -51.0   45.071   86.725   4208.4    572.2
     1     1    10     4    17     2     0     2   -52.0   45.130   85.874   4117.4    581.5
     1     1    10     4    17     1     0     1   -53.0   45.176   85.012   4044.5    590.1
     1     1    10     4    17     0     0     0   -54.0   45.185   84.087   4027.2    577.8
     1     1    10     4    16    23     0     1   -55.0   45.177   83.136   4120.2    580.0
     1     1    10     4    16    22     0     2   -56.0   45.190   82.206   4169.5    546.8
     1     1    10     4    16    21     0     3   -57.0   45.190   81.242   3941.3    486.6
     1     1    10     4    16    20     0     2   -58.0   45.135   80.217   3879.5    454.2
     1     1    10     4    16    19     0     1   -59.0   45.060   79.207   4133.3    476.5
     1     1    10     4    16    18     0     0   -60.0   45.005   78.314   4254.5    538.8
     1     1    10     4    16    17     0     1   -61.0   44.967   77.485   4225.7    573.5
     1     1    10     4    16    16     0     2   -62.0   44.895   76.636   4192.2    578.4
     1     1    10     4    16    15     0     3   -63.0   44.780   75.797   4102.0    581.9
     1     1    10     4    16    14     0     2   -64.0   44.635   74.982   3957.4    582.9
     1     1    10     4    16    13     0     1   -65.0   44.464   74.198   3859.9    591.7
     1     1    10     4    16    12     0     0   -66.0   44.272   73.454   3791.7    601.3
     1     1    10     4    16    11     0     1   -67.0   44.096   72.779   3727.9    614.1
     1     1    10     4    16    10     0     2   -68.0   43.952   72.165   3641.7    621.3
     1     1    10     4    16     9     0     3   -69.0   43.822   71.581   3570.5    628.7
     1     1    10     4    16     8     0     2   -70.0   43.701   71.001   3530.8    630.1
     1     1    10     4    16     7     0     1   -71.0   43.598   70.437   3483.4    628.6
     1     1    10     4    16     6     0     0   -72.0   43.513   69.906   3418.5    629.4
     1     1    10     4    16     5     0     1   -73.0   43.442   69.380   3382.7    641.1
     1     1    10     4    16     4     0     2   -74.0   43.379   68.826   3383.9    647.8
     1     1    10     4    16     3     0     3   -75.0   43.330   68.249   3378.0    648.8
     1     1    10     4    16     2     0     2   -76.0   43.292   67.662   3372.9    655.2
     1     1    10     4    16     1     0     1   -77.0   43.265   67.065   3386.3    659.8
     1     1    10     4    16     0     0     0   -78.0   43.251   66.437   3419.4    657.1
     1     1    10     4    15    23     0     1   -79.0   43.239   65.778   3466.3    650.8
     1     1    10     4    15    22     0     2   -80.0   43.213   65.108   3497.7    647.7
     1     1    10     4    15    21     0     3   -81.0   43.184   64.424   3510.7    645.8
     1     1    10     4    15    20     0     2   -82.0   43.170   63.729   3542.6    645.2
     1     1    10     4    15    19     0     1   -83.0   43.181   63.021   3611.5    642.4
     1     1    10     4    15    18     0     0   -84.0   43.221   62.289   3720.3    639.6
     1     1    10     4    15    17     0     1   -85.0   43.284   61.498   3843.3    629.7
     1     1    10     4    15    16     0     2   -86.0   43.354   60.631   3926.8    623.7
     1     1    10     4    15    15     0     3   -87.0   43.416   59.680   4000.8    617.8
     1     1    10     4    15    14     0     2   -88.0   43.454   58.671   4094.1    608.3
     1     1    10     4    15    13     0     1   -89.0   43.469   57.652   4209.5    594.3
     1     1    10     4    15    12     0     0   -90.0   43.473   56.615   4327.5    582.7
     1     1    10     4    15    11     0     1   -91.0   43.472   55.552   4479.9    568.3
     1     1    10     4    15    10     0     2   -92.0   43.477   54.493   4653.8    556.9
     1     1    10     4    15     9     0     3   -93.0   43.508   53.435   4817.7    545.6
     1     1    10     4    15     8     0     2   -94.0   43.551   52.390   4933.1    539.5
     1     1    10     4    15     7     0     1   -95.0   43.602   51.348   5034.0    536.6
     1     1    10     4    15     6     0     0   -96.0   43.680   50.265   5136.5    533.6
