     7     1
    GDAS    10     3    22     0     0
    GDAS    10     4     8     0     0
    GDAS    10     4    15     0     0
    GDAS    10     4    22     0     0
    GDAS    10     4    29     0     0
    GDAS    10     4     1     0     0
    GDAS    10     3    29     0     0
     1 BACKWARD OMEGA   
    10     4    19     0   39.977  116.381  9200.0
     1 PRESSURE
     1     1    10     4    19     0     0     0     0.0   39.977  116.381   8958.6    301.2
     1     1    10     4    18    23     0     1    -1.0   39.664  114.960   8008.9    315.2
     1     1    10     4    18    22     0     2    -2.0   39.396  113.575   7355.2    330.5
     1     1    10     4    18    21     0     3    -3.0   39.185  112.229   6932.9    338.1
     1     1    10     4    18    20     0     2    -4.0   38.985  110.945   6660.4    369.5
     1     1    10     4    18    19     0     1    -5.0   38.841  109.736   6340.2    384.3
     1     1    10     4    18    18     0     0    -6.0   38.770  108.608   6078.9    392.2
     1     1    10     4    18    17     0     1    -7.0   38.700  107.547   5929.1    401.8
     1     1    10     4    18    16     0     2    -8.0   38.637  106.538   5819.9    406.0
     1     1    10     4    18    15     0     3    -9.0   38.583  105.500   5672.2    412.6
     1     1    10     4    18    14     0     2   -10.0   38.520  104.535   5530.6    423.8
     1     1    10     4    18    13     0     1   -11.0   38.481  103.605   5517.2    423.9
     1     1    10     4    18    12     0     0   -12.0   38.524  102.605   5580.8    403.6
     1     1    10     4    18    11     0     1   -13.0   38.694  101.382   5568.7    379.9
     1     1    10     4    18    10     0     2   -14.0   38.968  100.025   5646.8    376.1
     1     1    10     4    18     9     0     3   -15.0   39.258   98.309   5385.9    331.0
     1     1    10     4    18     8     0     2   -16.0   39.489   96.377   5631.3    332.6
     1     1    10     4    18     7     0     1   -17.0   39.729   94.629   5968.6    369.5
     1     1    10     4    18     6     0     0   -18.0   39.944   93.082   6328.0    391.0
     1     1    10     4    18     5     0     1   -19.0   40.145   91.581   6683.2    380.7
     1     1    10     4    18     4     0     2   -20.0   40.313   90.084   6775.4    380.7
     1     1    10     4    18     3     0     3   -21.0   40.492   88.591   6812.7    372.5
     1     1    10     4    18     2     0     2   -22.0   40.765   87.132   6939.1    370.6
     1     1    10     4    18     1     0     1   -23.0   41.040   85.588   7092.9    362.8
     1     1    10     4    18     0     0     0   -24.0   41.307   83.852   7216.4    344.7
     1     1    10     4    17    23     0     1   -25.0   41.607   81.975   7258.2    322.9
     1     1    10     4    17    22     0     2   -26.0   41.771   79.717   6899.9    258.3
     1     1    10     4    17    21     0     3   -27.0   41.769   77.332   6915.3    270.2
     1     1    10     4    17    20     0     2   -28.0   41.632   75.189   6973.6    275.8
     1     1    10     4    17    19     0     1   -29.0   41.510   73.251   7308.7    298.1
     1     1    10     4    17    18     0     0   -30.0   41.487   71.616   7530.0    302.3
     1     1    10     4    17    17     0     1   -31.0   41.458   70.016   7637.1    304.5
     1     1    10     4    17    16     0     2   -32.0   41.445   68.732   8061.4    346.5
     1     1    10     4    17    15     0     3   -33.0   41.446   67.600   8069.3    349.4
     1     1    10     4    17    14     0     2   -34.0   41.448   66.509   8052.8    350.4
     1     1    10     4    17    13     0     1   -35.0   41.450   65.439   8103.8    348.3
     1     1    10     4    17    12     0     0   -36.0   41.428   64.405   8236.7    341.6
     1     1    10     4    17    11     0     1   -37.0   41.373   63.351   8432.0    334.2
     1     1    10     4    17    10     0     2   -38.0   41.308   62.288   8565.8    329.9
     1     1    10     4    17     9     0     3   -39.0   41.228   61.256   8661.4    328.2
     1     1    10     4    17     8     0     2   -40.0   41.141   60.260   8743.7    322.8
     1     1    10     4    17     7     0     1   -41.0   41.052   59.284   8832.8    319.6
     1     1    10     4    17     6     0     0   -42.0   40.960   58.351   8888.7    317.8
     1     1    10     4    17     5     0     1   -43.0   40.871   57.453   8941.6    316.2
     1     1    10     4    17     4     0     2   -44.0   40.782   56.576   8978.4    313.3
     1     1    10     4    17     3     0     3   -45.0   40.680   55.720   8970.6    311.6
     1     1    10     4    17     2     0     2   -46.0   40.564   54.901   8930.7    313.0
     1     1    10     4    17     1     0     1   -47.0   40.439   54.117   8910.4    314.3
     1     1    10     4    17     0     0     0   -48.0   40.308   53.358   8950.3    316.4
     1     1    10     4    16    23     0     1   -49.0   40.173   52.598   9001.7    317.0
     1     1    10     4    16    22     0     2   -50.0   40.017   51.824   9047.0    315.2
     1     1    10     4    16    21     0     3   -51.0   39.839   51.064   9100.1    313.9
     1     1    10     4    16    20     0     2   -52.0   39.657   50.329   9108.8    313.2
     1     1    10     4    16    19     0     1   -53.0   39.469   49.600   9091.6    312.2
     1     1    10     4    16    18     0     0   -54.0   39.262   48.867   8983.4    308.2
     1     1    10     4    16    17     0     1   -55.0   39.015   48.123   8736.3    300.6
     1     1    10     4    16    16     0     2   -56.0   38.695   47.350   8453.0    283.6
     1     1    10     4    16    15     0     3   -57.0   38.319   46.563   8267.1    276.0
     1     1    10     4    16    14     0     2   -58.0   37.904   45.741   8328.2    273.2
     1     1    10     4    16    13     0     1   -59.0   37.450   44.967   8296.6    274.5
     1     1    10     4    16    12     0     0   -60.0   36.949   44.272   8317.1    286.7
     1     1    10     4    16    11     0     1   -61.0   36.464   43.675   8447.6    311.4
     1     1    10     4    16    10     0     2   -62.0   36.012   43.172   8513.7    326.6
     1     1    10     4    16     9     0     3   -63.0   35.570   42.751   8464.0    331.3
     1     1    10     4    16     8     0     2   -64.0   35.130   42.375   8367.7    334.5
     1     1    10     4    16     7     0     1   -65.0   34.691   42.019   8232.5    339.9
     1     1    10     4    16     6     0     0   -66.0   34.257   41.692   8121.0    347.0
     1     1    10     4    16     5     0     1   -67.0   33.826   41.379   8037.5    348.3
     1     1    10     4    16     4     0     2   -68.0   33.382   41.051   7949.9    344.4
     1     1    10     4    16     3     0     3   -69.0   32.915   40.712   7806.7    344.3
     1     1    10     4    16     2     0     2   -70.0   32.455   40.400   7638.3    350.1
     1     1    10     4    16     1     0     1   -71.0   32.025   40.145   7462.3    356.2
     1     1    10     4    16     0     0     0   -72.0   31.614   39.941   7289.0    363.5
     1     1    10     4    15    23     0     1   -73.0   31.252   39.742   7127.9    372.9
     1     1    10     4    15    22     0     2   -74.0   30.955   39.504   6994.4    380.2
     1     1    10     4    15    21     0     3   -75.0   30.705   39.231   6894.2    388.2
     1     1    10     4    15    20     0     2   -76.0   30.489   38.931   6846.8    395.0
     1     1    10     4    15    19     0     1   -77.0   30.301   38.610   6835.3    396.1
     1     1    10     4    15    18     0     0   -78.0   30.138   38.266   6823.3    395.7
     1     1    10     4    15    17     0     1   -79.0   29.988   37.905   6775.8    393.9
     1     1    10     4    15    16     0     2   -80.0   29.850   37.538   6702.9    395.0
     1     1    10     4    15    15     0     3   -81.0   29.735   37.169   6645.0    394.9
     1     1    10     4    15    14     0     2   -82.0   29.636   36.807   6623.0    394.9
     1     1    10     4    15    13     0     1   -83.0   29.545   36.453   6641.0    392.1
     1     1    10     4    15    12     0     0   -84.0   29.461   36.107   6679.3    388.9
     1     1    10     4    15    11     0     1   -85.0   29.397   35.765   6726.5    387.0
     1     1    10     4    15    10     0     2   -86.0   29.362   35.422   6760.9    388.2
     1     1    10     4    15     9     0     3   -87.0   29.346   35.067   6806.3    389.1
     1     1    10     4    15     8     0     2   -88.0   29.355   34.690   6865.5    386.7
     1     1    10     4    15     7     0     1   -89.0   29.392   34.291   6917.5    385.2
     1     1    10     4    15     6     0     0   -90.0   29.456   33.876   6948.0    388.1
     1     1    10     4    15     5     0     1   -91.0   29.545   33.478   6975.2    396.7
     1     1    10     4    15     4     0     2   -92.0   29.657   33.116   7011.0    401.3
     1     1    10     4    15     3     0     3   -93.0   29.789   32.782   7072.4    400.7
     1     1    10     4    15     2     0     2   -94.0   29.935   32.452   7145.8    398.0
     1     1    10     4    15     1     0     1   -95.0   30.100   32.112   7203.6    400.8
     1     1    10     4    15     0     0     0   -96.0   30.289   31.769   7228.5    402.7
