     5     1
    GDAS    10     3     1     0     0
    GDAS    10     3     8     0     0
    GDAS    10     3    15     0     0
    GDAS    10     3    22     0     0
    GDAS    10     3    29     0     0
     1 BACKWARD OMEGA   
    10     3    20     0   39.977  116.381  4600.0
     1 PRESSURE
     1     1    10     3    20     0     0     0     0.0   39.977  116.381   4364.5    551.9
     1     1    10     3    19    23     0     1    -1.0   40.304  116.356   4312.2    534.6
     1     1    10     3    19    22     0     2    -2.0   40.447  116.294   4210.0    532.5
     1     1    10     3    19    21     0     3    -3.0   40.418  116.215   4077.9    542.3
     1     1    10     3    19    20     0     2    -4.0   40.283  116.075   3874.8    559.3
     1     1    10     3    19    19     0     1    -5.0   40.174  115.863   3538.0    581.7
     1     1    10     3    19    18     0     0    -6.0   40.163  115.580   3130.0    603.1
     1     1    10     3    19    17     0     1    -7.0   40.244  115.101   2830.8    608.4
     1     1    10     3    19    16     0     2    -8.0   40.343  114.343   2723.7    606.5
     1     1    10     3    19    15     0     3    -9.0   40.410  113.459   2667.5    606.3
     1     1    10     3    19    14     0     2   -10.0   40.485  112.469   2825.9    577.6
     1     1    10     3    19    13     0     1   -11.0   40.638  111.304   2759.2    585.6
     1     1    10     3    19    12     0     0   -12.0   40.817  110.069   2682.8    591.8
     1     1    10     3    19    11     0     1   -13.0   41.049  108.776   2681.0    620.3
     1     1    10     3    19    10     0     2   -14.0   41.340  107.455   2644.1    624.2
     1     1    10     3    19     9     0     3   -15.0   41.592  106.098   2758.1    611.1
     1     1    10     3    19     8     0     2   -16.0   41.866  104.837   2770.6    620.3
     1     1    10     3    19     7     0     1   -17.0   42.201  103.599   2838.2    603.1
     1     1    10     3    19     6     0     0   -18.0   42.577  102.347   2873.4    597.0
     1     1    10     3    19     5     0     1   -19.0   43.033  101.057   3041.9    562.7
     1     1    10     3    19     4     0     2   -20.0   43.549   99.673   3279.0    559.8
     1     1    10     3    19     3     0     3   -21.0   44.117   98.344   3361.1    553.1
     1     1    10     3    19     2     0     2   -22.0   44.717   96.897   3618.5    512.6
     1     1    10     3    19     1     0     1   -23.0   45.360   95.297   3976.4    478.4
     1     1    10     3    19     0     0     0   -24.0   46.049   93.671   4139.1    436.6
     1     1    10     3    18    23     0     1   -25.0   46.779   92.103   4136.8    432.1
     1     1    10     3    18    22     0     2   -26.0   47.548   90.378   4270.8    419.4
     1     1    10     3    18    21     0     3   -27.0   48.216   88.597   4580.1    413.3
     1     1    10     3    18    20     0     2   -28.0   48.888   86.801   4967.0    399.0
     1     1    10     3    18    19     0     1   -29.0   49.584   85.044   5150.9    420.8
     1     1    10     3    18    18     0     0   -30.0   50.276   83.326   5608.4    429.7
     1     1    10     3    18    17     0     1   -31.0   50.913   81.574   5826.2    447.3
     1     1    10     3    18    16     0     2   -32.0   51.504   79.777   5934.8    450.1
     1     1    10     3    18    15     0     3   -33.0   52.030   77.791   6062.6    445.7
     1     1    10     3    18    14     0     2   -34.0   52.412   75.660   6270.5    431.3
     1     1    10     3    18    13     0     1   -35.0   52.679   73.386   6433.4    418.7
     1     1    10     3    18    12     0     0   -36.0   52.760   71.005   6455.5    407.6
     1     1    10     3    18    11     0     1   -37.0   52.670   68.576   6543.3    397.8
     1     1    10     3    18    10     0     2   -38.0   52.458   66.095   6632.0    398.3
     1     1    10     3    18     9     0     3   -39.0   52.108   63.692   6629.4    400.4
     1     1    10     3    18     8     0     2   -40.0   51.676   61.416   6559.2    399.6
     1     1    10     3    18     7     0     1   -41.0   51.151   59.174   6557.0    400.3
     1     1    10     3    18     6     0     0   -42.0   50.547   57.014   6608.7    395.3
     1     1    10     3    18     5     0     1   -43.0   49.909   54.869   6654.1    400.4
     1     1    10     3    18     4     0     2   -44.0   49.218   52.823   6637.8    410.6
     1     1    10     3    18     3     0     3   -45.0   48.519   50.905   6518.2    420.1
     1     1    10     3    18     2     0     2   -46.0   47.857   49.035   6370.0    429.8
     1     1    10     3    18     1     0     1   -47.0   47.192   47.259   6205.8    441.7
     1     1    10     3    18     0     0     0   -48.0   46.545   45.538   6116.2    446.9
     1     1    10     3    17    23     0     1   -49.0   45.940   43.818   6091.5    444.0
     1     1    10     3    17    22     0     2   -50.0   45.348   42.118   6079.2    433.5
     1     1    10     3    17    21     0     3   -51.0   44.748   40.490   6034.0    426.6
     1     1    10     3    17    20     0     2   -52.0   44.196   39.059   5944.0    451.3
     1     1    10     3    17    19     0     1   -53.0   43.782   37.843   5832.7    470.3
     1     1    10     3    17    18     0     0   -54.0   43.423   36.662   5823.1    472.2
     1     1    10     3    17    17     0     1   -55.0   43.113   35.508   5841.1    468.6
     1     1    10     3    17    16     0     2   -56.0   42.827   34.421   5762.6    470.0
     1     1    10     3    17    15     0     3   -57.0   42.549   33.373   5571.1    479.2
     1     1    10     3    17    14     0     2   -58.0   42.303   32.418   5407.6    497.0
     1     1    10     3    17    13     0     1   -59.0   42.088   31.602   5148.3    519.8
     1     1    10     3    17    12     0     0   -60.0   41.859   30.905   4689.9    551.5
     1     1    10     3    17    11     0     1   -61.0   41.666   30.250   4294.8    590.2
     1     1    10     3    17    10     0     2   -62.0   41.535   29.633   4030.8    610.1
     1     1    10     3    17     9     0     3   -63.0   41.424   29.073   3799.6    626.3
     1     1    10     3    17     8     0     2   -64.0   41.328   28.573   3565.2    645.0
     1     1    10     3    17     7     0     1   -65.0   41.276   28.120   3334.8    663.4
     1     1    10     3    17     6     0     0   -66.0   41.261   27.718   3120.1    683.1
     1     1    10     3    17     5     0     1   -67.0   41.260   27.361   2954.5    697.9
     1     1    10     3    17     4     0     2   -68.0   41.261   27.042   2864.4    705.1
     1     1    10     3    17     3     0     3   -69.0   41.276   26.746   2838.4    705.1
     1     1    10     3    17     2     0     2   -70.0   41.305   26.457   2826.8    703.2
     1     1    10     3    17     1     0     1   -71.0   41.341   26.164   2803.0    706.2
     1     1    10     3    17     0     0     0   -72.0   41.381   25.865   2784.1    708.3
     1     1    10     3    16    23     0     1   -73.0   41.437   25.552   2792.9    704.3
     1     1    10     3    16    22     0     2   -74.0   41.519   25.217   2830.5    694.1
     1     1    10     3    16    21     0     3   -75.0   41.621   24.855   2866.4    677.6
     1     1    10     3    16    20     0     2   -76.0   41.731   24.458   2896.2    653.4
     1     1    10     3    16    19     0     1   -77.0   41.827   24.031   2921.7    621.5
     1     1    10     3    16    18     0     0   -78.0   41.901   23.597   2959.2    611.8
     1     1    10     3    16    17     0     1   -79.0   41.965   23.164   2973.1    607.7
     1     1    10     3    16    16     0     2   -80.0   42.028   22.726   3000.8    619.0
     1     1    10     3    16    15     0     3   -81.0   42.083   22.284   3081.4    633.7
     1     1    10     3    16    14     0     2   -82.0   42.132   21.846   3189.7    630.2
     1     1    10     3    16    13     0     1   -83.0   42.182   21.413   3267.4    607.6
     1     1    10     3    16    12     0     0   -84.0   42.222   20.981   3329.3    591.7
     1     1    10     3    16    11     0     1   -85.0   42.265   20.560   3375.1    587.8
     1     1    10     3    16    10     0     2   -86.0   42.323   20.155   3348.6    590.0
     1     1    10     3    16     9     0     3   -87.0   42.385   19.756   3293.9    604.1
     1     1    10     3    16     8     0     2   -88.0   42.456   19.379   3256.5    620.5
     1     1    10     3    16     7     0     1   -89.0   42.532   19.033   3248.3    624.9
     1     1    10     3    16     6     0     0   -90.0   42.605   18.708   3252.7    624.3
     1     1    10     3    16     5     0     1   -91.0   42.683   18.413   3256.0    626.2
     1     1    10     3    16     4     0     2   -92.0   42.764   18.176   3254.2    630.3
     1     1    10     3    16     3     0     3   -93.0   42.836   18.007   3256.3    633.8
     1     1    10     3    16     2     0     2   -94.0   42.920   17.879   3272.5    635.8
     1     1    10     3    16     1     0     1   -95.0   43.041   17.763   3312.9    633.7
     1     1    10     3    16     0     0     0   -96.0   43.207   17.654   3365.5    625.3
