     7     1
    GDAS    10     3    22     0     0
    GDAS    10     4     8     0     0
    GDAS    10     4    15     0     0
    GDAS    10     4    22     0     0
    GDAS    10     4    29     0     0
    GDAS    10     4     1     0     0
    GDAS    10     3    29     0     0
     1 BACKWARD OMEGA   
    10     4    18    18   39.977  116.381  1400.0
     1 PRESSURE
     1     1    10     4    18    18     0     0     0.0   39.977  116.381   1165.1    856.5
     1     1    10     4    18    17     0     1    -1.0   39.843  116.167   1060.8    863.6
     1     1    10     4    18    16     0     2    -2.0   39.681  115.976    955.8    874.7
     1     1    10     4    18    15     0     3    -3.0   39.493  115.795    866.6    883.8
     1     1    10     4    18    14     0     2    -4.0   39.292  115.639    798.8    892.8
     1     1    10     4    18    13     0     1    -5.0   39.085  115.538    717.4    908.9
     1     1    10     4    18    12     0     0    -6.0   38.866  115.512    604.8    928.1
     1     1    10     4    18    11     0     1    -7.0   38.628  115.541    507.7    945.4
     1     1    10     4    18    10     0     2    -8.0   38.382  115.589    451.1    953.1
     1     1    10     4    18     9     0     3    -9.0   38.158  115.643    415.9    956.8
     1     1    10     4    18     8     0     2   -10.0   37.970  115.688    390.1    960.0
     1     1    10     4    18     7     0     1   -11.0   37.811  115.712    371.8    962.5
     1     1    10     4    18     6     0     0   -12.0   37.681  115.716    359.9    964.4
     1     1    10     4    18     5     0     1   -13.0   37.558  115.703    348.6    966.3
     1     1    10     4    18     4     0     2   -14.0   37.421  115.675    334.4    969.4
     1     1    10     4    18     3     0     3   -15.0   37.271  115.638    318.8    972.9
     1     1    10     4    18     2     0     2   -16.0   37.107  115.595    305.1    975.9
     1     1    10     4    18     1     0     1   -17.0   36.926  115.548    294.6    977.7
     1     1    10     4    18     0     0     0   -18.0   36.736  115.497    284.8    978.8
     1     1    10     4    17    23     0     1   -19.0   36.533  115.439    273.0    979.7
     1     1    10     4    17    22     0     2   -20.0   36.314  115.368    255.8    981.4
     1     1    10     4    17    21     0     3   -21.0   36.088  115.283    231.0    983.7
     1     1    10     4    17    20     0     2   -22.0   35.871  115.195    199.7    987.9
     1     1    10     4    17    19     0     1   -23.0   35.670  115.121    166.8    991.8
     1     1    10     4    17    18     0     0   -24.0   35.490  115.070    135.2    995.4
     1     1    10     4    17    17     0     1   -25.0   35.337  115.060    109.9    997.4
     1     1    10     4    17    16     0     2   -26.0   35.208  115.109     93.6    998.2
     1     1    10     4    17    15     0     3   -27.0   35.097  115.220     84.1    999.0
     1     1    10     4    17    14     0     2   -28.0   34.999  115.369     82.2   1000.3
     1     1    10     4    17    13     0     1   -29.0   34.909  115.529     88.9   1001.0
     1     1    10     4    17    12     0     0   -30.0   34.830  115.693    103.6   1000.6
     1     1    10     4    17    11     0     1   -31.0   34.757  115.870    118.7    998.6
     1     1    10     4    17    10     0     2   -32.0   34.690  116.060    125.3    997.7
     1     1    10     4    17     9     0     3   -33.0   34.629  116.259    124.6    996.4
     1     1    10     4    17     8     0     2   -34.0   34.562  116.456    122.0    997.1
     1     1    10     4    17     7     0     1   -35.0   34.480  116.641    120.0    997.5
     1     1    10     4    17     6     0     0   -36.0   34.387  116.816    117.2    998.2
     1     1    10     4    17     5     0     1   -37.0   34.289  116.996    114.3    998.9
     1     1    10     4    17     4     0     2   -38.0   34.188  117.190    111.9   1000.4
     1     1    10     4    17     3     0     3   -39.0   34.084  117.394    110.4   1002.3
     1     1    10     4    17     2     0     2   -40.0   33.983  117.586    110.5   1003.9
     1     1    10     4    17     1     0     1   -41.0   33.883  117.743    112.2   1004.5
     1     1    10     4    17     0     0     0   -42.0   33.780  117.869    115.7   1004.7
     1     1    10     4    16    23     0     1   -43.0   33.670  117.992    120.1   1004.4
     1     1    10     4    16    22     0     2   -44.0   33.550  118.138    123.9   1004.3
     1     1    10     4    16    21     0     3   -45.0   33.421  118.306    127.9   1004.2
     1     1    10     4    16    20     0     2   -46.0   33.278  118.488    132.8   1003.7
     1     1    10     4    16    19     0     1   -47.0   33.119  118.685    137.9   1003.1
     1     1    10     4    16    18     0     0   -48.0   32.946  118.897    141.5   1002.3
     1     1    10     4    16    17     0     1   -49.0   32.773  119.108    145.7   1002.8
     1     1    10     4    16    16     0     2   -50.0   32.610  119.303    153.1   1002.2
     1     1    10     4    16    15     0     3   -51.0   32.450  119.482    162.7   1001.1
     1     1    10     4    16    14     0     2   -52.0   32.278  119.658    172.8    999.0
     1     1    10     4    16    13     0     1   -53.0   32.078  119.850    182.6    996.9
     1     1    10     4    16    12     0     0   -54.0   31.848  120.059    195.3    994.4
     1     1    10     4    16    11     0     1   -55.0   31.620  120.255    210.6    992.5
     1     1    10     4    16    10     0     2   -56.0   31.422  120.423    224.6    991.1
     1     1    10     4    16     9     0     3   -57.0   31.255  120.582    237.5    990.1
     1     1    10     4    16     8     0     2   -58.0   31.121  120.733    247.7    989.4
     1     1    10     4    16     7     0     1   -59.0   31.018  120.865    251.4    989.3
     1     1    10     4    16     6     0     0   -60.0   30.948  120.969    243.6    990.0
     1     1    10     4    16     5     0     1   -61.0   30.895  121.043    233.2    993.0
     1     1    10     4    16     4     0     2   -62.0   30.847  121.089    229.7    993.8
     1     1    10     4    16     3     0     3   -63.0   30.803  121.109    232.6    993.9
     1     1    10     4    16     2     0     2   -64.0   30.760  121.109    241.3    992.4
     1     1    10     4    16     1     0     1   -65.0   30.716  121.097    255.3    990.3
     1     1    10     4    16     0     0     0   -66.0   30.669  121.072    275.4    987.4
     1     1    10     4    15    23     0     1   -67.0   30.623  121.044    297.8    983.0
     1     1    10     4    15    22     0     2   -68.0   30.587  121.020    317.3    979.7
     1     1    10     4    15    21     0     3   -69.0   30.561  121.000    333.3    977.0
     1     1    10     4    15    20     0     2   -70.0   30.533  120.984    350.3    975.6
     1     1    10     4    15    19     0     1   -71.0   30.491  120.971    373.5    972.9
     1     1    10     4    15    18     0     0   -72.0   30.437  120.961    405.1    969.3
     1     1    10     4    15    17     0     1   -73.0   30.390  120.946    437.4    964.2
     1     1    10     4    15    16     0     2   -74.0   30.362  120.922    460.0    961.0
     1     1    10     4    15    15     0     3   -75.0   30.347  120.889    472.0    959.2
     1     1    10     4    15    14     0     2   -76.0   30.345  120.859    476.2    958.8
     1     1    10     4    15    13     0     1   -77.0   30.356  120.843    475.8    958.9
     1     1    10     4    15    12     0     0   -78.0   30.379  120.843    470.6    959.6
     1     1    10     4    15    11     0     1   -79.0   30.408  120.866    457.8    961.0
     1     1    10     4    15    10     0     2   -80.0   30.438  120.923    433.0    964.4
     1     1    10     4    15     9     0     3   -81.0   30.471  121.013    395.5    969.2
     1     1    10     4    15     8     0     2   -82.0   30.515  121.102    353.9    975.6
     1     1    10     4    15     7     0     1   -83.0   30.569  121.160    313.6    981.4
     1     1    10     4    15     6     0     0   -84.0   30.631  121.187    276.1    987.1
     1     1    10     4    15     5     0     1   -85.0   30.709  121.220    241.9    991.9
     1     1    10     4    15     4     0     2   -86.0   30.817  121.296    214.3    996.5
     1     1    10     4    15     3     0     3   -87.0   30.959  121.415    197.4   1000.3
     1     1    10     4    15     2     0     2   -88.0   31.128  121.557    188.5   1001.8
     1     1    10     4    15     1     0     1   -89.0   31.311  121.701    179.7   1003.3
     1     1    10     4    15     0     0     0   -90.0   31.508  121.850    169.6   1004.9
     1     1    10     4    14    23     0     1   -91.0   31.714  122.014    158.6   1005.2
     1     1    10     4    14    22     0     2   -92.0   31.929  122.195    149.7   1006.1
     1     1    10     4    14    21     0     3   -93.0   32.159  122.384    146.2   1006.8
     1     1    10     4    14    20     0     2   -94.0   32.393  122.571    146.5   1007.8
     1     1    10     4    14    19     0     1   -95.0   32.622  122.751    149.8   1008.4
     1     1    10     4    14    18     0     0   -96.0   32.852  122.925    159.2   1007.9
