     5     1
    GDAS    10     3     1     0     0
    GDAS    10     3     8     0     0
    GDAS    10     3    15     0     0
    GDAS    10     3    22     0     0
    GDAS    10     3    29     0     0
     1 BACKWARD OMEGA   
    10     3    31     0   39.977  116.381  1200.0
     1 PRESSURE
     1     1    10     3    31     0     0     0     0.0   39.977  116.381    964.6    876.8
     1     1    10     3    30    23     0     1    -1.0   39.930  116.136    951.9    870.2
     1     1    10     3    30    22     0     2    -2.0   39.900  115.904    943.8    860.2
     1     1    10     3    30    21     0     3    -3.0   39.897  115.664    956.2    839.8
     1     1    10     3    30    20     0     2    -4.0   39.920  115.381    984.9    811.0
     1     1    10     3    30    19     0     1    -5.0   39.970  115.027   1024.8    774.5
     1     1    10     3    30    18     0     0    -6.0   40.048  114.589   1082.7    764.1
     1     1    10     3    30    17     0     1    -7.0   40.110  114.089   1117.8    761.5
     1     1    10     3    30    16     0     2    -8.0   40.148  113.558   1130.9    756.6
     1     1    10     3    30    15     0     3    -9.0   40.174  113.027   1162.6    748.9
     1     1    10     3    30    14     0     2   -10.0   40.201  112.502   1198.2    734.9
     1     1    10     3    30    13     0     1   -11.0   40.225  111.994   1186.1    728.7
     1     1    10     3    30    12     0     0   -12.0   40.252  111.525   1127.7    745.4
     1     1    10     3    30    11     0     1   -13.0   40.269  111.112   1047.2    763.8
     1     1    10     3    30    10     0     2   -14.0   40.272  110.731    977.1    770.5
     1     1    10     3    30     9     0     3   -15.0   40.261  110.356    938.3    770.0
     1     1    10     3    30     8     0     2   -16.0   40.245  109.972    921.6    766.3
     1     1    10     3    30     7     0     1   -17.0   40.226  109.574    903.8    770.4
     1     1    10     3    30     6     0     0   -18.0   40.198  109.170    878.4    776.2
     1     1    10     3    30     5     0     1   -19.0   40.170  108.759    854.5    780.5
     1     1    10     3    30     4     0     2   -20.0   40.153  108.341    844.1    783.6
     1     1    10     3    30     3     0     3   -21.0   40.146  107.917    854.6    783.8
     1     1    10     3    30     2     0     2   -22.0   40.149  107.498    886.5    781.6
     1     1    10     3    30     1     0     1   -23.0   40.166  107.090    940.7    776.7
     1     1    10     3    30     0     0     0   -24.0   40.205  106.695   1004.0    772.6
     1     1    10     3    29    23     0     1   -25.0   40.255  106.304   1043.4    770.8
     1     1    10     3    29    22     0     2   -26.0   40.313  105.898   1044.8    771.3
     1     1    10     3    29    21     0     3   -27.0   40.399  105.465   1043.4    767.4
     1     1    10     3    29    20     0     2   -28.0   40.512  104.999   1061.2    764.3
     1     1    10     3    29    19     0     1   -29.0   40.634  104.497   1078.4    761.3
     1     1    10     3    29    18     0     0   -30.0   40.758  103.955   1089.0    759.5
     1     1    10     3    29    17     0     1   -31.0   40.873  103.377   1091.0    760.2
     1     1    10     3    29    16     0     2   -32.0   40.955  102.792   1072.7    764.7
     1     1    10     3    29    15     0     3   -33.0   41.003  102.259   1020.4    776.9
     1     1    10     3    29    14     0     2   -34.0   41.034  101.813    925.9    792.6
     1     1    10     3    29    13     0     1   -35.0   41.075  101.449    802.4    811.3
     1     1    10     3    29    12     0     0   -36.0   41.138  101.164    678.7    829.9
     1     1    10     3    29    11     0     1   -37.0   41.224  100.892    581.3    842.4
     1     1    10     3    29    10     0     2   -38.0   41.337  100.562    515.0    846.4
     1     1    10     3    29     9     0     3   -39.0   41.476  100.170    485.4    848.9
     1     1    10     3    29     8     0     2   -40.0   41.638   99.716    492.4    842.6
     1     1    10     3    29     7     0     1   -41.0   41.810   99.183    533.1    828.8
     1     1    10     3    29     6     0     0   -42.0   41.988   98.574    599.9    808.8
     1     1    10     3    29     5     0     1   -43.0   42.173   97.921    666.4    784.1
     1     1    10     3    29     4     0     2   -44.0   42.357   97.230    765.8    763.9
     1     1    10     3    29     3     0     3   -45.0   42.531   96.522    916.0    749.9
     1     1    10     3    29     2     0     2   -46.0   42.674   95.882   1050.1    745.9
     1     1    10     3    29     1     0     1   -47.0   42.756   95.394   1099.7    725.3
     1     1    10     3    29     0     0     0   -48.0   42.776   95.064   1054.7    714.6
     1     1    10     3    28    23     0     1   -49.0   42.760   94.832    971.6    724.6
     1     1    10     3    28    22     0     2   -50.0   42.731   94.644    885.9    733.9
     1     1    10     3    28    21     0     3   -51.0   42.702   94.482    792.4    745.2
     1     1    10     3    28    20     0     2   -52.0   42.675   94.341    690.8    757.3
     1     1    10     3    28    19     0     1   -53.0   42.656   94.212    600.9    770.7
     1     1    10     3    28    18     0     0   -54.0   42.640   94.082    528.8    780.1
     1     1    10     3    28    17     0     1   -55.0   42.641   93.963    510.9    789.2
     1     1    10     3    28    16     0     2   -56.0   42.667   93.881    532.9    791.6
     1     1    10     3    28    15     0     3   -57.0   42.714   93.830    570.5    785.7
     1     1    10     3    28    14     0     2   -58.0   42.772   93.809    613.3    777.1
     1     1    10     3    28    13     0     1   -59.0   42.823   93.826    656.2    765.4
     1     1    10     3    28    12     0     0   -60.0   42.848   93.880    691.6    752.1
     1     1    10     3    28    11     0     1   -61.0   42.842   93.933    694.6    743.2
     1     1    10     3    28    10     0     2   -62.0   42.843   93.952    710.4    739.7
     1     1    10     3    28     9     0     3   -63.0   42.859   93.942    746.4    736.4
     1     1    10     3    28     8     0     2   -64.0   42.864   93.926    728.7    733.1
     1     1    10     3    28     7     0     1   -65.0   42.863   93.916    647.7    744.1
     1     1    10     3    28     6     0     0   -66.0   42.854   93.906    498.3    760.0
     1     1    10     3    28     5     0     1   -67.0   42.841   93.888    350.8    785.5
     1     1    10     3    28     4     0     2   -68.0   42.819   93.871    248.7    797.9
     1     1    10     3    28     3     0     3   -69.0   42.779   93.870    172.1    808.2
     1     1    10     3    28     2     0     2   -70.0   42.738   93.881    116.9    816.9
     1     1    10     3    28     1     0     1   -71.0   42.712   93.886     78.6    823.1
     1     1    10     3    28     0     0     0   -72.0   42.700   93.888     53.2    827.5
     1     1    10     3    27    23     0     1   -73.0   42.703   93.891     37.3    827.9
     1     1    10     3    27    22     0     2   -74.0   42.723   93.900     27.8    825.5
     1     1    10     3    27    21     0     3   -75.0   42.761   93.912     22.9    820.6
     1     1    10     3    27    20     0     2   -76.0   42.796   93.922     21.2    815.7
     1     1    10     3    27    19     0     1   -77.0   42.812   93.929     19.6    813.2
     1     1    10     3    27    18     0     0   -78.0   42.808   93.935     17.5    813.1
     1     1    10     3    27    17     0     1   -79.0   42.797   93.943     15.4    814.7
     1     1    10     3    27    16     0     2   -80.0   42.792   93.948     13.0    815.8
     1     1    10     3    27    15     0     3   -81.0   42.795   93.951     10.3    816.6
     1     1    10     3    27    14     0     2   -82.0   42.797   93.943      6.5    817.4
     1     1    10     3    27    13     0     1   -83.0   42.791   93.919      0.0    820.9
     1     1    10     3    27    12     0     0   -84.0   42.779   93.878      0.0    826.9
     1     1    10     3    27    11     0     1   -85.0   42.772   93.827      0.0    833.7
     1     1    10     3    27    10     0     2   -86.0   42.775   93.775      0.0    839.6
     1     1    10     3    27     9     0     3   -87.0   42.786   93.720      0.0    845.1
     1     1    10     3    27     8     0     2   -88.0   42.797   93.665      0.0    851.5
     1     1    10     3    27     7     0     1   -89.0   42.800   93.611      0.0    858.4
     1     1    10     3    27     6     0     0   -90.0   42.798   93.563      0.0    865.1
     1     1    10     3    27     5     0     1   -91.0   42.791   93.529      0.0    869.6
     1     1    10     3    27     4     0     2   -92.0   42.778   93.520      0.0    871.3
     1     1    10     3    27     3     0     3   -93.0   42.758   93.535      0.0    870.5
     1     1    10     3    27     2     0     2   -94.0   42.734   93.568      1.1    868.1
     1     1    10     3    27     1     0     1   -95.0   42.713   93.612      2.7    864.4
     1     1    10     3    27     0     0     0   -96.0   42.694   93.668      5.0    859.6
