     7     1
    GDAS    10     3    22     0     0
    GDAS    10     4     8     0     0
    GDAS    10     4    15     0     0
    GDAS    10     4    22     0     0
    GDAS    10     4    29     0     0
    GDAS    10     4     1     0     0
    GDAS    10     3    29     0     0
     1 BACKWARD OMEGA   
    10     4    14    12   39.977  116.381  6000.0
     1 PRESSURE
     1     1    10     4    14    12     0     0     0.0   39.977  116.381   5759.7    466.9
     1     1    10     4    14    11     0     1    -1.0   40.356  115.505   5718.3    425.5
     1     1    10     4    14    10     0     2    -2.0   40.737  114.490   5876.1    391.5
     1     1    10     4    14     9     0     3    -3.0   41.176  113.425   5962.5    377.8
     1     1    10     4    14     8     0     2    -4.0   41.570  112.317   6076.3    371.4
     1     1    10     4    14     7     0     1    -5.0   41.948  111.231   6242.4    372.0
     1     1    10     4    14     6     0     0    -6.0   42.344  110.153   6354.3    369.1
     1     1    10     4    14     5     0     1    -7.0   42.678  109.062   6441.4    364.5
     1     1    10     4    14     4     0     2    -8.0   42.954  107.999   6631.8    370.7
     1     1    10     4    14     3     0     3    -9.0   43.213  106.981   6706.8    356.7
     1     1    10     4    14     2     0     2   -10.0   43.450  105.965   6745.3    344.0
     1     1    10     4    14     1     0     1   -11.0   43.667  104.932   6754.8    336.8
     1     1    10     4    14     0     0     0   -12.0   43.884  103.886   6786.3    337.3
     1     1    10     4    13    23     0     1   -13.0   44.072  102.838   6769.1    334.3
     1     1    10     4    13    22     0     2   -14.0   44.235  101.828   6867.9    341.6
     1     1    10     4    13    21     0     3   -15.0   44.382  100.829   6888.9    339.0
     1     1    10     4    13    20     0     2   -16.0   44.498   99.832   6858.6    329.1
     1     1    10     4    13    19     0     1   -17.0   44.595   98.814   6849.1    317.8
     1     1    10     4    13    18     0     0   -18.0   44.660   97.745   6900.8    309.8
     1     1    10     4    13    17     0     1   -19.0   44.690   96.669   7049.8    319.8
     1     1    10     4    13    16     0     2   -20.0   44.711   95.615   7064.6    324.5
     1     1    10     4    13    15     0     3   -21.0   44.721   94.557   7063.5    327.4
     1     1    10     4    13    14     0     2   -22.0   44.720   93.534   7010.6    331.6
     1     1    10     4    13    13     0     1   -23.0   44.709   92.514   6966.2    333.0
     1     1    10     4    13    12     0     0   -24.0   44.669   91.466   6981.5    335.9
     1     1    10     4    13    11     0     1   -25.0   44.585   90.420   7019.4    344.2
     1     1    10     4    13    10     0     2   -26.0   44.483   89.377   6959.5    349.6
     1     1    10     4    13     9     0     3   -27.0   44.363   88.321   6723.1    359.6
     1     1    10     4    13     8     0     2   -28.0   44.235   87.331   6490.8    394.7
     1     1    10     4    13     7     0     1   -29.0   44.112   86.418   6071.1    406.6
     1     1    10     4    13     6     0     0   -30.0   43.922   85.440   5390.1    394.1
     1     1    10     4    13     5     0     1   -31.0   43.685   84.413   4806.7    386.8
     1     1    10     4    13     4     0     2   -32.0   43.473   83.464   4461.5    408.1
     1     1    10     4    13     3     0     3   -33.0   43.237   82.616   4295.2    427.6
     1     1    10     4    13     2     0     2   -34.0   42.990   81.836   4344.2    433.9
     1     1    10     4    13     1     0     1   -35.0   42.815   81.065   4140.7    441.7
     1     1    10     4    13     0     0     0   -36.0   42.728   80.353   3695.6    453.3
     1     1    10     4    12    23     0     1   -37.0   42.695   79.702   3377.2    472.4
     1     1    10     4    12    22     0     2   -38.0   42.715   79.048   3228.4    492.2
     1     1    10     4    12    21     0     3   -39.0   42.768   78.366   3008.1    485.9
     1     1    10     4    12    20     0     2   -40.0   42.765   77.682   2654.1    499.8
     1     1    10     4    12    19     0     1   -41.0   42.689   77.015   2294.6    533.2
     1     1    10     4    12    18     0     0   -42.0   42.579   76.343   2128.0    584.4
     1     1    10     4    12    17     0     1   -43.0   42.464   75.629   2111.1    593.2
     1     1    10     4    12    16     0     2   -44.0   42.342   74.891   2057.9    592.8
     1     1    10     4    12    15     0     3   -45.0   42.188   74.138   1888.8    596.6
     1     1    10     4    12    14     0     2   -46.0   42.023   73.439   1640.3    602.5
     1     1    10     4    12    13     0     1   -47.0   41.893   72.848   1397.6    640.9
     1     1    10     4    12    12     0     0   -48.0   41.795   72.336   1183.5    675.1
     1     1    10     4    12    11     0     1   -49.0   41.711   71.903   1050.4    703.1
     1     1    10     4    12    10     0     2   -50.0   41.638   71.523   1019.0    700.4
     1     1    10     4    12     9     0     3   -51.0   41.576   71.113   1101.7    679.1
     1     1    10     4    12     8     0     2   -52.0   41.507   70.662   1249.5    683.6
     1     1    10     4    12     7     0     1   -53.0   41.453   70.220   1385.7    695.0
     1     1    10     4    12     6     0     0   -54.0   41.438   69.812   1477.0    717.1
     1     1    10     4    12     5     0     1   -55.0   41.455   69.439   1489.1    757.7
     1     1    10     4    12     4     0     2   -56.0   41.512   69.096   1381.5    809.8
     1     1    10     4    12     3     0     3   -57.0   41.600   68.766   1216.3    846.0
     1     1    10     4    12     2     0     2   -58.0   41.682   68.433   1108.3    862.3
     1     1    10     4    12     1     0     1   -59.0   41.748   68.074   1074.7    867.1
     1     1    10     4    12     0     0     0   -60.0   41.808   67.665   1068.5    865.9
     1     1    10     4    11    23     0     1   -61.0   41.866   67.227   1038.7    871.0
     1     1    10     4    11    22     0     2   -62.0   41.926   66.767    997.9    877.6
     1     1    10     4    11    21     0     3   -63.0   41.994   66.296   1002.9    879.1
     1     1    10     4    11    20     0     2   -64.0   42.065   65.847   1060.5    869.1
     1     1    10     4    11    19     0     1   -65.0   42.142   65.436   1117.4    861.5
     1     1    10     4    11    18     0     0   -66.0   42.234   65.039   1157.9    858.0
     1     1    10     4    11    17     0     1   -67.0   42.342   64.632   1207.1    855.1
     1     1    10     4    11    16     0     2   -68.0   42.453   64.203   1284.1    846.8
     1     1    10     4    11    15     0     3   -69.0   42.561   63.764   1383.6    837.9
     1     1    10     4    11    14     0     2   -70.0   42.660   63.328   1478.4    830.0
     1     1    10     4    11    13     0     1   -71.0   42.752   62.904   1547.7    825.1
     1     1    10     4    11    12     0     0   -72.0   42.847   62.490   1590.1    822.0
     1     1    10     4    11    11     0     1   -73.0   42.945   62.075   1615.0    823.6
     1     1    10     4    11    10     0     2   -74.0   43.044   61.653   1642.7    824.0
     1     1    10     4    11     9     0     3   -75.0   43.142   61.233   1683.6    820.9
     1     1    10     4    11     8     0     2   -76.0   43.239   60.813   1727.6    815.9
     1     1    10     4    11     7     0     1   -77.0   43.339   60.392   1765.9    811.5
     1     1    10     4    11     6     0     0   -78.0   43.450   59.969   1803.0    807.9
     1     1    10     4    11     5     0     1   -79.0   43.560   59.553   1836.7    803.6
     1     1    10     4    11     4     0     2   -80.0   43.659   59.148   1854.2    801.0
     1     1    10     4    11     3     0     3   -81.0   43.761   58.756   1846.2    799.8
     1     1    10     4    11     2     0     2   -82.0   43.865   58.378   1826.0    800.4
     1     1    10     4    11     1     0     1   -83.0   43.963   58.003   1816.8    799.3
     1     1    10     4    11     0     0     0   -84.0   44.055   57.629   1823.0    796.7
     1     1    10     4    10    23     0     1   -85.0   44.142   57.274   1833.2    793.9
     1     1    10     4    10    22     0     2   -86.0   44.220   56.956   1838.7    792.6
     1     1    10     4    10    21     0     3   -87.0   44.283   56.670   1845.7    793.6
     1     1    10     4    10    20     0     2   -88.0   44.335   56.397   1862.6    793.2
     1     1    10     4    10    19     0     1   -89.0   44.380   56.129   1890.6    791.6
     1     1    10     4    10    18     0     0   -90.0   44.411   55.867   1924.1    787.9
     1     1    10     4    10    17     0     1   -91.0   44.420   55.604   1951.9    783.3
     1     1    10     4    10    16     0     2   -92.0   44.406   55.330   1964.6    780.4
     1     1    10     4    10    15     0     3   -93.0   44.377   55.057   1953.5    779.4
     1     1    10     4    10    14     0     2   -94.0   44.340   54.791   1927.6    783.4
     1     1    10     4    10    13     0     1   -95.0   44.297   54.532   1905.2    786.6
     1     1    10     4    10    12     0     0   -96.0   44.251   54.274   1893.5    788.4
