     7     1
    GDAS    10     3    22     0     0
    GDAS    10     4     8     0     0
    GDAS    10     4    15     0     0
    GDAS    10     4    22     0     0
    GDAS    10     4    29     0     0
    GDAS    10     4     1     0     0
    GDAS    10     3    29     0     0
     1 BACKWARD OMEGA   
    10     4    11     6   39.977  116.381  7200.0
     1 PRESSURE
     1     1    10     4    11     6     0     0     0.0   39.977  116.381   6954.0    396.4
     1     1    10     4    11     5     0     1    -1.0   39.888  114.208   6858.1    352.8
     1     1    10     4    11     4     0     2    -2.0   39.773  111.987   6964.3    331.8
     1     1    10     4    11     3     0     3    -3.0   39.773  109.696   7208.8    327.2
     1     1    10     4    11     2     0     2    -4.0   39.868  107.363   7516.0    312.7
     1     1    10     4    11     1     0     1    -5.0   40.121  104.906   7693.7    299.1
     1     1    10     4    11     0     0     0    -6.0   40.509  102.348   7895.8    293.9
     1     1    10     4    10    23     0     1    -7.0   40.973   99.639   7898.4    291.7
     1     1    10     4    10    22     0     2    -8.0   41.426   96.902   7479.0    287.4
     1     1    10     4    10    21     0     3    -9.0   41.876   94.261   7464.9    322.7
     1     1    10     4    10    20     0     2   -10.0   42.339   91.739   7387.2    337.9
     1     1    10     4    10    19     0     1   -11.0   42.936   89.328   7492.9    353.3
     1     1    10     4    10    18     0     0   -12.0   43.676   87.018   7066.0    325.4
     1     1    10     4    10    17     0     1   -13.0   44.475   84.574   7256.7    317.4
     1     1    10     4    10    16     0     2   -14.0   45.284   82.321   7528.7    338.2
     1     1    10     4    10    15     0     3   -15.0   46.105   80.175   7634.3    345.5
     1     1    10     4    10    14     0     2   -16.0   46.986   78.147   7730.0    338.6
     1     1    10     4    10    13     0     1   -17.0   47.820   76.128   7838.7    330.3
     1     1    10     4    10    12     0     0   -18.0   48.569   74.107   7924.1    317.6
     1     1    10     4    10    11     0     1   -19.0   49.297   72.215   8192.4    317.2
     1     1    10     4    10    10     0     2   -20.0   49.832   70.468   8357.4    316.5
     1     1    10     4    10     9     0     3   -21.0   50.174   68.885   8437.1    315.2
     1     1    10     4    10     8     0     2   -22.0   50.423   67.394   8435.5    316.1
     1     1    10     4    10     7     0     1   -23.0   50.572   65.985   8448.5    319.8
     1     1    10     4    10     6     0     0   -24.0   50.596   64.686   8457.7    324.3
     1     1    10     4    10     5     0     1   -25.0   50.507   63.464   8423.7    324.5
     1     1    10     4    10     4     0     2   -26.0   50.353   62.329   8325.8    328.6
     1     1    10     4    10     3     0     3   -27.0   50.170   61.340   8166.0    335.6
     1     1    10     4    10     2     0     2   -28.0   49.945   60.477   8015.5    343.1
     1     1    10     4    10     1     0     1   -29.0   49.663   59.703   7850.0    350.7
     1     1    10     4    10     0     0     0   -30.0   49.336   58.981   7623.4    358.7
     1     1    10     4     9    23     0     1   -31.0   48.962   58.314   7395.9    370.5
     1     1    10     4     9    22     0     2   -32.0   48.523   57.763   7089.2    387.8
     1     1    10     4     9    21     0     3   -33.0   47.982   57.308   6482.9    415.4
     1     1    10     4     9    20     0     2   -34.0   47.425   57.034   5590.3    486.5
     1     1    10     4     9    19     0     1   -35.0   46.917   56.901   4679.3    565.8
     1     1    10     4     9    18     0     0   -36.0   46.426   56.894   3831.4    627.0
     1     1    10     4     9    17     0     1   -37.0   45.926   57.086   3094.7    696.9
     1     1    10     4     9    16     0     2   -38.0   45.504   57.333   2617.5    739.2
     1     1    10     4     9    15     0     3   -39.0   45.162   57.585   2375.0    757.4
     1     1    10     4     9    14     0     2   -40.0   44.855   57.821   2310.7    761.3
     1     1    10     4     9    13     0     1   -41.0   44.582   58.023   2348.0    755.2
     1     1    10     4     9    12     0     0   -42.0   44.348   58.216   2433.0    748.3
     1     1    10     4     9    11     0     1   -43.0   44.138   58.384   2533.0    739.6
     1     1    10     4     9    10     0     2   -44.0   43.926   58.491   2614.2    732.1
     1     1    10     4     9     9     0     3   -45.0   43.704   58.562   2631.8    729.1
     1     1    10     4     9     8     0     2   -46.0   43.485   58.629   2582.6    736.2
     1     1    10     4     9     7     0     1   -47.0   43.285   58.698   2506.0    745.1
     1     1    10     4     9     6     0     0   -48.0   43.107   58.769   2419.5    754.5
     1     1    10     4     9     5     0     1   -49.0   42.955   58.835   2321.9    763.5
     1     1    10     4     9     4     0     2   -50.0   42.829   58.886   2213.3    774.7
     1     1    10     4     9     3     0     3   -51.0   42.724   58.910   2105.4    785.3
     1     1    10     4     9     2     0     2   -52.0   42.624   58.898   2012.8    795.2
     1     1    10     4     9     1     0     1   -53.0   42.516   58.841   1945.0    801.6
     1     1    10     4     9     0     0     0   -54.0   42.402   58.739   1902.4    805.7
     1     1    10     4     8    23     0     1   -55.0   42.264   58.601   1882.0    807.3
     1     1    10     4     8    22     0     2   -56.0   42.084   58.445   1881.3    807.9
     1     1    10     4     8    21     0     3   -57.0   41.864   58.274   1901.4    805.9
     1     1    10     4     8    20     0     2   -58.0   41.629   58.116   1932.6    801.4
     1     1    10     4     8    19     0     1   -59.0   41.396   57.996   1948.1    797.8
     1     1    10     4     8    18     0     0   -60.0   41.168   57.914   1918.8    799.3
     1     1    10     4     8    17     0     1   -61.0   40.948   57.880   1845.1    807.7
     1     1    10     4     8    16     0     2   -62.0   40.734   57.896   1758.0    818.1
     1     1    10     4     8    15     0     3   -63.0   40.517   57.957   1680.2    826.4
     1     1    10     4     8    14     0     2   -64.0   40.290   58.041   1619.5    833.4
     1     1    10     4     8    13     0     1   -65.0   40.055   58.130   1577.8    837.4
     1     1    10     4     8    12     0     0   -66.0   39.824   58.228   1547.3    839.3
     1     1    10     4     8    11     0     1   -67.0   39.593   58.323   1527.8    840.8
     1     1    10     4     8    10     0     2   -68.0   39.359   58.394   1524.0    840.1
     1     1    10     4     8     9     0     3   -69.0   39.123   58.431   1535.0    838.4
     1     1    10     4     8     8     0     2   -70.0   38.897   58.456   1552.5    831.1
     1     1    10     4     8     7     0     1   -71.0   38.686   58.499   1572.9    820.9
     1     1    10     4     8     6     0     0   -72.0   38.483   58.556   1614.0    811.2
     1     1    10     4     8     5     0     1   -73.0   38.306   58.599   1660.5    799.8
     1     1    10     4     8     4     0     2   -74.0   38.170   58.615   1677.5    793.8
     1     1    10     4     8     3     0     3   -75.0   38.070   58.614   1652.0    792.3
     1     1    10     4     8     2     0     2   -76.0   37.982   58.607   1618.5    794.5
     1     1    10     4     8     1     0     1   -77.0   37.891   58.581   1612.7    783.0
     1     1    10     4     8     0     0     0   -78.0   37.794   58.519   1636.3    766.8
     1     1    10     4     7    23     0     1   -79.0   37.693   58.417   1672.6    747.5
     1     1    10     4     7    22     0     2   -80.0   37.586   58.282   1700.8    730.3
     1     1    10     4     7    21     0     3   -81.0   37.462   58.118   1707.7    715.5
     1     1    10     4     7    20     0     2   -82.0   37.326   57.934   1700.4    707.1
     1     1    10     4     7    19     0     1   -83.0   37.184   57.747   1703.2    701.1
     1     1    10     4     7    18     0     0   -84.0   37.031   57.571   1730.5    694.3
     1     1    10     4     7    17     0     1   -85.0   36.881   57.417   1777.5    692.2
     1     1    10     4     7    16     0     2   -86.0   36.755   57.287   1821.1    692.9
     1     1    10     4     7    15     0     3   -87.0   36.657   57.175   1858.3    693.7
     1     1    10     4     7    14     0     2   -88.0   36.585   57.074   1894.8    694.2
     1     1    10     4     7    13     0     1   -89.0   36.533   56.977   1937.2    693.4
     1     1    10     4     7    12     0     0   -90.0   36.494   56.881   1979.3    690.3
     1     1    10     4     7    11     0     1   -91.0   36.464   56.784   2007.0    688.5
     1     1    10     4     7    10     0     2   -92.0   36.443   56.682   2020.3    688.8
     1     1    10     4     7     9     0     3   -93.0   36.431   56.573   2032.8    689.0
     1     1    10     4     7     8     0     2   -94.0   36.436   56.451   2052.0    687.6
     1     1    10     4     7     7     0     1   -95.0   36.468   56.309   2077.9    685.2
     1     1    10     4     7     6     0     0   -96.0   36.526   56.142   2114.2    682.1
