     7     1
    GDAS    10     3    22     0     0
    GDAS    10     4     8     0     0
    GDAS    10     4    15     0     0
    GDAS    10     4    22     0     0
    GDAS    10     4    29     0     0
    GDAS    10     4     1     0     0
    GDAS    10     3    29     0     0
     1 BACKWARD OMEGA   
    10     4    21    12   39.977  116.381  3800.0
     1 PRESSURE
     1     1    10     4    21    12     0     0     0.0   39.977  116.381   3564.0    633.8
     1     1    10     4    21    11     0     1    -1.0   40.063  116.034   3400.7    627.3
     1     1    10     4    21    10     0     2    -2.0   40.140  115.617   3149.7    623.3
     1     1    10     4    21     9     0     3    -3.0   40.210  115.110   2925.1    610.2
     1     1    10     4    21     8     0     2    -4.0   40.268  114.545   2805.6    615.1
     1     1    10     4    21     7     0     1    -5.0   40.289  114.001   2707.8    620.7
     1     1    10     4    21     6     0     0    -6.0   40.264  113.477   2586.0    628.5
     1     1    10     4    21     5     0     1    -7.0   40.233  112.984   2500.2    631.2
     1     1    10     4    21     4     0     2    -8.0   40.230  112.530   2417.5    631.1
     1     1    10     4    21     3     0     3    -9.0   40.264  112.108   2326.2    635.9
     1     1    10     4    21     2     0     2   -10.0   40.324  111.693   2211.9    645.2
     1     1    10     4    21     1     0     1   -11.0   40.404  111.273   2056.5    666.2
     1     1    10     4    21     0     0     0   -12.0   40.509  110.860   1927.6    678.1
     1     1    10     4    20    23     0     1   -13.0   40.614  110.505   1830.9    678.1
     1     1    10     4    20    22     0     2   -14.0   40.682  110.255   1687.8    685.0
     1     1    10     4    20    21     0     3   -15.0   40.714  110.093   1461.3    703.1
     1     1    10     4    20    20     0     2   -16.0   40.720  110.011   1260.9    731.9
     1     1    10     4    20    19     0     1   -17.0   40.704  109.999   1159.3    740.7
     1     1    10     4    20    18     0     0   -18.0   40.663  110.054   1129.7    743.9
     1     1    10     4    20    17     0     1   -19.0   40.594  110.170   1097.2    743.5
     1     1    10     4    20    16     0     2   -20.0   40.516  110.355   1010.4    754.8
     1     1    10     4    20    15     0     3   -21.0   40.441  110.618    878.0    772.6
     1     1    10     4    20    14     0     2   -22.0   40.391  110.939    732.5    794.2
     1     1    10     4    20    13     0     1   -23.0   40.371  111.282    629.1    804.6
     1     1    10     4    20    12     0     0   -24.0   40.361  111.637    592.3    801.1
     1     1    10     4    20    11     0     1   -25.0   40.333  111.978    595.7    792.3
     1     1    10     4    20    10     0     2   -26.0   40.280  112.259    586.6    793.0
     1     1    10     4    20     9     0     3   -27.0   40.206  112.479    548.0    801.4
     1     1    10     4    20     8     0     2   -28.0   40.122  112.660    496.6    811.8
     1     1    10     4    20     7     0     1   -29.0   40.046  112.819    435.9    822.5
     1     1    10     4    20     6     0     0   -30.0   39.982  112.963    364.9    833.3
     1     1    10     4    20     5     0     1   -31.0   39.934  113.097    288.0    842.7
     1     1    10     4    20     4     0     2   -32.0   39.905  113.221    217.0    851.9
     1     1    10     4    20     3     0     3   -33.0   39.899  113.333    161.8    859.5
     1     1    10     4    20     2     0     2   -34.0   39.889  113.415    126.5    863.9
     1     1    10     4    20     1     0     1   -35.0   39.843  113.448    106.7    865.2
     1     1    10     4    20     0     0     0   -36.0   39.765  113.440     96.5    865.3
     1     1    10     4    19    23     0     1   -37.0   39.667  113.419     88.2    864.1
     1     1    10     4    19    22     0     2   -38.0   39.560  113.407     76.7    864.1
     1     1    10     4    19    21     0     3   -39.0   39.452  113.407     63.7    864.6
     1     1    10     4    19    20     0     2   -40.0   39.349  113.416     51.8    866.2
     1     1    10     4    19    19     0     1   -41.0   39.256  113.427     41.3    866.9
     1     1    10     4    19    18     0     0   -42.0   39.168  113.441     31.4    867.9
     1     1    10     4    19    17     0     1   -43.0   39.081  113.467     22.3    868.6
     1     1    10     4    19    16     0     2   -44.0   38.994  113.513     14.9    870.2
     1     1    10     4    19    15     0     3   -45.0   38.909  113.573      9.6    876.1
     1     1    10     4    19    14     0     2   -46.0   38.833  113.632      5.9    881.4
     1     1    10     4    19    13     0     1   -47.0   38.767  113.678      3.0    886.2
     1     1    10     4    19    12     0     0   -48.0   38.708  113.711      0.8    890.4
     1     1    10     4    19    11     0     1   -49.0   38.651  113.741      0.0    893.6
     1     1    10     4    19    10     0     2   -50.0   38.597  113.776      0.0    897.1
     1     1    10     4    19     9     0     3   -51.0   38.545  113.815      0.0    900.8
     1     1    10     4    19     8     0     2   -52.0   38.506  113.860      0.0    905.5
     1     1    10     4    19     7     0     1   -53.0   38.483  113.918      0.0    909.6
     1     1    10     4    19     6     0     0   -54.0   38.476  113.988      0.0    913.3
     1     1    10     4    19     5     0     1   -55.0   38.484  114.066      0.0    919.1
     1     1    10     4    19     4     0     2   -56.0   38.508  114.150      0.0    925.1
     1     1    10     4    19     3     0     3   -57.0   38.549  114.243      0.0    931.1
     1     1    10     4    19     2     0     2   -58.0   38.603  114.343      0.0    937.3
     1     1    10     4    19     1     0     1   -59.0   38.668  114.448      0.0    943.9
     1     1    10     4    19     0     0     0   -60.0   38.747  114.559      0.0    950.8
     1     1    10     4    18    23     0     1   -61.0   38.830  114.663      3.1    956.8
     1     1    10     4    18    22     0     2   -62.0   38.906  114.751      8.8    961.9
     1     1    10     4    18    21     0     3   -63.0   38.977  114.826     22.2    964.7
     1     1    10     4    18    20     0     2   -64.0   39.051  114.904     57.0    961.9
     1     1    10     4    18    19     0     1   -65.0   39.107  114.980     85.7    956.8
     1     1    10     4    18    18     0     0   -66.0   39.128  115.038     89.2    957.2
     1     1    10     4    18    17     0     1   -67.0   39.128  115.090     78.0    961.7
     1     1    10     4    18    16     0     2   -68.0   39.117  115.155     58.3    968.1
     1     1    10     4    18    15     0     3   -69.0   39.102  115.229     34.3    976.0
     1     1    10     4    18    14     0     2   -70.0   39.080  115.300     18.4    983.8
     1     1    10     4    18    13     0     1   -71.0   39.050  115.370      5.8    987.7
     1     1    10     4    18    12     0     0   -72.0   39.010  115.444      0.0    992.1
     1     1    10     4    18    11     0     1   -73.0   38.957  115.521      0.0    995.5
     1     1    10     4    18    10     0     2   -74.0   38.887  115.593      0.0    997.9
     1     1    10     4    18     9     0     3   -75.0   38.807  115.655      0.0    999.8
     1     1    10     4    18     8     0     2   -76.0   38.723  115.703      0.0   1001.2
     1     1    10     4    18     7     0     1   -77.0   38.643  115.737      0.0   1002.0
     1     1    10     4    18     6     0     0   -78.0   38.570  115.756      0.0   1002.5
     1     1    10     4    18     5     0     1   -79.0   38.505  115.765      0.0   1003.7
     1     1    10     4    18     4     0     2   -80.0   38.447  115.766      0.0   1004.8
     1     1    10     4    18     3     0     3   -81.0   38.393  115.758      0.0   1005.8
     1     1    10     4    18     2     0     2   -82.0   38.340  115.744      0.0   1006.3
     1     1    10     4    18     1     0     1   -83.0   38.286  115.730      0.0   1007.0
     1     1    10     4    18     0     0     0   -84.0   38.230  115.717      0.7   1007.7
     1     1    10     4    17    23     0     1   -85.0   38.170  115.707      1.9   1007.9
     1     1    10     4    17    22     0     2   -86.0   38.105  115.702      3.1   1008.0
     1     1    10     4    17    21     0     3   -87.0   38.031  115.701      4.4   1008.1
     1     1    10     4    17    20     0     2   -88.0   37.949  115.696      5.1   1008.6
     1     1    10     4    17    19     0     1   -89.0   37.858  115.682      5.1   1009.3
     1     1    10     4    17    18     0     0   -90.0   37.762  115.659      4.4   1010.2
     1     1    10     4    17    17     0     1   -91.0   37.657  115.637      3.8   1011.0
     1     1    10     4    17    16     0     2   -92.0   37.542  115.620      3.5   1011.8
     1     1    10     4    17    15     0     3   -93.0   37.418  115.610      3.5   1012.5
     1     1    10     4    17    14     0     2   -94.0   37.293  115.603      3.6   1013.1
     1     1    10     4    17    13     0     1   -95.0   37.175  115.599      4.1   1013.5
     1     1    10     4    17    12     0     0   -96.0   37.066  115.597      5.0   1013.8
