     5     1
    GDAS    10     3     1     0     0
    GDAS    10     3     8     0     0
    GDAS    10     3    15     0     0
    GDAS    10     3    22     0     0
    GDAS    10     3    29     0     0
     1 BACKWARD OMEGA   
    10     3    17     6   39.977  116.381  7200.0
     1 PRESSURE
     1     1    10     3    17     6     0     0     0.0   39.977  116.381   6958.4    387.7
     1     1    10     3    17     5     0     1    -1.0   40.403  115.289   6740.2    352.4
     1     1    10     3    17     4     0     2    -2.0   40.879  114.230   6707.5    340.7
     1     1    10     3    17     3     0     3    -3.0   41.390  113.227   6652.2    336.1
     1     1    10     3    17     2     0     2    -4.0   41.943  112.230   6748.5    335.1
     1     1    10     3    17     1     0     1    -5.0   42.509  111.253   6920.8    338.8
     1     1    10     3    17     0     0     0    -6.0   43.123  110.302   6974.1    340.5
     1     1    10     3    16    23     0     1    -7.0   43.778  109.365   6995.8    347.3
     1     1    10     3    16    22     0     2    -8.0   44.390  108.454   6926.4    347.8
     1     1    10     3    16    21     0     3    -9.0   44.958  107.587   6893.2    344.8
     1     1    10     3    16    20     0     2   -10.0   45.498  106.735   6848.5    337.9
     1     1    10     3    16    19     0     1   -11.0   46.005  105.892   6836.9    331.0
     1     1    10     3    16    18     0     0   -12.0   46.492  105.085   6887.7    328.5
     1     1    10     3    16    17     0     1   -13.0   46.966  104.320   6862.6    322.9
     1     1    10     3    16    16     0     2   -14.0   47.405  103.588   6862.7    326.2
     1     1    10     3    16    15     0     3   -15.0   47.808  102.861   6877.2    325.6
     1     1    10     3    16    14     0     2   -16.0   48.199  102.127   6936.9    320.9
     1     1    10     3    16    13     0     1   -17.0   48.590  101.387   6938.2    316.2
     1     1    10     3    16    12     0     0   -18.0   48.930  100.678   6909.2    316.4
     1     1    10     3    16    11     0     1   -19.0   49.218   99.987   6844.1    311.4
     1     1    10     3    16    10     0     2   -20.0   49.478   99.275   6825.0    308.6
     1     1    10     3    16     9     0     3   -21.0   49.688   98.559   6814.9    304.9
     1     1    10     3    16     8     0     2   -22.0   49.868   97.865   6792.2    299.9
     1     1    10     3    16     7     0     1   -23.0   50.044   97.196   6803.2    297.9
     1     1    10     3    16     6     0     0   -24.0   50.177   96.590   6860.5    305.7
     1     1    10     3    16     5     0     1   -25.0   50.280   96.074   6902.1    315.0
     1     1    10     3    16     4     0     2   -26.0   50.395   95.621   6970.1    324.8
     1     1    10     3    16     3     0     3   -27.0   50.523   95.218   7019.4    332.4
     1     1    10     3    16     2     0     2   -28.0   50.643   94.851   7027.8    335.2
     1     1    10     3    16     1     0     1   -29.0   50.742   94.501   7008.4    331.6
     1     1    10     3    16     0     0     0   -30.0   50.806   94.175   7000.9    327.3
     1     1    10     3    15    23     0     1   -31.0   50.841   93.895   7002.4    323.9
     1     1    10     3    15    22     0     2   -32.0   50.855   93.679   7005.7    322.1
     1     1    10     3    15    21     0     3   -33.0   50.840   93.529   7004.2    321.9
     1     1    10     3    15    20     0     2   -34.0   50.820   93.409   7003.3    322.6
     1     1    10     3    15    19     0     1   -35.0   50.815   93.294   7005.1    322.5
     1     1    10     3    15    18     0     0   -36.0   50.818   93.194   7018.4    321.7
     1     1    10     3    15    17     0     1   -37.0   50.795   93.094   7038.8    320.4
     1     1    10     3    15    16     0     2   -38.0   50.725   92.952   7057.6    321.6
     1     1    10     3    15    15     0     3   -39.0   50.612   92.737   7078.0    322.5
     1     1    10     3    15    14     0     2   -40.0   50.478   92.409   7090.0    321.5
     1     1    10     3    15    13     0     1   -41.0   50.320   91.970   7095.2    319.1
     1     1    10     3    15    12     0     0   -42.0   50.120   91.443   7059.8    308.5
     1     1    10     3    15    11     0     1   -43.0   49.917   90.745   6958.8    292.9
     1     1    10     3    15    10     0     2   -44.0   49.729   89.764   6881.6    289.5
     1     1    10     3    15     9     0     3   -45.0   49.462   88.502   6686.8    291.7
     1     1    10     3    15     8     0     2   -46.0   49.096   87.036   6723.5    300.6
     1     1    10     3    15     7     0     1   -47.0   48.687   85.503   7119.4    331.1
     1     1    10     3    15     6     0     0   -48.0   48.239   83.969   7339.2    359.1
     1     1    10     3    15     5     0     1   -49.0   47.814   82.345   7255.8    350.5
     1     1    10     3    15     4     0     2   -50.0   47.384   80.600   7320.3    354.1
     1     1    10     3    15     3     0     3   -51.0   46.840   78.795   7233.7    367.8
     1     1    10     3    15     2     0     2   -52.0   46.357   77.001   7146.2    376.8
     1     1    10     3    15     1     0     1   -53.0   45.931   75.127   7154.8    377.8
     1     1    10     3    15     0     0     0   -54.0   45.584   73.155   7107.1    376.0
     1     1    10     3    14    23     0     1   -55.0   45.374   71.169   7123.1    382.1
     1     1    10     3    14    22     0     2   -56.0   45.275   69.218   7132.0    387.1
     1     1    10     3    14    21     0     3   -57.0   45.227   67.293   7141.0    390.1
     1     1    10     3    14    20     0     2   -58.0   45.229   65.403   7095.4    394.3
     1     1    10     3    14    19     0     1   -59.0   45.315   63.564   7102.1    395.7
     1     1    10     3    14    18     0     0   -60.0   45.478   61.757   7184.7    393.0
     1     1    10     3    14    17     0     1   -61.0   45.698   59.920   7334.6    384.3
     1     1    10     3    14    16     0     2   -62.0   45.916   57.993   7448.0    371.9
     1     1    10     3    14    15     0     3   -63.0   46.148   55.975   7645.1    364.1
     1     1    10     3    14    14     0     2   -64.0   46.322   54.009   7841.2    356.7
     1     1    10     3    14    13     0     1   -65.0   46.404   52.062   7945.8    353.5
     1     1    10     3    14    12     0     0   -66.0   46.439   50.062   8072.0    344.9
     1     1    10     3    14    11     0     1   -67.0   46.367   48.013   8181.8    337.5
     1     1    10     3    14    10     0     2   -68.0   46.196   45.871   8321.1    329.5
     1     1    10     3    14     9     0     3   -69.0   45.955   43.470   8436.6    319.4
     1     1    10     3    14     8     0     2   -70.0   45.566   41.054   8458.0    313.3
     1     1    10     3    14     7     0     1   -71.0   45.038   38.755   8412.4    320.0
     1     1    10     3    14     6     0     0   -72.0   44.490   36.419   8461.6    320.4
     1     1    10     3    14     5     0     1   -73.0   43.893   34.172   8395.9    324.8
     1     1    10     3    14     4     0     2   -74.0   43.206   32.071   8270.3    331.4
     1     1    10     3    14     3     0     3   -75.0   42.477   30.115   8147.9    338.9
     1     1    10     3    14     2     0     2   -76.0   41.732   28.386   7925.0    349.1
     1     1    10     3    14     1     0     1   -77.0   40.984   26.803   7786.3    354.9
     1     1    10     3    14     0     0     0   -78.0   40.218   25.381   7548.1    371.1
     1     1    10     3    13    23     0     1   -79.0   39.525   24.115   7314.4    387.7
     1     1    10     3    13    22     0     2   -80.0   38.883   22.947   6907.3    392.6
     1     1    10     3    13    21     0     3   -81.0   38.221   21.940   6520.3    407.9
     1     1    10     3    13    20     0     2   -82.0   37.624   20.984   6385.0    446.7
     1     1    10     3    13    19     0     1   -83.0   37.095   20.026   6076.2    465.2
     1     1    10     3    13    18     0     0   -84.0   36.579   19.115   5951.3    478.0
     1     1    10     3    13    17     0     1   -85.0   36.104   18.165   5873.3    479.1
     1     1    10     3    13    16     0     2   -86.0   35.669   17.150   5742.5    489.8
     1     1    10     3    13    15     0     3   -87.0   35.294   16.160   5646.8    495.8
     1     1    10     3    13    14     0     2   -88.0   34.937   15.111   5502.7    504.5
     1     1    10     3    13    13     0     1   -89.0   34.623   14.049   5304.3    519.9
     1     1    10     3    13    12     0     0   -90.0   34.390   12.919   5171.6    529.6
     1     1    10     3    13    11     0     1   -91.0   34.178   11.773   5088.7    534.7
     1     1    10     3    13    10     0     2   -92.0   33.937   10.617   5026.4    538.1
     1     1    10     3    13     9     0     3   -93.0   33.701    9.424   4931.6    539.2
     1     1    10     3    13     8     0     2   -94.0   33.501    8.251   4882.5    546.1
     1     1    10     3    13     7     0     1   -95.0   33.346    7.129   4870.6    547.8
     1     1    10     3    13     6     0     0   -96.0   33.243    6.033   4824.6    545.9
