     7     1
    GDAS    10     3    22     0     0
    GDAS    10     4     8     0     0
    GDAS    10     4    15     0     0
    GDAS    10     4    22     0     0
    GDAS    10     4    29     0     0
    GDAS    10     4     1     0     0
    GDAS    10     3    29     0     0
     1 BACKWARD OMEGA   
    10     4    21     6   39.977  116.381  7400.0
     1 PRESSURE
     1     1    10     4    21     6     0     0     0.0   39.977  116.381   7160.8    392.4
     1     1    10     4    21     5     0     1    -1.0   39.649  115.220   6978.9    375.7
     1     1    10     4    21     4     0     2    -2.0   39.282  114.035   6868.6    359.6
     1     1    10     4    21     3     0     3    -3.0   38.862  112.847   6825.8    351.9
     1     1    10     4    21     2     0     2    -4.0   38.443  111.722   6733.3    354.6
     1     1    10     4    21     1     0     1    -5.0   38.070  110.646   6766.7    366.8
     1     1    10     4    21     0     0     0    -6.0   37.735  109.651   6821.9    367.7
     1     1    10     4    20    23     0     1    -7.0   37.462  108.675   6794.8    354.4
     1     1    10     4    20    22     0     2    -8.0   37.257  107.598   6868.3    344.3
     1     1    10     4    20    21     0     3    -9.0   37.180  106.343   7030.7    333.1
     1     1    10     4    20    20     0     2   -10.0   37.146  104.890   7073.5    323.5
     1     1    10     4    20    19     0     1   -11.0   37.095  103.151   6895.3    287.4
     1     1    10     4    20    18     0     0   -12.0   37.108  101.138   6983.9    258.4
     1     1    10     4    20    17     0     1   -13.0   37.102   98.996   6921.6    251.3
     1     1    10     4    20    16     0     2   -14.0   37.053   96.873   7093.0    269.3
     1     1    10     4    20    15     0     3   -15.0   36.996   94.734   7171.6    276.6
     1     1    10     4    20    14     0     2   -16.0   36.976   92.620   7060.3    259.1
     1     1    10     4    20    13     0     1   -17.0   36.996   90.694   6819.7    223.5
     1     1    10     4    20    12     0     0   -18.0   36.976   88.944   6722.9    226.5
     1     1    10     4    20    11     0     1   -19.0   36.981   87.294   6421.5    232.5
     1     1    10     4    20    10     0     2   -20.0   37.073   85.687   6484.4    240.4
     1     1    10     4    20     9     0     3   -21.0   37.104   84.098   7090.9    288.2
     1     1    10     4    20     8     0     2   -22.0   37.087   82.614   7372.3    323.3
     1     1    10     4    20     7     0     1   -23.0   37.111   81.263   7383.8    328.1
     1     1    10     4    20     6     0     0   -24.0   37.163   79.999   7277.9    321.1
     1     1    10     4    20     5     0     1   -25.0   37.253   78.816   6996.5    312.7
     1     1    10     4    20     4     0     2   -26.0   37.366   77.697   6775.4    297.5
     1     1    10     4    20     3     0     3   -27.0   37.508   76.642   6718.9    282.9
     1     1    10     4    20     2     0     2   -28.0   37.712   75.582   6567.4    250.1
     1     1    10     4    20     1     0     1   -29.0   37.931   74.580   6460.3    244.6
     1     1    10     4    20     0     0     0   -30.0   38.187   73.682   6423.0    243.7
     1     1    10     4    19    23     0     1   -31.0   38.407   72.824   6421.8    239.6
     1     1    10     4    19    22     0     2   -32.0   38.596   71.986   6620.7    249.3
     1     1    10     4    19    21     0     3   -33.0   38.776   71.167   6917.6    271.6
     1     1    10     4    19    20     0     2   -34.0   38.960   70.373   7088.2    280.7
     1     1    10     4    19    19     0     1   -35.0   39.150   69.597   7285.9    281.3
     1     1    10     4    19    18     0     0   -36.0   39.329   68.873   7492.4    289.7
     1     1    10     4    19    17     0     1   -37.0   39.486   68.210   7622.5    298.9
     1     1    10     4    19    16     0     2   -38.0   39.597   67.614   7770.7    312.0
     1     1    10     4    19    15     0     3   -39.0   39.651   67.088   7874.5    319.7
     1     1    10     4    19    14     0     2   -40.0   39.655   66.587   7972.9    327.9
     1     1    10     4    19    13     0     1   -41.0   39.613   66.078   8078.8    336.5
     1     1    10     4    19    12     0     0   -42.0   39.519   65.564   8103.2    341.3
     1     1    10     4    19    11     0     1   -43.0   39.377   65.086   8063.6    347.3
     1     1    10     4    19    10     0     2   -44.0   39.187   64.665   7994.4    353.5
     1     1    10     4    19     9     0     3   -45.0   38.927   64.267   7884.7    361.9
     1     1    10     4    19     8     0     2   -46.0   38.637   63.938   7742.2    371.9
     1     1    10     4    19     7     0     1   -47.0   38.348   63.663   7605.4    377.1
     1     1    10     4    19     6     0     0   -48.0   38.036   63.380   7472.5    384.0
     1     1    10     4    19     5     0     1   -49.0   37.709   63.100   7331.4    389.9
     1     1    10     4    19     4     0     2   -50.0   37.394   62.837   7187.5    393.3
     1     1    10     4    19     3     0     3   -51.0   37.074   62.561   7017.9    400.2
     1     1    10     4    19     2     0     2   -52.0   36.743   62.293   6869.3    410.7
     1     1    10     4    19     1     0     1   -53.0   36.414   62.052   6811.4    411.5
     1     1    10     4    19     0     0     0   -54.0   36.081   61.808   6800.7    403.9
     1     1    10     4    18    23     0     1   -55.0   35.764   61.549   6775.3    395.5
     1     1    10     4    18    22     0     2   -56.0   35.488   61.281   6767.7    392.8
     1     1    10     4    18    21     0     3   -57.0   35.245   60.985   6831.1    388.4
     1     1    10     4    18    20     0     2   -58.0   35.018   60.638   6872.4    372.1
     1     1    10     4    18    19     0     1   -59.0   34.806   60.226   6926.5    362.8
     1     1    10     4    18    18     0     0   -60.0   34.593   59.747   6989.5    359.2
     1     1    10     4    18    17     0     1   -61.0   34.372   59.239   6924.7    355.8
     1     1    10     4    18    16     0     2   -62.0   34.157   58.721   6830.0    357.7
     1     1    10     4    18    15     0     3   -63.0   33.921   58.150   6863.9    361.9
     1     1    10     4    18    14     0     2   -64.0   33.638   57.542   6874.1    365.6
     1     1    10     4    18    13     0     1   -65.0   33.354   56.924   6732.6    380.7
     1     1    10     4    18    12     0     0   -66.0   33.075   56.226   6641.6    393.8
     1     1    10     4    18    11     0     1   -67.0   32.731   55.431   6683.2    377.9
     1     1    10     4    18    10     0     2   -68.0   32.330   54.616   6711.1    365.0
     1     1    10     4    18     9     0     3   -69.0   31.912   53.766   6478.8    361.0
     1     1    10     4    18     8     0     2   -70.0   31.427   52.900   6269.0    361.4
     1     1    10     4    18     7     0     1   -71.0   30.922   51.973   5918.9    345.9
     1     1    10     4    18     6     0     0   -72.0   30.444   51.010   5941.2    410.9
     1     1    10     4    18     5     0     1   -73.0   29.954   50.087   6044.5    480.3
     1     1    10     4    18     4     0     2   -74.0   29.481   49.248   5779.9    494.9
     1     1    10     4    18     3     0     3   -75.0   29.106   48.521   5126.3    546.6
     1     1    10     4    18     2     0     2   -76.0   28.828   47.811   4806.8    571.9
     1     1    10     4    18     1     0     1   -77.0   28.581   47.089   4591.2    557.1
     1     1    10     4    18     0     0     0   -78.0   28.369   46.400   4269.1    584.1
     1     1    10     4    17    23     0     1   -79.0   28.174   45.742   4056.8    602.4
     1     1    10     4    17    22     0     2   -80.0   27.937   45.143   3941.9    600.3
     1     1    10     4    17    21     0     3   -81.0   27.656   44.613   3785.4    601.6
     1     1    10     4    17    20     0     2   -82.0   27.362   44.141   3593.8    614.4
     1     1    10     4    17    19     0     1   -83.0   27.084   43.696   3464.9    623.7
     1     1    10     4    17    18     0     0   -84.0   26.821   43.240   3458.8    618.4
     1     1    10     4    17    17     0     1   -85.0   26.571   42.783   3454.8    603.6
     1     1    10     4    17    16     0     2   -86.0   26.344   42.359   3368.6    608.2
     1     1    10     4    17    15     0     3   -87.0   26.115   41.923   3261.8    616.4
     1     1    10     4    17    14     0     2   -88.0   25.881   41.478   3183.7    623.7
     1     1    10     4    17    13     0     1   -89.0   25.650   41.037   3106.4    623.0
     1     1    10     4    17    12     0     0   -90.0   25.414   40.587   2995.1    626.9
     1     1    10     4    17    11     0     1   -91.0   25.200   40.130   2888.6    636.2
     1     1    10     4    17    10     0     2   -92.0   25.019   39.688   2780.4    649.0
     1     1    10     4    17     9     0     3   -93.0   24.837   39.271   2648.6    670.4
     1     1    10     4    17     8     0     2   -94.0   24.656   38.861   2544.3    691.1
     1     1    10     4    17     7     0     1   -95.0   24.497   38.452   2470.9    713.1
     1     1    10     4    17     6     0     0   -96.0   24.349   38.073   2400.0    740.5
