     7     1
    GDAS    10     3    22     0     0
    GDAS    10     4     8     0     0
    GDAS    10     4    15     0     0
    GDAS    10     4    22     0     0
    GDAS    10     4    29     0     0
    GDAS    10     4     1     0     0
    GDAS    10     3    29     0     0
     1 BACKWARD OMEGA   
    10     4     3    12   39.977  116.381  5200.0
     1 PRESSURE
     1     1    10     4     3    12     0     0     0.0   39.977  116.381   4958.6    523.2
     1     1    10     4     3    11     0     1    -1.0   40.172  115.257   4769.1    481.1
     1     1    10     4     3    10     0     2    -2.0   40.337  114.103   4700.6    467.1
     1     1    10     4     3     9     0     3    -3.0   40.524  112.998   4535.1    472.2
     1     1    10     4     3     8     0     2    -4.0   40.701  111.867   4628.0    456.4
     1     1    10     4     3     7     0     1    -5.0   40.827  110.739   4602.8    455.1
     1     1    10     4     3     6     0     0    -6.0   40.906  109.661   4416.4    478.4
     1     1    10     4     3     5     0     1    -7.0   40.966  108.601   4350.8    505.4
     1     1    10     4     3     4     0     2    -8.0   41.032  107.507   4241.6    509.1
     1     1    10     4     3     3     0     3    -9.0   41.101  106.370   4140.2    500.6
     1     1    10     4     3     2     0     2   -10.0   41.173  105.288   4112.9    515.2
     1     1    10     4     3     1     0     1   -11.0   41.269  104.253   4053.8    519.1
     1     1    10     4     3     0     0     0   -12.0   41.384  103.225   3985.7    522.2
     1     1    10     4     2    23     0     1   -13.0   41.497  102.268   3957.1    533.0
     1     1    10     4     2    22     0     2   -14.0   41.593  101.381   3928.1    542.8
     1     1    10     4     2    21     0     3   -15.0   41.678  100.522   3903.9    545.7
     1     1    10     4     2    20     0     2   -16.0   41.764   99.712   3911.2    539.0
     1     1    10     4     2    19     0     1   -17.0   41.845   98.941   3901.7    526.5
     1     1    10     4     2    18     0     0   -18.0   41.926   98.211   3855.9    517.7
     1     1    10     4     2    17     0     1   -19.0   42.019   97.500   3764.5    508.0
     1     1    10     4     2    16     0     2   -20.0   42.131   96.782   3665.8    506.0
     1     1    10     4     2    15     0     3   -21.0   42.261   96.067   3660.1    509.2
     1     1    10     4     2    14     0     2   -22.0   42.393   95.376   3711.1    512.2
     1     1    10     4     2    13     0     1   -23.0   42.516   94.725   3679.1    515.8
     1     1    10     4     2    12     0     0   -24.0   42.643   94.114   3670.5    517.0
     1     1    10     4     2    11     0     1   -25.0   42.756   93.552   3801.8    531.8
     1     1    10     4     2    10     0     2   -26.0   42.830   93.040   3977.1    561.1
     1     1    10     4     2     9     0     3   -27.0   42.868   92.553   4038.1    561.4
     1     1    10     4     2     8     0     2   -28.0   42.893   92.095   4047.0    565.0
     1     1    10     4     2     7     0     1   -29.0   42.915   91.678   4044.0    570.7
     1     1    10     4     2     6     0     0   -30.0   42.931   91.291   4040.3    574.6
     1     1    10     4     2     5     0     1   -31.0   42.939   90.916   4038.6    576.5
     1     1    10     4     2     4     0     2   -32.0   42.939   90.527   4028.6    566.1
     1     1    10     4     2     3     0     3   -33.0   42.935   90.116   4017.0    555.5
     1     1    10     4     2     2     0     2   -34.0   42.925   89.713   4033.2    562.8
     1     1    10     4     2     1     0     1   -35.0   42.909   89.342   4048.3    577.9
     1     1    10     4     2     0     0     0   -36.0   42.886   88.991   4059.2    589.6
     1     1    10     4     1    23     0     1   -37.0   42.876   88.645   3989.5    566.5
     1     1    10     4     1    22     0     2   -38.0   42.895   88.292   3926.9    543.7
     1     1    10     4     1    21     0     3   -39.0   42.940   87.919   3856.5    515.1
     1     1    10     4     1    20     0     2   -40.0   42.993   87.534   3736.0    471.7
     1     1    10     4     1    19     0     1   -41.0   43.041   87.147   3627.4    434.4
     1     1    10     4     1    18     0     0   -42.0   43.087   86.754   3614.0    425.7
     1     1    10     4     1    17     0     1   -43.0   43.145   86.380   3665.7    429.3
     1     1    10     4     1    16     0     2   -44.0   43.224   86.056   3729.1    433.0
     1     1    10     4     1    15     0     3   -45.0   43.318   85.788   3796.0    440.4
     1     1    10     4     1    14     0     2   -46.0   43.428   85.549   3840.6    448.2
     1     1    10     4     1    13     0     1   -47.0   43.560   85.311   3816.8    455.8
     1     1    10     4     1    12     0     0   -48.0   43.721   85.079   3630.2    469.8
     1     1    10     4     1    11     0     1   -49.0   43.884   84.863   3310.5    498.7
     1     1    10     4     1    10     0     2   -50.0   44.009   84.639   3023.6    518.1
     1     1    10     4     1     9     0     3   -51.0   44.084   84.392   2839.5    532.9
     1     1    10     4     1     8     0     2   -52.0   44.130   84.141   2705.9    536.0
     1     1    10     4     1     7     0     1   -53.0   44.164   83.902   2599.3    548.3
     1     1    10     4     1     6     0     0   -54.0   44.190   83.681   2524.7    568.3
     1     1    10     4     1     5     0     1   -55.0   44.219   83.498   2468.0    585.2
     1     1    10     4     1     4     0     2   -56.0   44.260   83.364   2434.5    600.5
     1     1    10     4     1     3     0     3   -57.0   44.313   83.281   2428.5    613.2
     1     1    10     4     1     2     0     2   -58.0   44.378   83.225   2434.4    624.3
     1     1    10     4     1     1     0     1   -59.0   44.452   83.175   2437.0    638.2
     1     1    10     4     1     0     0     0   -60.0   44.533   83.131   2439.1    652.9
     1     1    10     3    31    23     0     1   -61.0   44.605   83.090   2420.5    666.0
     1     1    10     3    31    22     0     2   -62.0   44.649   83.048   2354.3    679.9
     1     1    10     3    31    21     0     3   -63.0   44.665   83.010   2233.2    694.1
     1     1    10     3    31    20     0     2   -64.0   44.668   82.987   2086.2    710.7
     1     1    10     3    31    19     0     1   -65.0   44.678   82.989   1947.1    725.6
     1     1    10     3    31    18     0     0   -66.0   44.696   83.014   1816.3    741.4
     1     1    10     3    31    17     0     1   -67.0   44.718   83.057   1681.4    756.3
     1     1    10     3    31    16     0     2   -68.0   44.735   83.120   1526.3    773.1
     1     1    10     3    31    15     0     3   -69.0   44.742   83.206   1347.5    790.6
     1     1    10     3    31    14     0     2   -70.0   44.743   83.302   1174.7    808.8
     1     1    10     3    31    13     0     1   -71.0   44.754   83.391   1039.2    823.3
     1     1    10     3    31    12     0     0   -72.0   44.780   83.471    945.9    836.8
     1     1    10     3    31    11     0     1   -73.0   44.816   83.554    897.9    848.6
     1     1    10     3    31    10     0     2   -74.0   44.853   83.637    897.7    855.2
     1     1    10     3    31     9     0     3   -75.0   44.892   83.707    938.7    857.8
     1     1    10     3    31     8     0     2   -76.0   44.931   83.753    980.9    857.3
     1     1    10     3    31     7     0     1   -77.0   44.968   83.792    998.6    863.5
     1     1    10     3    31     6     0     0   -78.0   45.003   83.831    994.9    870.9
     1     1    10     3    31     5     0     1   -79.0   45.027   83.884    963.0    870.8
     1     1    10     3    31     4     0     2   -80.0   45.031   83.974    912.6    876.0
     1     1    10     3    31     3     0     3   -81.0   45.015   84.113    860.0    885.5
     1     1    10     3    31     2     0     2   -82.0   44.983   84.312    827.6    889.7
     1     1    10     3    31     1     0     1   -83.0   44.936   84.548    828.4    881.8
     1     1    10     3    31     0     0     0   -84.0   44.874   84.791    869.5    868.2
     1     1    10     3    30    23     0     1   -85.0   44.816   85.016    949.7    850.9
     1     1    10     3    30    22     0     2   -86.0   44.770   85.206   1030.5    832.0
     1     1    10     3    30    21     0     3   -87.0   44.731   85.375   1090.6    821.9
     1     1    10     3    30    20     0     2   -88.0   44.699   85.516   1149.2    815.1
     1     1    10     3    30    19     0     1   -89.0   44.675   85.617   1226.0    806.3
     1     1    10     3    30    18     0     0   -90.0   44.659   85.678   1331.1    795.3
     1     1    10     3    30    17     0     1   -91.0   44.669   85.679   1463.6    782.8
     1     1    10     3    30    16     0     2   -92.0   44.725   85.622   1606.5    773.3
     1     1    10     3    30    15     0     3   -93.0   44.829   85.535   1746.6    770.9
     1     1    10     3    30    14     0     2   -94.0   44.974   85.413   1863.3    776.5
     1     1    10     3    30    13     0     1   -95.0   45.161   85.224   1935.0    771.1
     1     1    10     3    30    12     0     0   -96.0   45.398   84.946   1973.8    757.1
