     7     1
    GDAS    10     3    22     0     0
    GDAS    10     4     8     0     0
    GDAS    10     4    15     0     0
    GDAS    10     4    22     0     0
    GDAS    10     4    29     0     0
    GDAS    10     4     1     0     0
    GDAS    10     3    29     0     0
     1 BACKWARD OMEGA   
    10     4    14    18   39.977  116.381  6200.0
     1 PRESSURE
     1     1    10     4    14    18     0     0     0.0   39.977  116.381   5961.1    453.1
     1     1    10     4    14    17     0     1    -1.0   40.006  115.545   5638.3    441.3
     1     1    10     4    14    16     0     2    -2.0   40.069  114.675   5422.0    427.3
     1     1    10     4    14    15     0     3    -3.0   40.158  113.749   5441.2    425.4
     1     1    10     4    14    14     0     2    -4.0   40.289  112.782   5427.2    415.4
     1     1    10     4    14    13     0     1    -5.0   40.432  111.844   5332.8    416.7
     1     1    10     4    14    12     0     0    -6.0   40.568  110.906   5233.7    427.4
     1     1    10     4    14    11     0     1    -7.0   40.698  109.964   5121.6    430.8
     1     1    10     4    14    10     0     2    -8.0   40.820  109.125   5067.8    448.6
     1     1    10     4    14     9     0     3    -9.0   40.917  108.412   4995.9    464.2
     1     1    10     4    14     8     0     2   -10.0   41.008  107.759   4857.0    473.5
     1     1    10     4    14     7     0     1   -11.0   41.125  107.128   4655.6    472.3
     1     1    10     4    14     6     0     0   -12.0   41.260  106.510   4526.6    480.8
     1     1    10     4    14     5     0     1   -13.0   41.419  105.899   4461.5    491.9
     1     1    10     4    14     4     0     2   -14.0   41.618  105.283   4418.7    499.5
     1     1    10     4    14     3     0     3   -15.0   41.854  104.694   4378.2    503.0
     1     1    10     4    14     2     0     2   -16.0   42.102  104.125   4366.4    498.9
     1     1    10     4    14     1     0     1   -17.0   42.343  103.543   4364.8    493.7
     1     1    10     4    14     0     0     0   -18.0   42.589  102.942   4359.6    493.3
     1     1    10     4    13    23     0     1   -19.0   42.826  102.340   4336.7    487.7
     1     1    10     4    13    22     0     2   -20.0   43.039  101.749   4322.9    478.0
     1     1    10     4    13    21     0     3   -21.0   43.236  101.158   4357.5    478.0
     1     1    10     4    13    20     0     2   -22.0   43.417  100.573   4411.0    482.7
     1     1    10     4    13    19     0     1   -23.0   43.588  100.017   4462.8    484.7
     1     1    10     4    13    18     0     0   -24.0   43.759   99.475   4524.8    480.1
     1     1    10     4    13    17     0     1   -25.0   43.918   98.948   4559.7    475.9
     1     1    10     4    13    16     0     2   -26.0   44.059   98.463   4550.4    476.2
     1     1    10     4    13    15     0     3   -27.0   44.198   98.017   4518.6    468.7
     1     1    10     4    13    14     0     2   -28.0   44.322   97.570   4495.1    466.8
     1     1    10     4    13    13     0     1   -29.0   44.424   97.117   4465.2    473.4
     1     1    10     4    13    12     0     0   -30.0   44.519   96.654   4444.8    477.1
     1     1    10     4    13    11     0     1   -31.0   44.608   96.167   4426.5    476.6
     1     1    10     4    13    10     0     2   -32.0   44.678   95.673   4355.9    480.0
     1     1    10     4    13     9     0     3   -33.0   44.728   95.195   4214.0    488.4
     1     1    10     4    13     8     0     2   -34.0   44.781   94.736   4058.2    500.0
     1     1    10     4    13     7     0     1   -35.0   44.847   94.280   3939.3    510.6
     1     1    10     4    13     6     0     0   -36.0   44.909   93.829   3876.7    519.5
     1     1    10     4    13     5     0     1   -37.0   44.964   93.386   3861.9    522.9
     1     1    10     4    13     4     0     2   -38.0   45.017   92.960   3876.9    526.2
     1     1    10     4    13     3     0     3   -39.0   45.076   92.547   3864.6    524.1
     1     1    10     4    13     2     0     2   -40.0   45.146   92.125   3839.5    530.6
     1     1    10     4    13     1     0     1   -41.0   45.235   91.659   3847.3    531.3
     1     1    10     4    13     0     0     0   -42.0   45.348   91.138   3895.5    529.2
     1     1    10     4    12    23     0     1   -43.0   45.470   90.570   3931.0    528.4
     1     1    10     4    12    22     0     2   -44.0   45.600   89.979   3908.1    537.0
     1     1    10     4    12    21     0     3   -45.0   45.756   89.357   3898.1    552.2
     1     1    10     4    12    20     0     2   -46.0   45.929   88.703   3897.0    560.2
     1     1    10     4    12    19     0     1   -47.0   46.098   88.021   3859.9    573.7
     1     1    10     4    12    18     0     0   -48.0   46.264   87.319   3794.1    587.4
     1     1    10     4    12    17     0     1   -49.0   46.424   86.616   3742.5    581.8
     1     1    10     4    12    16     0     2   -50.0   46.575   85.894   3647.9    554.3
     1     1    10     4    12    15     0     3   -51.0   46.708   85.146   3525.4    536.2
     1     1    10     4    12    14     0     2   -52.0   46.845   84.377   3432.8    543.9
     1     1    10     4    12    13     0     1   -53.0   46.974   83.613   3281.9    567.5
     1     1    10     4    12    12     0     0   -54.0   47.055   82.867   3119.7    590.6
     1     1    10     4    12    11     0     1   -55.0   47.110   82.166   3027.6    616.1
     1     1    10     4    12    10     0     2   -56.0   47.127   81.534   2970.8    634.4
     1     1    10     4    12     9     0     3   -57.0   47.114   81.003   2925.1    655.2
     1     1    10     4    12     8     0     2   -58.0   47.101   80.543   2889.2    666.5
     1     1    10     4    12     7     0     1   -59.0   47.100   80.117   2857.7    676.5
     1     1    10     4    12     6     0     0   -60.0   47.090   79.717   2820.8    681.2
     1     1    10     4    12     5     0     1   -61.0   47.067   79.313   2790.9    682.4
     1     1    10     4    12     4     0     2   -62.0   47.031   78.895   2771.7    681.6
     1     1    10     4    12     3     0     3   -63.0   46.966   78.475   2732.7    677.8
     1     1    10     4    12     2     0     2   -64.0   46.862   78.068   2673.8    681.3
     1     1    10     4    12     1     0     1   -65.0   46.743   77.683   2627.5    688.9
     1     1    10     4    12     0     0     0   -66.0   46.629   77.344   2566.4    696.4
     1     1    10     4    11    23     0     1   -67.0   46.515   77.073   2480.9    708.3
     1     1    10     4    11    22     0     2   -68.0   46.389   76.861   2394.5    719.7
     1     1    10     4    11    21     0     3   -69.0   46.245   76.691   2328.5    728.3
     1     1    10     4    11    20     0     2   -70.0   46.089   76.552   2275.1    733.2
     1     1    10     4    11    19     0     1   -71.0   45.928   76.454   2212.9    739.8
     1     1    10     4    11    18     0     0   -72.0   45.768   76.375   2150.6    746.8
     1     1    10     4    11    17     0     1   -73.0   45.610   76.299   2102.2    751.8
     1     1    10     4    11    16     0     2   -74.0   45.443   76.231   2061.1    754.9
     1     1    10     4    11    15     0     3   -75.0   45.257   76.182   2004.0    759.6
     1     1    10     4    11    14     0     2   -76.0   45.057   76.189   1930.7    768.6
     1     1    10     4    11    13     0     1   -77.0   44.863   76.258   1855.9    773.4
     1     1    10     4    11    12     0     0   -78.0   44.669   76.342   1764.0    776.2
     1     1    10     4    11    11     0     1   -79.0   44.474   76.400   1625.5    784.7
     1     1    10     4    11    10     0     2   -80.0   44.284   76.467   1449.2    800.2
     1     1    10     4    11     9     0     3   -81.0   44.132   76.613   1275.4    819.3
     1     1    10     4    11     8     0     2   -82.0   44.021   76.848   1104.6    835.7
     1     1    10     4    11     7     0     1   -83.0   43.929   77.120    936.0    839.9
     1     1    10     4    11     6     0     0   -84.0   43.827   77.387    810.5    826.8
     1     1    10     4    11     5     0     1   -85.0   43.722   77.591    702.4    808.1
     1     1    10     4    11     4     0     2   -86.0   43.648   77.701    584.2    803.3
     1     1    10     4    11     3     0     3   -87.0   43.614   77.748    464.5    808.5
     1     1    10     4    11     2     0     2   -88.0   43.618   77.787    375.5    820.0
     1     1    10     4    11     1     0     1   -89.0   43.639   77.855    315.5    829.0
     1     1    10     4    11     0     0     0   -90.0   43.671   77.948    274.5    837.9
     1     1    10     4    10    23     0     1   -91.0   43.701   78.035    230.4    847.1
     1     1    10     4    10    22     0     2   -92.0   43.734   78.084    187.0    859.8
     1     1    10     4    10    21     0     3   -93.0   43.774   78.091    152.2    872.2
     1     1    10     4    10    20     0     2   -94.0   43.827   78.065    136.5    885.8
     1     1    10     4    10    19     0     1   -95.0   43.898   78.018    144.6    899.4
     1     1    10     4    10    18     0     0   -96.0   43.990   77.958    173.7    916.3
