     7     1
    GDAS    10     3    22     0     0
    GDAS    10     4     8     0     0
    GDAS    10     4    15     0     0
    GDAS    10     4    22     0     0
    GDAS    10     4    29     0     0
    GDAS    10     4     1     0     0
    GDAS    10     3    29     0     0
     1 BACKWARD OMEGA   
    10     4    29     6   39.977  116.381  5200.0
     1 PRESSURE
     1     1    10     4    29     6     0     0     0.0   39.977  116.381   4961.0    521.2
     1     1    10     4    29     5     0     1    -1.0   40.647  116.016   4798.1    480.2
     1     1    10     4    29     4     0     2    -2.0   41.317  115.737   4622.3    475.4
     1     1    10     4    29     3     0     3    -3.0   42.044  115.568   4704.6    468.7
     1     1    10     4    29     2     0     2    -4.0   42.828  115.511   4929.5    450.7
     1     1    10     4    29     1     0     1    -5.0   43.638  115.529   5082.3    447.0
     1     1    10     4    29     0     0     0    -6.0   44.457  115.632   5159.4    444.9
     1     1    10     4    28    23     0     1    -7.0   45.241  115.791   5056.2    459.3
     1     1    10     4    28    22     0     2    -8.0   45.991  115.986   5047.9    465.3
     1     1    10     4    28    21     0     3    -9.0   46.712  116.238   5156.9    463.6
     1     1    10     4    28    20     0     2   -10.0   47.389  116.540   5187.8    469.5
     1     1    10     4    28    19     0     1   -11.0   48.023  116.902   5160.4    476.6
     1     1    10     4    28    18     0     0   -12.0   48.610  117.335   5096.4    481.7
     1     1    10     4    28    17     0     1   -13.0   49.135  117.821   5047.2    486.2
     1     1    10     4    28    16     0     2   -14.0   49.601  118.316   5014.8    486.9
     1     1    10     4    28    15     0     3   -15.0   50.011  118.808   5083.7    486.6
     1     1    10     4    28    14     0     2   -16.0   50.359  119.307   5193.6    472.2
     1     1    10     4    28    13     0     1   -17.0   50.650  119.802   5308.1    462.5
     1     1    10     4    28    12     0     0   -18.0   50.870  120.312   5429.3    449.3
     1     1    10     4    28    11     0     1   -19.0   51.000  120.901   5509.5    432.9
     1     1    10     4    28    10     0     2   -20.0   51.044  121.581   5586.0    428.4
     1     1    10     4    28     9     0     3   -21.0   50.994  122.301   5658.4    424.1
     1     1    10     4    28     8     0     2   -22.0   50.892  123.088   5635.1    426.4
     1     1    10     4    28     7     0     1   -23.0   50.802  123.946   5527.9    450.9
     1     1    10     4    28     6     0     0   -24.0   50.612  124.815   5496.5    465.0
     1     1    10     4    28     5     0     1   -25.0   50.331  125.740   5477.0    465.1
     1     1    10     4    28     4     0     2   -26.0   50.022  126.730   5444.3    471.1
     1     1    10     4    28     3     0     3   -27.0   49.550  127.758   5502.0    476.0
     1     1    10     4    28     2     0     2   -28.0   48.951  128.857   5449.2    472.8
     1     1    10     4    28     1     0     1   -29.0   48.291  130.029   5349.1    481.4
     1     1    10     4    28     0     0     0   -30.0   47.498  131.204   5284.9    496.5
     1     1    10     4    27    23     0     1   -31.0   46.629  132.250   5179.8    510.4
     1     1    10     4    27    22     0     2   -32.0   45.706  133.187   5241.5    503.0
     1     1    10     4    27    21     0     3   -33.0   44.729  133.983   5113.5    496.7
     1     1    10     4    27    20     0     2   -34.0   43.756  134.673   4972.6    504.3
     1     1    10     4    27    19     0     1   -35.0   42.811  135.159   4816.2    547.4
     1     1    10     4    27    18     0     0   -36.0   41.888  135.375   4481.1    570.2
     1     1    10     4    27    17     0     1   -37.0   40.988  135.386   4074.8    603.4
     1     1    10     4    27    16     0     2   -38.0   40.075  135.279   3885.7    623.7
     1     1    10     4    27    15     0     3   -39.0   39.137  135.068   3862.4    623.5
     1     1    10     4    27    14     0     2   -40.0   38.252  134.824   3820.6    626.8
     1     1    10     4    27    13     0     1   -41.0   37.500  134.516   3753.9    634.6
     1     1    10     4    27    12     0     0   -42.0   36.803  134.153   3766.9    637.4
     1     1    10     4    27    11     0     1   -43.0   36.184  133.686   3724.4    629.6
     1     1    10     4    27    10     0     2   -44.0   35.658  133.068   3517.2    638.7
     1     1    10     4    27     9     0     3   -45.0   35.201  132.311   3280.8    657.5
     1     1    10     4    27     8     0     2   -46.0   34.783  131.477   3138.8    683.7
     1     1    10     4    27     7     0     1   -47.0   34.394  130.610   3075.1    692.1
     1     1    10     4    27     6     0     0   -48.0   34.008  129.706   3104.0    691.5
     1     1    10     4    27     5     0     1   -49.0   33.691  128.718   3153.6    683.9
     1     1    10     4    27     4     0     2   -50.0   33.482  127.659   3242.7    677.9
     1     1    10     4    27     3     0     3   -51.0   33.338  126.551   3380.0    665.5
     1     1    10     4    27     2     0     2   -52.0   33.247  125.393   3543.1    650.3
     1     1    10     4    27     1     0     1   -53.0   33.235  124.168   3666.8    641.9
     1     1    10     4    27     0     0     0   -54.0   33.311  122.835   3814.8    629.2
     1     1    10     4    26    23     0     1   -55.0   33.478  121.405   3997.8    613.3
     1     1    10     4    26    22     0     2   -56.0   33.712  119.923   4179.8    596.2
     1     1    10     4    26    21     0     3   -57.0   34.037  118.445   4335.2    583.7
     1     1    10     4    26    20     0     2   -58.0   34.442  116.981   4557.4    565.7
     1     1    10     4    26    19     0     1   -59.0   34.924  115.534   4887.0    539.1
     1     1    10     4    26    18     0     0   -60.0   35.545  114.204   4923.0    518.2
     1     1    10     4    26    17     0     1   -61.0   36.255  112.933   4621.0    486.6
     1     1    10     4    26    16     0     2   -62.0   37.022  111.675   4789.4    469.3
     1     1    10     4    26    15     0     3   -63.0   37.874  110.484   5011.6    458.6
     1     1    10     4    26    14     0     2   -64.0   38.799  109.367   4999.6    450.4
     1     1    10     4    26    13     0     1   -65.0   39.762  108.350   5082.4    441.5
     1     1    10     4    26    12     0     0   -66.0   40.756  107.409   5201.4    443.7
     1     1    10     4    26    11     0     1   -67.0   41.787  106.559   5516.6    422.1
     1     1    10     4    26    10     0     2   -68.0   42.866  105.835   5402.1    424.4
     1     1    10     4    26     9     0     3   -69.0   44.000  105.208   5450.3    415.4
     1     1    10     4    26     8     0     2   -70.0   45.180  104.680   5532.6    414.2
     1     1    10     4    26     7     0     1   -71.0   46.333  104.236   5302.1    418.8
     1     1    10     4    26     6     0     0   -72.0   47.529  103.872   5429.1    411.6
     1     1    10     4    26     5     0     1   -73.0   48.714  103.591   5342.9    423.9
     1     1    10     4    26     4     0     2   -74.0   49.846  103.364   5120.2    433.9
     1     1    10     4    26     3     0     3   -75.0   50.946  103.143   5076.9    416.5
     1     1    10     4    26     2     0     2   -76.0   52.046  102.954   5380.0    438.0
     1     1    10     4    26     1     0     1   -77.0   53.033  102.705   5441.6    469.6
     1     1    10     4    26     0     0     0   -78.0   53.911  102.325   5361.0    475.0
     1     1    10     4    25    23     0     1   -79.0   54.746  101.850   5283.6    479.6
     1     1    10     4    25    22     0     2   -80.0   55.529  101.272   5252.9    483.9
     1     1    10     4    25    21     0     3   -81.0   56.259  100.562   5235.5    487.8
     1     1    10     4    25    20     0     2   -82.0   56.931   99.714   5214.0    491.4
     1     1    10     4    25    19     0     1   -83.0   57.531   98.758   5177.0    500.2
     1     1    10     4    25    18     0     0   -84.0   58.068   97.731   5093.2    505.8
     1     1    10     4    25    17     0     1   -85.0   58.561   96.613   5004.0    512.3
     1     1    10     4    25    16     0     2   -86.0   59.012   95.403   4951.0    512.7
     1     1    10     4    25    15     0     3   -87.0   59.416   94.052   4834.9    514.1
     1     1    10     4    25    14     0     2   -88.0   59.811   92.595   4762.2    522.3
     1     1    10     4    25    13     0     1   -89.0   60.169   91.047   4793.7    534.1
     1     1    10     4    25    12     0     0   -90.0   60.420   89.337   4850.1    540.5
     1     1    10     4    25    11     0     1   -91.0   60.680   87.486   4840.9    539.7
     1     1    10     4    25    10     0     2   -92.0   60.963   85.496   4887.8    535.9
     1     1    10     4    25     9     0     3   -93.0   61.179   83.284   4956.2    532.9
     1     1    10     4    25     8     0     2   -94.0   61.326   80.886   5082.8    525.8
     1     1    10     4    25     7     0     1   -95.0   61.395   78.333   5219.4    517.0
     1     1    10     4    25     6     0     0   -96.0   61.444   75.614   5388.6    505.3
