     5     1
    GDAS    10     3     1     0     0
    GDAS    10     3     8     0     0
    GDAS    10     3    15     0     0
    GDAS    10     3    22     0     0
    GDAS    10     3    29     0     0
     1 BACKWARD OMEGA   
    10     3    18    18   39.977  116.381  1600.0
     1 PRESSURE
     1     1    10     3    18    18     0     0     0.0   39.977  116.381   1362.9    826.9
     1     1    10     3    18    17     0     1    -1.0   39.828  115.844   1247.8    821.9
     1     1    10     3    18    16     0     2    -2.0   39.785  115.204   1163.5    789.5
     1     1    10     3    18    15     0     3    -3.0   39.923  114.354   1129.6    761.7
     1     1    10     3    18    14     0     2    -4.0   40.040  113.419   1110.2    759.2
     1     1    10     3    18    13     0     1    -5.0   40.146  112.447   1160.4    737.0
     1     1    10     3    18    12     0     0    -6.0   40.273  111.513   1138.3    746.0
     1     1    10     3    18    11     0     1    -7.0   40.354  110.696   1134.7    748.9
     1     1    10     3    18    10     0     2    -8.0   40.426  109.901   1101.5    745.1
     1     1    10     3    18     9     0     3    -9.0   40.478  109.139   1055.2    760.1
     1     1    10     3    18     8     0     2   -10.0   40.512  108.446   1015.3    773.7
     1     1    10     3    18     7     0     1   -11.0   40.548  107.799   1015.7    777.9
     1     1    10     3    18     6     0     0   -12.0   40.593  107.170   1030.9    764.4
     1     1    10     3    18     5     0     1   -13.0   40.682  106.540   1043.5    758.3
     1     1    10     3    18     4     0     2   -14.0   40.830  105.902   1011.3    755.1
     1     1    10     3    18     3     0     3   -15.0   40.979  105.292    975.9    777.0
     1     1    10     3    18     2     0     2   -16.0   41.129  104.692    968.8    782.1
     1     1    10     3    18     1     0     1   -17.0   41.305  104.056    959.1    777.6
     1     1    10     3    18     0     0     0   -18.0   41.501  103.374    965.8    778.7
     1     1    10     3    17    23     0     1   -19.0   41.711  102.667    990.9    781.6
     1     1    10     3    17    22     0     2   -20.0   41.934  101.960   1015.8    793.6
     1     1    10     3    17    21     0     3   -21.0   42.177  101.245   1045.1    784.7
     1     1    10     3    17    20     0     2   -22.0   42.449  100.476   1068.6    768.8
     1     1    10     3    17    19     0     1   -23.0   42.709   99.674   1025.9    770.1
     1     1    10     3    17    18     0     0   -24.0   42.942   98.882   1015.4    761.3
     1     1    10     3    17    17     0     1   -25.0   43.156   98.102   1047.0    757.5
     1     1    10     3    17    16     0     2   -26.0   43.348   97.299   1119.2    751.7
     1     1    10     3    17    15     0     3   -27.0   43.495   96.516   1217.9    752.6
     1     1    10     3    17    14     0     2   -28.0   43.573   95.810   1223.0    764.9
     1     1    10     3    17    13     0     1   -29.0   43.587   95.209   1271.8    772.1
     1     1    10     3    17    12     0     0   -30.0   43.576   94.627   1344.5    744.5
     1     1    10     3    17    11     0     1   -31.0   43.565   94.023   1354.9    718.6
     1     1    10     3    17    10     0     2   -32.0   43.554   93.417   1333.0    732.3
     1     1    10     3    17     9     0     3   -33.0   43.527   92.838   1301.3    747.0
     1     1    10     3    17     8     0     2   -34.0   43.492   92.311   1277.4    761.3
     1     1    10     3    17     7     0     1   -35.0   43.462   91.831   1263.7    771.4
     1     1    10     3    17     6     0     0   -36.0   43.428   91.407   1240.3    786.7
     1     1    10     3    17     5     0     1   -37.0   43.390   91.047   1201.1    801.7
     1     1    10     3    17     4     0     2   -38.0   43.358   90.745   1165.1    809.1
     1     1    10     3    17     3     0     3   -39.0   43.349   90.479   1158.4    807.9
     1     1    10     3    17     2     0     2   -40.0   43.373   90.223   1178.4    801.5
     1     1    10     3    17     1     0     1   -41.0   43.431   89.953   1211.6    795.5
     1     1    10     3    17     0     0     0   -42.0   43.515   89.643   1195.3    791.0
     1     1    10     3    16    23     0     1   -43.0   43.603   89.266   1121.6    796.0
     1     1    10     3    16    22     0     2   -44.0   43.691   88.797   1106.9    782.4
     1     1    10     3    16    21     0     3   -45.0   43.779   88.220   1177.6    755.0
     1     1    10     3    16    20     0     2   -46.0   43.836   87.636   1320.8    749.0
     1     1    10     3    16    19     0     1   -47.0   43.870   87.120   1558.3    756.2
     1     1    10     3    16    18     0     0   -48.0   43.945   86.587   1804.7    720.7
     1     1    10     3    16    17     0     1   -49.0   44.055   85.965   2035.5    677.4
     1     1    10     3    16    16     0     2   -50.0   44.157   85.170   2403.1    624.3
     1     1    10     3    16    15     0     3   -51.0   44.242   84.273   2854.1    553.1
     1     1    10     3    16    14     0     2   -52.0   44.288   83.375   2992.9    560.9
     1     1    10     3    16    13     0     1   -53.0   44.251   82.504   2708.2    607.3
     1     1    10     3    16    12     0     0   -54.0   44.176   81.714   2405.8    646.4
     1     1    10     3    16    11     0     1   -55.0   44.063   80.945   2233.6    699.8
     1     1    10     3    16    10     0     2   -56.0   43.899   80.219   2385.3    715.5
     1     1    10     3    16     9     0     3   -57.0   43.707   79.499   2603.3    652.3
     1     1    10     3    16     8     0     2   -58.0   43.531   78.800   2599.6    613.4
     1     1    10     3    16     7     0     1   -59.0   43.374   78.174   2351.8    598.3
     1     1    10     3    16     6     0     0   -60.0   43.177   77.621   2002.0    595.7
     1     1    10     3    16     5     0     1   -61.0   42.968   77.071   1763.9    583.0
     1     1    10     3    16     4     0     2   -62.0   42.812   76.500   1845.1    614.3
     1     1    10     3    16     3     0     3   -63.0   42.730   75.892   2062.2    615.8
     1     1    10     3    16     2     0     2   -64.0   42.690   75.238   2226.3    619.3
     1     1    10     3    16     1     0     1   -65.0   42.660   74.565   2343.1    634.8
     1     1    10     3    16     0     0     0   -66.0   42.635   73.850   2525.5    636.9
     1     1    10     3    15    23     0     1   -67.0   42.607   73.072   2663.9    610.9
     1     1    10     3    15    22     0     2   -68.0   42.583   72.251   2683.1    612.8
     1     1    10     3    15    21     0     3   -69.0   42.582   71.408   2619.9    613.1
     1     1    10     3    15    20     0     2   -70.0   42.568   70.589   2517.1    632.8
     1     1    10     3    15    19     0     1   -71.0   42.512   69.791   2517.8    665.5
     1     1    10     3    15    18     0     0   -72.0   42.425   69.037   2515.4    718.9
     1     1    10     3    15    17     0     1   -73.0   42.331   68.340   2470.5    732.3
     1     1    10     3    15    16     0     2   -74.0   42.259   67.635   2450.8    737.1
     1     1    10     3    15    15     0     3   -75.0   42.176   66.902   2381.2    741.9
     1     1    10     3    15    14     0     2   -76.0   42.064   66.158   2296.5    753.5
     1     1    10     3    15    13     0     1   -77.0   41.942   65.392   2243.5    755.0
     1     1    10     3    15    12     0     0   -78.0   41.752   64.624   2198.7    759.8
     1     1    10     3    15    11     0     1   -79.0   41.475   63.894   2138.1    762.2
     1     1    10     3    15    10     0     2   -80.0   41.145   63.290   2083.7    773.5
     1     1    10     3    15     9     0     3   -81.0   40.748   62.838   2010.3    781.1
     1     1    10     3    15     8     0     2   -82.0   40.316   62.512   1919.8    791.9
     1     1    10     3    15     7     0     1   -83.0   39.882   62.279   1826.0    802.1
     1     1    10     3    15     6     0     0   -84.0   39.455   62.161   1742.0    812.6
     1     1    10     3    15     5     0     1   -85.0   39.061   62.139   1675.2    821.4
     1     1    10     3    15     4     0     2   -86.0   38.729   62.175   1647.9    824.0
     1     1    10     3    15     3     0     3   -87.0   38.464   62.253   1676.5    819.1
     1     1    10     3    15     2     0     2   -88.0   38.260   62.345   1723.8    809.8
     1     1    10     3    15     1     0     1   -89.0   38.121   62.428   1755.4    806.2
     1     1    10     3    15     0     0     0   -90.0   38.047   62.494   1774.8    804.6
     1     1    10     3    14    23     0     1   -91.0   38.025   62.512   1797.3    803.9
     1     1    10     3    14    22     0     2   -92.0   38.035   62.453   1831.2    800.4
     1     1    10     3    14    21     0     3   -93.0   38.062   62.300   1871.5    796.1
     1     1    10     3    14    20     0     2   -94.0   38.090   62.060   1899.0    791.3
     1     1    10     3    14    19     0     1   -95.0   38.116   61.762   1903.7    792.0
     1     1    10     3    14    18     0     0   -96.0   38.126   61.417   1913.4    794.0
