     7     1
    GDAS    10     3    22     0     0
    GDAS    10     4     8     0     0
    GDAS    10     4    15     0     0
    GDAS    10     4    22     0     0
    GDAS    10     4    29     0     0
    GDAS    10     4     1     0     0
    GDAS    10     3    29     0     0
     1 BACKWARD OMEGA   
    10     4     5    18   39.977  116.381  3000.0
     1 PRESSURE
     1     1    10     4     5    18     0     0     0.0   39.977  116.381   2761.5    701.3
     1     1    10     4     5    17     0     1    -1.0   40.390  115.829   2894.3    642.9
     1     1    10     4     5    16     0     2    -2.0   40.805  115.158   3060.8    584.5
     1     1    10     4     5    15     0     3    -3.0   41.220  114.421   3255.3    559.3
     1     1    10     4     5    14     0     2    -4.0   41.651  113.668   3435.9    542.2
     1     1    10     4     5    13     0     1    -5.0   42.076  112.904   3656.5    528.6
     1     1    10     4     5    12     0     0    -6.0   42.464  112.106   3839.9    525.0
     1     1    10     4     5    11     0     1    -7.0   42.785  111.333   3922.4    530.2
     1     1    10     4     5    10     0     2    -8.0   43.015  110.662   3895.9    534.1
     1     1    10     4     5     9     0     3    -9.0   43.197  110.069   3783.1    541.1
     1     1    10     4     5     8     0     2   -10.0   43.376  109.548   3681.0    555.8
     1     1    10     4     5     7     0     1   -11.0   43.579  109.075   3642.2    562.3
     1     1    10     4     5     6     0     0   -12.0   43.787  108.657   3645.0    564.7
     1     1    10     4     5     5     0     1   -13.0   43.999  108.296   3642.6    559.2
     1     1    10     4     5     4     0     2   -14.0   44.232  107.981   3622.2    556.6
     1     1    10     4     5     3     0     3   -15.0   44.499  107.678   3627.8    553.3
     1     1    10     4     5     2     0     2   -16.0   44.784  107.376   3685.0    548.2
     1     1    10     4     5     1     0     1   -17.0   45.078  107.069   3790.2    537.9
     1     1    10     4     5     0     0     0   -18.0   45.387  106.741   3893.3    519.1
     1     1    10     4     4    23     0     1   -19.0   45.697  106.363   3965.5    504.2
     1     1    10     4     4    22     0     2   -20.0   45.998  105.956   3998.9    496.6
     1     1    10     4     4    21     0     3   -21.0   46.293  105.526   4037.9    495.4
     1     1    10     4     4    20     0     2   -22.0   46.570  105.034   4084.4    491.9
     1     1    10     4     4    19     0     1   -23.0   46.826  104.507   4089.6    484.0
     1     1    10     4     4    18     0     0   -24.0   47.064  103.995   4035.3    479.6
     1     1    10     4     4    17     0     1   -25.0   47.281  103.505   3952.4    489.8
     1     1    10     4     4    16     0     2   -26.0   47.470  103.046   3803.9    498.7
     1     1    10     4     4    15     0     3   -27.0   47.640  102.632   3637.4    510.9
     1     1    10     4     4    14     0     2   -28.0   47.801  102.243   3525.8    520.2
     1     1    10     4     4    13     0     1   -29.0   47.957  101.855   3471.9    521.3
     1     1    10     4     4    12     0     0   -30.0   48.116  101.433   3437.3    516.6
     1     1    10     4     4    11     0     1   -31.0   48.298  100.952   3422.2    511.8
     1     1    10     4     4    10     0     2   -32.0   48.514  100.441   3421.5    505.7
     1     1    10     4     4     9     0     3   -33.0   48.758   99.920   3423.4    500.5
     1     1    10     4     4     8     0     2   -34.0   49.037   99.388   3420.6    499.9
     1     1    10     4     4     7     0     1   -35.0   49.351   98.832   3417.7    498.7
     1     1    10     4     4     6     0     0   -36.0   49.688   98.252   3430.2    492.1
     1     1    10     4     4     5     0     1   -37.0   50.034   97.628   3444.8    483.2
     1     1    10     4     4     4     0     2   -38.0   50.370   96.942   3517.4    496.5
     1     1    10     4     4     3     0     3   -39.0   50.691   96.233   3594.7    514.0
     1     1    10     4     4     2     0     2   -40.0   50.997   95.542   3627.6    530.2
     1     1    10     4     4     1     0     1   -41.0   51.285   94.872   3595.4    533.5
     1     1    10     4     4     0     0     0   -42.0   51.559   94.217   3569.8    540.5
     1     1    10     4     3    23     0     1   -43.0   51.832   93.589   3569.4    547.1
     1     1    10     4     3    22     0     2   -44.0   52.106   92.995   3554.3    551.1
     1     1    10     4     3    21     0     3   -45.0   52.387   92.402   3553.0    556.4
     1     1    10     4     3    20     0     2   -46.0   52.663   91.790   3606.3    563.6
     1     1    10     4     3    19     0     1   -47.0   52.911   91.184   3688.7    576.9
     1     1    10     4     3    18     0     0   -48.0   53.135   90.592   3733.0    576.1
     1     1    10     4     3    17     0     1   -49.0   53.369   89.999   3704.7    562.6
     1     1    10     4     3    16     0     2   -50.0   53.632   89.406   3635.7    559.7
     1     1    10     4     3    15     0     3   -51.0   53.914   88.831   3570.4    566.8
     1     1    10     4     3    14     0     2   -52.0   54.192   88.277   3573.3    590.3
     1     1    10     4     3    13     0     1   -53.0   54.454   87.733   3584.9    599.8
     1     1    10     4     3    12     0     0   -54.0   54.697   87.197   3609.4    608.9
     1     1    10     4     3    11     0     1   -55.0   54.935   86.694   3627.3    614.7
     1     1    10     4     3    10     0     2   -56.0   55.179   86.244   3639.7    615.5
     1     1    10     4     3     9     0     3   -57.0   55.422   85.838   3664.7    613.8
     1     1    10     4     3     8     0     2   -58.0   55.672   85.456   3695.4    611.4
     1     1    10     4     3     7     0     1   -59.0   55.934   85.085   3716.5    612.3
     1     1    10     4     3     6     0     0   -60.0   56.205   84.726   3723.2    613.7
     1     1    10     4     3     5     0     1   -61.0   56.484   84.344   3724.0    615.5
     1     1    10     4     3     4     0     2   -62.0   56.770   83.902   3728.6    616.4
     1     1    10     4     3     3     0     3   -63.0   57.074   83.387   3741.0    614.5
     1     1    10     4     3     2     0     2   -64.0   57.410   82.832   3764.9    611.9
     1     1    10     4     3     1     0     1   -65.0   57.766   82.280   3788.3    610.3
     1     1    10     4     3     0     0     0   -66.0   58.129   81.722   3798.8    609.3
     1     1    10     4     2    23     0     1   -67.0   58.511   81.180   3802.5    610.4
     1     1    10     4     2    22     0     2   -68.0   58.916   80.693   3810.4    612.1
     1     1    10     4     2    21     0     3   -69.0   59.332   80.251   3820.6    612.0
     1     1    10     4     2    20     0     2   -70.0   59.744   79.823   3834.1    610.5
     1     1    10     4     2    19     0     1   -71.0   60.152   79.385   3846.1    609.5
     1     1    10     4     2    18     0     0   -72.0   60.569   78.938   3859.1    608.7
     1     1    10     4     2    17     0     1   -73.0   60.981   78.485   3875.6    607.6
     1     1    10     4     2    16     0     2   -74.0   61.381   78.008   3891.1    604.9
     1     1    10     4     2    15     0     3   -75.0   61.784   77.489   3902.4    603.0
     1     1    10     4     2    14     0     2   -76.0   62.192   76.925   3909.3    601.4
     1     1    10     4     2    13     0     1   -77.0   62.600   76.319   3916.3    600.6
     1     1    10     4     2    12     0     0   -78.0   63.018   75.671   3921.3    598.2
     1     1    10     4     2    11     0     1   -79.0   63.437   74.954   3934.7    598.5
     1     1    10     4     2    10     0     2   -80.0   63.842   74.152   3954.7    597.3
     1     1    10     4     2     9     0     3   -81.0   64.235   73.290   3971.6    596.6
     1     1    10     4     2     8     0     2   -82.0   64.629   72.383   3963.8    598.3
     1     1    10     4     2     7     0     1   -83.0   65.045   71.433   3931.0    601.4
     1     1    10     4     2     6     0     0   -84.0   65.493   70.445   3893.5    605.0
     1     1    10     4     2     5     0     1   -85.0   65.960   69.408   3880.4    606.2
     1     1    10     4     2     4     0     2   -86.0   66.434   68.277   3933.4    602.1
     1     1    10     4     2     3     0     3   -87.0   66.919   67.063   3889.2    595.2
     1     1    10     4     2     2     0     2   -88.0   67.426   65.821   3762.1    592.6
     1     1    10     4     2     1     0     1   -89.0   67.970   64.478   3860.0    593.2
     1     1    10     4     2     0     0     0   -90.0   68.517   63.036   3910.9    591.9
     1     1    10     4     1    23     0     1   -91.0   69.065   61.508   3969.2    593.0
     1     1    10     4     1    22     0     2   -92.0   69.611   59.932   4041.1    594.9
     1     1    10     4     1    21     0     3   -93.0   70.165   58.316   4088.2    590.6
     1     1    10     4     1    20     0     2   -94.0   70.721   56.689   4133.8    585.8
     1     1    10     4     1    19     0     1   -95.0   71.275   55.055   4174.4    574.1
     1     1    10     4     1    18     0     0   -96.0   71.838   53.390   4213.9    563.0
