     7     1
    GDAS    10     3    22     0     0
    GDAS    10     4     8     0     0
    GDAS    10     4    15     0     0
    GDAS    10     4    22     0     0
    GDAS    10     4    29     0     0
    GDAS    10     4     1     0     0
    GDAS    10     3    29     0     0
     1 BACKWARD OMEGA   
    10     4     4    12   39.977  116.381  2600.0
     1 PRESSURE
     1     1    10     4     4    12     0     0     0.0   39.977  116.381   2364.1    735.3
     1     1    10     4     4    11     0     1    -1.0   39.882  116.042   2317.8    724.6
     1     1    10     4     4    10     0     2    -2.0   39.807  115.728   2105.1    729.6
     1     1    10     4     4     9     0     3    -3.0   39.745  115.445   1777.3    746.6
     1     1    10     4     4     8     0     2    -4.0   39.683  115.212   1464.9    774.9
     1     1    10     4     4     7     0     1    -5.0   39.626  115.026   1254.5    788.1
     1     1    10     4     4     6     0     0    -6.0   39.580  114.884   1148.9    798.2
     1     1    10     4     4     5     0     1    -7.0   39.561  114.756   1098.4    795.1
     1     1    10     4     4     4     0     2    -8.0   39.582  114.620   1054.2    793.4
     1     1    10     4     4     3     0     3    -9.0   39.640  114.471   1030.4    788.7
     1     1    10     4     4     2     0     2   -10.0   39.726  114.288   1044.9    779.8
     1     1    10     4     4     1     0     1   -11.0   39.830  114.051   1093.7    768.3
     1     1    10     4     4     0     0     0   -12.0   39.950  113.760   1146.8    758.8
     1     1    10     4     3    23     0     1   -13.0   40.057  113.471   1177.7    751.0
     1     1    10     4     3    22     0     2   -14.0   40.124  113.230   1166.3    746.2
     1     1    10     4     3    21     0     3   -15.0   40.153  113.055   1090.4    749.9
     1     1    10     4     3    20     0     2   -16.0   40.187  112.947    967.9    761.1
     1     1    10     4     3    19     0     1   -17.0   40.281  112.862    844.7    771.6
     1     1    10     4     3    18     0     0   -18.0   40.434  112.771    757.9    775.3
     1     1    10     4     3    17     0     1   -19.0   40.632  112.630    733.5    772.0
     1     1    10     4     3    16     0     2   -20.0   40.863  112.431    772.6    761.0
     1     1    10     4     3    15     0     3   -21.0   41.117  112.203    837.8    751.3
     1     1    10     4     3    14     0     2   -22.0   41.360  111.890    877.5    749.4
     1     1    10     4     3    13     0     1   -23.0   41.591  111.478    873.4    756.2
     1     1    10     4     3    12     0     0   -24.0   41.838  111.026    840.1    772.9
     1     1    10     4     3    11     0     1   -25.0   42.084  110.558    782.4    781.6
     1     1    10     4     3    10     0     2   -26.0   42.312  110.065    724.0    789.7
     1     1    10     4     3     9     0     3   -27.0   42.530  109.534    674.6    793.0
     1     1    10     4     3     8     0     2   -28.0   42.740  108.984    588.3    801.1
     1     1    10     4     3     7     0     1   -29.0   42.939  108.450    484.3    832.0
     1     1    10     4     3     6     0     0   -30.0   43.131  107.955    415.9    853.4
     1     1    10     4     3     5     0     1   -31.0   43.315  107.489    409.8    844.9
     1     1    10     4     3     4     0     2   -32.0   43.500  107.039    457.5    826.2
     1     1    10     4     3     3     0     3   -33.0   43.707  106.610    519.6    808.4
     1     1    10     4     3     2     0     2   -34.0   43.928  106.169    565.7    793.1
     1     1    10     4     3     1     0     1   -35.0   44.148  105.687    571.2    789.6
     1     1    10     4     3     0     0     0   -36.0   44.369  105.207    535.9    796.0
     1     1    10     4     2    23     0     1   -37.0   44.556  104.771    498.9    805.8
     1     1    10     4     2    22     0     2   -38.0   44.671  104.339    457.5    808.6
     1     1    10     4     2    21     0     3   -39.0   44.693  103.865    390.6    813.9
     1     1    10     4     2    20     0     2   -40.0   44.650  103.391    388.5    818.0
     1     1    10     4     2    19     0     1   -41.0   44.588  102.905    480.0    801.9
     1     1    10     4     2    18     0     0   -42.0   44.526  102.403    569.7    783.7
     1     1    10     4     2    17     0     1   -43.0   44.463  101.932    582.9    785.3
     1     1    10     4     2    16     0     2   -44.0   44.391  101.494    560.8    799.4
     1     1    10     4     2    15     0     3   -45.0   44.310  101.060    548.6    809.7
     1     1    10     4     2    14     0     2   -46.0   44.219  100.611    552.9    808.0
     1     1    10     4     2    13     0     1   -47.0   44.116  100.143    554.6    801.2
     1     1    10     4     2    12     0     0   -48.0   44.016   99.706    551.1    805.3
     1     1    10     4     2    11     0     1   -49.0   43.931   99.333    544.7    805.4
     1     1    10     4     2    10     0     2   -50.0   43.861   99.030    516.9    807.8
     1     1    10     4     2     9     0     3   -51.0   43.791   98.772    461.6    813.3
     1     1    10     4     2     8     0     2   -52.0   43.718   98.543    388.7    822.7
     1     1    10     4     2     7     0     1   -53.0   43.643   98.343    315.4    830.5
     1     1    10     4     2     6     0     0   -54.0   43.563   98.176    247.0    838.0
     1     1    10     4     2     5     0     1   -55.0   43.487   98.052    199.5    844.0
     1     1    10     4     2     4     0     2   -56.0   43.419   97.982    177.1    845.5
     1     1    10     4     2     3     0     3   -57.0   43.352   97.970    169.4    845.7
     1     1    10     4     2     2     0     2   -58.0   43.281   97.980    168.7    844.7
     1     1    10     4     2     1     0     1   -59.0   43.205   97.979    171.2    843.7
     1     1    10     4     2     0     0     0   -60.0   43.122   97.966    178.8    842.1
     1     1    10     4     1    23     0     1   -61.0   43.031   97.943    189.1    839.3
     1     1    10     4     1    22     0     2   -62.0   42.936   97.914    200.0    836.9
     1     1    10     4     1    21     0     3   -63.0   42.841   97.880    212.1    834.3
     1     1    10     4     1    20     0     2   -64.0   42.749   97.844    226.0    831.8
     1     1    10     4     1    19     0     1   -65.0   42.663   97.805    241.6    829.1
     1     1    10     4     1    18     0     0   -66.0   42.579   97.772    258.3    826.0
     1     1    10     4     1    17     0     1   -67.0   42.507   97.744    273.1    822.4
     1     1    10     4     1    16     0     2   -68.0   42.459   97.716    282.0    820.0
     1     1    10     4     1    15     0     3   -69.0   42.436   97.688    283.7    818.7
     1     1    10     4     1    14     0     2   -70.0   42.444   97.665    274.5    818.9
     1     1    10     4     1    13     0     1   -71.0   42.490   97.651    252.3    821.8
     1     1    10     4     1    12     0     0   -72.0   42.574   97.639    221.8    826.2
     1     1    10     4     1    11     0     1   -73.0   42.667   97.605    197.8    831.0
     1     1    10     4     1    10     0     2   -74.0   42.740   97.535    185.5    832.6
     1     1    10     4     1     9     0     3   -75.0   42.789   97.435    181.4    832.8
     1     1    10     4     1     8     0     2   -76.0   42.827   97.321    180.6    832.4
     1     1    10     4     1     7     0     1   -77.0   42.865   97.203    179.0    832.7
     1     1    10     4     1     6     0     0   -78.0   42.902   97.079    176.1    833.2
     1     1    10     4     1     5     0     1   -79.0   42.939   96.949    170.6    836.0
     1     1    10     4     1     4     0     2   -80.0   42.977   96.816    162.7    843.3
     1     1    10     4     1     3     0     3   -81.0   43.014   96.689    153.0    850.7
     1     1    10     4     1     2     0     2   -82.0   43.049   96.567    145.1    856.9
     1     1    10     4     1     1     0     1   -83.0   43.088   96.451    142.4    861.6
     1     1    10     4     1     0     0     0   -84.0   43.131   96.341    143.4    865.5
     1     1    10     3    31    23     0     1   -85.0   43.169   96.235    144.5    868.8
     1     1    10     3    31    22     0     2   -86.0   43.191   96.133    143.5    872.2
     1     1    10     3    31    21     0     3   -87.0   43.198   96.037    140.8    875.6
     1     1    10     3    31    20     0     2   -88.0   43.202   95.946    132.8    874.5
     1     1    10     3    31    19     0     1   -89.0   43.212   95.859    115.1    872.1
     1     1    10     3    31    18     0     0   -90.0   43.227   95.774     90.2    871.3
     1     1    10     3    31    17     0     1   -91.0   43.244   95.700     61.6    872.2
     1     1    10     3    31    16     0     2   -92.0   43.261   95.645     34.5    874.0
     1     1    10     3    31    15     0     3   -93.0   43.279   95.605     15.9    876.5
     1     1    10     3    31    14     0     2   -94.0   43.297   95.565      2.2    876.5
     1     1    10     3    31    13     0     1   -95.0   43.315   95.522      0.0    876.7
     1     1    10     3    31    12     0     0   -96.0   43.332   95.474      0.0    876.9
