     7     1
    GDAS    10     3    22     0     0
    GDAS    10     4     8     0     0
    GDAS    10     4    15     0     0
    GDAS    10     4    22     0     0
    GDAS    10     4    29     0     0
    GDAS    10     4     1     0     0
    GDAS    10     3    29     0     0
     1 BACKWARD OMEGA   
    10     4    21     6   39.977  116.381  9800.0
     1 PRESSURE
     1     1    10     4    21     6     0     0     0.0   39.977  116.381   9560.0    277.5
     1     1    10     4    21     5     0     1    -1.0   39.252  114.754   9461.6    265.0
     1     1    10     4    21     4     0     2    -2.0   38.510  113.041   9313.5    250.1
     1     1    10     4    21     3     0     3    -3.0   37.779  111.325   9278.7    248.8
     1     1    10     4    21     2     0     2    -4.0   37.149  109.699   9380.1    252.8
     1     1    10     4    21     1     0     1    -5.0   36.577  108.183   9359.6    241.6
     1     1    10     4    21     0     0     0    -6.0   35.977  106.795   9434.9    234.5
     1     1    10     4    20    23     0     1    -7.0   35.421  105.359   9410.4    224.8
     1     1    10     4    20    22     0     2    -8.0   35.024  103.945   9081.3    210.4
     1     1    10     4    20    21     0     3    -9.0   34.647  102.628   8641.2    198.7
     1     1    10     4    20    20     0     2   -10.0   34.352  101.357   8325.2    196.6
     1     1    10     4    20    19     0     1   -11.0   34.174   99.995   8170.8    191.5
     1     1    10     4    20    18     0     0   -12.0   34.150   98.576   8162.2    185.9
     1     1    10     4    20    17     0     1   -13.0   34.261   97.108   8109.8    182.8
     1     1    10     4    20    16     0     2   -14.0   34.433   95.653   8065.1    183.0
     1     1    10     4    20    15     0     3   -15.0   34.661   94.148   8045.8    184.4
     1     1    10     4    20    14     0     2   -16.0   34.862   92.574   7958.6    180.9
     1     1    10     4    20    13     0     1   -17.0   35.016   90.942   7918.6    176.8
     1     1    10     4    20    12     0     0   -18.0   35.167   89.340   7887.3    177.3
     1     1    10     4    20    11     0     1   -19.0   35.319   87.747   7895.2    175.9
     1     1    10     4    20    10     0     2   -20.0   35.456   86.181   7881.6    176.2
     1     1    10     4    20     9     0     3   -21.0   35.567   84.622   7784.1    178.7
     1     1    10     4    20     8     0     2   -22.0   35.616   83.065   7764.2    173.2
     1     1    10     4    20     7     0     1   -23.0   35.639   81.572   8011.5    180.3
     1     1    10     4    20     6     0     0   -24.0   35.670   80.156   7962.4    181.9
     1     1    10     4    20     5     0     1   -25.0   35.691   78.767   7845.4    173.6
     1     1    10     4    20     4     0     2   -26.0   35.688   77.383   7833.9    175.0
     1     1    10     4    20     3     0     3   -27.0   35.603   75.985   8052.5    181.2
     1     1    10     4    20     2     0     2   -28.0   35.423   74.642   8442.0    192.8
     1     1    10     4    20     1     0     1   -29.0   35.178   73.430   8774.0    206.1
     1     1    10     4    20     0     0     0   -30.0   34.893   72.455   9177.5    233.8
     1     1    10     4    19    23     0     1   -31.0   34.658   71.767   9187.0    253.5
     1     1    10     4    19    22     0     2   -32.0   34.468   71.143   8881.2    256.5
     1     1    10     4    19    21     0     3   -33.0   34.307   70.525   8574.3    256.1
     1     1    10     4    19    20     0     2   -34.0   34.158   69.865   8292.9    248.5
     1     1    10     4    19    19     0     1   -35.0   33.993   69.111   8241.2    245.5
     1     1    10     4    19    18     0     0   -36.0   33.750   68.264   8185.7    239.1
     1     1    10     4    19    17     0     1   -37.0   33.408   67.406   8033.2    243.6
     1     1    10     4    19    16     0     2   -38.0   33.010   66.554   7760.7    267.7
     1     1    10     4    19    15     0     3   -39.0   32.441   65.818   7375.8    313.9
     1     1    10     4    19    14     0     2   -40.0   31.900   65.314   6422.4    392.1
     1     1    10     4    19    13     0     1   -41.0   31.430   64.762   5941.9    441.1
     1     1    10     4    19    12     0     0   -42.0   30.952   64.199   5333.8    447.7
     1     1    10     4    19    11     0     1   -43.0   30.494   63.860   4601.8    536.5
     1     1    10     4    19    10     0     2   -44.0   30.056   63.495   4297.3    552.8
     1     1    10     4    19     9     0     3   -45.0   29.656   63.080   4194.1    556.0
     1     1    10     4    19     8     0     2   -46.0   29.312   62.659   4015.3    563.6
     1     1    10     4    19     7     0     1   -47.0   29.009   62.233   3782.5    580.3
     1     1    10     4    19     6     0     0   -48.0   28.692   61.767   3621.7    576.0
     1     1    10     4    19     5     0     1   -49.0   28.365   61.257   3546.8    553.4
     1     1    10     4    19     4     0     2   -50.0   28.092   60.745   3527.5    556.7
     1     1    10     4    19     3     0     3   -51.0   27.880   60.257   3457.9    574.8
     1     1    10     4    19     2     0     2   -52.0   27.717   59.782   3288.8    609.0
     1     1    10     4    19     1     0     1   -53.0   27.583   59.316   3133.1    636.6
     1     1    10     4    19     0     0     0   -54.0   27.476   58.879   3035.4    649.0
     1     1    10     4    18    23     0     1   -55.0   27.386   58.462   3011.5    652.8
     1     1    10     4    18    22     0     2   -56.0   27.312   58.066   3097.7    640.1
     1     1    10     4    18    21     0     3   -57.0   27.254   57.672   3236.2    635.5
     1     1    10     4    18    20     0     2   -58.0   27.205   57.236   3400.5    644.9
     1     1    10     4    18    19     0     1   -59.0   27.154   56.771   3562.5    644.9
     1     1    10     4    18    18     0     0   -60.0   27.088   56.324   3636.0    643.9
     1     1    10     4    18    17     0     1   -61.0   27.020   55.905   3649.6    652.4
     1     1    10     4    18    16     0     2   -62.0   26.986   55.470   3654.4    642.8
     1     1    10     4    18    15     0     3   -63.0   26.987   54.975   3644.8    625.4
     1     1    10     4    18    14     0     2   -64.0   26.993   54.429   3644.2    625.8
     1     1    10     4    18    13     0     1   -65.0   26.992   53.830   3706.2    625.0
     1     1    10     4    18    12     0     0   -66.0   26.960   53.198   3794.7    630.5
     1     1    10     4    18    11     0     1   -67.0   26.866   52.606   3843.3    640.1
     1     1    10     4    18    10     0     2   -68.0   26.702   52.083   3927.1    641.4
     1     1    10     4    18     9     0     3   -69.0   26.485   51.626   4050.9    630.1
     1     1    10     4    18     8     0     2   -70.0   26.266   51.187   4146.9    617.3
     1     1    10     4    18     7     0     1   -71.0   26.081   50.752   4015.6    616.3
     1     1    10     4    18     6     0     0   -72.0   25.933   50.381   3508.7    654.9
     1     1    10     4    18     5     0     1   -73.0   25.775   50.040   2888.8    726.4
     1     1    10     4    18     4     0     2   -74.0   25.590   49.699   2514.0    757.4
     1     1    10     4    18     3     0     3   -75.0   25.397   49.355   2304.5    760.8
     1     1    10     4    18     2     0     2   -76.0   25.181   49.014   2134.1    767.5
     1     1    10     4    18     1     0     1   -77.0   24.935   48.687   2004.4    773.1
     1     1    10     4    18     0     0     0   -78.0   24.688   48.388   1947.2    774.3
     1     1    10     4    17    23     0     1   -79.0   24.463   48.108   1955.9    769.7
     1     1    10     4    17    22     0     2   -80.0   24.263   47.830   1989.6    761.5
     1     1    10     4    17    21     0     3   -81.0   24.073   47.565   2005.5    755.4
     1     1    10     4    17    20     0     2   -82.0   23.883   47.305   2011.2    751.9
     1     1    10     4    17    19     0     1   -83.0   23.697   47.026   2026.0    744.6
     1     1    10     4    17    18     0     0   -84.0   23.516   46.741   2048.7    738.5
     1     1    10     4    17    17     0     1   -85.0   23.345   46.474   2066.9    734.2
     1     1    10     4    17    16     0     2   -86.0   23.190   46.234   2083.0    732.0
     1     1    10     4    17    15     0     3   -87.0   23.051   46.010   2109.5    729.4
     1     1    10     4    17    14     0     2   -88.0   22.921   45.783   2152.3    725.5
     1     1    10     4    17    13     0     1   -89.0   22.797   45.543   2210.5    719.4
     1     1    10     4    17    12     0     0   -90.0   22.679   45.290   2279.0    710.5
     1     1    10     4    17    11     0     1   -91.0   22.563   45.036   2324.3    701.4
     1     1    10     4    17    10     0     2   -92.0   22.449   44.798   2336.6    697.9
     1     1    10     4    17     9     0     3   -93.0   22.338   44.584   2340.8    694.7
     1     1    10     4    17     8     0     2   -94.0   22.229   44.378   2354.4    690.8
     1     1    10     4    17     7     0     1   -95.0   22.117   44.156   2390.1    684.4
     1     1    10     4    17     6     0     0   -96.0   21.994   43.916   2447.8    677.5
