     7     1
    GDAS    10     3    22     0     0
    GDAS    10     4     8     0     0
    GDAS    10     4    15     0     0
    GDAS    10     4    22     0     0
    GDAS    10     4    29     0     0
    GDAS    10     4     1     0     0
    GDAS    10     3    29     0     0
     1 BACKWARD OMEGA   
    10     4     9     6   39.977  116.381  1400.0
     1 PRESSURE
     1     1    10     4     9     6     0     0     0.0   39.977  116.381   1166.1    852.5
     1     1    10     4     9     5     0     1    -1.0   39.823  116.406   1009.5    873.7
     1     1    10     4     9     4     0     2    -2.0   39.717  116.530    866.2    897.3
     1     1    10     4     9     3     0     3    -3.0   39.646  116.740    750.3    917.7
     1     1    10     4     9     2     0     2    -4.0   39.603  116.985    663.2    933.6
     1     1    10     4     9     1     0     1    -5.0   39.579  117.210    591.9    939.6
     1     1    10     4     9     0     0     0    -6.0   39.566  117.404    528.9    945.2
     1     1    10     4     8    23     0     1    -7.0   39.557  117.543    477.5    950.8
     1     1    10     4     8    22     0     2    -8.0   39.542  117.591    437.4    954.6
     1     1    10     4     8    21     0     3    -9.0   39.519  117.543    406.4    957.9
     1     1    10     4     8    20     0     2   -10.0   39.468  117.426    374.5    960.5
     1     1    10     4     8    19     0     1   -11.0   39.351  117.254    339.5    966.1
     1     1    10     4     8    18     0     0   -12.0   39.149  117.012    330.5    969.8
     1     1    10     4     8    17     0     1   -13.0   38.864  116.711    324.9    965.5
     1     1    10     4     8    16     0     2   -14.0   38.505  116.431    287.3    970.5
     1     1    10     4     8    15     0     3   -15.0   38.001  116.138    268.7    970.1
     1     1    10     4     8    14     0     2   -16.0   37.373  115.858    280.3    968.9
     1     1    10     4     8    13     0     1   -17.0   36.783  115.670    290.8    972.7
     1     1    10     4     8    12     0     0   -18.0   36.224  115.563    302.6    969.4
     1     1    10     4     8    11     0     1   -19.0   35.724  115.514    311.1    968.4
     1     1    10     4     8    10     0     2   -20.0   35.309  115.482    318.3    967.5
     1     1    10     4     8     9     0     3   -21.0   34.976  115.438    321.1    966.1
     1     1    10     4     8     8     0     2   -22.0   34.698  115.388    314.8    967.5
     1     1    10     4     8     7     0     1   -23.0   34.446  115.349    303.3    969.8
     1     1    10     4     8     6     0     0   -24.0   34.216  115.315    287.8    972.6
     1     1    10     4     8     5     0     1   -25.0   34.000  115.296    274.4    976.3
     1     1    10     4     8     4     0     2   -26.0   33.793  115.308    265.0    978.8
     1     1    10     4     8     3     0     3   -27.0   33.596  115.351    256.2    981.5
     1     1    10     4     8     2     0     2   -28.0   33.404  115.412    247.2    983.7
     1     1    10     4     8     1     0     1   -29.0   33.210  115.480    236.7    986.2
     1     1    10     4     8     0     0     0   -30.0   33.013  115.558    225.6    988.9
     1     1    10     4     7    23     0     1   -31.0   32.832  115.641    219.3    989.7
     1     1    10     4     7    22     0     2   -32.0   32.675  115.722    220.0    989.0
     1     1    10     4     7    21     0     3   -33.0   32.538  115.801    223.4    988.0
     1     1    10     4     7    20     0     2   -34.0   32.407  115.877    226.3    987.8
     1     1    10     4     7    19     0     1   -35.0   32.271  115.952    226.7    988.0
     1     1    10     4     7    18     0     0   -36.0   32.128  116.029    224.5    988.7
     1     1    10     4     7    17     0     1   -37.0   31.985  116.115    224.1    989.3
     1     1    10     4     7    16     0     2   -38.0   31.852  116.219    230.4    983.2
     1     1    10     4     7    15     0     3   -39.0   31.733  116.348    241.6    978.3
     1     1    10     4     7    14     0     2   -40.0   31.644  116.499    251.6    976.0
     1     1    10     4     7    13     0     1   -41.0   31.592  116.662    259.2    977.0
     1     1    10     4     7    12     0     0   -42.0   31.570  116.829    266.3    979.7
     1     1    10     4     7    11     0     1   -43.0   31.561  116.994    269.3    982.3
     1     1    10     4     7    10     0     2   -44.0   31.559  117.151    265.6    984.1
     1     1    10     4     7     9     0     3   -45.0   31.564  117.300    259.7    985.7
     1     1    10     4     7     8     0     2   -46.0   31.575  117.449    253.5    988.2
     1     1    10     4     7     7     0     1   -47.0   31.590  117.605    248.0    990.3
     1     1    10     4     7     6     0     0   -48.0   31.606  117.768    242.1    992.4
     1     1    10     4     7     5     0     1   -49.0   31.630  117.937    233.8    994.5
     1     1    10     4     7     4     0     2   -50.0   31.672  118.111    224.4    996.5
     1     1    10     4     7     3     0     3   -51.0   31.733  118.288    217.3    998.2
     1     1    10     4     7     2     0     2   -52.0   31.803  118.467    214.2    999.0
     1     1    10     4     7     1     0     1   -53.0   31.870  118.648    215.8    999.6
     1     1    10     4     7     0     0     0   -54.0   31.939  118.830    221.1   1000.1
     1     1    10     4     6    23     0     1   -55.0   32.014  119.013    231.4   1000.6
     1     1    10     4     6    22     0     2   -56.0   32.104  119.203    247.7    997.8
     1     1    10     4     6    21     0     3   -57.0   32.216  119.401    267.5    994.6
     1     1    10     4     6    20     0     2   -58.0   32.357  119.615    286.2    990.7
     1     1    10     4     6    19     0     1   -59.0   32.526  119.847    304.4    988.0
     1     1    10     4     6    18     0     0   -60.0   32.721  120.095    330.5    985.0
     1     1    10     4     6    17     0     1   -61.0   32.940  120.344    367.2    981.0
     1     1    10     4     6    16     0     2   -62.0   33.180  120.574    407.6    976.3
     1     1    10     4     6    15     0     3   -63.0   33.429  120.781    441.5    972.4
     1     1    10     4     6    14     0     2   -64.0   33.679  120.976    464.0    969.3
     1     1    10     4     6    13     0     1   -65.0   33.943  121.176    479.9    967.8
     1     1    10     4     6    12     0     0   -66.0   34.241  121.379    490.7    965.0
     1     1    10     4     6    11     0     1   -67.0   34.582  121.566    494.3    964.4
     1     1    10     4     6    10     0     2   -68.0   34.949  121.737    504.6    963.6
     1     1    10     4     6     9     0     3   -69.0   35.326  121.896    523.4    959.7
     1     1    10     4     6     8     0     2   -70.0   35.708  122.024    536.2    956.7
     1     1    10     4     6     7     0     1   -71.0   36.095  122.102    542.5    955.9
     1     1    10     4     6     6     0     0   -72.0   36.487  122.126    561.2    953.3
     1     1    10     4     6     5     0     1   -73.0   36.871  122.113    603.6    947.0
     1     1    10     4     6     4     0     2   -74.0   37.235  122.090    665.7    939.5
     1     1    10     4     6     3     0     3   -75.0   37.589  122.072    728.4    931.4
     1     1    10     4     6     2     0     2   -76.0   37.956  122.055    767.9    926.8
     1     1    10     4     6     1     0     1   -77.0   38.339  122.018    800.2    925.9
     1     1    10     4     6     0     0     0   -78.0   38.733  121.961    881.6    919.9
     1     1    10     4     5    23     0     1   -79.0   39.144  121.895   1032.7    898.9
     1     1    10     4     5    22     0     2   -80.0   39.562  121.817   1201.7    871.2
     1     1    10     4     5    21     0     3   -81.0   39.966  121.716   1348.4    852.6
     1     1    10     4     5    20     0     2   -82.0   40.366  121.597   1454.7    842.9
     1     1    10     4     5    19     0     1   -83.0   40.758  121.481   1502.6    839.6
     1     1    10     4     5    18     0     0   -84.0   41.132  121.358   1529.4    834.8
     1     1    10     4     5    17     0     1   -85.0   41.499  121.202   1571.3    820.2
     1     1    10     4     5    16     0     2   -86.0   41.841  121.011   1628.4    800.6
     1     1    10     4     5    15     0     3   -87.0   42.139  120.791   1670.9    785.7
     1     1    10     4     5    14     0     2   -88.0   42.422  120.546   1685.0    780.6
     1     1    10     4     5    13     0     1   -89.0   42.695  120.294   1657.0    782.7
     1     1    10     4     5    12     0     0   -90.0   42.934  120.064   1573.9    791.4
     1     1    10     4     5    11     0     1   -91.0   43.152  119.859   1448.6    803.0
     1     1    10     4     5    10     0     2   -92.0   43.357  119.659   1343.2    808.4
     1     1    10     4     5     9     0     3   -93.0   43.556  119.462   1290.8    804.5
     1     1    10     4     5     8     0     2   -94.0   43.752  119.271   1288.2    794.7
     1     1    10     4     5     7     0     1   -95.0   43.946  119.083   1319.9    779.7
     1     1    10     4     5     6     0     0   -96.0   44.141  118.901   1348.9    764.1
