     7     1
    GDAS    10     3    22     0     0
    GDAS    10     4     8     0     0
    GDAS    10     4    15     0     0
    GDAS    10     4    22     0     0
    GDAS    10     4    29     0     0
    GDAS    10     4     1     0     0
    GDAS    10     3    29     0     0
     1 BACKWARD OMEGA   
    10     4    30    18   39.977  116.381  9800.0
     1 PRESSURE
     1     1    10     4    30    18     0     0     0.0   39.977  116.381   9560.9    273.0
     1     1    10     4    30    17     0     1    -1.0   40.519  115.883   9282.1    259.7
     1     1    10     4    30    16     0     2    -2.0   41.040  115.431   9063.8    250.4
     1     1    10     4    30    15     0     3    -3.0   41.549  115.010   8993.0    251.0
     1     1    10     4    30    14     0     2    -4.0   42.087  114.650   9017.1    249.6
     1     1    10     4    30    13     0     1    -5.0   42.642  114.341   9149.0    250.5
     1     1    10     4    30    12     0     0    -6.0   43.203  114.015   9280.6    252.5
     1     1    10     4    30    11     0     1    -7.0   43.766  113.672   9318.6    249.8
     1     1    10     4    30    10     0     2    -8.0   44.321  113.339   9314.2    248.3
     1     1    10     4    30     9     0     3    -9.0   44.861  112.981   9311.2    247.1
     1     1    10     4    30     8     0     2   -10.0   45.395  112.648   9338.0    247.3
     1     1    10     4    30     7     0     1   -11.0   45.933  112.362   9379.9    247.2
     1     1    10     4    30     6     0     0   -12.0   46.484  112.060   9394.3    245.0
     1     1    10     4    30     5     0     1   -13.0   47.056  111.779   9399.9    241.5
     1     1    10     4    30     4     0     2   -14.0   47.640  111.550   9437.1    240.0
     1     1    10     4    30     3     0     3   -15.0   48.231  111.308   9439.9    239.8
     1     1    10     4    30     2     0     2   -16.0   48.839  111.034   9460.8    239.7
     1     1    10     4    30     1     0     1   -17.0   49.465  110.733   9422.8    232.3
     1     1    10     4    30     0     0     0   -18.0   50.083  110.381   9389.2    230.4
     1     1    10     4    29    23     0     1   -19.0   50.673  109.994   9439.9    236.6
     1     1    10     4    29    22     0     2   -20.0   51.231  109.588   9505.6    243.2
     1     1    10     4    29    21     0     3   -21.0   51.770  109.172   9603.9    247.9
     1     1    10     4    29    20     0     2   -22.0   52.315  108.716   9677.0    244.2
     1     1    10     4    29    19     0     1   -23.0   52.877  108.178   9771.2    245.6
     1     1    10     4    29    18     0     0   -24.0   53.433  107.570   9734.1    245.9
     1     1    10     4    29    17     0     1   -25.0   53.965  106.890   9650.7    242.1
     1     1    10     4    29    16     0     2   -26.0   54.486  106.120   9706.6    246.7
     1     1    10     4    29    15     0     3   -27.0   55.028  105.248   9780.9    244.6
     1     1    10     4    29    14     0     2   -28.0   55.559  104.210   9852.1    243.3
     1     1    10     4    29    13     0     1   -29.0   56.034  103.050   9954.4    246.6
     1     1    10     4    29    12     0     0   -30.0   56.491  101.789   9983.0    245.9
     1     1    10     4    29    11     0     1   -31.0   56.894  100.418   9967.1    247.1
     1     1    10     4    29    10     0     2   -32.0   57.223   98.980   9959.0    250.9
     1     1    10     4    29     9     0     3   -33.0   57.507   97.486   9951.6    253.0
     1     1    10     4    29     8     0     2   -34.0   57.768   95.953   9937.4    252.3
     1     1    10     4    29     7     0     1   -35.0   57.998   94.379  10025.3    253.8
     1     1    10     4    29     6     0     0   -36.0   58.184   92.741  10029.7    253.1
     1     1    10     4    29     5     0     1   -37.0   58.325   91.016  10002.6    255.7
     1     1    10     4    29     4     0     2   -38.0   58.428   89.207  10024.1    255.4
     1     1    10     4    29     3     0     3   -39.0   58.466   87.238  10076.6    252.2
     1     1    10     4    29     2     0     2   -40.0   58.358   85.176  10056.9    254.3
     1     1    10     4    29     1     0     1   -41.0   58.085   83.082   9992.5    258.0
     1     1    10     4    29     0     0     0   -42.0   57.664   81.039   9907.9    260.0
     1     1    10     4    28    23     0     1   -43.0   57.056   79.004   9870.8    259.3
     1     1    10     4    28    22     0     2   -44.0   56.268   77.013   9838.4    262.0
     1     1    10     4    28    21     0     3   -45.0   55.362   75.017   9882.6    259.3
     1     1    10     4    28    20     0     2   -46.0   54.376   73.154   9838.6    262.6
     1     1    10     4    28    19     0     1   -47.0   53.297   71.391   9825.9    258.2
     1     1    10     4    28    18     0     0   -48.0   52.163   69.735   9715.7    257.4
     1     1    10     4    28    17     0     1   -49.0   50.991   68.161   9658.7    261.4
     1     1    10     4    28    16     0     2   -50.0   49.811   66.548   9638.8    261.9
     1     1    10     4    28    15     0     3   -51.0   48.626   64.854   9633.6    268.1
     1     1    10     4    28    14     0     2   -52.0   47.462   63.105   9500.1    279.3
     1     1    10     4    28    13     0     1   -53.0   46.425   61.216   9259.5    290.1
     1     1    10     4    28    12     0     0   -54.0   45.530   59.234   9113.4    299.1
     1     1    10     4    28    11     0     1   -55.0   44.849   57.176   9150.2    292.8
     1     1    10     4    28    10     0     2   -56.0   44.353   55.074   9218.2    290.2
     1     1    10     4    28     9     0     3   -57.0   43.904   53.077   9309.3    287.0
     1     1    10     4    28     8     0     2   -58.0   43.521   51.234   9400.1    289.2
     1     1    10     4    28     7     0     1   -59.0   43.183   49.602   9455.2    290.8
     1     1    10     4    28     6     0     0   -60.0   42.840   48.227   9490.9    286.1
     1     1    10     4    28     5     0     1   -61.0   42.509   47.009   9001.3    247.6
     1     1    10     4    28     4     0     2   -62.0   42.222   45.978   9071.3    246.2
     1     1    10     4    28     3     0     3   -63.0   41.965   45.141   9230.1    253.6
     1     1    10     4    28     2     0     2   -64.0   41.697   44.368   9173.5    250.9
     1     1    10     4    28     1     0     1   -65.0   41.395   43.647   9011.9    242.0
     1     1    10     4    28     0     0     0   -66.0   41.041   43.042   8836.2    233.2
     1     1    10     4    27    23     0     1   -67.0   40.665   42.499   8794.5    236.5
     1     1    10     4    27    22     0     2   -68.0   40.308   41.976   8754.9    237.2
     1     1    10     4    27    21     0     3   -69.0   39.974   41.470   8677.7    235.8
     1     1    10     4    27    20     0     2   -70.0   39.666   40.930   8658.9    241.7
     1     1    10     4    27    19     0     1   -71.0   39.362   40.384   8725.3    249.4
     1     1    10     4    27    18     0     0   -72.0   39.052   39.894   8779.3    255.9
     1     1    10     4    27    17     0     1   -73.0   38.768   39.415   8782.9    264.0
     1     1    10     4    27    16     0     2   -74.0   38.542   38.902   8731.1    272.0
     1     1    10     4    27    15     0     3   -75.0   38.357   38.333   8649.2    272.7
     1     1    10     4    27    14     0     2   -76.0   38.166   37.730   8573.8    270.6
     1     1    10     4    27    13     0     1   -77.0   37.950   37.120   8534.9    271.4
     1     1    10     4    27    12     0     0   -78.0   37.732   36.490   8555.6    278.0
     1     1    10     4    27    11     0     1   -79.0   37.523   35.847   8623.7    291.9
     1     1    10     4    27    10     0     2   -80.0   37.320   35.197   8659.5    295.9
     1     1    10     4    27     9     0     3   -81.0   37.124   34.505   8557.2    286.2
     1     1    10     4    27     8     0     2   -82.0   36.909   33.715   8422.5    276.0
     1     1    10     4    27     7     0     1   -83.0   36.636   32.826   8582.3    290.2
     1     1    10     4    27     6     0     0   -84.0   36.354   31.901   8668.9    305.5
     1     1    10     4    27     5     0     1   -85.0   36.084   30.953   8716.5    324.6
     1     1    10     4    27     4     0     2   -86.0   35.817   29.969   8573.0    329.0
     1     1    10     4    27     3     0     3   -87.0   35.580   28.925   8503.2    334.2
     1     1    10     4    27     2     0     2   -88.0   35.374   27.838   8386.4    339.1
     1     1    10     4    27     1     0     1   -89.0   35.225   26.726   8311.1    343.9
     1     1    10     4    27     0     0     0   -90.0   35.164   25.552   8297.7    339.6
     1     1    10     4    26    23     0     1   -91.0   35.188   24.356   8335.8    338.0
     1     1    10     4    26    22     0     2   -92.0   35.295   23.244   8447.3    337.0
     1     1    10     4    26    21     0     3   -93.0   35.455   22.218   8554.0    332.0
     1     1    10     4    26    20     0     2   -94.0   35.651   21.282   8653.8    327.8
     1     1    10     4    26    19     0     1   -95.0   35.903   20.438   8764.6    323.1
     1     1    10     4    26    18     0     0   -96.0   36.191   19.660   8926.8    315.6
