     7     1
    GDAS    10     3    22     0     0
    GDAS    10     4     8     0     0
    GDAS    10     4    15     0     0
    GDAS    10     4    22     0     0
    GDAS    10     4    29     0     0
    GDAS    10     4     1     0     0
    GDAS    10     3    29     0     0
     1 BACKWARD OMEGA   
    10     4     2     6   39.977  116.381  6000.0
     1 PRESSURE
     1     1    10     4     2     6     0     0     0.0   39.977  116.381   5755.0    461.4
     1     1    10     4     2     5     0     1    -1.0   40.662  114.903   5637.0    405.7
     1     1    10     4     2     4     0     2    -2.0   41.455  113.408   5810.2    381.9
     1     1    10     4     2     3     0     3    -3.0   42.301  112.021   5967.2    381.7
     1     1    10     4     2     2     0     2    -4.0   43.196  110.751   6113.6    388.6
     1     1    10     4     2     1     0     1    -5.0   44.117  109.559   6280.5    388.3
     1     1    10     4     2     0     0     0    -6.0   45.070  108.422   6336.9    370.8
     1     1    10     4     1    23     0     1    -7.0   46.093  107.393   6291.6    359.7
     1     1    10     4     1    22     0     2    -8.0   47.144  106.415   6288.4    355.8
     1     1    10     4     1    21     0     3    -9.0   48.171  105.390   6443.4    360.9
     1     1    10     4     1    20     0     2   -10.0   49.171  104.326   6492.5    356.3
     1     1    10     4     1    19     0     1   -11.0   50.179  103.233   6419.6    346.1
     1     1    10     4     1    18     0     0   -12.0   51.231  102.051   6377.3    331.5
     1     1    10     4     1    17     0     1   -13.0   52.302  100.777   6373.2    324.0
     1     1    10     4     1    16     0     2   -14.0   53.316   99.382   6476.2    335.7
     1     1    10     4     1    15     0     3   -15.0   54.219   97.856   6546.5    350.2
     1     1    10     4     1    14     0     2   -16.0   54.958   96.220   6666.2    375.6
     1     1    10     4     1    13     0     1   -17.0   55.500   94.545   6594.2    387.9
     1     1    10     4     1    12     0     0   -18.0   55.939   92.759   6544.4    400.8
     1     1    10     4     1    11     0     1   -19.0   56.289   90.856   6506.4    408.5
     1     1    10     4     1    10     0     2   -20.0   56.553   88.854   6478.1    416.3
     1     1    10     4     1     9     0     3   -21.0   56.758   86.684   6434.6    422.0
     1     1    10     4     1     8     0     2   -22.0   56.915   84.374   6418.0    426.3
     1     1    10     4     1     7     0     1   -23.0   57.006   82.034   6382.3    427.5
     1     1    10     4     1     6     0     0   -24.0   57.014   79.656   6313.4    430.4
     1     1    10     4     1     5     0     1   -25.0   56.977   77.258   6226.3    438.3
     1     1    10     4     1     4     0     2   -26.0   56.911   74.999   6066.9    449.1
     1     1    10     4     1     3     0     3   -27.0   56.796   72.947   5840.7    467.0
     1     1    10     4     1     2     0     2   -28.0   56.702   71.078   5615.4    483.1
     1     1    10     4     1     1     0     1   -29.0   56.697   69.271   5493.7    492.1
     1     1    10     4     1     0     0     0   -30.0   56.687   67.518   5408.9    497.5
     1     1    10     3    31    23     0     1   -31.0   56.747   65.882   5326.3    506.9
     1     1    10     3    31    22     0     2   -32.0   56.953   64.227   5259.7    509.7
     1     1    10     3    31    21     0     3   -33.0   57.205   62.491   5263.5    507.7
     1     1    10     3    31    20     0     2   -34.0   57.493   60.679   5361.5    493.4
     1     1    10     3    31    19     0     1   -35.0   57.857   58.843   5323.1    491.6
     1     1    10     3    31    18     0     0   -36.0   58.299   57.014   5470.8    492.1
     1     1    10     3    31    17     0     1   -37.0   58.780   55.093   5653.1    478.5
     1     1    10     3    31    16     0     2   -38.0   59.354   53.105   5786.4    466.9
     1     1    10     3    31    15     0     3   -39.0   60.031   51.108   5987.0    456.5
     1     1    10     3    31    14     0     2   -40.0   60.712   49.004   6162.2    443.8
     1     1    10     3    31    13     0     1   -41.0   61.439   46.869   6275.5    438.7
     1     1    10     3    31    12     0     0   -42.0   62.174   44.735   6380.0    434.5
     1     1    10     3    31    11     0     1   -43.0   62.809   42.597   6465.4    430.4
     1     1    10     3    31    10     0     2   -44.0   63.419   40.506   6526.2    425.2
     1     1    10     3    31     9     0     3   -45.0   63.972   38.451   6569.6    421.9
     1     1    10     3    31     8     0     2   -46.0   64.455   36.457   6628.2    420.8
     1     1    10     3    31     7     0     1   -47.0   64.890   34.505   6667.1    417.5
     1     1    10     3    31     6     0     0   -48.0   65.227   32.574   6620.7    414.7
     1     1    10     3    31     5     0     1   -49.0   65.487   30.671   6543.4    414.8
     1     1    10     3    31     4     0     2   -50.0   65.679   28.785   6489.4    412.1
     1     1    10     3    31     3     0     3   -51.0   65.754   26.816   6438.7    420.5
     1     1    10     3    31     2     0     2   -52.0   65.714   24.696   6466.1    425.3
     1     1    10     3    31     1     0     1   -53.0   65.548   22.635   6451.6    426.8
     1     1    10     3    31     0     0     0   -54.0   65.257   20.572   6325.3    423.9
     1     1    10     3    30    23     0     1   -55.0   64.864   18.552   6143.0    427.5
     1     1    10     3    30    22     0     2   -56.0   64.421   16.714   6033.2    429.2
     1     1    10     3    30    21     0     3   -57.0   63.908   15.000   5899.4    434.7
     1     1    10     3    30    20     0     2   -58.0   63.365   13.460   5700.8    432.9
     1     1    10     3    30    19     0     1   -59.0   62.810   12.003   5506.8    430.3
     1     1    10     3    30    18     0     0   -60.0   62.229   10.734   5359.3    443.1
     1     1    10     3    30    17     0     1   -61.0   61.633    9.548   5070.3    448.5
     1     1    10     3    30    16     0     2   -62.0   61.030    8.415   4699.3    467.4
     1     1    10     3    30    15     0     3   -63.0   60.405    7.420   4291.8    491.2
     1     1    10     3    30    14     0     2   -64.0   59.783    6.591   3682.5    558.3
     1     1    10     3    30    13     0     1   -65.0   59.115    6.061   3107.7    640.9
     1     1    10     3    30    12     0     0   -66.0   58.372    5.898   2476.6    726.2
     1     1    10     3    30    11     0     1   -67.0   57.603    6.056   1953.9    778.5
     1     1    10     3    30    10     0     2   -68.0   56.937    6.276   1462.0    830.3
     1     1    10     3    30     9     0     3   -69.0   56.287    6.582   1137.3    877.3
     1     1    10     3    30     8     0     2   -70.0   55.683    6.907    990.9    886.3
     1     1    10     3    30     7     0     1   -71.0   55.147    7.201    917.4    890.8
     1     1    10     3    30     6     0     0   -72.0   54.657    7.499    883.8    896.1
     1     1    10     3    30     5     0     1   -73.0   54.211    7.766    885.1    895.7
     1     1    10     3    30     4     0     2   -74.0   53.803    7.966    903.6    893.5
     1     1    10     3    30     3     0     3   -75.0   53.413    8.135    920.7    889.6
     1     1    10     3    30     2     0     2   -76.0   53.045    8.287    918.4    889.6
     1     1    10     3    30     1     0     1   -77.0   52.697    8.408    910.4    891.2
     1     1    10     3    30     0     0     0   -78.0   52.367    8.494    913.9    888.9
     1     1    10     3    29    23     0     1   -79.0   52.068    8.535    937.3    884.8
     1     1    10     3    29    22     0     2   -80.0   51.808    8.522    979.4    873.7
     1     1    10     3    29    21     0     3   -81.0   51.575    8.493   1041.5    860.7
     1     1    10     3    29    20     0     2   -82.0   51.367    8.429   1112.7    845.7
     1     1    10     3    29    19     0     1   -83.0   51.187    8.292   1180.9    832.9
     1     1    10     3    29    18     0     0   -84.0   51.041    8.086   1245.5    820.1
     1     1    10     3    29    17     0     1   -85.0   50.919    7.832   1320.0    817.4
     1     1    10     3    29    16     0     2   -86.0   50.808    7.543   1409.4    814.9
     1     1    10     3    29    15     0     3   -87.0   50.707    7.212   1498.8    810.0
     1     1    10     3    29    14     0     2   -88.0   50.617    6.843   1569.9    803.1
     1     1    10     3    29    13     0     1   -89.0   50.539    6.446   1624.2    798.1
     1     1    10     3    29    12     0     0   -90.0   50.478    6.027   1689.7    792.8
     1     1    10     3    29    11     0     1   -91.0   50.437    5.567   1769.1    786.2
     1     1    10     3    29    10     0     2   -92.0   50.424    5.047   1838.2    783.4
     1     1    10     3    29     9     0     3   -93.0   50.448    4.462   1898.2    783.6
     1     1    10     3    29     8     0     2   -94.0   50.490    3.819   1944.8    782.6
     1     1    10     3    29     7     0     1   -95.0   50.527    3.132   1974.7    782.8
     1     1    10     3    29     6     0     0   -96.0   50.565    2.388   1980.0    780.2
