     7     1
    GDAS    10     3    22     0     0
    GDAS    10     4     8     0     0
    GDAS    10     4    15     0     0
    GDAS    10     4    22     0     0
    GDAS    10     4    29     0     0
    GDAS    10     4     1     0     0
    GDAS    10     3    29     0     0
     1 BACKWARD OMEGA   
    10     4     5    12   39.977  116.381  1600.0
     1 PRESSURE
     1     1    10     4     5    12     0     0     0.0   39.977  116.381   1364.1    838.1
     1     1    10     4     5    11     0     1    -1.0   40.314  116.310   1283.6    812.2
     1     1    10     4     5    10     0     2    -2.0   40.620  116.219   1154.0    805.0
     1     1    10     4     5     9     0     3    -3.0   40.948  116.092   1146.4    781.9
     1     1    10     4     5     8     0     2    -4.0   41.249  115.867   1200.9    744.7
     1     1    10     4     5     7     0     1    -5.0   41.488  115.596   1197.7    738.4
     1     1    10     4     5     6     0     0    -6.0   41.686  115.340   1139.7    739.9
     1     1    10     4     5     5     0     1    -7.0   41.854  115.172   1054.5    748.6
     1     1    10     4     5     4     0     2    -8.0   41.988  115.109    953.6    756.3
     1     1    10     4     5     3     0     3    -9.0   42.103  115.123    843.4    770.3
     1     1    10     4     5     2     0     2   -10.0   42.209  115.166    764.6    782.7
     1     1    10     4     5     1     0     1   -11.0   42.301  115.198    734.3    785.8
     1     1    10     4     5     0     0     0   -12.0   42.370  115.212    732.2    786.3
     1     1    10     4     4    23     0     1   -13.0   42.434  115.215    740.6    785.1
     1     1    10     4     4    22     0     2   -14.0   42.512  115.224    745.8    785.3
     1     1    10     4     4    21     0     3   -15.0   42.603  115.237    742.3    786.5
     1     1    10     4     4    20     0     2   -16.0   42.707  115.244    743.5    790.0
     1     1    10     4     4    19     0     1   -17.0   42.830  115.227    766.6    790.3
     1     1    10     4     4    18     0     0   -18.0   42.971  115.178    815.0    789.0
     1     1    10     4     4    17     0     1   -19.0   43.137  115.098    875.6    783.4
     1     1    10     4     4    16     0     2   -20.0   43.324  115.008    933.3    779.0
     1     1    10     4     4    15     0     3   -21.0   43.515  114.920    988.7    775.5
     1     1    10     4     4    14     0     2   -22.0   43.698  114.802   1039.9    772.3
     1     1    10     4     4    13     0     1   -23.0   43.876  114.625   1092.5    770.1
     1     1    10     4     4    12     0     0   -24.0   44.057  114.407   1152.1    765.5
     1     1    10     4     4    11     0     1   -25.0   44.214  114.130   1218.5    757.1
     1     1    10     4     4    10     0     2   -26.0   44.330  113.779   1295.3    748.5
     1     1    10     4     4     9     0     3   -27.0   44.422  113.382   1378.1    742.4
     1     1    10     4     4     8     0     2   -28.0   44.498  112.994   1476.2    736.4
     1     1    10     4     4     7     0     1   -29.0   44.566  112.640   1581.7    725.3
     1     1    10     4     4     6     0     0   -30.0   44.634  112.303   1669.7    716.6
     1     1    10     4     4     5     0     1   -31.0   44.721  111.966   1722.3    713.6
     1     1    10     4     4     4     0     2   -32.0   44.827  111.625   1742.0    715.5
     1     1    10     4     4     3     0     3   -33.0   44.933  111.282   1755.3    719.3
     1     1    10     4     4     2     0     2   -34.0   45.036  110.950   1769.8    719.3
     1     1    10     4     4     1     0     1   -35.0   45.148  110.639   1771.7    716.2
     1     1    10     4     4     0     0     0   -36.0   45.268  110.347   1758.4    715.1
     1     1    10     4     3    23     0     1   -37.0   45.395  110.063   1749.0    716.4
     1     1    10     4     3    22     0     2   -38.0   45.537  109.775   1758.4    710.6
     1     1    10     4     3    21     0     3   -39.0   45.700  109.478   1769.7    702.7
     1     1    10     4     3    20     0     2   -40.0   45.886  109.192   1760.0    696.2
     1     1    10     4     3    19     0     1   -41.0   46.097  108.931   1729.5    694.6
     1     1    10     4     3    18     0     0   -42.0   46.343  108.664   1712.8    694.8
     1     1    10     4     3    17     0     1   -43.0   46.628  108.364   1748.8    689.7
     1     1    10     4     3    16     0     2   -44.0   46.931  108.044   1856.3    676.2
     1     1    10     4     3    15     0     3   -45.0   47.236  107.681   2010.5    650.3
     1     1    10     4     3    14     0     2   -46.0   47.558  107.227   2166.5    625.9
     1     1    10     4     3    13     0     1   -47.0   47.888  106.714   2297.1    617.7
     1     1    10     4     3    12     0     0   -48.0   48.191  106.198   2343.3    628.4
     1     1    10     4     3    11     0     1   -49.0   48.419  105.699   2282.9    652.4
     1     1    10     4     3    10     0     2   -50.0   48.560  105.213   2171.1    665.7
     1     1    10     4     3     9     0     3   -51.0   48.623  104.753   1996.3    678.5
     1     1    10     4     3     8     0     2   -52.0   48.660  104.334   1863.0    695.2
     1     1    10     4     3     7     0     1   -53.0   48.713  103.928   1848.9    687.1
     1     1    10     4     3     6     0     0   -54.0   48.767  103.518   1912.9    672.5
     1     1    10     4     3     5     0     1   -55.0   48.861  103.096   2025.1    654.9
     1     1    10     4     3     4     0     2   -56.0   49.027  102.682   2161.0    640.8
     1     1    10     4     3     3     0     3   -57.0   49.257  102.299   2295.1    627.7
     1     1    10     4     3     2     0     2   -58.0   49.520  101.936   2407.6    613.9
     1     1    10     4     3     1     0     1   -59.0   49.789  101.599   2458.7    602.0
     1     1    10     4     3     0     0     0   -60.0   50.061  101.316   2437.1    597.3
     1     1    10     4     2    23     0     1   -61.0   50.344  101.033   2413.1    596.2
     1     1    10     4     2    22     0     2   -62.0   50.642  100.681   2472.5    586.5
     1     1    10     4     2    21     0     3   -63.0   50.964  100.264   2651.1    570.4
     1     1    10     4     2    20     0     2   -64.0   51.299   99.776   2837.5    536.2
     1     1    10     4     2    19     0     1   -65.0   51.626   99.215   2922.5    515.5
     1     1    10     4     2    18     0     0   -66.0   51.936   98.614   2963.2    520.3
     1     1    10     4     2    17     0     1   -67.0   52.207   98.002   3023.9    540.3
     1     1    10     4     2    16     0     2   -68.0   52.433   97.415   3040.1    549.0
     1     1    10     4     2    15     0     3   -69.0   52.633   96.904   2950.4    567.1
     1     1    10     4     2    14     0     2   -70.0   52.831   96.437   2842.6    590.7
     1     1    10     4     2    13     0     1   -71.0   53.044   95.940   2855.9    603.7
     1     1    10     4     2    12     0     0   -72.0   53.265   95.394   2941.6    592.3
     1     1    10     4     2    11     0     1   -73.0   53.472   94.799   3034.2    592.8
     1     1    10     4     2    10     0     2   -74.0   53.651   94.168   3096.8    605.2
     1     1    10     4     2     9     0     3   -75.0   53.809   93.530   3102.1    624.0
     1     1    10     4     2     8     0     2   -76.0   53.957   92.909   3030.3    646.5
     1     1    10     4     2     7     0     1   -77.0   54.105   92.303   2930.4    661.8
     1     1    10     4     2     6     0     0   -78.0   54.262   91.685   2878.1    664.5
     1     1    10     4     2     5     0     1   -79.0   54.422   91.066   2843.3    661.0
     1     1    10     4     2     4     0     2   -80.0   54.579   90.455   2778.2    658.0
     1     1    10     4     2     3     0     3   -81.0   54.738   89.843   2710.0    660.3
     1     1    10     4     2     2     0     2   -82.0   54.887   89.211   2641.1    656.5
     1     1    10     4     2     1     0     1   -83.0   55.020   88.556   2588.9    661.0
     1     1    10     4     2     0     0     0   -84.0   55.139   87.926   2555.1    676.1
     1     1    10     4     1    23     0     1   -85.0   55.253   87.344   2543.5    699.2
     1     1    10     4     1    22     0     2   -86.0   55.365   86.809   2516.0    712.7
     1     1    10     4     1    21     0     3   -87.0   55.483   86.307   2476.8    717.4
     1     1    10     4     1    20     0     2   -88.0   55.611   85.816   2438.6    721.2
     1     1    10     4     1    19     0     1   -89.0   55.756   85.314   2401.9    728.9
     1     1    10     4     1    18     0     0   -90.0   55.921   84.787   2373.3    735.8
     1     1    10     4     1    17     0     1   -91.0   56.089   84.234   2356.3    740.7
     1     1    10     4     1    16     0     2   -92.0   56.239   83.663   2345.9    742.3
     1     1    10     4     1    15     0     3   -93.0   56.367   83.082   2328.4    743.3
     1     1    10     4     1    14     0     2   -94.0   56.484   82.499   2303.5    745.6
     1     1    10     4     1    13     0     1   -95.0   56.606   81.924   2279.1    748.1
     1     1    10     4     1    12     0     0   -96.0   56.736   81.367   2258.5    750.7
