     7     1
    GDAS    10     3    22     0     0
    GDAS    10     4     8     0     0
    GDAS    10     4    15     0     0
    GDAS    10     4    22     0     0
    GDAS    10     4    29     0     0
    GDAS    10     4     1     0     0
    GDAS    10     3    29     0     0
     1 BACKWARD OMEGA   
    10     4    15     6   39.977  116.381  4000.0
     1 PRESSURE
     1     1    10     4    15     6     0     0     0.0   39.977  116.381   3763.4    612.4
     1     1    10     4    15     5     0     1    -1.0   40.091  115.983   3705.4    598.3
     1     1    10     4    15     4     0     2    -2.0   40.219  115.568   3603.8    575.1
     1     1    10     4    15     3     0     3    -3.0   40.357  115.130   3506.3    556.7
     1     1    10     4    15     2     0     2    -4.0   40.501  114.672   3471.3    553.4
     1     1    10     4    15     1     0     1    -5.0   40.640  114.208   3485.6    551.3
     1     1    10     4    15     0     0     0    -6.0   40.759  113.744   3513.9    542.6
     1     1    10     4    14    23     0     1    -7.0   40.878  113.276   3495.6    530.3
     1     1    10     4    14    22     0     2    -8.0   41.003  112.815   3417.6    530.2
     1     1    10     4    14    21     0     3    -9.0   41.119  112.360   3334.0    540.2
     1     1    10     4    14    20     0     2   -10.0   41.230  111.899   3287.4    549.3
     1     1    10     4    14    19     0     1   -11.0   41.344  111.436   3288.3    548.1
     1     1    10     4    14    18     0     0   -12.0   41.454  110.976   3278.6    550.9
     1     1    10     4    14    17     0     1   -13.0   41.554  110.519   3230.9    557.7
     1     1    10     4    14    16     0     2   -14.0   41.637  110.064   3154.7    566.3
     1     1    10     4    14    15     0     3   -15.0   41.695  109.602   3080.8    576.1
     1     1    10     4    14    14     0     2   -16.0   41.735  109.122   3001.0    583.8
     1     1    10     4    14    13     0     1   -17.0   41.781  108.646   2893.6    593.2
     1     1    10     4    14    12     0     0   -18.0   41.824  108.194   2746.2    606.7
     1     1    10     4    14    11     0     1   -19.0   41.841  107.772   2606.0    624.6
     1     1    10     4    14    10     0     2   -20.0   41.822  107.375   2539.9    635.9
     1     1    10     4    14     9     0     3   -21.0   41.761  107.003   2578.0    635.9
     1     1    10     4    14     8     0     2   -22.0   41.706  106.642   2657.2    626.6
     1     1    10     4    14     7     0     1   -23.0   41.679  106.303   2700.6    627.1
     1     1    10     4    14     6     0     0   -24.0   41.665  106.014   2717.1    629.3
     1     1    10     4    14     5     0     1   -25.0   41.679  105.744   2727.6    630.3
     1     1    10     4    14     4     0     2   -26.0   41.747  105.448   2758.4    628.6
     1     1    10     4    14     3     0     3   -27.0   41.875  105.132   2820.5    623.4
     1     1    10     4    14     2     0     2   -28.0   42.047  104.792   2890.1    610.9
     1     1    10     4    14     1     0     1   -29.0   42.237  104.425   2921.8    600.1
     1     1    10     4    14     0     0     0   -30.0   42.441  104.029   2921.9    594.5
     1     1    10     4    13    23     0     1   -31.0   42.630  103.608   2913.7    594.4
     1     1    10     4    13    22     0     2   -32.0   42.784  103.173   2904.2    595.6
     1     1    10     4    13    21     0     3   -33.0   42.908  102.736   2891.1    594.4
     1     1    10     4    13    20     0     2   -34.0   43.009  102.319   2893.8    586.8
     1     1    10     4    13    19     0     1   -35.0   43.095  101.947   2931.9    581.1
     1     1    10     4    13    18     0     0   -36.0   43.172  101.623   2994.8    575.8
     1     1    10     4    13    17     0     1   -37.0   43.235  101.328   3045.2    570.8
     1     1    10     4    13    16     0     2   -38.0   43.275  101.049   3054.2    570.3
     1     1    10     4    13    15     0     3   -39.0   43.291  100.793   3017.7    575.9
     1     1    10     4    13    14     0     2   -40.0   43.295  100.550   2957.5    586.4
     1     1    10     4    13    13     0     1   -41.0   43.300  100.308   2906.9    593.7
     1     1    10     4    13    12     0     0   -42.0   43.305  100.066   2867.8    600.0
     1     1    10     4    13    11     0     1   -43.0   43.317   99.826   2838.7    603.2
     1     1    10     4    13    10     0     2   -44.0   43.336   99.587   2825.4    604.1
     1     1    10     4    13     9     0     3   -45.0   43.350   99.351   2830.4    603.6
     1     1    10     4    13     8     0     2   -46.0   43.361   99.108   2839.6    601.5
     1     1    10     4    13     7     0     1   -47.0   43.376   98.850   2839.5    601.6
     1     1    10     4    13     6     0     0   -48.0   43.397   98.580   2829.5    602.5
     1     1    10     4    13     5     0     1   -49.0   43.432   98.291   2808.1    604.2
     1     1    10     4    13     4     0     2   -50.0   43.491   97.973   2777.8    607.2
     1     1    10     4    13     3     0     3   -51.0   43.566   97.634   2749.9    611.0
     1     1    10     4    13     2     0     2   -52.0   43.642   97.279   2741.8    614.7
     1     1    10     4    13     1     0     1   -53.0   43.714   96.899   2761.3    616.5
     1     1    10     4    13     0     0     0   -54.0   43.791   96.478   2807.7    619.0
     1     1    10     4    12    23     0     1   -55.0   43.878   96.008   2869.1    617.7
     1     1    10     4    12    22     0     2   -56.0   43.973   95.515   2914.3    636.0
     1     1    10     4    12    21     0     3   -57.0   44.064   95.053   2850.1    662.1
     1     1    10     4    12    20     0     2   -58.0   44.139   94.643   2682.9    661.3
     1     1    10     4    12    19     0     1   -59.0   44.196   94.273   2530.7    657.4
     1     1    10     4    12    18     0     0   -60.0   44.233   93.923   2415.6    653.7
     1     1    10     4    12    17     0     1   -61.0   44.258   93.568   2345.7    641.6
     1     1    10     4    12    16     0     2   -62.0   44.276   93.190   2330.0    624.9
     1     1    10     4    12    15     0     3   -63.0   44.287   92.772   2345.2    614.0
     1     1    10     4    12    14     0     2   -64.0   44.294   92.362   2341.0    617.4
     1     1    10     4    12    13     0     1   -65.0   44.300   91.999   2307.0    624.1
     1     1    10     4    12    12     0     0   -66.0   44.303   91.693   2301.9    634.5
     1     1    10     4    12    11     0     1   -67.0   44.322   91.390   2347.9    635.2
     1     1    10     4    12    10     0     2   -68.0   44.361   91.063   2421.2    635.6
     1     1    10     4    12     9     0     3   -69.0   44.423   90.705   2500.6    637.7
     1     1    10     4    12     8     0     2   -70.0   44.496   90.349   2565.3    642.6
     1     1    10     4    12     7     0     1   -71.0   44.562   90.022   2631.8    646.1
     1     1    10     4    12     6     0     0   -72.0   44.617   89.717   2711.9    639.6
     1     1    10     4    12     5     0     1   -73.0   44.682   89.412   2823.6    630.9
     1     1    10     4    12     4     0     2   -74.0   44.773   89.107   2965.2    624.0
     1     1    10     4    12     3     0     3   -75.0   44.895   88.807   3125.9    620.3
     1     1    10     4    12     2     0     2   -76.0   45.050   88.496   3291.8    616.5
     1     1    10     4    12     1     0     1   -77.0   45.233   88.133   3428.4    607.9
     1     1    10     4    12     0     0     0   -78.0   45.427   87.731   3533.4    605.8
     1     1    10     4    11    23     0     1   -79.0   45.616   87.303   3625.2    604.7
     1     1    10     4    11    22     0     2   -80.0   45.793   86.846   3715.3    603.1
     1     1    10     4    11    21     0     3   -81.0   45.966   86.347   3820.5    603.2
     1     1    10     4    11    20     0     2   -82.0   46.147   85.784   3879.9    581.1
     1     1    10     4    11    19     0     1   -83.0   46.361   85.135   3856.6    543.6
     1     1    10     4    11    18     0     0   -84.0   46.619   84.428   3848.3    522.4
     1     1    10     4    11    17     0     1   -85.0   46.897   83.753   3925.8    520.9
     1     1    10     4    11    16     0     2   -86.0   47.191   83.169   4079.6    527.4
     1     1    10     4    11    15     0     3   -87.0   47.511   82.642   4249.2    530.7
     1     1    10     4    11    14     0     2   -88.0   47.846   82.126   4343.8    526.6
     1     1    10     4    11    13     0     1   -89.0   48.185   81.566   4451.6    520.1
     1     1    10     4    11    12     0     0   -90.0   48.510   80.978   4585.3    516.1
     1     1    10     4    11    11     0     1   -91.0   48.818   80.421   4724.8    514.1
     1     1    10     4    11    10     0     2   -92.0   49.123   79.917   4871.3    508.7
     1     1    10     4    11     9     0     3   -93.0   49.427   79.438   5005.1    501.0
     1     1    10     4    11     8     0     2   -94.0   49.738   79.002   5148.6    497.1
     1     1    10     4    11     7     0     1   -95.0   50.071   78.614   5320.2    489.9
     1     1    10     4    11     6     0     0   -96.0   50.431   78.252   5504.6    480.9
