     5     1
    GDAS    10     3     1     0     0
    GDAS    10     3     8     0     0
    GDAS    10     3    15     0     0
    GDAS    10     3    22     0     0
    GDAS    10     3    29     0     0
     1 BACKWARD OMEGA   
    10     3    20    18   39.977  116.381  8200.0
     1 PRESSURE
     1     1    10     3    20    18     0     0     0.0   39.977  116.381   7950.4    339.2
     1     1    10     3    20    17     0     1    -1.0   41.321  114.499   7669.9    297.7
     1     1    10     3    20    16     0     2    -2.0   42.745  112.528   7856.8    299.5
     1     1    10     3    20    15     0     3    -3.0   44.091  110.351   7933.3    304.7
     1     1    10     3    20    14     0     2    -4.0   45.270  107.986   7857.7    299.6
     1     1    10     3    20    13     0     1    -5.0   46.392  105.481   7766.2    290.7
     1     1    10     3    20    12     0     0    -6.0   47.291  102.674   7670.8    283.0
     1     1    10     3    20    11     0     1    -7.0   48.030   99.741   7520.5    264.2
     1     1    10     3    20    10     0     2    -8.0   48.558   96.596   7681.8    266.8
     1     1    10     3    20     9     0     3    -9.0   48.767   93.663   7729.1    300.5
     1     1    10     3    20     8     0     2   -10.0   48.919   90.701   7662.0    269.7
     1     1    10     3    20     7     0     1   -11.0   48.845   87.320   7605.4    263.7
     1     1    10     3    20     6     0     0   -12.0   48.600   84.123   8227.5    305.1
     1     1    10     3    20     5     0     1   -13.0   48.236   81.097   8002.3    308.7
     1     1    10     3    20     4     0     2   -14.0   47.629   77.974   7943.6    320.6
     1     1    10     3    20     3     0     3   -15.0   46.949   75.018   7881.8    333.4
     1     1    10     3    20     2     0     2   -16.0   46.231   72.124   7690.1    340.1
     1     1    10     3    20     1     0     1   -17.0   45.536   69.291   7768.0    348.4
     1     1    10     3    20     0     0     0   -18.0   44.788   66.666   7817.9    351.7
     1     1    10     3    19    23     0     1   -19.0   44.045   64.087   7759.0    357.3
     1     1    10     3    19    22     0     2   -20.0   43.329   61.640   7681.3    364.7
     1     1    10     3    19    21     0     3   -21.0   42.660   59.358   7712.3    363.5
     1     1    10     3    19    20     0     2   -22.0   42.061   57.175   7817.1    361.9
     1     1    10     3    19    19     0     1   -23.0   41.497   55.145   7935.1    349.2
     1     1    10     3    19    18     0     0   -24.0   40.950   53.290   8096.7    350.8
     1     1    10     3    19    17     0     1   -25.0   40.460   51.552   8212.4    344.7
     1     1    10     3    19    16     0     2   -26.0   39.992   49.883   8230.8    343.2
     1     1    10     3    19    15     0     3   -27.0   39.501   48.303   8218.6    331.8
     1     1    10     3    19    14     0     2   -28.0   38.961   46.607   7861.9    298.7
     1     1    10     3    19    13     0     1   -29.0   38.371   44.920   7708.4    293.0
     1     1    10     3    19    12     0     0   -30.0   37.703   43.132   7701.9    283.8
     1     1    10     3    19    11     0     1   -31.0   37.117   41.508   8152.1    320.9
     1     1    10     3    19    10     0     2   -32.0   36.625   40.019   8242.8    322.3
     1     1    10     3    19     9     0     3   -33.0   36.163   38.580   8245.6    325.2
     1     1    10     3    19     8     0     2   -34.0   35.701   37.158   8129.8    327.2
     1     1    10     3    19     7     0     1   -35.0   35.270   35.794   8062.9    344.4
     1     1    10     3    19     6     0     0   -36.0   34.887   34.438   7957.2    357.5
     1     1    10     3    19     5     0     1   -37.0   34.584   33.083   7777.4    356.6
     1     1    10     3    19     4     0     2   -38.0   34.451   31.775   7698.5    371.3
     1     1    10     3    19     3     0     3   -39.0   34.520   30.480   7649.7    374.0
     1     1    10     3    19     2     0     2   -40.0   34.791   29.237   7619.0    376.8
     1     1    10     3    19     1     0     1   -41.0   35.307   28.062   7681.7    372.4
     1     1    10     3    19     0     0     0   -42.0   36.026   26.953   7773.1    366.3
     1     1    10     3    18    23     0     1   -43.0   36.949   26.009   7847.8    365.0
     1     1    10     3    18    22     0     2   -44.0   38.003   25.313   7914.2    359.8
     1     1    10     3    18    21     0     3   -45.0   39.113   24.826   7895.0    361.0
     1     1    10     3    18    20     0     2   -46.0   40.291   24.511   8096.6    347.6
     1     1    10     3    18    19     0     1   -47.0   41.482   24.290   8072.3    321.8
     1     1    10     3    18    18     0     0   -48.0   42.673   24.178   8053.2    315.0
     1     1    10     3    18    17     0     1   -49.0   43.819   24.157   8487.0    318.7
     1     1    10     3    18    16     0     2   -50.0   44.916   24.062   8649.7    297.4
     1     1    10     3    18    15     0     3   -51.0   45.985   23.934   8840.9    287.5
     1     1    10     3    18    14     0     2   -52.0   47.056   23.765   9072.6    280.4
     1     1    10     3    18    13     0     1   -53.0   48.083   23.488   9209.1    271.4
     1     1    10     3    18    12     0     0   -54.0   49.088   23.036   9227.4    261.7
     1     1    10     3    18    11     0     1   -55.0   50.166   22.468   9443.3    270.5
     1     1    10     3    18    10     0     2   -56.0   51.192   21.800   9425.8    271.9
     1     1    10     3    18     9     0     3   -57.0   52.215   21.033   9449.7    273.7
     1     1    10     3    18     8     0     2   -58.0   53.343   20.223   9446.4    272.5
     1     1    10     3    18     7     0     1   -59.0   54.388   19.210   9489.2    273.7
     1     1    10     3    18     6     0     0   -60.0   55.456   18.036   9541.0    272.9
     1     1    10     3    18     5     0     1   -61.0   56.565   16.602   9652.7    265.6
     1     1    10     3    18     4     0     2   -62.0   57.502   15.009   9630.3    259.8
     1     1    10     3    18     3     0     3   -63.0   58.430   13.268   9754.7    256.9
     1     1    10     3    18     2     0     2   -64.0   59.347   11.207   9752.2    257.8
     1     1    10     3    18     1     0     1   -65.0   60.082    8.847   9508.6    238.2
     1     1    10     3    18     0     0     0   -66.0   60.746    6.438   9372.1    247.7
     1     1    10     3    17    23     0     1   -67.0   61.394    3.639   9778.0    260.1
     1     1    10     3    17    22     0     2   -68.0   61.747    0.467   9660.5    264.5
     1     1    10     3    17    21     0     3   -69.0   61.874   -3.080   9456.7    272.1
     1     1    10     3    17    20     0     2   -70.0   61.709   -6.675   9314.4    276.8
     1     1    10     3    17    19     0     1   -71.0   61.259  -10.045   9256.3    279.6
     1     1    10     3    17    18     0     0   -72.0   60.480  -13.310   9157.6    283.5
     1     1    10     3    17    17     0     1   -73.0   59.456  -16.146   8948.3    292.6
     1     1    10     3    17    16     0     2   -74.0   58.328  -18.728   8809.5    298.1
     1     1    10     3    17    15     0     3   -75.0   57.094  -21.213   8716.1    302.2
     1     1    10     3    17    14     0     2   -76.0   55.842  -23.612   8738.0    301.0
     1     1    10     3    17    13     0     1   -77.0   54.617  -25.761   8819.3    297.2
     1     1    10     3    17    12     0     0   -78.0   53.416  -27.719   8897.5    294.0
     1     1    10     3    17    11     0     1   -79.0   52.228  -29.353   8896.7    294.5
     1     1    10     3    17    10     0     2   -80.0   51.010  -30.681   8898.1    294.9
     1     1    10     3    17     9     0     3   -81.0   49.773  -31.747   8921.7    294.1
     1     1    10     3    17     8     0     2   -82.0   48.584  -32.547   8885.4    296.3
     1     1    10     3    17     7     0     1   -83.0   47.472  -33.183   8781.5    301.5
     1     1    10     3    17     6     0     0   -84.0   46.408  -33.677   8611.0    310.1
     1     1    10     3    17     5     0     1   -85.0   45.389  -34.148   8426.4    320.6
     1     1    10     3    17     4     0     2   -86.0   44.489  -34.754   8296.0    327.5
     1     1    10     3    17     3     0     3   -87.0   43.679  -35.553   8164.8    335.2
     1     1    10     3    17     2     0     2   -88.0   42.983  -36.544   8136.7    338.4
     1     1    10     3    17     1     0     1   -89.0   42.476  -37.687   8259.6    331.8
     1     1    10     3    17     0     0     0   -90.0   42.110  -38.978   8393.9    325.1
     1     1    10     3    16    23     0     1   -91.0   41.877  -40.358   8493.3    320.7
     1     1    10     3    16    22     0     2   -92.0   41.760  -41.725   8554.1    318.4
     1     1    10     3    16    21     0     3   -93.0   41.764  -43.070   8644.6    315.0
     1     1    10     3    16    20     0     2   -94.0   41.934  -44.353   8829.5    306.0
     1     1    10     3    16    19     0     1   -95.0   42.175  -45.603   9040.4    296.0
     1     1    10     3    16    18     0     0   -96.0   42.507  -46.771   9240.4    286.6
