     7     1
    GDAS    10     3    22     0     0
    GDAS    10     4     8     0     0
    GDAS    10     4    15     0     0
    GDAS    10     4    22     0     0
    GDAS    10     4    29     0     0
    GDAS    10     4     1     0     0
    GDAS    10     3    29     0     0
     1 BACKWARD OMEGA   
    10     4    16    12   39.977  116.381  2600.0
     1 PRESSURE
     1     1    10     4    16    12     0     0     0.0   39.977  116.381   2363.1    739.3
     1     1    10     4    16    11     0     1    -1.0   40.192  116.007   2525.5    689.6
     1     1    10     4    16    10     0     2    -2.0   40.378  115.578   2399.3    659.4
     1     1    10     4    16     9     0     3    -3.0   40.527  115.194   2096.1    673.0
     1     1    10     4    16     8     0     2    -4.0   40.678  114.857   1879.8    693.3
     1     1    10     4    16     7     0     1    -5.0   40.851  114.525   1816.5    690.9
     1     1    10     4    16     6     0     0    -6.0   41.043  114.195   1772.0    687.3
     1     1    10     4    16     5     0     1    -7.0   41.232  113.873   1712.7    690.7
     1     1    10     4    16     4     0     2    -8.0   41.397  113.556   1673.1    690.2
     1     1    10     4    16     3     0     3    -9.0   41.542  113.229   1669.2    687.8
     1     1    10     4    16     2     0     2   -10.0   41.690  112.890   1691.5    685.2
     1     1    10     4    16     1     0     1   -11.0   41.864  112.542   1717.6    684.5
     1     1    10     4    16     0     0     0   -12.0   42.052  112.187   1730.1    686.8
     1     1    10     4    15    23     0     1   -13.0   42.244  111.819   1735.8    695.4
     1     1    10     4    15    22     0     2   -14.0   42.437  111.429   1730.7    704.4
     1     1    10     4    15    21     0     3   -15.0   42.624  111.020   1697.5    713.9
     1     1    10     4    15    20     0     2   -16.0   42.790  110.624   1634.0    720.7
     1     1    10     4    15    19     0     1   -17.0   42.921  110.270   1543.9    727.7
     1     1    10     4    15    18     0     0   -18.0   43.012  109.976   1423.3    739.1
     1     1    10     4    15    17     0     1   -19.0   43.086  109.759   1293.4    754.0
     1     1    10     4    15    16     0     2   -20.0   43.181  109.611   1174.9    766.8
     1     1    10     4    15    15     0     3   -21.0   43.299  109.535   1062.7    780.7
     1     1    10     4    15    14     0     2   -22.0   43.447  109.495    971.3    795.5
     1     1    10     4    15    13     0     1   -23.0   43.624  109.448    911.6    806.7
     1     1    10     4    15    12     0     0   -24.0   43.827  109.400    876.0    816.4
     1     1    10     4    15    11     0     1   -25.0   44.039  109.342    862.9    822.6
     1     1    10     4    15    10     0     2   -26.0   44.247  109.237    866.0    817.0
     1     1    10     4    15     9     0     3   -27.0   44.458  109.069    876.4    809.4
     1     1    10     4    15     8     0     2   -28.0   44.672  108.870    885.3    802.0
     1     1    10     4    15     7     0     1   -29.0   44.874  108.674    885.7    796.9
     1     1    10     4    15     6     0     0   -30.0   45.055  108.488    878.2    795.6
     1     1    10     4    15     5     0     1   -31.0   45.227  108.321    884.6    794.1
     1     1    10     4    15     4     0     2   -32.0   45.411  108.170    916.2    785.8
     1     1    10     4    15     3     0     3   -33.0   45.615  108.023    947.7    776.5
     1     1    10     4    15     2     0     2   -34.0   45.842  107.863    971.8    768.4
     1     1    10     4    15     1     0     1   -35.0   46.084  107.682   1002.7    759.9
     1     1    10     4    15     0     0     0   -36.0   46.327  107.478   1049.9    751.5
     1     1    10     4    14    23     0     1   -37.0   46.568  107.249   1102.5    741.0
     1     1    10     4    14    22     0     2   -38.0   46.815  107.007   1146.4    731.1
     1     1    10     4    14    21     0     3   -39.0   47.068  106.764   1183.4    727.5
     1     1    10     4    14    20     0     2   -40.0   47.322  106.528   1219.2    726.7
     1     1    10     4    14    19     0     1   -41.0   47.569  106.296   1249.7    727.6
     1     1    10     4    14    18     0     0   -42.0   47.804  106.071   1257.7    732.8
     1     1    10     4    14    17     0     1   -43.0   48.006  105.848   1232.5    740.8
     1     1    10     4    14    16     0     2   -44.0   48.164  105.639   1181.8    753.9
     1     1    10     4    14    15     0     3   -45.0   48.288  105.467   1112.6    765.2
     1     1    10     4    14    14     0     2   -46.0   48.389  105.341   1021.5    777.2
     1     1    10     4    14    13     0     1   -47.0   48.481  105.260    907.2    790.7
     1     1    10     4    14    12     0     0   -48.0   48.570  105.225    765.6    807.0
     1     1    10     4    14    11     0     1   -49.0   48.662  105.210    632.9    826.7
     1     1    10     4    14    10     0     2   -50.0   48.752  105.163    544.4    838.0
     1     1    10     4    14     9     0     3   -51.0   48.828  105.045    504.3    843.8
     1     1    10     4    14     8     0     2   -52.0   48.893  104.882    496.6    841.1
     1     1    10     4    14     7     0     1   -53.0   48.962  104.722    503.4    837.3
     1     1    10     4    14     6     0     0   -54.0   49.036  104.562    519.3    831.5
     1     1    10     4    14     5     0     1   -55.0   49.113  104.406    532.5    824.7
     1     1    10     4    14     4     0     2   -56.0   49.197  104.260    537.3    819.8
     1     1    10     4    14     3     0     3   -57.0   49.286  104.129    538.6    815.3
     1     1    10     4    14     2     0     2   -58.0   49.387  103.995    535.0    810.3
     1     1    10     4    14     1     0     1   -59.0   49.504  103.843    523.2    808.8
     1     1    10     4    14     0     0     0   -60.0   49.635  103.682    504.3    808.4
     1     1    10     4    13    23     0     1   -61.0   49.765  103.512    482.8    808.3
     1     1    10     4    13    22     0     2   -62.0   49.888  103.328    460.8    808.3
     1     1    10     4    13    21     0     3   -63.0   50.017  103.134    437.1    808.0
     1     1    10     4    13    20     0     2   -64.0   50.149  102.918    411.7    804.4
     1     1    10     4    13    19     0     1   -65.0   50.269  102.680    390.0    801.8
     1     1    10     4    13    18     0     0   -66.0   50.381  102.428    377.9    798.7
     1     1    10     4    13    17     0     1   -67.0   50.489  102.166    374.3    794.6
     1     1    10     4    13    16     0     2   -68.0   50.594  101.887    376.1    789.9
     1     1    10     4    13    15     0     3   -69.0   50.694  101.578    389.5    784.0
     1     1    10     4    13    14     0     2   -70.0   50.789  101.240    426.2    777.0
     1     1    10     4    13    13     0     1   -71.0   50.881  100.872    504.3    767.1
     1     1    10     4    13    12     0     0   -72.0   50.977  100.477    625.4    753.1
     1     1    10     4    13    11     0     1   -73.0   51.072  100.079    766.6    736.2
     1     1    10     4    13    10     0     2   -74.0   51.165   99.665    897.8    711.1
     1     1    10     4    13     9     0     3   -75.0   51.253   99.198    974.8    689.5
     1     1    10     4    13     8     0     2   -76.0   51.331   98.709    992.7    690.4
     1     1    10     4    13     7     0     1   -77.0   51.397   98.235    972.2    704.0
     1     1    10     4    13     6     0     0   -78.0   51.442   97.788    930.8    724.3
     1     1    10     4    13     5     0     1   -79.0   51.463   97.381    915.1    744.9
     1     1    10     4    13     4     0     2   -80.0   51.472   97.014    945.2    755.0
     1     1    10     4    13     3     0     3   -81.0   51.485   96.667    989.2    748.4
     1     1    10     4    13     2     0     2   -82.0   51.510   96.316   1042.8    742.9
     1     1    10     4    13     1     0     1   -83.0   51.552   95.949   1113.1    735.8
     1     1    10     4    13     0     0     0   -84.0   51.612   95.571   1194.0    729.9
     1     1    10     4    12    23     0     1   -85.0   51.669   95.181   1268.4    724.6
     1     1    10     4    12    22     0     2   -86.0   51.700   94.773   1323.0    725.0
     1     1    10     4    12    21     0     3   -87.0   51.705   94.356   1347.1    733.1
     1     1    10     4    12    20     0     2   -88.0   51.686   93.947   1343.9    742.3
     1     1    10     4    12    19     0     1   -89.0   51.658   93.543   1331.8    739.8
     1     1    10     4    12    18     0     0   -90.0   51.634   93.126   1337.3    734.2
     1     1    10     4    12    17     0     1   -91.0   51.632   92.708   1352.7    724.5
     1     1    10     4    12    16     0     2   -92.0   51.662   92.308   1365.0    716.4
     1     1    10     4    12    15     0     3   -93.0   51.720   91.925   1379.6    710.4
     1     1    10     4    12    14     0     2   -94.0   51.799   91.531   1411.4    703.1
     1     1    10     4    12    13     0     1   -95.0   51.892   91.091   1454.9    685.7
     1     1    10     4    12    12     0     0   -96.0   51.998   90.611   1493.0    679.4
