     7     1
    GDAS    10     3    22     0     0
    GDAS    10     4     8     0     0
    GDAS    10     4    15     0     0
    GDAS    10     4    22     0     0
    GDAS    10     4    29     0     0
    GDAS    10     4     1     0     0
    GDAS    10     3    29     0     0
     1 BACKWARD OMEGA   
    10     4    12    18   39.977  116.381  7400.0
     1 PRESSURE
     1     1    10     4    12    18     0     0     0.0   39.977  116.381   7157.6    371.5
     1     1    10     4    12    17     0     1    -1.0   40.322  115.107   6883.0    335.6
     1     1    10     4    12    16     0     2    -2.0   40.812  113.695   6981.0    320.2
     1     1    10     4    12    15     0     3    -3.0   41.365  112.252   7052.6    309.6
     1     1    10     4    12    14     0     2    -4.0   41.928  110.886   7194.7    313.3
     1     1    10     4    12    13     0     1    -5.0   42.518  109.579   7267.8    312.0
     1     1    10     4    12    12     0     0    -6.0   43.098  108.345   7447.6    315.2
     1     1    10     4    12    11     0     1    -7.0   43.680  107.164   7527.1    303.6
     1     1    10     4    12    10     0     2    -8.0   44.319  105.992   7570.4    293.3
     1     1    10     4    12     9     0     3    -9.0   44.989  104.849   7692.9    292.7
     1     1    10     4    12     8     0     2   -10.0   45.648  103.773   7698.5    284.6
     1     1    10     4    12     7     0     1   -11.0   46.319  102.735   7600.4    272.7
     1     1    10     4    12     6     0     0   -12.0   46.996  101.721   7510.9    260.4
     1     1    10     4    12     5     0     1   -13.0   47.659  100.710   7554.0    257.0
     1     1    10     4    12     4     0     2   -14.0   48.337   99.682   7602.3    255.1
     1     1    10     4    12     3     0     3   -15.0   48.991   98.726   7684.1    257.3
     1     1    10     4    12     2     0     2   -16.0   49.637   97.814   7689.6    254.6
     1     1    10     4    12     1     0     1   -17.0   50.298   96.939   7832.8    253.7
     1     1    10     4    12     0     0     0   -18.0   50.958   96.138   8002.9    267.9
     1     1    10     4    11    23     0     1   -19.0   51.612   95.369   7986.9    269.7
     1     1    10     4    11    22     0     2   -20.0   52.261   94.547   8166.4    267.9
     1     1    10     4    11    21     0     3   -21.0   52.888   93.675   8283.0    272.2
     1     1    10     4    11    20     0     2   -22.0   53.493   92.816   8433.2    286.4
     1     1    10     4    11    19     0     1   -23.0   54.086   92.040   8505.4    292.8
     1     1    10     4    11    18     0     0   -24.0   54.674   91.317   8499.1    290.4
     1     1    10     4    11    17     0     1   -25.0   55.265   90.646   8541.3    290.8
     1     1    10     4    11    16     0     2   -26.0   55.862   90.041   8593.6    292.3
     1     1    10     4    11    15     0     3   -27.0   56.463   89.484   8634.4    294.1
     1     1    10     4    11    14     0     2   -28.0   57.072   88.942   8650.1    295.2
     1     1    10     4    11    13     0     1   -29.0   57.679   88.407   8649.9    296.8
     1     1    10     4    11    12     0     0   -30.0   58.276   87.883   8647.2    297.2
     1     1    10     4    11    11     0     1   -31.0   58.853   87.381   8652.9    297.5
     1     1    10     4    11    10     0     2   -32.0   59.399   86.926   8653.0    297.8
     1     1    10     4    11     9     0     3   -33.0   59.915   86.517   8642.1    297.7
     1     1    10     4    11     8     0     2   -34.0   60.399   86.181   8638.0    298.0
     1     1    10     4    11     7     0     1   -35.0   60.847   85.946   8643.8    297.7
     1     1    10     4    11     6     0     0   -36.0   61.266   85.813   8659.9    297.1
     1     1    10     4    11     5     0     1   -37.0   61.664   85.808   8673.5    296.6
     1     1    10     4    11     4     0     2   -38.0   62.053   85.925   8676.1    297.1
     1     1    10     4    11     3     0     3   -39.0   62.440   86.134   8669.0    297.7
     1     1    10     4    11     2     0     2   -40.0   62.822   86.429   8671.0    298.5
     1     1    10     4    11     1     0     1   -41.0   63.200   86.807   8683.6    299.6
     1     1    10     4    11     0     0     0   -42.0   63.582   87.250   8683.7    300.0
     1     1    10     4    10    23     0     1   -43.0   63.960   87.751   8663.8    299.1
     1     1    10     4    10    22     0     2   -44.0   64.330   88.295   8643.3    297.0
     1     1    10     4    10    21     0     3   -45.0   64.700   88.851   8617.9    292.3
     1     1    10     4    10    20     0     2   -46.0   65.061   89.451   8606.0    287.8
     1     1    10     4    10    19     0     1   -47.0   65.396   90.123   8621.1    286.0
     1     1    10     4    10    18     0     0   -48.0   65.724   90.828   8659.3    287.6
     1     1    10     4    10    17     0     1   -49.0   66.048   91.566   8659.5    288.5
     1     1    10     4    10    16     0     2   -50.0   66.357   92.347   8609.1    286.1
     1     1    10     4    10    15     0     3   -51.0   66.653   93.123   8570.8    282.9
     1     1    10     4    10    14     0     2   -52.0   66.939   93.943   8537.6    280.7
     1     1    10     4    10    13     0     1   -53.0   67.216   94.874   8505.4    278.9
     1     1    10     4    10    12     0     0   -54.0   67.492   95.879   8480.9    277.3
     1     1    10     4    10    11     0     1   -55.0   67.758   96.946   8461.0    277.3
     1     1    10     4    10    10     0     2   -56.0   68.016   98.069   8453.4    279.8
     1     1    10     4    10     9     0     3   -57.0   68.282   99.256   8448.4    281.3
     1     1    10     4    10     8     0     2   -58.0   68.531  100.598   8521.2    289.6
     1     1    10     4    10     7     0     1   -59.0   68.764  102.060   8553.5    294.1
     1     1    10     4    10     6     0     0   -60.0   69.019  103.524   8578.7    296.5
     1     1    10     4    10     5     0     1   -61.0   69.270  105.147   8530.4    293.1
     1     1    10     4    10     4     0     2   -62.0   69.506  106.918   8497.3    289.2
     1     1    10     4    10     3     0     3   -63.0   69.764  108.620   8446.8    287.9
     1     1    10     4    10     2     0     2   -64.0   70.016  110.284   8445.5    289.8
     1     1    10     4    10     1     0     1   -65.0   70.252  111.995   8537.8    299.7
     1     1    10     4    10     0     0     0   -66.0   70.519  113.736   8564.7    301.6
     1     1    10     4     9    23     0     1   -67.0   70.800  115.537   8558.7    301.9
     1     1    10     4     9    22     0     2   -68.0   71.072  117.280   8549.4    302.7
     1     1    10     4     9    21     0     3   -69.0   71.346  118.981   8554.9    302.6
     1     1    10     4     9    20     0     2   -70.0   71.607  120.767   8561.7    303.2
     1     1    10     4     9    19     0     1   -71.0   71.866  122.546   8546.2    302.8
     1     1    10     4     9    18     0     0   -72.0   72.146  124.176   8535.8    302.7
     1     1    10     4     9    17     0     1   -73.0   72.429  125.891   8547.0    303.8
     1     1    10     4     9    16     0     2   -74.0   72.705  127.661   8579.6    305.9
     1     1    10     4     9    15     0     3   -75.0   72.988  129.369   8598.2    306.4
     1     1    10     4     9    14     0     2   -76.0   73.279  131.065   8601.8    306.2
     1     1    10     4     9    13     0     1   -77.0   73.584  132.775   8604.5    306.1
     1     1    10     4     9    12     0     0   -78.0   73.900  134.468   8603.9    305.6
     1     1    10     4     9    11     0     1   -79.0   74.214  136.120   8602.9    305.2
     1     1    10     4     9    10     0     2   -80.0   74.532  137.706   8601.7    304.9
     1     1    10     4     9     9     0     3   -81.0   74.845  139.216   8606.8    303.8
     1     1    10     4     9     8     0     2   -82.0   75.156  140.665   8623.6    304.2
     1     1    10     4     9     7     0     1   -83.0   75.480  142.090   8633.9    304.0
     1     1    10     4     9     6     0     0   -84.0   75.811  143.463   8650.9    302.4
     1     1    10     4     9     5     0     1   -85.0   76.142  144.786   8675.7    301.2
     1     1    10     4     9     4     0     2   -86.0   76.479  146.055   8682.9    300.9
     1     1    10     4     9     3     0     3   -87.0   76.812  147.249   8684.3    300.7
     1     1    10     4     9     2     0     2   -88.0   77.146  148.421   8686.8    300.3
     1     1    10     4     9     1     0     1   -89.0   77.502  149.610   8689.2    299.9
     1     1    10     4     9     0     0     0   -90.0   77.877  150.806   8691.1    299.6
     1     1    10     4     8    23     0     1   -91.0   78.270  152.034   8691.2    299.4
     1     1    10     4     8    22     0     2   -92.0   78.683  153.305   8686.7    299.4
     1     1    10     4     8    21     0     3   -93.0   79.112  154.643   8672.1    299.9
     1     1    10     4     8    20     0     2   -94.0   79.569  156.064   8659.3    300.4
     1     1    10     4     8    19     0     1   -95.0   80.064  157.598   8651.0    300.4
     1     1    10     4     8    18     0     0   -96.0   80.595  159.281   8635.4    300.9
