     7     1
    GDAS    10     3    22     0     0
    GDAS    10     4     8     0     0
    GDAS    10     4    15     0     0
    GDAS    10     4    22     0     0
    GDAS    10     4    29     0     0
    GDAS    10     4     1     0     0
    GDAS    10     3    29     0     0
     1 BACKWARD OMEGA   
    10     4     3     0   39.977  116.381 10000.0
     1 PRESSURE
     1     1    10     4     3     0     0     0     0.0   39.977  116.381   9757.6    259.0
     1     1    10     4     2    23     0     1    -1.0   40.164  115.030   9329.7    237.1
     1     1    10     4     2    22     0     2    -2.0   40.363  113.660   9300.9    236.0
     1     1    10     4     2    21     0     3    -3.0   40.573  112.295   9245.6    229.7
     1     1    10     4     2    20     0     2    -4.0   40.789  110.981   9254.1    228.5
     1     1    10     4     2    19     0     1    -5.0   40.999  109.683   9360.3    228.4
     1     1    10     4     2    18     0     0    -6.0   41.214  108.416   9491.7    235.8
     1     1    10     4     2    17     0     1    -7.0   41.446  107.193   9453.2    232.3
     1     1    10     4     2    16     0     2    -8.0   41.658  106.005   9511.0    235.7
     1     1    10     4     2    15     0     3    -9.0   41.828  104.881   9480.9    236.7
     1     1    10     4     2    14     0     2   -10.0   42.003  103.794   9469.9    235.1
     1     1    10     4     2    13     0     1   -11.0   42.187  102.704   9477.5    235.1
     1     1    10     4     2    12     0     0   -12.0   42.349  101.617   9478.3    234.8
     1     1    10     4     2    11     0     1   -13.0   42.513  100.530   9468.3    233.1
     1     1    10     4     2    10     0     2   -14.0   42.670   99.466   9452.1    232.9
     1     1    10     4     2     9     0     3   -15.0   42.803   98.434   9418.2    229.8
     1     1    10     4     2     8     0     2   -16.0   42.930   97.427   9397.7    227.5
     1     1    10     4     2     7     0     1   -17.0   43.057   96.447   9471.5    230.7
     1     1    10     4     2     6     0     0   -18.0   43.158   95.526   9419.3    229.1
     1     1    10     4     2     5     0     1   -19.0   43.238   94.644   9317.1    223.1
     1     1    10     4     2     4     0     2   -20.0   43.302   93.809   9321.0    224.4
     1     1    10     4     2     3     0     3   -21.0   43.352   93.048   9511.6    237.6
     1     1    10     4     2     2     0     2   -22.0   43.399   92.339   9499.1    240.0
     1     1    10     4     2     1     0     1   -23.0   43.442   91.644   9501.6    242.6
     1     1    10     4     2     0     0     0   -24.0   43.473   90.963   9529.4    246.1
     1     1    10     4     1    23     0     1   -25.0   43.500   90.304   9520.6    246.6
     1     1    10     4     1    22     0     2   -26.0   43.531   89.679   9525.9    246.7
     1     1    10     4     1    21     0     3   -27.0   43.567   89.089   9523.7    245.0
     1     1    10     4     1    20     0     2   -28.0   43.615   88.508   9449.1    237.8
     1     1    10     4     1    19     0     1   -29.0   43.674   87.916   9387.4    232.3
     1     1    10     4     1    18     0     0   -30.0   43.738   87.335   9401.3    233.9
     1     1    10     4     1    17     0     1   -31.0   43.810   86.777   9409.9    236.9
     1     1    10     4     1    16     0     2   -32.0   43.885   86.237   9309.3    234.0
     1     1    10     4     1    15     0     3   -33.0   43.956   85.719   9178.6    230.5
     1     1    10     4     1    14     0     2   -34.0   44.021   85.223   9026.0    226.6
     1     1    10     4     1    13     0     1   -35.0   44.081   84.732   8913.2    223.1
     1     1    10     4     1    12     0     0   -36.0   44.133   84.248   8845.6    218.7
     1     1    10     4     1    11     0     1   -37.0   44.183   83.769   8915.5    220.0
     1     1    10     4     1    10     0     2   -38.0   44.230   83.293   9089.8    226.4
     1     1    10     4     1     9     0     3   -39.0   44.255   82.816   9211.8    231.5
     1     1    10     4     1     8     0     2   -40.0   44.276   82.357   9291.4    234.8
     1     1    10     4     1     7     0     1   -41.0   44.310   81.941   9357.8    236.8
     1     1    10     4     1     6     0     0   -42.0   44.360   81.556   9368.7    235.3
     1     1    10     4     1     5     0     1   -43.0   44.423   81.170   9337.2    230.9
     1     1    10     4     1     4     0     2   -44.0   44.488   80.770   9302.3    227.2
     1     1    10     4     1     3     0     3   -45.0   44.547   80.370   9280.3    225.2
     1     1    10     4     1     2     0     2   -46.0   44.600   79.972   9246.7    223.4
     1     1    10     4     1     1     0     1   -47.0   44.656   79.578   9290.2    225.1
     1     1    10     4     1     0     0     0   -48.0   44.717   79.202   9350.6    228.2
     1     1    10     3    31    23     0     1   -49.0   44.780   78.850   9440.4    233.7
     1     1    10     3    31    22     0     2   -50.0   44.839   78.523   9560.7    240.6
     1     1    10     3    31    21     0     3   -51.0   44.887   78.221   9699.6    247.4
     1     1    10     3    31    20     0     2   -52.0   44.927   77.946   9816.6    252.4
     1     1    10     3    31    19     0     1   -53.0   44.969   77.705   9834.7    253.2
     1     1    10     3    31    18     0     0   -54.0   45.014   77.500   9838.5    254.2
     1     1    10     3    31    17     0     1   -55.0   45.074   77.308   9836.8    255.7
     1     1    10     3    31    16     0     2   -56.0   45.162   77.110   9843.1    256.5
     1     1    10     3    31    15     0     3   -57.0   45.283   76.917   9855.9    256.7
     1     1    10     3    31    14     0     2   -58.0   45.427   76.737   9876.7    256.2
     1     1    10     3    31    13     0     1   -59.0   45.582   76.564   9908.5    254.9
     1     1    10     3    31    12     0     0   -60.0   45.750   76.392   9947.1    253.1
     1     1    10     3    31    11     0     1   -61.0   45.933   76.201   9987.8    251.1
     1     1    10     3    31    10     0     2   -62.0   46.127   75.979  10030.6    248.8
     1     1    10     3    31     9     0     3   -63.0   46.328   75.739  10078.7    246.5
