     7     1
    GDAS    10     3    22     0     0
    GDAS    10     4     8     0     0
    GDAS    10     4    15     0     0
    GDAS    10     4    22     0     0
    GDAS    10     4    29     0     0
    GDAS    10     4     1     0     0
    GDAS    10     3    29     0     0
     1 BACKWARD OMEGA   
    10     4     9    12   39.977  116.381  7800.0
     1 PRESSURE
     1     1    10     4     9    12     0     0     0.0   39.977  116.381   7555.4    364.0
     1     1    10     4     9    11     0     1    -1.0   40.101  114.491   7600.5    310.5
     1     1    10     4     9    10     0     2    -2.0   40.159  112.512   7505.4    309.1
     1     1    10     4     9     9     0     3    -3.0   40.335  110.370   7461.1    313.1
     1     1    10     4     9     8     0     2    -4.0   40.367  108.297   7590.1    312.1
     1     1    10     4     9     7     0     1    -5.0   40.287  106.338   7751.0    308.5
     1     1    10     4     9     6     0     0    -6.0   40.321  104.290   8100.8    282.2
     1     1    10     4     9     5     0     1    -7.0   40.503  102.242   8237.8    282.9
     1     1    10     4     9     4     0     2    -8.0   40.711  100.092   8264.8    281.8
     1     1    10     4     9     3     0     3    -9.0   40.862   97.929   8064.4    277.7
     1     1    10     4     9     2     0     2   -10.0   41.105   95.846   7877.5    275.9
     1     1    10     4     9     1     0     1   -11.0   41.329   93.644   7841.8    301.7
     1     1    10     4     9     0     0     0   -12.0   41.340   91.563   7454.0    331.7
     1     1    10     4     8    23     0     1   -13.0   41.353   89.612   7013.5    348.8
     1     1    10     4     8    22     0     2   -14.0   41.469   87.693   6584.7    372.1
     1     1    10     4     8    21     0     3   -15.0   41.522   85.984   6264.2    392.8
     1     1    10     4     8    20     0     2   -16.0   41.732   84.437   5956.2    393.5
     1     1    10     4     8    19     0     1   -17.0   41.992   82.866   5512.3    406.4
     1     1    10     4     8    18     0     0   -18.0   42.290   81.347   5124.0    366.2
     1     1    10     4     8    17     0     1   -19.0   42.871   79.375   5345.1    370.7
     1     1    10     4     8    16     0     2   -20.0   43.295   77.503   5007.7    406.3
     1     1    10     4     8    15     0     3   -21.0   43.624   75.853   5049.9    468.9
     1     1    10     4     8    14     0     2   -22.0   43.911   74.378   5055.3    489.4
     1     1    10     4     8    13     0     1   -23.0   44.170   73.064   5050.0    510.6
     1     1    10     4     8    12     0     0   -24.0   44.424   71.918   5012.3    520.5
     1     1    10     4     8    11     0     1   -25.0   44.677   70.843   5000.9    524.2
     1     1    10     4     8    10     0     2   -26.0   44.928   69.800   5083.8    522.1
     1     1    10     4     8     9     0     3   -27.0   45.197   68.797   5200.2    514.4
     1     1    10     4     8     8     0     2   -28.0   45.476   67.869   5349.6    505.2
     1     1    10     4     8     7     0     1   -29.0   45.761   66.989   5512.3    494.2
     1     1    10     4     8     6     0     0   -30.0   46.109   66.163   5770.4    478.9
     1     1    10     4     8     5     0     1   -31.0   46.474   65.411   6044.8    457.6
     1     1    10     4     8     4     0     2   -32.0   46.842   64.747   6329.0    442.6
     1     1    10     4     8     3     0     3   -33.0   47.270   64.193   6678.6    421.5
     1     1    10     4     8     2     0     2   -34.0   47.672   63.742   6986.0    398.4
     1     1    10     4     8     1     0     1   -35.0   48.010   63.442   7233.0    388.3
     1     1    10     4     8     0     0     0   -36.0   48.322   63.299   7459.2    374.6
     1     1    10     4     7    23     0     1   -37.0   48.590   63.252   7641.7    362.2
     1     1    10     4     7    22     0     2   -38.0   48.804   63.299   7781.2    354.8
     1     1    10     4     7    21     0     3   -39.0   48.975   63.457   7902.5    348.2
     1     1    10     4     7    20     0     2   -40.0   49.102   63.633   7987.0    342.4
     1     1    10     4     7    19     0     1   -41.0   49.196   63.749   8019.3    341.2
     1     1    10     4     7    18     0     0   -42.0   49.261   63.816   8008.8    342.1
     1     1    10     4     7    17     0     1   -43.0   49.300   63.840   7981.5    344.8
     1     1    10     4     7    16     0     2   -44.0   49.314   63.821   7962.0    346.0
     1     1    10     4     7    15     0     3   -45.0   49.301   63.761   7950.3    346.7
     1     1    10     4     7    14     0     2   -46.0   49.260   63.658   7942.5    346.8
     1     1    10     4     7    13     0     1   -47.0   49.191   63.505   7934.7    347.1
     1     1    10     4     7    12     0     0   -48.0   49.087   63.285   7924.9    347.5
     1     1    10     4     7    11     0     1   -49.0   48.949   63.016   7912.1    348.3
     1     1    10     4     7    10     0     2   -50.0   48.776   62.741   7886.0    349.6
     1     1    10     4     7     9     0     3   -51.0   48.551   62.447   7829.0    352.6
     1     1    10     4     7     8     0     2   -52.0   48.268   62.139   7733.8    357.7
     1     1    10     4     7     7     0     1   -53.0   47.940   61.791   7608.1    364.0
     1     1    10     4     7     6     0     0   -54.0   47.592   61.371   7451.8    370.8
     1     1    10     4     7     5     0     1   -55.0   47.248   60.895   7262.3    380.1
     1     1    10     4     7     4     0     2   -56.0   46.911   60.338   7069.5    391.0
     1     1    10     4     7     3     0     3   -57.0   46.587   59.645   6882.2    400.3
     1     1    10     4     7     2     0     2   -58.0   46.304   58.816   6659.6    414.9
     1     1    10     4     7     1     0     1   -59.0   46.099   57.876   6433.7    427.6
     1     1    10     4     7     0     0     0   -60.0   46.003   56.892   6329.1    438.2
     1     1    10     4     6    23     0     1   -61.0   46.056   55.963   6319.4    438.1
     1     1    10     4     6    22     0     2   -62.0   46.252   55.155   6354.4    438.6
     1     1    10     4     6    21     0     3   -63.0   46.549   54.519   6389.3    437.3
     1     1    10     4     6    20     0     2   -64.0   46.931   54.040   6427.7    436.1
     1     1    10     4     6    19     0     1   -65.0   47.378   53.745   6474.3    433.4
     1     1    10     4     6    18     0     0   -66.0   47.857   53.716   6527.2    429.8
     1     1    10     4     6    17     0     1   -67.0   48.351   53.965   6570.6    425.3
     1     1    10     4     6    16     0     2   -68.0   48.841   54.497   6606.6    420.0
     1     1    10     4     6    15     0     3   -69.0   49.273   55.248   6596.3    414.9
     1     1    10     4     6    14     0     2   -70.0   49.630   56.121   6585.5    413.6
     1     1    10     4     6    13     0     1   -71.0   49.887   57.083   6594.1    407.4
     1     1    10     4     6    12     0     0   -72.0   50.017   57.989   6602.8    404.5
     1     1    10     4     6    11     0     1   -73.0   50.057   58.750   6640.4    405.0
     1     1    10     4     6    10     0     2   -74.0   50.056   59.432   6717.7    402.5
     1     1    10     4     6     9     0     3   -75.0   50.016   60.114   6797.9    399.7
     1     1    10     4     6     8     0     2   -76.0   49.881   60.821   6847.9    396.6
     1     1    10     4     6     7     0     1   -77.0   49.623   61.429   6852.6    398.6
     1     1    10     4     6     6     0     0   -78.0   49.317   61.845   6819.6    404.2
     1     1    10     4     6     5     0     1   -79.0   48.999   62.171   6834.2    409.4
     1     1    10     4     6     4     0     2   -80.0   48.645   62.554   6908.4    402.4
     1     1    10     4     6     3     0     3   -81.0   48.229   62.932   6974.1    400.5
     1     1    10     4     6     2     0     2   -82.0   47.724   63.117   6946.4    398.0
     1     1    10     4     6     1     0     1   -83.0   47.134   63.030   6803.0    408.0
     1     1    10     4     6     0     0     0   -84.0   46.423   62.703   6641.1    423.0
     1     1    10     4     5    23     0     1   -85.0   45.699   62.136   6566.0    427.8
     1     1    10     4     5    22     0     2   -86.0   45.024   61.444   6503.9    433.0
     1     1    10     4     5    21     0     3   -87.0   44.397   60.642   6460.7    435.6
     1     1    10     4     5    20     0     2   -88.0   43.845   59.811   6453.6    436.8
     1     1    10     4     5    19     0     1   -89.0   43.351   58.961   6513.7    433.7
     1     1    10     4     5    18     0     0   -90.0   42.933   58.065   6586.4    425.0
     1     1    10     4     5    17     0     1   -91.0   42.598   57.137   6682.7    422.0
     1     1    10     4     5    16     0     2   -92.0   42.332   56.172   6779.3    412.2
     1     1    10     4     5    15     0     3   -93.0   42.134   55.182   6862.5    406.1
     1     1    10     4     5    14     0     2   -94.0   42.000   54.222   6947.1    402.6
     1     1    10     4     5    13     0     1   -95.0   41.876   53.307   7067.9    403.2
     1     1    10     4     5    12     0     0   -96.0   41.782   52.409   7193.6    397.2
