     7     1
    GDAS    10     3    22     0     0
    GDAS    10     4     8     0     0
    GDAS    10     4    15     0     0
    GDAS    10     4    22     0     0
    GDAS    10     4    29     0     0
    GDAS    10     4     1     0     0
    GDAS    10     3    29     0     0
     1 BACKWARD OMEGA   
    10     4     6    18   39.977  116.381  1600.0
     1 PRESSURE
     1     1    10     4     6    18     0     0     0.0   39.977  116.381   1364.3    842.9
     1     1    10     4     6    17     0     1    -1.0   39.959  116.102   1361.6    834.2
     1     1    10     4     6    16     0     2    -2.0   40.001  115.837   1348.6    815.9
     1     1    10     4     6    15     0     3    -3.0   40.104  115.550   1325.7    788.6
     1     1    10     4     6    14     0     2    -4.0   40.254  115.189   1321.8    758.5
     1     1    10     4     6    13     0     1    -5.0   40.428  114.742   1355.6    739.8
     1     1    10     4     6    12     0     0    -6.0   40.598  114.265   1398.0    733.3
     1     1    10     4     6    11     0     1    -7.0   40.763  113.809   1414.9    724.3
     1     1    10     4     6    10     0     2    -8.0   40.927  113.398   1403.4    713.7
     1     1    10     4     6     9     0     3    -9.0   41.086  113.021   1389.0    706.3
     1     1    10     4     6     8     0     2   -10.0   41.232  112.668   1382.5    709.5
     1     1    10     4     6     7     0     1   -11.0   41.365  112.331   1372.6    713.0
     1     1    10     4     6     6     0     0   -12.0   41.488  112.009   1355.3    716.9
     1     1    10     4     6     5     0     1   -13.0   41.609  111.699   1343.2    722.8
     1     1    10     4     6     4     0     2   -14.0   41.736  111.398   1353.0    727.6
     1     1    10     4     6     3     0     3   -15.0   41.871  111.104   1388.0    732.0
     1     1    10     4     6     2     0     2   -16.0   42.029  110.814   1435.0    731.3
     1     1    10     4     6     1     0     1   -17.0   42.230  110.523   1466.3    728.3
     1     1    10     4     6     0     0     0   -18.0   42.474  110.232   1472.3    730.0
     1     1    10     4     5    23     0     1   -19.0   42.722  109.913   1456.9    734.3
     1     1    10     4     5    22     0     2   -20.0   42.942  109.545   1431.4    739.6
     1     1    10     4     5    21     0     3   -21.0   43.149  109.142   1416.8    746.2
     1     1    10     4     5    20     0     2   -22.0   43.328  108.739   1413.4    753.4
     1     1    10     4     5    19     0     1   -23.0   43.466  108.367   1402.4    760.3
     1     1    10     4     5    18     0     0   -24.0   43.575  108.021   1393.6    762.3
     1     1    10     4     5    17     0     1   -25.0   43.685  107.701   1395.0    755.8
     1     1    10     4     5    16     0     2   -26.0   43.818  107.402   1430.3    746.0
     1     1    10     4     5    15     0     3   -27.0   43.981  107.105   1524.6    729.0
     1     1    10     4     5    14     0     2   -28.0   44.184  106.780   1629.1    710.1
     1     1    10     4     5    13     0     1   -29.0   44.407  106.450   1689.5    705.0
     1     1    10     4     5    12     0     0   -30.0   44.628  106.135   1767.8    700.1
     1     1    10     4     5    11     0     1   -31.0   44.840  105.812   1855.9    688.0
     1     1    10     4     5    10     0     2   -32.0   45.046  105.493   1910.4    685.5
     1     1    10     4     5     9     0     3   -33.0   45.247  105.213   1946.6    680.5
     1     1    10     4     5     8     0     2   -34.0   45.443  104.962   1961.8    673.3
     1     1    10     4     5     7     0     1   -35.0   45.641  104.722   1947.9    671.4
     1     1    10     4     5     6     0     0   -36.0   45.847  104.498   1940.4    670.9
     1     1    10     4     5     5     0     1   -37.0   46.059  104.277   1973.6    665.5
     1     1    10     4     5     4     0     2   -38.0   46.269  104.050   2034.3    654.2
     1     1    10     4     5     3     0     3   -39.0   46.486  103.826   2092.5    641.4
     1     1    10     4     5     2     0     2   -40.0   46.713  103.605   2155.8    630.8
     1     1    10     4     5     1     0     1   -41.0   46.953  103.376   2238.2    619.9
     1     1    10     4     5     0     0     0   -42.0   47.209  103.129   2340.7    613.3
     1     1    10     4     4    23     0     1   -43.0   47.474  102.862   2421.0    604.9
     1     1    10     4     4    22     0     2   -44.0   47.725  102.585   2456.0    602.5
     1     1    10     4     4    21     0     3   -45.0   47.949  102.310   2461.1    605.9
     1     1    10     4     4    20     0     2   -46.0   48.154  102.033   2486.6    608.5
     1     1    10     4     4    19     0     1   -47.0   48.357  101.729   2557.0    598.6
     1     1    10     4     4    18     0     0   -48.0   48.558  101.376   2659.6    587.0
     1     1    10     4     4    17     0     1   -49.0   48.746  100.981   2770.9    574.4
     1     1    10     4     4    16     0     2   -50.0   48.903  100.586   2819.1    562.2
     1     1    10     4     4    15     0     3   -51.0   49.020  100.235   2764.4    560.5
     1     1    10     4     4    14     0     2   -52.0   49.121   99.924   2626.9    567.1
     1     1    10     4     4    13     0     1   -53.0   49.218   99.633   2476.2    577.8
     1     1    10     4     4    12     0     0   -54.0   49.309   99.357   2340.8    585.8
     1     1    10     4     4    11     0     1   -55.0   49.404   99.093   2219.1    593.8
     1     1    10     4     4    10     0     2   -56.0   49.511   98.832   2119.8    601.5
     1     1    10     4     4     9     0     3   -57.0   49.627   98.565   2037.3    604.5
     1     1    10     4     4     8     0     2   -58.0   49.748   98.298   1955.4    606.5
     1     1    10     4     4     7     0     1   -59.0   49.867   98.048   1867.7    607.4
     1     1    10     4     4     6     0     0   -60.0   49.980   97.835   1775.8    612.1
     1     1    10     4     4     5     0     1   -61.0   50.097   97.644   1696.0    622.4
     1     1    10     4     4     4     0     2   -62.0   50.230   97.442   1648.2    633.5
     1     1    10     4     4     3     0     3   -63.0   50.381   97.228   1649.4    643.3
     1     1    10     4     4     2     0     2   -64.0   50.540   96.999   1693.0    652.4
     1     1    10     4     4     1     0     1   -65.0   50.700   96.754   1765.7    659.7
     1     1    10     4     4     0     0     0   -66.0   50.860   96.500   1854.7    662.1
     1     1    10     4     3    23     0     1   -67.0   51.012   96.233   1934.1    661.8
     1     1    10     4     3    22     0     2   -68.0   51.154   95.942   1958.3    656.5
     1     1    10     4     3    21     0     3   -69.0   51.297   95.639   1909.2    662.9
     1     1    10     4     3    20     0     2   -70.0   51.439   95.355   1798.7    674.3
     1     1    10     4     3    19     0     1   -71.0   51.583   95.101   1641.3    688.3
     1     1    10     4     3    18     0     0   -72.0   51.749   94.869   1456.7    707.1
     1     1    10     4     3    17     0     1   -73.0   51.941   94.639   1301.5    730.9
     1     1    10     4     3    16     0     2   -74.0   52.150   94.375   1231.7    752.0
     1     1    10     4     3    15     0     3   -75.0   52.364   94.048   1232.5    759.4
     1     1    10     4     3    14     0     2   -76.0   52.556   93.677   1244.7    759.7
     1     1    10     4     3    13     0     1   -77.0   52.708   93.282   1233.6    767.7
     1     1    10     4     3    12     0     0   -78.0   52.827   92.851   1166.3    785.3
     1     1    10     4     3    11     0     1   -79.0   52.916   92.376   1052.0    808.7
     1     1    10     4     3    10     0     2   -80.0   52.980   91.867    939.8    834.7
     1     1    10     4     3     9     0     3   -81.0   53.031   91.343    869.9    854.0
     1     1    10     4     3     8     0     2   -82.0   53.070   90.833    869.6    856.6
     1     1    10     4     3     7     0     1   -83.0   53.106   90.337    939.7    837.3
     1     1    10     4     3     6     0     0   -84.0   53.156   89.828   1045.5    812.6
     1     1    10     4     3     5     0     1   -85.0   53.229   89.287   1115.9    793.8
     1     1    10     4     3     4     0     2   -86.0   53.323   88.738   1132.2    797.8
     1     1    10     4     3     3     0     3   -87.0   53.426   88.216   1123.6    817.7
     1     1    10     4     3     2     0     2   -88.0   53.533   87.742   1090.5    835.5
     1     1    10     4     3     1     0     1   -89.0   53.648   87.312   1049.5    850.7
     1     1    10     4     3     0     0     0   -90.0   53.775   86.905   1024.8    859.8
     1     1    10     4     2    23     0     1   -91.0   53.908   86.503   1006.7    857.9
     1     1    10     4     2    22     0     2   -92.0   54.042   86.105    985.1    856.7
     1     1    10     4     2    21     0     3   -93.0   54.179   85.704    972.6    864.0
     1     1    10     4     2    20     0     2   -94.0   54.314   85.296    974.2    870.4
     1     1    10     4     2    19     0     1   -95.0   54.449   84.887    988.8    872.8
     1     1    10     4     2    18     0     0   -96.0   54.584   84.483   1006.4    871.2
