     7     1
    GDAS    10     3    22     0     0
    GDAS    10     4     8     0     0
    GDAS    10     4    15     0     0
    GDAS    10     4    22     0     0
    GDAS    10     4    29     0     0
    GDAS    10     4     1     0     0
    GDAS    10     3    29     0     0
     1 BACKWARD OMEGA   
    10     4    10    12   39.977  116.381  6200.0
     1 PRESSURE
     1     1    10     4    10    12     0     0     0.0   39.977  116.381   5955.6    456.1
     1     1    10     4    10    11     0     1    -1.0   40.117  114.579   6091.5    387.9
     1     1    10     4    10    10     0     2    -2.0   40.261  112.657   6150.9    373.9
     1     1    10     4    10     9     0     3    -3.0   40.313  110.853   6067.2    386.7
     1     1    10     4    10     8     0     2    -4.0   40.402  109.092   6102.6    384.9
     1     1    10     4    10     7     0     1    -5.0   40.464  107.371   6130.1    385.0
     1     1    10     4    10     6     0     0    -6.0   40.487  105.735   6179.5    382.1
     1     1    10     4    10     5     0     1    -7.0   40.539  104.014   6298.7    369.8
     1     1    10     4    10     4     0     2    -8.0   40.696  102.174   6338.5    375.8
     1     1    10     4    10     3     0     3    -9.0   40.904  100.313   6370.0    376.1
     1     1    10     4    10     2     0     2   -10.0   41.128   98.414   6164.5    370.7
     1     1    10     4    10     1     0     1   -11.0   41.361   96.449   5951.8    361.7
     1     1    10     4    10     0     0     0   -12.0   41.626   94.478   5945.1    393.0
     1     1    10     4     9    23     0     1   -13.0   41.860   92.751   5730.2    423.1
     1     1    10     4     9    22     0     2   -14.0   42.060   91.087   5277.7    440.0
     1     1    10     4     9    21     0     3   -15.0   42.246   89.526   5063.8    471.1
     1     1    10     4     9    20     0     2   -16.0   42.479   87.967   5029.3    444.5
     1     1    10     4     9    19     0     1   -17.0   42.751   85.998   4700.5    374.9
     1     1    10     4     9    18     0     0   -18.0   43.012   83.913   4715.6    390.7
     1     1    10     4     9    17     0     1   -19.0   43.303   82.031   4785.3    415.8
     1     1    10     4     9    16     0     2   -20.0   43.569   80.394   4729.7    479.6
     1     1    10     4     9    15     0     3   -21.0   43.782   78.915   4602.2    493.2
     1     1    10     4     9    14     0     2   -22.0   43.938   77.658   4264.0    543.5
     1     1    10     4     9    13     0     1   -23.0   44.045   76.685   3984.6    582.2
     1     1    10     4     9    12     0     0   -24.0   44.097   75.879   3782.3    589.3
     1     1    10     4     9    11     0     1   -25.0   44.135   75.117   3666.2    587.2
     1     1    10     4     9    10     0     2   -26.0   44.194   74.381   3621.7    598.7
     1     1    10     4     9     9     0     3   -27.0   44.251   73.708   3589.7    611.3
     1     1    10     4     9     8     0     2   -28.0   44.301   73.099   3557.2    621.9
     1     1    10     4     9     7     0     1   -29.0   44.347   72.555   3536.3    629.1
     1     1    10     4     9     6     0     0   -30.0   44.388   72.055   3547.0    632.8
     1     1    10     4     9     5     0     1   -31.0   44.412   71.582   3561.1    630.8
     1     1    10     4     9     4     0     2   -32.0   44.417   71.134   3560.5    631.4
     1     1    10     4     9     3     0     3   -33.0   44.424   70.717   3559.0    633.8
     1     1    10     4     9     2     0     2   -34.0   44.439   70.335   3545.3    635.6
     1     1    10     4     9     1     0     1   -35.0   44.459   69.995   3498.8    641.1
     1     1    10     4     9     0     0     0   -36.0   44.480   69.690   3405.7    645.5
     1     1    10     4     8    23     0     1   -37.0   44.513   69.414   3306.2    654.9
     1     1    10     4     8    22     0     2   -38.0   44.556   69.162   3232.5    659.8
     1     1    10     4     8    21     0     3   -39.0   44.600   68.937   3190.1    664.0
     1     1    10     4     8    20     0     2   -40.0   44.647   68.728   3183.5    666.4
     1     1    10     4     8    19     0     1   -41.0   44.701   68.529   3206.5    666.2
     1     1    10     4     8    18     0     0   -42.0   44.765   68.337   3248.4    665.3
     1     1    10     4     8    17     0     1   -43.0   44.840   68.157   3314.3    664.2
     1     1    10     4     8    16     0     2   -44.0   44.924   67.985   3408.8    660.3
     1     1    10     4     8    15     0     3   -45.0   45.015   67.802   3516.6    653.1
     1     1    10     4     8    14     0     2   -46.0   45.133   67.568   3620.4    642.2
     1     1    10     4     8    13     0     1   -47.0   45.292   67.275   3724.1    632.5
     1     1    10     4     8    12     0     0   -48.0   45.482   66.953   3840.3    622.9
     1     1    10     4     8    11     0     1   -49.0   45.669   66.618   3975.4    612.2
     1     1    10     4     8    10     0     2   -50.0   45.840   66.271   4122.8    601.2
     1     1    10     4     8     9     0     3   -51.0   46.015   65.905   4276.6    589.1
     1     1    10     4     8     8     0     2   -52.0   46.210   65.515   4441.9    575.0
     1     1    10     4     8     7     0     1   -53.0   46.445   65.122   4648.4    559.4
     1     1    10     4     8     6     0     0   -54.0   46.722   64.753   4899.7    541.5
     1     1    10     4     8     5     0     1   -55.0   47.025   64.412   5195.5    520.0
     1     1    10     4     8     4     0     2   -56.0   47.361   64.078   5519.3    495.7
     1     1    10     4     8     3     0     3   -57.0   47.707   63.757   5809.8    473.6
     1     1    10     4     8     2     0     2   -58.0   48.018   63.490   6042.8    460.0
     1     1    10     4     8     1     0     1   -59.0   48.296   63.299   6252.4    447.7
     1     1    10     4     8     0     0     0   -60.0   48.556   63.184   6460.3    433.7
     1     1    10     4     7    23     0     1   -61.0   48.778   63.143   6635.2    419.9
     1     1    10     4     7    22     0     2   -62.0   48.952   63.174   6759.9    411.9
     1     1    10     4     7    21     0     3   -63.0   49.092   63.281   6849.5    406.3
     1     1    10     4     7    20     0     2   -64.0   49.202   63.405   6892.1    402.8
     1     1    10     4     7    19     0     1   -65.0   49.283   63.497   6882.5    403.8
     1     1    10     4     7    18     0     0   -66.0   49.335   63.566   6830.4    407.3
     1     1    10     4     7    17     0     1   -67.0   49.364   63.623   6773.2    412.9
     1     1    10     4     7    16     0     2   -68.0   49.379   63.678   6744.6    414.7
     1     1    10     4     7    15     0     3   -69.0   49.383   63.733   6744.0    414.9
     1     1    10     4     7    14     0     2   -70.0   49.374   63.770   6756.8    413.3
     1     1    10     4     7    13     0     1   -71.0   49.350   63.774   6769.1    412.5
     1     1    10     4     7    12     0     0   -72.0   49.314   63.741   6781.6    411.7
     1     1    10     4     7    11     0     1   -73.0   49.264   63.677   6807.2    410.8
     1     1    10     4     7    10     0     2   -74.0   49.197   63.580   6859.4    407.6
     1     1    10     4     7     9     0     3   -75.0   49.105   63.439   6938.6    402.8
     1     1    10     4     7     8     0     2   -76.0   48.985   63.284   7033.5    396.5
     1     1    10     4     7     7     0     1   -77.0   48.836   63.151   7120.8    391.0
     1     1    10     4     7     6     0     0   -78.0   48.655   63.018   7197.2    387.5
     1     1    10     4     7     5     0     1   -79.0   48.455   62.857   7257.6    383.7
     1     1    10     4     7     4     0     2   -80.0   48.259   62.663   7298.2    381.8
     1     1    10     4     7     3     0     3   -81.0   48.073   62.418   7326.8    380.1
     1     1    10     4     7     2     0     2   -82.0   47.890   62.116   7314.0    378.5
     1     1    10     4     7     1     0     1   -83.0   47.704   61.747   7247.4    382.0
     1     1    10     4     7     0     0     0   -84.0   47.511   61.288   7181.2    386.0
     1     1    10     4     6    23     0     1   -85.0   47.281   60.722   7140.3    385.7
     1     1    10     4     6    22     0     2   -86.0   47.006   60.040   7033.3    384.9
     1     1    10     4     6    21     0     3   -87.0   46.749   59.268   6819.2    400.1
     1     1    10     4     6    20     0     2   -88.0   46.566   58.469   6598.7    416.8
     1     1    10     4     6    19     0     1   -89.0   46.486   57.657   6502.9    423.0
     1     1    10     4     6    18     0     0   -90.0   46.530   56.891   6480.6    426.6
     1     1    10     4     6    17     0     1   -91.0   46.674   56.203   6459.3    427.6
     1     1    10     4     6    16     0     2   -92.0   46.920   55.617   6419.8    429.7
     1     1    10     4     6    15     0     3   -93.0   47.274   55.185   6324.4    434.2
     1     1    10     4     6    14     0     2   -94.0   47.684   54.970   6212.9    443.3
     1     1    10     4     6    13     0     1   -95.0   48.117   54.999   6144.7    446.4
     1     1    10     4     6    12     0     0   -96.0   48.533   55.285   6089.9    447.1
