     7     1
    GDAS    10     3    22     0     0
    GDAS    10     4     8     0     0
    GDAS    10     4    15     0     0
    GDAS    10     4    22     0     0
    GDAS    10     4    29     0     0
    GDAS    10     4     1     0     0
    GDAS    10     3    29     0     0
     1 BACKWARD OMEGA   
    10     4    26     6   39.977  116.381  6200.0
     1 PRESSURE
     1     1    10     4    26     6     0     0     0.0   39.977  116.381   5962.7    443.9
     1     1    10     4    26     5     0     1    -1.0   39.646  115.523   5580.2    448.2
     1     1    10     4    26     4     0     2    -2.0   39.364  114.688   5098.1    466.2
     1     1    10     4    26     3     0     3    -3.0   39.154  113.850   4484.6    477.0
     1     1    10     4    26     2     0     2    -4.0   39.042  112.963   3992.3    506.8
     1     1    10     4    26     1     0     1    -5.0   39.013  111.998   3761.3    509.5
     1     1    10     4    26     0     0     0    -6.0   39.034  110.965   3399.2    557.5
     1     1    10     4    25    23     0     1    -7.0   39.130  110.006   2923.7    600.9
     1     1    10     4    25    22     0     2    -8.0   39.311  109.110   2648.7    609.8
     1     1    10     4    25    21     0     3    -9.0   39.537  108.229   2357.6    633.9
     1     1    10     4    25    20     0     2   -10.0   39.829  107.383   2116.4    662.0
     1     1    10     4    25    19     0     1   -11.0   40.105  106.606   1834.5    697.8
     1     1    10     4    25    18     0     0   -12.0   40.360  105.816   1529.2    722.8
     1     1    10     4    25    17     0     1   -13.0   40.653  105.005   1296.5    745.7
     1     1    10     4    25    16     0     2   -14.0   40.952  104.294   1079.5    766.5
     1     1    10     4    25    15     0     3   -15.0   41.160  103.585    833.1    791.9
     1     1    10     4    25    14     0     2   -16.0   41.317  102.860    638.5    817.6
     1     1    10     4    25    13     0     1   -17.0   41.490  102.204    489.8    842.8
     1     1    10     4    25    12     0     0   -18.0   41.645  101.662    387.0    865.5
     1     1    10     4    25    11     0     1   -19.0   41.804  101.173    319.2    874.3
     1     1    10     4    25    10     0     2   -20.0   42.005  100.687    251.8    884.3
     1     1    10     4    25     9     0     3   -21.0   42.266  100.214    195.0    879.8
     1     1    10     4    25     8     0     2   -22.0   42.551   99.745    162.6    870.2
     1     1    10     4    25     7     0     1   -23.0   42.811   99.283    146.8    860.5
     1     1    10     4    25     6     0     0   -24.0   43.053   98.846    140.7    856.3
     1     1    10     4    25     5     0     1   -25.0   43.269   98.441    132.7    858.4
     1     1    10     4    25     4     0     2   -26.0   43.457   98.056    117.2    861.9
     1     1    10     4    25     3     0     3   -27.0   43.626   97.694    100.4    868.3
     1     1    10     4    25     2     0     2   -28.0   43.780   97.365     92.6    874.7
     1     1    10     4    25     1     0     1   -29.0   43.920   97.060    100.7    880.1
     1     1    10     4    25     0     0     0   -30.0   44.046   96.786    122.3    878.7
     1     1    10     4    24    23     0     1   -31.0   44.169   96.550    147.2    869.7
     1     1    10     4    24    22     0     2   -32.0   44.310   96.342    181.3    859.4
     1     1    10     4    24    21     0     3   -33.0   44.479   96.147    244.0    845.7
     1     1    10     4    24    20     0     2   -34.0   44.690   95.937    380.2    824.5
     1     1    10     4    24    19     0     1   -35.0   44.980   95.730    634.3    776.3
     1     1    10     4    24    18     0     0   -36.0   45.362   95.568    892.3    734.4
     1     1    10     4    24    17     0     1   -37.0   45.808   95.423    975.7    724.1
     1     1    10     4    24    16     0     2   -38.0   46.296   95.294    844.9    741.8
     1     1    10     4    24    15     0     3   -39.0   46.811   95.200    647.1    769.9
     1     1    10     4    24    14     0     2   -40.0   47.310   95.132    545.6    782.2
     1     1    10     4    24    13     0     1   -41.0   47.763   95.077    558.9    776.1
     1     1    10     4    24    12     0     0   -42.0   48.186   95.030    644.8    763.8
     1     1    10     4    24    11     0     1   -43.0   48.587   94.984    764.9    752.9
     1     1    10     4    24    10     0     2   -44.0   48.964   94.938    884.7    741.6
     1     1    10     4    24     9     0     3   -45.0   49.298   94.875    975.5    753.1
     1     1    10     4    24     8     0     2   -46.0   49.576   94.773   1056.4    769.0
     1     1    10     4    24     7     0     1   -47.0   49.804   94.637   1176.3    772.7
     1     1    10     4    24     6     0     0   -48.0   49.992   94.485   1349.4    765.9
     1     1    10     4    24     5     0     1   -49.0   50.197   94.329   1539.2    736.9
     1     1    10     4    24     4     0     2   -50.0   50.461   94.161   1651.9    712.9
     1     1    10     4    24     3     0     3   -51.0   50.747   93.963   1617.2    699.8
     1     1    10     4    24     2     0     2   -52.0   51.024   93.771   1448.5    707.7
     1     1    10     4    24     1     0     1   -53.0   51.280   93.603   1266.0    740.7
     1     1    10     4    24     0     0     0   -54.0   51.505   93.451   1105.1    762.2
     1     1    10     4    23    23     0     1   -55.0   51.702   93.285    952.6    785.1
     1     1    10     4    23    22     0     2   -56.0   51.866   93.075    802.2    804.5
     1     1    10     4    23    21     0     3   -57.0   51.989   92.829    662.4    821.7
     1     1    10     4    23    20     0     2   -58.0   52.099   92.579    555.3    832.6
     1     1    10     4    23    19     0     1   -59.0   52.210   92.360    463.3    843.2
     1     1    10     4    23    18     0     0   -60.0   52.315   92.180    367.7    858.0
     1     1    10     4    23    17     0     1   -61.0   52.412   92.033    263.8    875.4
     1     1    10     4    23    16     0     2   -62.0   52.495   91.916    167.2    893.5
     1     1    10     4    23    15     0     3   -63.0   52.562   91.828     91.0    907.5
     1     1    10     4    23    14     0     2   -64.0   52.621   91.754     42.5    918.3
     1     1    10     4    23    13     0     1   -65.0   52.682   91.675     13.2    925.8
     1     1    10     4    23    12     0     0   -66.0   52.746   91.591      0.0    932.5
     1     1    10     4    23    11     0     1   -67.0   52.811   91.503      0.0    939.5
     1     1    10     4    23    10     0     2   -68.0   52.869   91.417      0.0    946.6
     1     1    10     4    23     9     0     3   -69.0   52.920   91.336      0.0    953.3
     1     1    10     4    23     8     0     2   -70.0   52.962   91.259      0.0    958.7
     1     1    10     4    23     7     0     1   -71.0   52.996   91.184      0.0    963.2
     1     1    10     4    23     6     0     0   -72.0   53.024   91.108      0.0    964.0
     1     1    10     4    23     5     0     1   -73.0   53.049   91.031      0.0    964.9
     1     1    10     4    23     4     0     2   -74.0   53.072   90.948      0.0    964.3
     1     1    10     4    23     3     0     3   -75.0   53.092   90.861      0.0    962.4
     1     1    10     4    23     2     0     2   -76.0   53.115   90.763      0.0    959.7
     1     1    10     4    23     1     0     1   -77.0   53.143   90.648      0.0    956.5
     1     1    10     4    23     0     0     0   -78.0   53.176   90.516      0.0    952.6
     1     1    10     4    22    23     0     1   -79.0   53.206   90.378      0.7    948.1
     1     1    10     4    22    22     0     2   -80.0   53.225   90.245      2.8    943.4
     1     1    10     4    22    21     0     3   -81.0   53.234   90.116      6.0    938.7
     1     1    10     4    22    20     0     2   -82.0   53.234   89.985     10.4    935.4
     1     1    10     4    22    19     0     1   -83.0   53.232   89.844     16.6    933.2
     1     1    10     4    22    18     0     0   -84.0   53.231   89.689     24.0    930.6
     1     1    10     4    22    17     0     1   -85.0   53.234   89.519     30.4    927.4
     1     1    10     4    22    16     0     2   -86.0   53.248   89.333     34.3    924.0
     1     1    10     4    22    15     0     3   -87.0   53.273   89.137     33.8    920.8
     1     1    10     4    22    14     0     2   -88.0   53.317   88.941     24.6    920.4
     1     1    10     4    22    13     0     1   -89.0   53.376   88.766     11.4    928.1
     1     1    10     4    22    12     0     0   -90.0   53.449   88.605      0.0    933.2
     1     1    10     4    22    11     0     1   -91.0   53.526   88.442      0.0    939.4
     1     1    10     4    22    10     0     2   -92.0   53.596   88.274      0.0    947.2
     1     1    10     4    22     9     0     3   -93.0   53.665   88.099      0.0    956.6
     1     1    10     4    22     8     0     2   -94.0   53.717   87.912      0.0    963.7
     1     1    10     4    22     7     0     1   -95.0   53.739   87.706      0.0    966.9
     1     1    10     4    22     6     0     0   -96.0   53.738   87.474      0.0    970.1
