     7     1
    GDAS    10     3    22     0     0
    GDAS    10     4     8     0     0
    GDAS    10     4    15     0     0
    GDAS    10     4    22     0     0
    GDAS    10     4    29     0     0
    GDAS    10     4     1     0     0
    GDAS    10     3    29     0     0
     1 BACKWARD OMEGA   
    10     4    11     6   39.977  116.381  1800.0
     1 PRESSURE
     1     1    10     4    11     6     0     0     0.0   39.977  116.381   1564.7    812.4
     1     1    10     4    11     5     0     1    -1.0   39.835  116.146   1557.4    811.6
     1     1    10     4    11     4     0     2    -2.0   39.670  115.913   1562.8    805.4
     1     1    10     4    11     3     0     3    -3.0   39.477  115.662   1565.7    801.0
     1     1    10     4    11     2     0     2    -4.0   39.268  115.412   1556.6    802.2
     1     1    10     4    11     1     0     1    -5.0   39.019  115.223   1509.1    819.1
     1     1    10     4    11     0     0     0    -6.0   38.716  115.117   1424.8    836.5
     1     1    10     4    10    23     0     1    -7.0   38.414  115.056   1366.7    853.8
     1     1    10     4    10    22     0     2    -8.0   38.138  115.028   1341.7    862.5
     1     1    10     4    10    21     0     3    -9.0   37.883  115.034   1318.0    867.6
     1     1    10     4    10    20     0     2   -10.0   37.639  115.065   1294.5    871.6
     1     1    10     4    10    19     0     1   -11.0   37.398  115.107   1280.9    872.5
     1     1    10     4    10    18     0     0   -12.0   37.156  115.155   1267.4    873.5
     1     1    10     4    10    17     0     1   -13.0   36.922  115.200   1257.0    875.0
     1     1    10     4    10    16     0     2   -14.0   36.706  115.246   1254.2    873.8
     1     1    10     4    10    15     0     3   -15.0   36.511  115.300   1257.7    872.7
     1     1    10     4    10    14     0     2   -16.0   36.330  115.374   1251.7    869.8
     1     1    10     4    10    13     0     1   -17.0   36.153  115.476   1216.5    871.6
     1     1    10     4    10    12     0     0   -18.0   35.968  115.615   1150.2    876.7
     1     1    10     4    10    11     0     1   -19.0   35.817  115.796   1100.9    885.9
     1     1    10     4    10    10     0     2   -20.0   35.731  115.995   1108.5    884.0
     1     1    10     4    10     9     0     3   -21.0   35.706  116.193   1161.1    876.7
     1     1    10     4    10     8     0     2   -22.0   35.735  116.384   1226.6    865.4
     1     1    10     4    10     7     0     1   -23.0   35.814  116.577   1280.4    858.0
     1     1    10     4    10     6     0     0   -24.0   35.945  116.784   1324.2    851.1
     1     1    10     4    10     5     0     1   -25.0   36.123  116.994   1375.1    847.8
     1     1    10     4    10     4     0     2   -26.0   36.343  117.173   1456.6    840.9
     1     1    10     4    10     3     0     3   -27.0   36.610  117.299   1555.2    832.2
     1     1    10     4    10     2     0     2   -28.0   36.921  117.377   1642.9    827.2
     1     1    10     4    10     1     0     1   -29.0   37.266  117.404   1710.1    822.5
     1     1    10     4    10     0     0     0   -30.0   37.636  117.338   1783.8    818.5
     1     1    10     4     9    23     0     1   -31.0   38.041  117.171   1893.3    810.4
     1     1    10     4     9    22     0     2   -32.0   38.456  116.969   2040.8    793.8
     1     1    10     4     9    21     0     3   -33.0   38.874  116.720   2282.8    771.9
     1     1    10     4     9    20     0     2   -34.0   39.247  116.325   2537.9    729.7
     1     1    10     4     9    19     0     1   -35.0   39.561  115.812   2693.1    695.6
     1     1    10     4     9    18     0     0   -36.0   39.811  115.172   2837.4    637.6
     1     1    10     4     9    17     0     1   -37.0   39.973  114.438   3026.8    592.7
     1     1    10     4     9    16     0     2   -38.0   40.113  113.691   3166.9    577.8
     1     1    10     4     9    15     0     3   -39.0   40.288  112.927   3262.8    562.2
     1     1    10     4     9    14     0     2   -40.0   40.473  112.071   3386.4    545.0
     1     1    10     4     9    13     0     1   -41.0   40.684  111.120   3550.9    530.9
     1     1    10     4     9    12     0     0   -42.0   40.936  110.092   3617.2    523.0
     1     1    10     4     9    11     0     1   -43.0   41.210  109.007   3747.3    537.0
     1     1    10     4     9    10     0     2   -44.0   41.476  107.889   3803.8    535.2
     1     1    10     4     9     9     0     3   -45.0   41.720  106.747   3877.5    530.5
     1     1    10     4     9     8     0     2   -46.0   41.962  105.612   4111.0    524.6
     1     1    10     4     9     7     0     1   -47.0   42.177  104.417   4206.2    504.9
     1     1    10     4     9     6     0     0   -48.0   42.378  103.197   4466.7    485.2
     1     1    10     4     9     5     0     1   -49.0   42.606  101.963   4762.2    458.5
     1     1    10     4     9     4     0     2   -50.0   42.887  100.608   4987.0    434.9
     1     1    10     4     9     3     0     3   -51.0   43.224   99.173   5196.9    429.4
     1     1    10     4     9     2     0     2   -52.0   43.563   97.706   5360.9    420.1
     1     1    10     4     9     1     0     1   -53.0   43.919   96.293   5581.2    421.3
     1     1    10     4     9     0     0     0   -54.0   44.373   94.773   5876.5    406.5
     1     1    10     4     8    23     0     1   -55.0   44.710   93.110   5705.4    393.8
     1     1    10     4     8    22     0     2   -56.0   44.923   91.486   5972.8    387.1
     1     1    10     4     8    21     0     3   -57.0   45.077   89.926   6281.0    381.3
     1     1    10     4     8    20     0     2   -58.0   45.243   88.519   6627.4    382.3
     1     1    10     4     8    19     0     1   -59.0   45.463   87.182   6918.2    378.9
     1     1    10     4     8    18     0     0   -60.0   45.686   85.868   7087.5    378.3
     1     1    10     4     8    17     0     1   -61.0   45.922   84.628   6962.9    355.7
     1     1    10     4     8    16     0     2   -62.0   46.159   83.436   6783.4    350.0
     1     1    10     4     8    15     0     3   -63.0   46.404   82.254   6927.7    358.0
     1     1    10     4     8    14     0     2   -64.0   46.643   81.118   6999.9    367.0
     1     1    10     4     8    13     0     1   -65.0   46.864   80.046   7045.1    381.7
     1     1    10     4     8    12     0     0   -66.0   47.067   79.043   6997.0    381.4
     1     1    10     4     8    11     0     1   -67.0   47.257   78.115   6938.1    376.5
     1     1    10     4     8    10     0     2   -68.0   47.432   77.256   6928.5    376.2
     1     1    10     4     8     9     0     3   -69.0   47.579   76.450   6929.3    376.8
     1     1    10     4     8     8     0     2   -70.0   47.709   75.694   6917.4    376.2
     1     1    10     4     8     7     0     1   -71.0   47.837   74.993   6860.3    373.4
     1     1    10     4     8     6     0     0   -72.0   47.955   74.362   6814.6    374.6
     1     1    10     4     8     5     0     1   -73.0   48.074   73.783   6786.9    375.7
     1     1    10     4     8     4     0     2   -74.0   48.198   73.223   6790.4    373.4
     1     1    10     4     8     3     0     3   -75.0   48.320   72.667   6842.9    373.4
     1     1    10     4     8     2     0     2   -76.0   48.437   72.125   6912.2    373.4
     1     1    10     4     8     1     0     1   -77.0   48.556   71.612   6961.5    374.7
     1     1    10     4     8     0     0     0   -78.0   48.677   71.127   6990.5    376.2
     1     1    10     4     7    23     0     1   -79.0   48.786   70.634   7001.0    377.2
     1     1    10     4     7    22     0     2   -80.0   48.872   70.112   6991.2    378.8
     1     1    10     4     7    21     0     3   -81.0   48.937   69.578   6966.3    381.2
     1     1    10     4     7    20     0     2   -82.0   48.983   69.052   6943.1    383.8
     1     1    10     4     7    19     0     1   -83.0   49.010   68.543   6898.3    382.6
     1     1    10     4     7    18     0     0   -84.0   49.015   68.041   6839.8    382.6
     1     1    10     4     7    17     0     1   -85.0   48.990   67.555   6798.9    385.9
     1     1    10     4     7    16     0     2   -86.0   48.937   67.101   6768.4    388.8
     1     1    10     4     7    15     0     3   -87.0   48.859   66.679   6762.3    393.9
     1     1    10     4     7    14     0     2   -88.0   48.766   66.280   6769.8    398.9
     1     1    10     4     7    13     0     1   -89.0   48.666   65.886   6781.6    401.3
     1     1    10     4     7    12     0     0   -90.0   48.553   65.481   6768.5    403.7
     1     1    10     4     7    11     0     1   -91.0   48.431   65.061   6734.7    410.6
     1     1    10     4     7    10     0     2   -92.0   48.300   64.617   6691.7    415.8
     1     1    10     4     7     9     0     3   -93.0   48.146   64.134   6651.4    419.7
     1     1    10     4     7     8     0     2   -94.0   47.953   63.639   6591.3    423.1
     1     1    10     4     7     7     0     1   -95.0   47.720   63.165   6478.8    430.9
     1     1    10     4     7     6     0     0   -96.0   47.456   62.699   6309.9    441.1
