     7     1
    GDAS    10     3    22     0     0
    GDAS    10     4     8     0     0
    GDAS    10     4    15     0     0
    GDAS    10     4    22     0     0
    GDAS    10     4    29     0     0
    GDAS    10     4     1     0     0
    GDAS    10     3    29     0     0
     1 BACKWARD OMEGA   
    10     4    11    18   39.977  116.381 10000.0
     1 PRESSURE
     1     1    10     4    11    18     0     0     0.0   39.977  116.381   9752.1    261.0
     1     1    10     4    11    17     0     1    -1.0   39.911  113.947   9399.2    237.9
     1     1    10     4    11    16     0     2    -2.0   39.825  111.508   9521.9    228.8
     1     1    10     4    11    15     0     3    -3.0   39.874  108.955   9429.4    230.7
     1     1    10     4    11    14     0     2    -4.0   39.985  106.415   9429.6    238.4
     1     1    10     4    11    13     0     1    -5.0   40.207  103.887   9222.5    235.7
     1     1    10     4    11    12     0     0    -6.0   40.607  101.347   9248.4    244.6
     1     1    10     4    11    11     0     1    -7.0   41.148   98.764   9087.3    239.1
     1     1    10     4    11    10     0     2    -8.0   41.807   96.168   8856.3    227.0
     1     1    10     4    11     9     0     3    -9.0   42.468   93.626   9060.6    248.1
     1     1    10     4    11     8     0     2   -10.0   43.172   91.182   9030.7    276.2
     1     1    10     4    11     7     0     1   -11.0   44.040   88.717   8691.7    255.0
     1     1    10     4    11     6     0     0   -12.0   44.868   86.273   9010.7    280.5
     1     1    10     4    11     5     0     1   -13.0   45.668   84.041   8837.0    266.9
     1     1    10     4    11     4     0     2   -14.0   46.461   81.821   9021.1    267.7
     1     1    10     4    11     3     0     3   -15.0   47.188   79.776   9224.1    275.4
     1     1    10     4    11     2     0     2   -16.0   47.827   77.862   9203.7    268.2
     1     1    10     4    11     1     0     1   -17.0   48.346   75.993   9239.9    261.8
     1     1    10     4    11     0     0     0   -18.0   48.752   74.204   9321.7    256.0
     1     1    10     4    10    23     0     1   -19.0   49.041   72.531   9495.9    258.2
     1     1    10     4    10    22     0     2   -20.0   49.210   70.946   9588.5    259.7
     1     1    10     4    10    21     0     3   -21.0   49.269   69.462   9648.0    260.2
     1     1    10     4    10    20     0     2   -22.0   49.205   68.072   9667.0    255.4
     1     1    10     4    10    19     0     1   -23.0   49.007   66.771   9721.4    255.5
     1     1    10     4    10    18     0     0   -24.0   48.715   65.576   9845.2    259.6
     1     1    10     4    10    17     0     1   -25.0   48.298   64.505   9947.6    260.2
     1     1    10     4    10    16     0     2   -26.0   47.746   63.582   9976.3    260.9
     1     1    10     4    10    15     0     3   -27.0   47.163   62.789   9900.0    265.1
     1     1    10     4    10    14     0     2   -28.0   46.553   62.068   9763.7    271.7
     1     1    10     4    10    13     0     1   -29.0   45.916   61.393   9637.9    279.0
     1     1    10     4    10    12     0     0   -30.0   45.280   60.663   9600.5    283.3
     1     1    10     4    10    11     0     1   -31.0   44.585   59.900   9570.8    281.2
     1     1    10     4    10    10     0     2   -32.0   43.884   59.207   9425.1    287.5
     1     1    10     4    10     9     0     3   -33.0   43.197   58.443   9257.8    293.5
     1     1    10     4    10     8     0     2   -34.0   42.487   57.696   9081.5    302.1
     1     1    10     4    10     7     0     1   -35.0   41.776   56.992   8986.2    310.6
     1     1    10     4    10     6     0     0   -36.0   41.058   56.234   8902.2    308.6
     1     1    10     4    10     5     0     1   -37.0   40.346   55.460   8797.8    313.3
     1     1    10     4    10     4     0     2   -38.0   39.628   54.601   8721.3    314.6
     1     1    10     4    10     3     0     3   -39.0   38.920   53.708   8527.6    333.1
     1     1    10     4    10     2     0     2   -40.0   38.244   52.749   8285.9    348.4
     1     1    10     4    10     1     0     1   -41.0   37.610   51.695   8121.2    357.1
     1     1    10     4    10     0     0     0   -42.0   37.008   50.559   7913.0    344.1
     1     1    10     4     9    23     0     1   -43.0   36.426   49.307   7617.3    308.8
     1     1    10     4     9    22     0     2   -44.0   35.912   47.932   7394.9    304.2
     1     1    10     4     9    21     0     3   -45.0   35.449   46.457   7362.1    313.3
     1     1    10     4     9    20     0     2   -46.0   35.090   44.981   7714.6    350.5
     1     1    10     4     9    19     0     1   -47.0   34.850   43.574   7724.0    368.8
     1     1    10     4     9    18     0     0   -48.0   34.742   42.032   7861.5    351.5
     1     1    10     4     9    17     0     1   -49.0   34.801   40.413   7813.5    357.2
     1     1    10     4     9    16     0     2   -50.0   34.942   38.765   7927.8    335.1
     1     1    10     4     9    15     0     3   -51.0   35.126   37.077   8239.7    321.1
     1     1    10     4     9    14     0     2   -52.0   35.382   35.349   8622.6    324.6
     1     1    10     4     9    13     0     1   -53.0   35.673   33.628   8747.0    316.4
     1     1    10     4     9    12     0     0   -54.0   35.959   31.948   8915.4    313.1
     1     1    10     4     9    11     0     1   -55.0   36.238   30.272   8829.3    304.5
     1     1    10     4     9    10     0     2   -56.0   36.514   28.576   8801.0    304.6
     1     1    10     4     9     9     0     3   -57.0   36.765   26.938   8966.0    311.4
     1     1    10     4     9     8     0     2   -58.0   37.016   25.373   9116.5    304.5
     1     1    10     4     9     7     0     1   -59.0   37.235   23.885   9274.4    297.1
     1     1    10     4     9     6     0     0   -60.0   37.385   22.470   9255.3    282.7
     1     1    10     4     9     5     0     1   -61.0   37.478   21.081   9470.4    289.8
     1     1    10     4     9     4     0     2   -62.0   37.503   19.721   9425.1    291.1
     1     1    10     4     9     3     0     3   -63.0   37.468   18.382   9328.9    297.0
     1     1    10     4     9     2     0     2   -64.0   37.324   17.044   9203.3    302.5
     1     1    10     4     9     1     0     1   -65.0   37.045   15.707   9072.2    306.9
     1     1    10     4     9     0     0     0   -66.0   36.723   14.280   8989.3    310.2
     1     1    10     4     8    23     0     1   -67.0   36.388   12.786   8988.0    313.9
     1     1    10     4     8    22     0     2   -68.0   36.060   11.283   8960.4    313.4
     1     1    10     4     8    21     0     3   -69.0   35.822    9.775   8533.0    319.1
     1     1    10     4     8    20     0     2   -70.0   35.678    8.235   8258.3    311.7
     1     1    10     4     8    19     0     1   -71.0   35.734    6.637   8338.3    304.0
     1     1    10     4     8    18     0     0   -72.0   35.971    5.071   8300.5    300.8
     1     1    10     4     8    17     0     1   -73.0   36.263    3.559   8460.5    311.0
     1     1    10     4     8    16     0     2   -74.0   36.637    2.111   8778.0    312.2
     1     1    10     4     8    15     0     3   -75.0   37.113    0.814   9028.3    313.3
     1     1    10     4     8    14     0     2   -76.0   37.659   -0.305   8999.8    313.4
     1     1    10     4     8    13     0     1   -77.0   38.251   -1.273   8836.3    304.5
     1     1    10     4     8    12     0     0   -78.0   38.883   -2.151   8747.9    288.8
     1     1    10     4     8    11     0     1   -79.0   39.553   -2.919   8894.4    284.2
     1     1    10     4     8    10     0     2   -80.0   40.276   -3.542   9020.3    279.5
     1     1    10     4     8     9     0     3   -81.0   40.995   -4.064   9019.3    265.9
     1     1    10     4     8     8     0     2   -82.0   41.717   -4.527   9239.6    267.5
     1     1    10     4     8     7     0     1   -83.0   42.470   -4.953   9300.6    258.0
     1     1    10     4     8     6     0     0   -84.0   43.245   -5.347   9355.5    258.8
     1     1    10     4     8     5     0     1   -85.0   44.003   -5.690   9807.6    281.1
     1     1    10     4     8     4     0     2   -86.0   44.737   -6.048   9876.0    275.3
     1     1    10     4     8     3     0     3   -87.0   45.466   -6.459   9898.8    273.0
     1     1    10     4     8     2     0     2   -88.0   46.179   -6.917   9922.7    273.7
     1     1    10     4     8     1     0     1   -89.0   46.883   -7.421   9979.1    270.6
     1     1    10     4     8     0     0     0   -90.0   47.583   -7.986  10067.0    266.7
     1     1    10     4     7    23     0     1   -91.0   48.281   -8.632  10163.7    261.7
     1     1    10     4     7    22     0     2   -92.0   48.991   -9.371  10219.6    258.6
