     7     1
    GDAS    10     3    22     0     0
    GDAS    10     4     8     0     0
    GDAS    10     4    15     0     0
    GDAS    10     4    22     0     0
    GDAS    10     4    29     0     0
    GDAS    10     4     1     0     0
    GDAS    10     3    29     0     0
     1 BACKWARD OMEGA   
    10     4    11     6   39.977  116.381  2000.0
     1 PRESSURE
     1     1    10     4    11     6     0     0     0.0   39.977  116.381   1764.3    792.1
     1     1    10     4    11     5     0     1    -1.0   39.885  116.076   1754.9    786.5
     1     1    10     4    11     4     0     2    -2.0   39.765  115.748   1738.5    772.3
     1     1    10     4    11     3     0     3    -3.0   39.639  115.350   1711.9    757.4
     1     1    10     4    11     2     0     2    -4.0   39.526  114.900   1655.0    746.0
     1     1    10     4    11     1     0     1    -5.0   39.395  114.472   1579.4    744.8
     1     1    10     4    11     0     0     0    -6.0   39.242  114.062   1504.5    730.4
     1     1    10     4    10    23     0     1    -7.0   39.075  113.641   1460.0    725.7
     1     1    10     4    10    22     0     2    -8.0   38.885  113.189   1441.2    722.5
     1     1    10     4    10    21     0     3    -9.0   38.671  112.689   1367.2    719.9
     1     1    10     4    10    20     0     2   -10.0   38.463  112.220   1240.5    729.2
     1     1    10     4    10    19     0     1   -11.0   38.256  111.839   1140.4    739.3
     1     1    10     4    10    18     0     0   -12.0   38.013  111.564   1080.3    750.7
     1     1    10     4    10    17     0     1   -13.0   37.736  111.363   1043.0    761.6
     1     1    10     4    10    16     0     2   -14.0   37.428  111.187   1010.6    768.8
     1     1    10     4    10    15     0     3   -15.0   37.067  111.018    959.5    776.2
     1     1    10     4    10    14     0     2   -16.0   36.689  110.915    919.3    793.6
     1     1    10     4    10    13     0     1   -17.0   36.354  110.904    901.3    802.6
     1     1    10     4    10    12     0     0   -18.0   36.060  110.954    876.5    811.5
     1     1    10     4    10    11     0     1   -19.0   35.810  111.060    854.5    825.0
     1     1    10     4    10    10     0     2   -20.0   35.592  111.215    864.2    832.4
     1     1    10     4    10     9     0     3   -21.0   35.403  111.408    899.3    833.6
     1     1    10     4    10     8     0     2   -22.0   35.237  111.614    917.1    835.4
     1     1    10     4    10     7     0     1   -23.0   35.085  111.815    880.2    843.2
     1     1    10     4    10     6     0     0   -24.0   34.941  112.001    759.0    856.7
     1     1    10     4    10     5     0     1   -25.0   34.833  112.170    598.8    884.4
     1     1    10     4    10     4     0     2   -26.0   34.789  112.363    447.8    908.4
     1     1    10     4    10     3     0     3   -27.0   34.802  112.596    304.7    936.1
     1     1    10     4    10     2     0     2   -28.0   34.866  112.877    190.2    964.8
     1     1    10     4    10     1     0     1   -29.0   34.981  113.189    120.9    984.1
     1     1    10     4    10     0     0     0   -30.0   35.152  113.494     77.8    981.4
     1     1    10     4     9    23     0     1   -31.0   35.362  113.744     35.1    975.5
     1     1    10     4     9    22     0     2   -32.0   35.576  113.927      0.0    972.4
     1     1    10     4     9    21     0     3   -33.0   35.804  114.069      0.0    966.1
     1     1    10     4     9    20     0     2   -34.0   36.038  114.186      0.0    962.5
     1     1    10     4     9    19     0     1   -35.0   36.249  114.273      0.0    964.8
     1     1    10     4     9    18     0     0   -36.0   36.434  114.331      0.0    966.2
     1     1    10     4     9    17     0     1   -37.0   36.597  114.369      2.9    966.3
     1     1    10     4     9    16     0     2   -38.0   36.744  114.400      6.5    966.0
     1     1    10     4     9    15     0     3   -39.0   36.883  114.428     10.1    965.7
     1     1    10     4     9    14     0     2   -40.0   37.012  114.464     10.9    966.7
     1     1    10     4     9    13     0     1   -41.0   37.121  114.516      6.9    971.9
     1     1    10     4     9    12     0     0   -42.0   37.210  114.584      0.0    977.4
     1     1    10     4     9    11     0     1   -43.0   37.283  114.665      0.0    984.3
     1     1    10     4     9    10     0     2   -44.0   37.334  114.755      0.0    991.7
     1     1    10     4     9     9     0     3   -45.0   37.362  114.850      0.0    999.3
     1     1    10     4     9     8     0     2   -46.0   37.374  114.946      0.0   1007.1
     1     1    10     4     9     7     0     1   -47.0   37.374  115.041      0.0   1011.0
     1     1    10     4     9     6     0     0   -48.0   37.355  115.140      0.0   1009.9
     1     1    10     4     9     5     0     1   -49.0   37.325  115.231      0.0   1010.1
     1     1    10     4     9     4     0     2   -50.0   37.299  115.295      0.0   1010.5
     1     1    10     4     9     3     0     3   -51.0   37.279  115.328      0.0   1011.2
     1     1    10     4     9     2     0     2   -52.0   37.244  115.349      0.0   1010.7
     1     1    10     4     9     1     0     1   -53.0   37.165  115.376      0.0   1010.1
     1     1    10     4     9     0     0     0   -54.0   37.030  115.414      0.0   1009.4
     1     1    10     4     8    23     0     1   -55.0   36.855  115.452      0.4   1008.2
     1     1    10     4     8    22     0     2   -56.0   36.672  115.471      1.2   1007.5
     1     1    10     4     8    21     0     3   -57.0   36.486  115.470      1.8   1007.2
     1     1    10     4     8    20     0     2   -58.0   36.281  115.465      1.4   1007.0
     1     1    10     4     8    19     0     1   -59.0   36.048  115.478      0.0   1006.7
     1     1    10     4     8    18     0     0   -60.0   35.799  115.512      0.0   1006.1
     1     1    10     4     8    17     0     1   -61.0   35.555  115.554      0.0   1006.4
     1     1    10     4     8    16     0     2   -62.0   35.324  115.603      0.0   1007.0
     1     1    10     4     8    15     0     3   -63.0   35.102  115.664      0.0   1008.0
     1     1    10     4     8    14     0     2   -64.0   34.892  115.737      0.0   1008.4
     1     1    10     4     8    13     0     1   -65.0   34.701  115.819      0.0   1008.3
     1     1    10     4     8    12     0     0   -66.0   34.531  115.912      0.7   1008.0
     1     1    10     4     8    11     0     1   -67.0   34.373  116.001      1.8   1008.1
     1     1    10     4     8    10     0     2   -68.0   34.216  116.071      2.4   1007.2
     1     1    10     4     8     9     0     3   -69.0   34.059  116.123      2.5   1006.3
     1     1    10     4     8     8     0     2   -70.0   33.902  116.170      2.2   1007.7
     1     1    10     4     8     7     0     1   -71.0   33.746  116.223      1.3   1009.1
     1     1    10     4     8     6     0     0   -72.0   33.594  116.281      0.0   1010.3
     1     1    10     4     8     5     0     1   -73.0   33.448  116.350      0.0   1011.4
     1     1    10     4     8     4     0     2   -74.0   33.310  116.432      0.0   1012.7
     1     1    10     4     8     3     0     3   -75.0   33.179  116.526      0.0   1014.0
     1     1    10     4     8     2     0     2   -76.0   33.056  116.630      0.2   1015.0
     1     1    10     4     8     1     0     1   -77.0   32.942  116.741      0.3   1015.8
     1     1    10     4     8     0     0     0   -78.0   32.840  116.859      0.2   1016.7
     1     1    10     4     7    23     0     1   -79.0   32.754  116.980      0.0   1017.3
     1     1    10     4     7    22     0     2   -80.0   32.687  117.096      0.0   1017.4
     1     1    10     4     7    21     0     3   -81.0   32.634  117.208      0.0   1017.3
     1     1    10     4     7    20     0     2   -82.0   32.584  117.317      0.0   1017.9
     1     1    10     4     7    19     0     1   -83.0   32.529  117.425      0.0   1018.3
     1     1    10     4     7    18     0     0   -84.0   32.467  117.533      0.0   1018.6
     1     1    10     4     7    17     0     1   -85.0   32.404  117.643      0.0   1018.7
     1     1    10     4     7    16     0     2   -86.0   32.344  117.757      0.0   1018.6
     1     1    10     4     7    15     0     3   -87.0   32.290  117.880      0.0   1018.3
     1     1    10     4     7    14     0     2   -88.0   32.243  118.005      0.0   1017.9
     1     1    10     4     7    13     0     1   -89.0   32.200  118.121      0.0   1019.0
     1     1    10     4     7    12     0     0   -90.0   32.163  118.227      0.0   1020.1
     1     1    10     4     7    11     0     1   -91.0   32.133  118.326      0.0   1019.8
     1     1    10     4     7    10     0     2   -92.0   32.115  118.422      0.0   1019.5
     1     1    10     4     7     9     0     3   -93.0   32.107  118.510      0.0   1019.2
     1     1    10     4     7     8     0     2   -94.0   32.105  118.600      0.0   1020.6
     1     1    10     4     7     7     0     1   -95.0   32.103  118.700      0.0   1021.9
     1     1    10     4     7     6     0     0   -96.0   32.102  118.806      0.0   1022.9
