     7     1
    GDAS    10     3    22     0     0
    GDAS    10     4     8     0     0
    GDAS    10     4    15     0     0
    GDAS    10     4    22     0     0
    GDAS    10     4    29     0     0
    GDAS    10     4     1     0     0
    GDAS    10     3    29     0     0
     1 BACKWARD OMEGA   
    10     4     2     6   39.977  116.381  5800.0
     1 PRESSURE
     1     1    10     4     2     6     0     0     0.0   39.977  116.381   5555.3    474.6
     1     1    10     4     2     5     0     1    -1.0   40.663  114.939   5450.9    417.0
     1     1    10     4     2     4     0     2    -2.0   41.457  113.462   5640.5    391.0
     1     1    10     4     2     3     0     3    -3.0   42.301  112.085   5796.0    391.4
     1     1    10     4     2     2     0     2    -4.0   43.190  110.816   5936.8    398.8
     1     1    10     4     2     1     0     1    -5.0   44.099  109.620   6095.6    399.2
     1     1    10     4     2     0     0     0    -6.0   45.034  108.475   6152.6    381.5
     1     1    10     4     1    23     0     1    -7.0   46.032  107.436   6103.8    370.6
     1     1    10     4     1    22     0     2    -8.0   47.056  106.452   6089.4    366.4
     1     1    10     4     1    21     0     3    -9.0   48.046  105.427   6224.6    371.8
     1     1    10     4     1    20     0     2   -10.0   49.005  104.368   6301.5    367.8
     1     1    10     4     1    19     0     1   -11.0   49.966  103.296   6238.5    359.8
     1     1    10     4     1    18     0     0   -12.0   50.971  102.151   6167.6    341.1
     1     1    10     4     1    17     0     1   -13.0   52.007  100.928   6100.1    327.9
     1     1    10     4     1    16     0     2   -14.0   53.021   99.600   6169.3    336.1
     1     1    10     4     1    15     0     3   -15.0   53.933   98.158   6325.3    360.0
     1     1    10     4     1    14     0     2   -16.0   54.696   96.624   6391.6    374.8
     1     1    10     4     1    13     0     1   -17.0   55.271   95.051   6402.8    396.6
     1     1    10     4     1    12     0     0   -18.0   55.729   93.414   6351.0    408.1
     1     1    10     4     1    11     0     1   -19.0   56.104   91.663   6304.1    414.2
     1     1    10     4     1    10     0     2   -20.0   56.407   89.831   6323.7    422.9
     1     1    10     4     1     9     0     3   -21.0   56.654   87.855   6299.4    429.3
     1     1    10     4     1     8     0     2   -22.0   56.851   85.711   6272.4    432.0
     1     1    10     4     1     7     0     1   -23.0   57.019   83.492   6276.3    435.0
     1     1    10     4     1     6     0     0   -24.0   57.121   81.205   6239.2    436.7
     1     1    10     4     1     5     0     1   -25.0   57.154   78.848   6204.7    437.6
     1     1    10     4     1     4     0     2   -26.0   57.171   76.496   6138.8    443.7
     1     1    10     4     1     3     0     3   -27.0   57.132   74.244   5993.6    454.9
     1     1    10     4     1     2     0     2   -28.0   57.056   72.163   5768.2    472.1
     1     1    10     4     1     1     0     1   -29.0   57.047   70.160   5625.7    482.7
     1     1    10     4     1     0     0     0   -30.0   57.047   68.171   5539.5    488.8
     1     1    10     3    31    23     0     1   -31.0   57.080   66.303   5439.3    498.6
     1     1    10     3    31    22     0     2   -32.0   57.255   64.509   5372.7    501.8
     1     1    10     3    31    21     0     3   -33.0   57.504   62.659   5401.5    498.5
     1     1    10     3    31    20     0     2   -34.0   57.803   60.673   5499.4    484.0
     1     1    10     3    31    19     0     1   -35.0   58.188   58.664   5426.4    484.1
     1     1    10     3    31    18     0     0   -36.0   58.646   56.700   5615.5    481.2
     1     1    10     3    31    17     0     1   -37.0   59.157   54.624   5779.4    468.2
     1     1    10     3    31    16     0     2   -38.0   59.772   52.580   5932.1    458.8
     1     1    10     3    31    15     0     3   -39.0   60.482   50.474   6132.9    446.6
     1     1    10     3    31    14     0     2   -40.0   61.190   48.299   6259.0    438.7
     1     1    10     3    31    13     0     1   -41.0   61.935   46.186   6347.2    434.5
     1     1    10     3    31    12     0     0   -42.0   62.650   44.059   6427.7    429.0
     1     1    10     3    31    11     0     1   -43.0   63.272   41.942   6509.2    429.5
     1     1    10     3    31    10     0     2   -44.0   63.877   39.915   6544.5    422.9
     1     1    10     3    31     9     0     3   -45.0   64.421   37.916   6604.6    421.4
     1     1    10     3    31     8     0     2   -46.0   64.897   35.983   6653.7    419.1
     1     1    10     3    31     7     0     1   -47.0   65.319   34.076   6674.6    415.4
     1     1    10     3    31     6     0     0   -48.0   65.631   32.228   6610.7    413.8
     1     1    10     3    31     5     0     1   -49.0   65.873   30.347   6493.4    414.3
     1     1    10     3    31     4     0     2   -50.0   66.045   28.434   6421.3    415.5
     1     1    10     3    31     3     0     3   -51.0   66.084   26.427   6371.1    424.0
     1     1    10     3    31     2     0     2   -52.0   65.998   24.237   6406.9    427.9
     1     1    10     3    31     1     0     1   -53.0   65.784   22.134   6379.2    428.9
     1     1    10     3    31     0     0     0   -54.0   65.458   20.070   6243.3    423.0
     1     1    10     3    30    23     0     1   -55.0   65.043   18.065   6099.8    427.9
     1     1    10     3    30    22     0     2   -56.0   64.585   16.228   5979.1    428.8
     1     1    10     3    30    21     0     3   -57.0   64.071   14.535   5828.0    431.5
     1     1    10     3    30    20     0     2   -58.0   63.534   12.976   5613.5    434.6
     1     1    10     3    30    19     0     1   -59.0   62.997   11.508   5479.1    439.8
     1     1    10     3    30    18     0     0   -60.0   62.437   10.185   5345.7    445.4
     1     1    10     3    30    17     0     1   -61.0   61.850    8.890   5078.4    433.7
     1     1    10     3    30    16     0     2   -62.0   61.241    7.666   4899.5    454.1
     1     1    10     3    30    15     0     3   -63.0   60.647    6.629   4737.7    478.4
     1     1    10     3    30    14     0     2   -64.0   60.096    5.780   4442.6    533.3
     1     1    10     3    30    13     0     1   -65.0   59.525    5.194   4120.1    581.4
     1     1    10     3    30    12     0     0   -66.0   58.912    4.825   3564.7    624.0
     1     1    10     3    30    11     0     1   -67.0   58.286    4.645   2933.4    696.3
     1     1    10     3    30    10     0     2   -68.0   57.669    4.602   2401.2    735.9
     1     1    10     3    30     9     0     3   -69.0   57.042    4.707   1785.4    787.3
     1     1    10     3    30     8     0     2   -70.0   56.450    4.932   1241.4    866.4
     1     1    10     3    30     7     0     1   -71.0   55.832    5.212    940.1    897.6
     1     1    10     3    30     6     0     0   -72.0   55.210    5.487    790.8    902.8
     1     1    10     3    30     5     0     1   -73.0   54.629    5.758    706.2    916.0
     1     1    10     3    30     4     0     2   -74.0   54.090    5.940    689.5    917.3
     1     1    10     3    30     3     0     3   -75.0   53.575    6.037    694.5    913.5
     1     1    10     3    30     2     0     2   -76.0   53.081    6.082    677.3    914.5
     1     1    10     3    30     1     0     1   -77.0   52.592    6.116    640.8    921.0
     1     1    10     3    30     0     0     0   -78.0   52.098    6.153    614.2    925.2
     1     1    10     3    29    23     0     1   -79.0   51.624    6.206    618.4    922.9
     1     1    10     3    29    22     0     2   -80.0   51.180    6.304    661.4    915.2
     1     1    10     3    29    21     0     3   -81.0   50.738    6.454    716.8    895.0
     1     1    10     3    29    20     0     2   -82.0   50.321    6.583    747.5    876.4
     1     1    10     3    29    19     0     1   -83.0   49.959    6.648    753.1    868.3
     1     1    10     3    29    18     0     0   -84.0   49.661    6.692    780.4    875.0
     1     1    10     3    29    17     0     1   -85.0   49.418    6.699    840.9    872.0
     1     1    10     3    29    16     0     2   -86.0   49.202    6.653    911.7    867.9
     1     1    10     3    29    15     0     3   -87.0   49.006    6.575    976.1    864.1
     1     1    10     3    29    14     0     2   -88.0   48.822    6.448   1022.0    858.0
     1     1    10     3    29    13     0     1   -89.0   48.640    6.264   1049.9    854.3
     1     1    10     3    29    12     0     0   -90.0   48.459    6.060   1064.4    851.8
     1     1    10     3    29    11     0     1   -91.0   48.280    5.826   1070.4    850.6
     1     1    10     3    29    10     0     2   -92.0   48.106    5.544   1082.5    850.0
     1     1    10     3    29     9     0     3   -93.0   47.947    5.221   1111.8    848.5
     1     1    10     3    29     8     0     2   -94.0   47.793    4.881   1140.1    848.0
     1     1    10     3    29     7     0     1   -95.0   47.628    4.541   1148.2    849.2
     1     1    10     3    29     6     0     0   -96.0   47.452    4.192   1148.8    847.8
