     7     1
    GDAS    10     3    22     0     0
    GDAS    10     4     8     0     0
    GDAS    10     4    15     0     0
    GDAS    10     4    22     0     0
    GDAS    10     4    29     0     0
    GDAS    10     4     1     0     0
    GDAS    10     3    29     0     0
     1 BACKWARD OMEGA   
    10     4    12    18   39.977  116.381  8400.0
     1 PRESSURE
     1     1    10     4    12    18     0     0     0.0   39.977  116.381   8156.9    319.3
     1     1    10     4    12    17     0     1    -1.0   40.324  114.943   7793.4    288.3
     1     1    10     4    12    16     0     2    -2.0   40.845  113.378   7804.0    279.2
     1     1    10     4    12    15     0     3    -3.0   41.433  111.814   7908.3    272.7
     1     1    10     4    12    14     0     2    -4.0   42.060  110.329   8065.5    274.5
     1     1    10     4    12    13     0     1    -5.0   42.727  108.888   8182.6    272.9
     1     1    10     4    12    12     0     0    -6.0   43.392  107.537   8335.0    274.1
     1     1    10     4    12    11     0     1    -7.0   44.087  106.228   8341.0    261.1
     1     1    10     4    12    10     0     2    -8.0   44.849  104.934   8465.6    259.7
     1     1    10     4    12     9     0     3    -9.0   45.634  103.696   8507.3    251.1
     1     1    10     4    12     8     0     2   -10.0   46.409  102.502   8383.0    238.7
     1     1    10     4    12     7     0     1   -11.0   47.169  101.351   8260.9    228.7
     1     1    10     4    12     6     0     0   -12.0   47.901  100.235   8348.8    227.9
     1     1    10     4    12     5     0     1   -13.0   48.623   99.129   8416.2    225.1
     1     1    10     4    12     4     0     2   -14.0   49.344   98.052   8510.4    226.4
     1     1    10     4    12     3     0     3   -15.0   50.049   97.000   8531.9    222.0
     1     1    10     4    12     2     0     2   -16.0   50.752   95.980   8787.6    235.5
     1     1    10     4    12     1     0     1   -17.0   51.475   95.023   8801.8    241.4
     1     1    10     4    12     0     0     0   -18.0   52.191   94.109   8962.7    243.0
     1     1    10     4    11    23     0     1   -19.0   52.901   93.199   9063.8    246.8
     1     1    10     4    11    22     0     2   -20.0   53.601   92.243   9217.4    257.1
     1     1    10     4    11    21     0     3   -21.0   54.283   91.276   9233.1    258.5
     1     1    10     4    11    20     0     2   -22.0   54.948   90.350   9238.5    258.8
     1     1    10     4    11    19     0     1   -23.0   55.585   89.473   9266.2    259.9
     1     1    10     4    11    18     0     0   -24.0   56.208   88.658   9345.1    264.4
     1     1    10     4    11    17     0     1   -25.0   56.830   87.903   9367.8    265.5
     1     1    10     4    11    16     0     2   -26.0   57.449   87.183   9370.0    265.9
     1     1    10     4    11    15     0     3   -27.0   58.062   86.478   9358.2    266.5
     1     1    10     4    11    14     0     2   -28.0   58.658   85.805   9352.1    268.3
     1     1    10     4    11    13     0     1   -29.0   59.225   85.187   9341.1    268.7
     1     1    10     4    11    12     0     0   -30.0   59.764   84.628   9348.2    268.3
     1     1    10     4    11    11     0     1   -31.0   60.263   84.140   9369.0    267.4
     1     1    10     4    11    10     0     2   -32.0   60.719   83.715   9377.8    267.3
     1     1    10     4    11     9     0     3   -33.0   61.138   83.338   9376.0    267.6
     1     1    10     4    11     8     0     2   -34.0   61.521   83.031   9375.2    267.9
     1     1    10     4    11     7     0     1   -35.0   61.871   82.828   9382.8    267.6
     1     1    10     4    11     6     0     0   -36.0   62.194   82.728   9389.7    267.1
     1     1    10     4    11     5     0     1   -37.0   62.499   82.725   9393.1    266.2
     1     1    10     4    11     4     0     2   -38.0   62.788   82.812   9393.4    265.7
     1     1    10     4    11     3     0     3   -39.0   63.068   82.989   9396.3    265.4
     1     1    10     4    11     2     0     2   -40.0   63.353   83.251   9410.0    265.6
     1     1    10     4    11     1     0     1   -41.0   63.644   83.592   9427.0    265.5
     1     1    10     4    11     0     0     0   -42.0   63.941   84.006   9444.9    265.5
     1     1    10     4    10    23     0     1   -43.0   64.237   84.457   9450.6    265.0
     1     1    10     4    10    22     0     2   -44.0   64.527   84.917   9445.8    264.8
     1     1    10     4    10    21     0     3   -45.0   64.812   85.381   9447.3    264.8
     1     1    10     4    10    20     0     2   -46.0   65.092   85.881   9459.8    264.9
     1     1    10     4    10    19     0     1   -47.0   65.362   86.453   9480.3    265.4
     1     1    10     4    10    18     0     0   -48.0   65.619   87.082   9490.9    266.0
     1     1    10     4    10    17     0     1   -49.0   65.873   87.773   9475.4    265.0
     1     1    10     4    10    16     0     2   -50.0   66.129   88.533   9441.5    261.8
     1     1    10     4    10    15     0     3   -51.0   66.383   89.341   9424.2    258.2
     1     1    10     4    10    14     0     2   -52.0   66.642   90.193   9416.2    257.6
     1     1    10     4    10    13     0     1   -53.0   66.900   91.123   9381.0    257.0
     1     1    10     4    10    12     0     0   -54.0   67.159   92.126   9312.1    253.3
     1     1    10     4    10    11     0     1   -55.0   67.408   93.191   9254.5    250.6
     1     1    10     4    10    10     0     2   -56.0   67.632   94.342   9205.8    247.5
     1     1    10     4    10     9     0     3   -57.0   67.837   95.569   9200.2    245.6
     1     1    10     4    10     8     0     2   -58.0   68.035   96.860   9196.5    245.8
     1     1    10     4    10     7     0     1   -59.0   68.223   98.273   9188.0    247.7
     1     1    10     4    10     6     0     0   -60.0   68.397   99.816   9241.1    251.7
     1     1    10     4    10     5     0     1   -61.0   68.569  101.452   9324.4    259.2
     1     1    10     4    10     4     0     2   -62.0   68.731  103.198   9345.1    261.4
     1     1    10     4    10     3     0     3   -63.0   68.888  105.031   9310.5    260.2
     1     1    10     4    10     2     0     2   -64.0   69.062  106.908   9293.7    257.6
     1     1    10     4    10     1     0     1   -65.0   69.231  108.843   9277.9    257.4
     1     1    10     4    10     0     0     0   -66.0   69.387  110.814   9293.0    258.1
     1     1    10     4     9    23     0     1   -67.0   69.557  112.758   9353.7    261.5
     1     1    10     4     9    22     0     2   -68.0   69.732  114.702   9385.8    263.3
     1     1    10     4     9    21     0     3   -69.0   69.879  116.635   9381.1    262.6
     1     1    10     4     9    20     0     2   -70.0   70.015  118.520   9377.9    262.0
     1     1    10     4     9    19     0     1   -71.0   70.143  120.406   9354.8    259.9
     1     1    10     4     9    18     0     0   -72.0   70.249  122.292   9373.4    259.9
     1     1    10     4     9    17     0     1   -73.0   70.347  124.160   9397.5    260.5
     1     1    10     4     9    16     0     2   -74.0   70.434  126.000   9421.7    260.9
     1     1    10     4     9    15     0     3   -75.0   70.500  127.807   9319.3    255.7
     1     1    10     4     9    14     0     2   -76.0   70.579  129.540   9324.8    254.7
     1     1    10     4     9    13     0     1   -77.0   70.654  131.270   9439.6    261.6
     1     1    10     4     9    12     0     0   -78.0   70.715  133.046   9458.3    262.1
     1     1    10     4     9    11     0     1   -79.0   70.785  134.792   9454.0    260.7
     1     1    10     4     9    10     0     2   -80.0   70.846  136.545   9480.6    261.4
     1     1    10     4     9     9     0     3   -81.0   70.887  138.341   9491.5    260.8
     1     1    10     4     9     8     0     2   -82.0   70.926  140.117   9499.9    260.5
     1     1    10     4     9     7     0     1   -83.0   70.963  141.852   9511.1    260.6
     1     1    10     4     9     6     0     0   -84.0   70.983  143.597   9511.5    261.3
     1     1    10     4     9     5     0     1   -85.0   70.998  145.350   9493.3    261.3
     1     1    10     4     9     4     0     2   -86.0   71.009  147.092   9482.0    261.5
     1     1    10     4     9     3     0     3   -87.0   71.005  148.848   9480.2    261.4
     1     1    10     4     9     2     0     2   -88.0   70.995  150.634   9484.7    261.5
     1     1    10     4     9     1     0     1   -89.0   70.992  152.449   9482.3    261.7
     1     1    10     4     9     0     0     0   -90.0   70.997  154.314   9477.6    261.7
     1     1    10     4     8    23     0     1   -91.0   71.013  156.209   9461.7    261.4
     1     1    10     4     8    22     0     2   -92.0   71.023  158.070   9444.1    262.2
     1     1    10     4     8    21     0     3   -93.0   71.010  159.919   9420.8    263.9
     1     1    10     4     8    20     0     2   -94.0   70.985  161.743   9384.1    265.2
     1     1    10     4     8    19     0     1   -95.0   70.963  163.545   9347.1    266.6
     1     1    10     4     8    18     0     0   -96.0   70.934  165.341   9311.1    268.1
