     7     1
    GDAS    10     3    22     0     0
    GDAS    10     4     8     0     0
    GDAS    10     4    15     0     0
    GDAS    10     4    22     0     0
    GDAS    10     4    29     0     0
    GDAS    10     4     1     0     0
    GDAS    10     3    29     0     0
     1 BACKWARD OMEGA   
    10     4    20    18   39.977  116.381  6800.0
     1 PRESSURE
     1     1    10     4    20    18     0     0     0.0   39.977  116.381   6562.3    428.3
     1     1    10     4    20    17     0     1    -1.0   39.821  115.676   6245.3    429.2
     1     1    10     4    20    16     0     2    -2.0   39.644  114.988   5967.9    428.4
     1     1    10     4    20    15     0     3    -3.0   39.433  114.317   5862.0    429.6
     1     1    10     4    20    14     0     2    -4.0   39.184  113.647   5810.7    414.2
     1     1    10     4    20    13     0     1    -5.0   38.920  113.030   5746.7    410.8
     1     1    10     4    20    12     0     0    -6.0   38.649  112.486   5567.2    416.1
     1     1    10     4    20    11     0     1    -7.0   38.398  111.983   5279.6    430.4
     1     1    10     4    20    10     0     2    -8.0   38.213  111.530   5079.2    454.1
     1     1    10     4    20     9     0     3    -9.0   38.106  111.122   5014.5    465.9
     1     1    10     4    20     8     0     2   -10.0   38.027  110.683   4978.0    467.0
     1     1    10     4    20     7     0     1   -11.0   37.971  110.240   4878.8    479.6
     1     1    10     4    20     6     0     0   -12.0   37.976  109.850   4678.9    494.2
     1     1    10     4    20     5     0     1   -13.0   38.020  109.498   4459.3    507.5
     1     1    10     4    20     4     0     2   -14.0   38.034  109.120   4290.9    511.0
     1     1    10     4    20     3     0     3   -15.0   38.017  108.740   4205.8    515.2
     1     1    10     4    20     2     0     2   -16.0   37.964  108.359   4200.8    512.5
     1     1    10     4    20     1     0     1   -17.0   37.873  107.955   4225.2    505.9
     1     1    10     4    20     0     0     0   -18.0   37.758  107.538   4240.9    501.0
     1     1    10     4    19    23     0     1   -19.0   37.613  107.113   4231.8    496.0
     1     1    10     4    19    22     0     2   -20.0   37.435  106.668   4215.7    496.6
     1     1    10     4    19    21     0     3   -21.0   37.255  106.172   4224.7    496.8
     1     1    10     4    19    20     0     2   -22.0   37.083  105.661   4235.7    488.1
     1     1    10     4    19    19     0     1   -23.0   36.915  105.186   4246.0    480.5
     1     1    10     4    19    18     0     0   -24.0   36.751  104.714   4269.5    471.7
     1     1    10     4    19    17     0     1   -25.0   36.605  104.237   4296.6    464.1
     1     1    10     4    19    16     0     2   -26.0   36.488  103.735   4299.4    453.0
     1     1    10     4    19    15     0     3   -27.0   36.404  103.148   4273.6    439.2
     1     1    10     4    19    14     0     2   -28.0   36.364  102.447   4190.5    421.9
     1     1    10     4    19    13     0     1   -29.0   36.366  101.658   4034.1    414.7
     1     1    10     4    19    12     0     0   -30.0   36.407  100.805   3910.1    417.1
     1     1    10     4    19    11     0     1   -31.0   36.486   99.873   4181.5    388.7
     1     1    10     4    19    10     0     2   -32.0   36.567   98.777   4236.9    363.5
     1     1    10     4    19     9     0     3   -33.0   36.504   97.742   4124.8    390.1
     1     1    10     4    19     8     0     2   -34.0   36.382   96.831   4026.9    393.8
     1     1    10     4    19     7     0     1   -35.0   36.299   96.002   3844.4    388.1
     1     1    10     4    19     6     0     0   -36.0   36.207   95.222   3767.0    392.5
     1     1    10     4    19     5     0     1   -37.0   36.090   94.431   3686.4    379.0
     1     1    10     4    19     4     0     2   -38.0   36.014   93.545   3644.5    360.1
     1     1    10     4    19     3     0     3   -39.0   35.916   92.612   3637.2    346.4
     1     1    10     4    19     2     0     2   -40.0   35.854   91.754   3393.8    355.0
     1     1    10     4    19     1     0     1   -41.0   35.822   90.830   3352.9    347.5
     1     1    10     4    19     0     0     0   -42.0   35.746   89.879   3371.5    347.8
     1     1    10     4    18    23     0     1   -43.0   35.699   88.991   3291.6    353.5
     1     1    10     4    18    22     0     2   -44.0   35.717   88.119   3411.0    347.7
     1     1    10     4    18    21     0     3   -45.0   35.736   87.273   3731.1    328.7
     1     1    10     4    18    20     0     2   -46.0   35.751   86.459   3791.3    327.1
     1     1    10     4    18    19     0     1   -47.0   35.771   85.638   3761.2    329.5
     1     1    10     4    18    18     0     0   -48.0   35.841   84.794   3796.7    329.1
     1     1    10     4    18    17     0     1   -49.0   35.918   83.955   3898.3    323.0
     1     1    10     4    18    16     0     2   -50.0   35.981   83.058   3831.4    313.6
     1     1    10     4    18    15     0     3   -51.0   36.013   82.125   3551.9    351.4
     1     1    10     4    18    14     0     2   -52.0   35.945   81.195   3345.3    397.7
     1     1    10     4    18    13     0     1   -53.0   35.837   80.156   3473.3    357.2
     1     1    10     4    18    12     0     0   -54.0   35.771   79.039   3262.1    347.5
     1     1    10     4    18    11     0     1   -55.0   35.626   77.901   3066.6    358.9
     1     1    10     4    18    10     0     2   -56.0   35.365   76.805   3272.0    363.7
     1     1    10     4    18     9     0     3   -57.0   35.138   75.834   3262.5    397.3
     1     1    10     4    18     8     0     2   -58.0   34.981   74.924   2829.3    433.7
     1     1    10     4    18     7     0     1   -59.0   34.812   74.119   2314.8    514.7
     1     1    10     4    18     6     0     0   -60.0   34.616   73.563   1870.9    609.6
     1     1    10     4    18     5     0     1   -61.0   34.451   73.196   1606.5    686.6
     1     1    10     4    18     4     0     2   -62.0   34.312   72.934   1437.3    737.0
     1     1    10     4    18     3     0     3   -63.0   34.208   72.758   1299.5    769.7
     1     1    10     4    18     2     0     2   -64.0   34.151   72.641   1211.9    793.1
     1     1    10     4    18     1     0     1   -65.0   34.127   72.528   1179.2    803.4
     1     1    10     4    18     0     0     0   -66.0   34.121   72.401   1187.7    807.7
     1     1    10     4    17    23     0     1   -67.0   34.125   72.272   1200.2    808.5
     1     1    10     4    17    22     0     2   -68.0   34.141   72.163   1196.5    812.8
     1     1    10     4    17    21     0     3   -69.0   34.162   72.059   1194.5    816.0
     1     1    10     4    17    20     0     2   -70.0   34.189   71.923   1172.7    809.9
     1     1    10     4    17    19     0     1   -71.0   34.225   71.741   1122.1    799.5
     1     1    10     4    17    18     0     0   -72.0   34.259   71.519   1088.3    785.3
     1     1    10     4    17    17     0     1   -73.0   34.261   71.277   1060.2    767.5
     1     1    10     4    17    16     0     2   -74.0   34.240   71.031   1018.6    757.1
     1     1    10     4    17    15     0     3   -75.0   34.215   70.783    972.7    743.0
     1     1    10     4    17    14     0     2   -76.0   34.180   70.571    867.0    730.6
     1     1    10     4    17    13     0     1   -77.0   34.153   70.423    643.6    736.9
     1     1    10     4    17    12     0     0   -78.0   34.148   70.327    384.9    756.5
     1     1    10     4    17    11     0     1   -79.0   34.147   70.267    202.3    773.3
     1     1    10     4    17    10     0     2   -80.0   34.129   70.247     98.9    780.3
     1     1    10     4    17     9     0     3   -81.0   34.092   70.272     42.5    787.7
     1     1    10     4    17     8     0     2   -82.0   34.061   70.316     15.8    793.9
     1     1    10     4    17     7     0     1   -83.0   34.054   70.349      3.1    798.3
     1     1    10     4    17     6     0     0   -84.0   34.070   70.367      0.0    800.2
     1     1    10     4    17     5     0     1   -85.0   34.099   70.358      0.0    798.4
     1     1    10     4    17     4     0     2   -86.0   34.136   70.315      0.0    793.0
     1     1    10     4    17     3     0     3   -87.0   34.180   70.244      0.1    784.9
     1     1    10     4    17     2     0     2   -88.0   34.229   70.176      3.6    777.3
     1     1    10     4    17     1     0     1   -89.0   34.279   70.141     10.3    773.1
     1     1    10     4    17     0     0     0   -90.0   34.340   70.139     36.0    770.1
     1     1    10     4    16    23     0     1   -91.0   34.422   70.137    165.2    761.4
     1     1    10     4    16    22     0     2   -92.0   34.510   70.097    397.1    730.3
     1     1    10     4    16    21     0     3   -93.0   34.592   70.007    605.6    707.5
     1     1    10     4    16    20     0     2   -94.0   34.662   69.884    760.1    689.2
     1     1    10     4    16    19     0     1   -95.0   34.717   69.757    845.3    680.4
     1     1    10     4    16    18     0     0   -96.0   34.766   69.628    879.9    674.9
