     7     1
    GDAS    10     3    22     0     0
    GDAS    10     4     8     0     0
    GDAS    10     4    15     0     0
    GDAS    10     4    22     0     0
    GDAS    10     4    29     0     0
    GDAS    10     4     1     0     0
    GDAS    10     3    29     0     0
     1 BACKWARD OMEGA   
    10     4    20     0   39.977  116.381  1200.0
     1 PRESSURE
     1     1    10     4    20     0     0     0     0.0   39.977  116.381    967.0    881.8
     1     1    10     4    19    23     0     1    -1.0   39.890  116.470    928.5    890.8
     1     1    10     4    19    22     0     2    -2.0   39.808  116.586    895.4    899.6
     1     1    10     4    19    21     0     3    -3.0   39.731  116.734    870.6    907.4
     1     1    10     4    19    20     0     2    -4.0   39.671  116.916    842.9    914.2
     1     1    10     4    19    19     0     1    -5.0   39.643  117.126    797.4    920.2
     1     1    10     4    19    18     0     0    -6.0   39.647  117.349    741.6    925.4
     1     1    10     4    19    17     0     1    -7.0   39.675  117.598    698.7    930.2
     1     1    10     4    19    16     0     2    -8.0   39.717  117.898    691.9    928.9
     1     1    10     4    19    15     0     3    -9.0   39.787  118.249    731.9    922.8
     1     1    10     4    19    14     0     2   -10.0   39.907  118.612    803.8    912.0
     1     1    10     4    19    13     0     1   -11.0   40.090  118.963    886.2    896.9
     1     1    10     4    19    12     0     0   -12.0   40.326  119.273    975.5    877.4
     1     1    10     4    19    11     0     1   -13.0   40.585  119.505   1079.0    858.7
     1     1    10     4    19    10     0     2   -14.0   40.852  119.663   1190.5    838.9
     1     1    10     4    19     9     0     3   -15.0   41.117  119.773   1295.9    821.8
     1     1    10     4    19     8     0     2   -16.0   41.377  119.819   1393.7    807.3
     1     1    10     4    19     7     0     1   -17.0   41.630  119.766   1489.5    790.8
     1     1    10     4    19     6     0     0   -18.0   41.875  119.610   1591.8    773.3
     1     1    10     4    19     5     0     1   -19.0   42.090  119.400   1698.5    757.5
     1     1    10     4    19     4     0     2   -20.0   42.266  119.192   1771.0    747.1
     1     1    10     4    19     3     0     3   -21.0   42.423  118.991   1771.5    743.5
     1     1    10     4    19     2     0     2   -22.0   42.577  118.782   1726.1    743.0
     1     1    10     4    19     1     0     1   -23.0   42.734  118.545   1671.6    737.5
     1     1    10     4    19     0     0     0   -24.0   42.898  118.279   1598.8    731.6
     1     1    10     4    18    23     0     1   -25.0   43.051  117.966   1535.2    726.1
     1     1    10     4    18    22     0     2   -26.0   43.180  117.601   1541.5    721.7
     1     1    10     4    18    21     0     3   -27.0   43.296  117.193   1610.1    708.2
     1     1    10     4    18    20     0     2   -28.0   43.414  116.757   1705.0    699.0
     1     1    10     4    18    19     0     1   -29.0   43.541  116.321   1806.4    696.4
     1     1    10     4    18    18     0     0   -30.0   43.681  115.884   1903.3    693.1
     1     1    10     4    18    17     0     1   -31.0   43.829  115.405   1967.5    686.7
     1     1    10     4    18    16     0     2   -32.0   43.980  114.861   1993.9    685.9
     1     1    10     4    18    15     0     3   -33.0   44.129  114.272   2021.9    689.2
     1     1    10     4    18    14     0     2   -34.0   44.263  113.672   2089.9    686.1
     1     1    10     4    18    13     0     1   -35.0   44.373  113.082   2207.1    677.4
     1     1    10     4    18    12     0     0   -36.0   44.461  112.495   2339.4    665.9
     1     1    10     4    18    11     0     1   -37.0   44.531  111.910   2464.1    656.4
     1     1    10     4    18    10     0     2   -38.0   44.588  111.334   2572.1    649.0
     1     1    10     4    18     9     0     3   -39.0   44.643  110.765   2663.0    643.4
     1     1    10     4    18     8     0     2   -40.0   44.716  110.175   2730.7    638.7
     1     1    10     4    18     7     0     1   -41.0   44.825  109.535   2771.2    631.7
     1     1    10     4    18     6     0     0   -42.0   44.976  108.827   2815.8    621.9
     1     1    10     4    18     5     0     1   -43.0   45.165  108.086   2917.8    614.0
     1     1    10     4    18     4     0     2   -44.0   45.378  107.347   3038.2    594.8
     1     1    10     4    18     3     0     3   -45.0   45.595  106.594   3131.0    577.2
     1     1    10     4    18     2     0     2   -46.0   45.803  105.805   3194.3    566.6
     1     1    10     4    18     1     0     1   -47.0   46.003  104.979   3252.7    558.0
     1     1    10     4    18     0     0     0   -48.0   46.200  104.165   3331.3    551.2
     1     1    10     4    17    23     0     1   -49.0   46.384  103.376   3372.2    536.3
     1     1    10     4    17    22     0     2   -50.0   46.564  102.599   3391.7    520.7
     1     1    10     4    17    21     0     3   -51.0   46.765  101.823   3506.5    493.2
     1     1    10     4    17    20     0     2   -52.0   46.990  101.007   3624.6    453.4
     1     1    10     4    17    19     0     1   -53.0   47.230  100.153   3726.4    451.9
     1     1    10     4    17    18     0     0   -54.0   47.483   99.307   3716.5    457.2
     1     1    10     4    17    17     0     1   -55.0   47.739   98.462   3680.0    454.8
     1     1    10     4    17    16     0     2   -56.0   47.982   97.637   3698.0    456.2
     1     1    10     4    17    15     0     3   -57.0   48.223   96.851   3769.9    466.3
     1     1    10     4    17    14     0     2   -58.0   48.464   96.081   3873.8    476.4
     1     1    10     4    17    13     0     1   -59.0   48.698   95.310   3970.6    480.7
     1     1    10     4    17    12     0     0   -60.0   48.931   94.533   4108.7    487.8
     1     1    10     4    17    11     0     1   -61.0   49.168   93.782   4236.7    499.8
     1     1    10     4    17    10     0     2   -62.0   49.397   93.054   4266.6    516.3
     1     1    10     4    17     9     0     3   -63.0   49.606   92.311   4219.7    504.5
     1     1    10     4    17     8     0     2   -64.0   49.800   91.491   4233.1    468.4
     1     1    10     4    17     7     0     1   -65.0   49.980   90.628   4210.6    440.0
     1     1    10     4    17     6     0     0   -66.0   50.148   89.782   4233.1    432.1
     1     1    10     4    17     5     0     1   -67.0   50.301   88.957   4196.3    430.1
     1     1    10     4    17     4     0     2   -68.0   50.445   88.162   4169.0    446.0
     1     1    10     4    17     3     0     3   -69.0   50.589   87.404   4183.6    455.0
     1     1    10     4    17     2     0     2   -70.0   50.731   86.639   4280.4    461.5
     1     1    10     4    17     1     0     1   -71.0   50.872   85.872   4391.5    471.9
     1     1    10     4    17     0     0     0   -72.0   51.022   85.110   4479.8    474.1
     1     1    10     4    16    23     0     1   -73.0   51.175   84.360   4569.6    481.2
     1     1    10     4    16    22     0     2   -74.0   51.325   83.648   4633.0    497.4
     1     1    10     4    16    21     0     3   -75.0   51.482   82.990   4672.9    519.1
     1     1    10     4    16    20     0     2   -76.0   51.645   82.366   4700.0    533.1
     1     1    10     4    16    19     0     1   -77.0   51.812   81.742   4752.6    534.9
     1     1    10     4    16    18     0     0   -78.0   51.989   81.122   4816.5    530.4
     1     1    10     4    16    17     0     1   -79.0   52.179   80.466   4881.0    526.9
     1     1    10     4    16    16     0     2   -80.0   52.381   79.751   4921.5    527.6
     1     1    10     4    16    15     0     3   -81.0   52.587   79.007   4943.0    527.8
     1     1    10     4    16    14     0     2   -82.0   52.788   78.232   4965.5    526.7
     1     1    10     4    16    13     0     1   -83.0   52.981   77.422   5000.8    524.3
     1     1    10     4    16    12     0     0   -84.0   53.165   76.596   5031.6    521.8
     1     1    10     4    16    11     0     1   -85.0   53.343   75.789   5057.7    519.8
     1     1    10     4    16    10     0     2   -86.0   53.519   75.012   5091.6    517.9
     1     1    10     4    16     9     0     3   -87.0   53.703   74.251   5133.0    514.3
     1     1    10     4    16     8     0     2   -88.0   53.915   73.480   5187.7    509.0
     1     1    10     4    16     7     0     1   -89.0   54.157   72.685   5257.4    504.3
     1     1    10     4    16     6     0     0   -90.0   54.415   71.870   5319.4    499.8
     1     1    10     4    16     5     0     1   -91.0   54.686   71.030   5377.7    494.0
     1     1    10     4    16     4     0     2   -92.0   54.959   70.170   5430.3    487.7
     1     1    10     4    16     3     0     3   -93.0   55.222   69.303   5483.5    485.0
     1     1    10     4    16     2     0     2   -94.0   55.471   68.446   5534.9    480.5
     1     1    10     4    16     1     0     1   -95.0   55.713   67.605   5594.1    475.3
     1     1    10     4    16     0     0     0   -96.0   55.941   66.777   5650.7    471.5
