     5     1
    GDAS    10     3     1     0     0
    GDAS    10     3     8     0     0
    GDAS    10     3    15     0     0
    GDAS    10     3    22     0     0
    GDAS    10     3    29     0     0
     1 BACKWARD OMEGA   
    10     3    30     0   39.977  116.381  7600.0
     1 PRESSURE
     1     1    10     3    30     0     0     0     0.0   39.977  116.381   7360.5    378.6
     1     1    10     3    29    23     0     1    -1.0   39.664  115.233   7160.5    362.4
     1     1    10     3    29    22     0     2    -2.0   39.304  114.037   6959.6    351.2
     1     1    10     3    29    21     0     3    -3.0   38.947  112.766   6803.1    347.8
     1     1    10     3    29    20     0     2    -4.0   38.543  111.503   6659.0    358.3
     1     1    10     3    29    19     0     1    -5.0   38.163  110.379   6651.8    372.9
     1     1    10     3    29    18     0     0    -6.0   37.850  109.224   6712.0    364.0
     1     1    10     3    29    17     0     1    -7.0   37.525  108.026   6749.9    350.2
     1     1    10     3    29    16     0     2    -8.0   37.280  106.847   6755.7    345.4
     1     1    10     3    29    15     0     3    -9.0   37.085  105.540   6787.7    336.9
     1     1    10     3    29    14     0     2   -10.0   36.861  104.315   6389.9    347.2
     1     1    10     3    29    13     0     1   -11.0   36.661  102.965   6004.6    328.0
     1     1    10     3    29    12     0     0   -12.0   36.394  101.376   6017.7    305.6
     1     1    10     3    29    11     0     1   -13.0   36.098   99.943   5451.9    319.7
     1     1    10     3    29    10     0     2   -14.0   35.757   98.693   5062.9    303.5
     1     1    10     3    29     9     0     3   -15.0   35.379   97.494   5302.6    296.5
     1     1    10     3    29     8     0     2   -16.0   34.955   96.367   5442.6    273.9
     1     1    10     3    29     7     0     1   -17.0   34.601   95.304   5574.0    261.4
     1     1    10     3    29     6     0     0   -18.0   34.330   94.319   5533.5    262.9
     1     1    10     3    29     5     0     1   -19.0   34.176   93.415   5382.2    272.5
     1     1    10     3    29     4     0     2   -20.0   34.127   92.588   5351.1    272.3
     1     1    10     3    29     3     0     3   -21.0   34.151   91.778   5376.9    264.1
     1     1    10     3    29     2     0     2   -22.0   34.229   90.955   5311.1    257.5
     1     1    10     3    29     1     0     1   -23.0   34.360   90.101   5296.1    255.4
     1     1    10     3    29     0     0     0   -24.0   34.555   89.179   5346.9    254.1
     1     1    10     3    28    23     0     1   -25.0   34.782   88.195   5399.7    254.4
     1     1    10     3    28    22     0     2   -26.0   35.074   87.141   5417.0    254.7
     1     1    10     3    28    21     0     3   -27.0   35.400   86.011   5316.9    259.2
     1     1    10     3    28    20     0     2   -28.0   35.730   84.796   5268.1    259.3
     1     1    10     3    28    19     0     1   -29.0   36.080   83.484   5234.8    267.1
     1     1    10     3    28    18     0     0   -30.0   36.444   82.102   5590.7    324.9
     1     1    10     3    28    17     0     1   -31.0   36.652   80.847   5701.2    365.0
     1     1    10     3    28    16     0     2   -32.0   36.782   79.622   5689.3    357.2
     1     1    10     3    28    15     0     3   -33.0   36.911   78.390   5500.9    337.6
     1     1    10     3    28    14     0     2   -34.0   37.079   77.151   5475.0    321.2
     1     1    10     3    28    13     0     1   -35.0   37.302   75.762   5466.6    285.9
     1     1    10     3    28    12     0     0   -36.0   37.534   74.236   5296.7    284.7
     1     1    10     3    28    11     0     1   -37.0   37.705   72.705   5270.7    289.1
     1     1    10     3    28    10     0     2   -38.0   37.817   71.365   5479.1    318.8
     1     1    10     3    28     9     0     3   -39.0   37.895   70.370   5835.3    365.0
     1     1    10     3    28     8     0     2   -40.0   37.976   69.608   6142.3    399.9
     1     1    10     3    28     7     0     1   -41.0   38.041   68.894   6302.2    416.4
     1     1    10     3    28     6     0     0   -42.0   38.083   68.163   6407.4    410.8
     1     1    10     3    28     5     0     1   -43.0   38.115   67.378   6479.8    388.9
     1     1    10     3    28     4     0     2   -44.0   38.140   66.550   6564.0    391.0
     1     1    10     3    28     3     0     3   -45.0   38.140   65.743   6723.2    404.6
     1     1    10     3    28     2     0     2   -46.0   38.106   64.988   6871.7    416.6
     1     1    10     3    28     1     0     1   -47.0   38.017   64.275   6865.2    413.9
     1     1    10     3    28     0     0     0   -48.0   37.894   63.594   6839.2    415.1
     1     1    10     3    27    23     0     1   -49.0   37.756   62.973   6824.9    417.4
     1     1    10     3    27    22     0     2   -50.0   37.590   62.409   6810.5    417.3
     1     1    10     3    27    21     0     3   -51.0   37.398   61.866   6795.8    418.5
     1     1    10     3    27    20     0     2   -52.0   37.208   61.367   6743.0    421.5
     1     1    10     3    27    19     0     1   -53.0   37.050   60.956   6684.2    427.4
     1     1    10     3    27    18     0     0   -54.0   36.918   60.589   6609.1    417.6
     1     1    10     3    27    17     0     1   -55.0   36.798   60.171   6471.7    406.2
     1     1    10     3    27    16     0     2   -56.0   36.665   59.659   6200.0    399.6
     1     1    10     3    27    15     0     3   -57.0   36.490   59.082   5848.0    395.7
     1     1    10     3    27    14     0     2   -58.0   36.364   58.550   5563.0    418.0
     1     1    10     3    27    13     0     1   -59.0   36.338   58.066   5362.1    436.4
     1     1    10     3    27    12     0     0   -60.0   36.350   57.577   5287.8    448.1
     1     1    10     3    27    11     0     1   -61.0   36.358   57.085   5292.8    450.1
     1     1    10     3    27    10     0     2   -62.0   36.359   56.586   5304.5    451.8
     1     1    10     3    27     9     0     3   -63.0   36.373   56.027   5313.5    450.9
     1     1    10     3    27     8     0     2   -64.0   36.355   55.382   5303.5    452.7
     1     1    10     3    27     7     0     1   -65.0   36.250   54.641   5304.8    451.3
     1     1    10     3    27     6     0     0   -66.0   35.989   53.799   5321.3    418.4
     1     1    10     3    27     5     0     1   -67.0   35.552   52.962   5504.1    422.6
     1     1    10     3    27     4     0     2   -68.0   35.067   52.224   5672.0    443.9
     1     1    10     3    27     3     0     3   -69.0   34.523   51.517   5616.1    429.9
     1     1    10     3    27     2     0     2   -70.0   33.837   50.849   5367.8    408.0
     1     1    10     3    27     1     0     1   -71.0   32.990   50.222   5130.4    383.7
     1     1    10     3    27     0     0     0   -72.0   32.060   49.641   5233.5    455.8
     1     1    10     3    26    23     0     1   -73.0   31.215   49.014   5403.4    523.5
     1     1    10     3    26    22     0     2   -74.0   30.359   48.300   5449.0    510.6
     1     1    10     3    26    21     0     3   -75.0   29.414   47.588   5243.8    526.2
     1     1    10     3    26    20     0     2   -76.0   28.430   46.855   5261.6    509.2
     1     1    10     3    26    19     0     1   -77.0   27.481   46.144   5018.9    518.4
     1     1    10     3    26    18     0     0   -78.0   26.590   45.472   4851.6    517.8
     1     1    10     3    26    17     0     1   -79.0   25.812   44.736   4542.1    533.7
     1     1    10     3    26    16     0     2   -80.0   25.166   43.952   4262.6    544.4
     1     1    10     3    26    15     0     3   -81.0   24.610   43.089   4108.5    547.6
     1     1    10     3    26    14     0     2   -82.0   24.123   42.202   3977.6    554.2
     1     1    10     3    26    13     0     1   -83.0   23.665   41.324   3917.0    561.5
     1     1    10     3    26    12     0     0   -84.0   23.258   40.450   3853.6    564.8
     1     1    10     3    26    11     0     1   -85.0   22.902   39.603   3839.8    594.9
     1     1    10     3    26    10     0     2   -86.0   22.579   38.876   3816.0    638.2
     1     1    10     3    26     9     0     3   -87.0   22.274   38.249   3764.9    646.3
     1     1    10     3    26     8     0     2   -88.0   22.005   37.667   3728.4    647.0
     1     1    10     3    26     7     0     1   -89.0   21.783   37.103   3689.4    644.2
     1     1    10     3    26     6     0     0   -90.0   21.609   36.539   3648.9    629.1
     1     1    10     3    26     5     0     1   -91.0   21.496   35.956   3622.8    615.0
     1     1    10     3    26     4     0     2   -92.0   21.443   35.351   3631.0    611.3
     1     1    10     3    26     3     0     3   -93.0   21.440   34.744   3665.8    611.2
     1     1    10     3    26     2     0     2   -94.0   21.461   34.156   3740.1    612.8
     1     1    10     3    26     1     0     1   -95.0   21.492   33.592   3798.7    609.6
     1     1    10     3    26     0     0     0   -96.0   21.544   33.057   3783.4    610.5
