     7     1
    GDAS    10     3    22     0     0
    GDAS    10     4     8     0     0
    GDAS    10     4    15     0     0
    GDAS    10     4    22     0     0
    GDAS    10     4    29     0     0
    GDAS    10     4     1     0     0
    GDAS    10     3    29     0     0
     1 BACKWARD OMEGA   
    10     4    24     6   39.977  116.381  7800.0
     1 PRESSURE
     1     1    10     4    24     6     0     0     0.0   39.977  116.381   7559.8    368.6
     1     1    10     4    24     5     0     1    -1.0   40.187  115.395   7361.9    341.3
     1     1    10     4    24     4     0     2    -2.0   40.408  114.318   7273.0    330.4
     1     1    10     4    24     3     0     3    -3.0   40.598  113.226   7200.5    325.8
     1     1    10     4    24     2     0     2    -4.0   40.757  112.096   7175.8    321.7
     1     1    10     4    24     1     0     1    -5.0   40.910  110.960   7186.1    317.4
     1     1    10     4    24     0     0     0    -6.0   41.047  109.842   7216.4    322.0
     1     1    10     4    23    23     0     1    -7.0   41.154  108.771   7278.8    335.7
     1     1    10     4    23    22     0     2    -8.0   41.233  107.718   7328.8    334.4
     1     1    10     4    23    21     0     3    -9.0   41.285  106.646   7274.7    327.7
     1     1    10     4    23    20     0     2   -10.0   41.312  105.569   7280.3    332.7
     1     1    10     4    23    19     0     1   -11.0   41.324  104.514   7318.3    333.5
     1     1    10     4    23    18     0     0   -12.0   41.311  103.470   7344.5    329.1
     1     1    10     4    23    17     0     1   -13.0   41.287  102.443   7321.3    334.1
     1     1    10     4    23    16     0     2   -14.0   41.286  101.487   7228.2    346.4
     1     1    10     4    23    15     0     3   -15.0   41.304  100.579   7150.2    351.4
     1     1    10     4    23    14     0     2   -16.0   41.338   99.640   7134.0    343.3
     1     1    10     4    23    13     0     1   -17.0   41.378   98.667   7062.0    336.6
     1     1    10     4    23    12     0     0   -18.0   41.417   97.717   6949.5    333.8
     1     1    10     4    23    11     0     1   -19.0   41.461   96.819   6755.9    332.0
     1     1    10     4    23    10     0     2   -20.0   41.506   95.948   6660.2    334.2
     1     1    10     4    23     9     0     3   -21.0   41.543   95.082   6756.2    347.9
     1     1    10     4    23     8     0     2   -22.0   41.583   94.257   6864.8    357.8
     1     1    10     4    23     7     0     1   -23.0   41.633   93.502   6903.6    363.0
     1     1    10     4    23     6     0     0   -24.0   41.691   92.812   6897.1    366.4
     1     1    10     4    23     5     0     1   -25.0   41.752   92.165   6895.5    368.7
     1     1    10     4    23     4     0     2   -26.0   41.811   91.526   6881.0    365.4
     1     1    10     4    23     3     0     3   -27.0   41.860   90.873   6865.5    361.9
     1     1    10     4    23     2     0     2   -28.0   41.899   90.227   6901.0    364.9
     1     1    10     4    23     1     0     1   -29.0   41.935   89.605   6883.7    365.3
     1     1    10     4    23     0     0     0   -30.0   41.962   88.992   6780.5    367.0
     1     1    10     4    22    23     0     1   -31.0   41.993   88.418   6649.5    372.2
     1     1    10     4    22    22     0     2   -32.0   42.040   87.890   6579.0    372.2
     1     1    10     4    22    21     0     3   -33.0   42.096   87.404   6540.2    373.1
     1     1    10     4    22    20     0     2   -34.0   42.160   86.950   6459.4    371.3
     1     1    10     4    22    19     0     1   -35.0   42.230   86.502   6354.2    363.9
     1     1    10     4    22    18     0     0   -36.0   42.305   86.041   6240.4    356.9
     1     1    10     4    22    17     0     1   -37.0   42.391   85.554   6159.8    353.0
     1     1    10     4    22    16     0     2   -38.0   42.499   85.004   6147.9    345.8
     1     1    10     4    22    15     0     3   -39.0   42.630   84.376   6201.7    341.3
     1     1    10     4    22    14     0     2   -40.0   42.782   83.707   6181.3    334.5
     1     1    10     4    22    13     0     1   -41.0   42.941   83.013   6047.5    324.4
     1     1    10     4    22    12     0     0   -42.0   43.107   82.337   6103.4    340.2
     1     1    10     4    22    11     0     1   -43.0   43.290   81.747   6240.1    356.1
     1     1    10     4    22    10     0     2   -44.0   43.480   81.226   6441.2    367.3
     1     1    10     4    22     9     0     3   -45.0   43.655   80.720   6634.7    375.0
     1     1    10     4    22     8     0     2   -46.0   43.816   80.242   6797.5    389.4
     1     1    10     4    22     7     0     1   -47.0   43.977   79.800   6937.4    399.8
     1     1    10     4    22     6     0     0   -48.0   44.158   79.358   6888.7    379.6
     1     1    10     4    22     5     0     1   -49.0   44.361   78.929   6866.0    367.1
     1     1    10     4    22     4     0     2   -50.0   44.564   78.534   6926.5    372.3
     1     1    10     4    22     3     0     3   -51.0   44.767   78.147   7070.4    380.7
     1     1    10     4    22     2     0     2   -52.0   44.973   77.739   7226.0    382.8
     1     1    10     4    22     1     0     1   -53.0   45.184   77.308   7323.8    378.6
     1     1    10     4    22     0     0     0   -54.0   45.401   76.872   7378.3    377.7
     1     1    10     4    21    23     0     1   -55.0   45.614   76.433   7392.3    377.0
     1     1    10     4    21    22     0     2   -56.0   45.820   75.974   7378.1    377.7
     1     1    10     4    21    21     0     3   -57.0   46.020   75.472   7354.4    379.1
     1     1    10     4    21    20     0     2   -58.0   46.215   74.986   7349.9    380.5
     1     1    10     4    21    19     0     1   -59.0   46.411   74.549   7375.9    378.1
     1     1    10     4    21    18     0     0   -60.0   46.617   74.119   7412.8    374.4
     1     1    10     4    21    17     0     1   -61.0   46.836   73.673   7450.6    368.8
     1     1    10     4    21    16     0     2   -62.0   47.067   73.181   7488.9    361.0
     1     1    10     4    21    15     0     3   -63.0   47.332   72.632   7545.8    355.2
     1     1    10     4    21    14     0     2   -64.0   47.632   72.048   7638.4    350.6
     1     1    10     4    21    13     0     1   -65.0   47.940   71.413   7761.1    347.0
     1     1    10     4    21    12     0     0   -66.0   48.241   70.746   7895.8    345.9
     1     1    10     4    21    11     0     1   -67.0   48.527   70.085   8028.4    341.2
     1     1    10     4    21    10     0     2   -68.0   48.786   69.412   8155.6    334.1
     1     1    10     4    21     9     0     3   -69.0   49.021   68.703   8275.9    326.0
     1     1    10     4    21     8     0     2   -70.0   49.237   67.949   8378.4    317.7
     1     1    10     4    21     7     0     1   -71.0   49.423   67.194   8480.3    315.7
     1     1    10     4    21     6     0     0   -72.0   49.595   66.510   8593.3    316.2
     1     1    10     4    21     5     0     1   -73.0   49.747   65.875   8701.9    316.8
     1     1    10     4    21     4     0     2   -74.0   49.863   65.238   8785.8    314.8
     1     1    10     4    21     3     0     3   -75.0   49.951   64.597   8858.4    312.5
     1     1    10     4    21     2     0     2   -76.0   50.024   63.941   8901.5    310.6
     1     1    10     4    21     1     0     1   -77.0   50.095   63.264   8905.1    309.4
     1     1    10     4    21     0     0     0   -78.0   50.167   62.579   8908.6    308.3
     1     1    10     4    20    23     0     1   -79.0   50.241   61.915   8948.7    306.3
     1     1    10     4    20    22     0     2   -80.0   50.320   61.269   9028.2    299.8
     1     1    10     4    20    21     0     3   -81.0   50.408   60.639   9140.4    293.1
     1     1    10     4    20    20     0     2   -82.0   50.487   60.032   9244.9    286.7
     1     1    10     4    20    19     0     1   -83.0   50.546   59.455   9309.6    283.7
     1     1    10     4    20    18     0     0   -84.0   50.600   58.933   9334.2    282.7
     1     1    10     4    20    17     0     1   -85.0   50.672   58.460   9328.5    282.3
     1     1    10     4    20    16     0     2   -86.0   50.786   58.039   9331.2    281.1
     1     1    10     4    20    15     0     3   -87.0   50.969   57.696   9394.7    280.0
     1     1    10     4    20    14     0     2   -88.0   51.223   57.350   9491.3    274.3
     1     1    10     4    20    13     0     1   -89.0   51.552   56.926   9602.3    268.9
     1     1    10     4    20    12     0     0   -90.0   51.948   56.406   9733.9    265.4
     1     1    10     4    20    11     0     1   -91.0   52.370   55.812   9812.9    262.9
     1     1    10     4    20    10     0     2   -92.0   52.801   55.198   9813.3    260.5
     1     1    10     4    20     9     0     3   -93.0   53.232   54.584   9859.8    259.8
     1     1    10     4    20     8     0     2   -94.0   53.696   53.943   9983.3    255.2
