     7     1
    GDAS    10     3    22     0     0
    GDAS    10     4     8     0     0
    GDAS    10     4    15     0     0
    GDAS    10     4    22     0     0
    GDAS    10     4    29     0     0
    GDAS    10     4     1     0     0
    GDAS    10     3    29     0     0
     1 BACKWARD OMEGA   
    10     4    28     6   39.977  116.381  6200.0
     1 PRESSURE
     1     1    10     4    28     6     0     0     0.0   39.977  116.381   5962.4    448.1
     1     1    10     4    28     5     0     1    -1.0   40.614  116.181   6015.7    406.2
     1     1    10     4    28     4     0     2    -2.0   41.281  116.076   6002.8    383.8
     1     1    10     4    28     3     0     3    -3.0   41.904  116.046   6038.3    372.4
     1     1    10     4    28     2     0     2    -4.0   42.478  116.081   6143.3    367.9
     1     1    10     4    28     1     0     1    -5.0   43.048  116.178   6269.1    363.9
     1     1    10     4    28     0     0     0    -6.0   43.596  116.339   6369.9    359.8
     1     1    10     4    27    23     0     1    -7.0   44.080  116.556   6388.6    360.5
     1     1    10     4    27    22     0     2    -8.0   44.498  116.827   6393.7    368.0
     1     1    10     4    27    21     0     3    -9.0   44.859  117.170   6442.3    371.0
     1     1    10     4    27    20     0     2   -10.0   45.150  117.577   6478.1    369.2
     1     1    10     4    27    19     0     1   -11.0   45.384  118.016   6483.5    368.3
     1     1    10     4    27    18     0     0   -12.0   45.586  118.505   6488.1    368.8
     1     1    10     4    27    17     0     1   -13.0   45.736  119.065   6509.3    366.0
     1     1    10     4    27    16     0     2   -14.0   45.872  119.654   6488.6    367.3
     1     1    10     4    27    15     0     3   -15.0   46.050  120.223   6366.2    377.6
     1     1    10     4    27    14     0     2   -16.0   46.217  120.749   6175.2    396.5
     1     1    10     4    27    13     0     1   -17.0   46.338  121.215   5994.5    417.5
     1     1    10     4    27    12     0     0   -18.0   46.426  121.621   5885.8    433.2
     1     1    10     4    27    11     0     1   -19.0   46.480  121.971   5862.1    442.1
     1     1    10     4    27    10     0     2   -20.0   46.480  122.264   5927.4    442.7
     1     1    10     4    27     9     0     3   -21.0   46.410  122.486   6097.2    435.0
     1     1    10     4    27     8     0     2   -22.0   46.265  122.657   6320.4    421.2
     1     1    10     4    27     7     0     1   -23.0   46.055  122.805   6545.6    410.2
     1     1    10     4    27     6     0     0   -24.0   45.792  122.937   6762.9    398.6
     1     1    10     4    27     5     0     1   -25.0   45.497  123.063   7005.1    387.4
     1     1    10     4    27     4     0     2   -26.0   45.170  123.195   7272.9    370.0
     1     1    10     4    27     3     0     3   -27.0   44.804  123.341   7513.0    355.0
     1     1    10     4    27     2     0     2   -28.0   44.411  123.484   7663.3    344.5
     1     1    10     4    27     1     0     1   -29.0   44.036  123.558   7735.4    342.4
     1     1    10     4    27     0     0     0   -30.0   43.685  123.561   7782.7    341.3
     1     1    10     4    26    23     0     1   -31.0   43.322  123.530   7824.1    340.6
     1     1    10     4    26    22     0     2   -32.0   42.924  123.482   7877.8    339.0
     1     1    10     4    26    21     0     3   -33.0   42.494  123.399   7932.6    336.2
     1     1    10     4    26    20     0     2   -34.0   42.031  123.246   7970.2    336.7
     1     1    10     4    26    19     0     1   -35.0   41.544  122.986   7960.6    336.8
     1     1    10     4    26    18     0     0   -36.0   41.009  122.611   7917.3    338.6
     1     1    10     4    26    17     0     1   -37.0   40.430  122.240   7800.2    344.0
     1     1    10     4    26    16     0     2   -38.0   39.888  121.931   7636.2    352.1
     1     1    10     4    26    15     0     3   -39.0   39.375  121.600   7463.6    366.2
     1     1    10     4    26    14     0     2   -40.0   38.875  121.238   7221.1    383.6
     1     1    10     4    26    13     0     1   -41.0   38.442  120.834   6982.2    401.7
     1     1    10     4    26    12     0     0   -42.0   38.065  120.333   6758.4    413.4
     1     1    10     4    26    11     0     1   -43.0   37.698  119.701   6541.5    426.4
     1     1    10     4    26    10     0     2   -44.0   37.374  118.887   6422.5    439.9
     1     1    10     4    26     9     0     3   -45.0   37.065  117.867   6127.4    445.6
     1     1    10     4    26     8     0     2   -46.0   36.720  116.854   5566.4    490.0
     1     1    10     4    26     7     0     1   -47.0   36.508  115.814   5244.0    512.2
     1     1    10     4    26     6     0     0   -48.0   36.437  114.789   4806.4    538.1
     1     1    10     4    26     5     0     1   -49.0   36.455  113.674   4454.5    518.0
     1     1    10     4    26     4     0     2   -50.0   36.646  112.218   4496.1    491.7
     1     1    10     4    26     3     0     3   -51.0   36.938  110.694   4322.3    503.0
     1     1    10     4    26     2     0     2   -52.0   37.418  109.208   4220.3    499.4
     1     1    10     4    26     1     0     1   -53.0   38.117  107.639   4242.5    492.2
     1     1    10     4    26     0     0     0   -54.0   38.965  106.139   4146.1    489.5
     1     1    10     4    25    23     0     1   -55.0   39.965  104.860   4114.7    500.9
     1     1    10     4    25    22     0     2   -56.0   41.035  103.820   4010.0    512.9
     1     1    10     4    25    21     0     3   -57.0   42.106  103.111   3867.7    533.4
     1     1    10     4    25    20     0     2   -58.0   43.353  102.632   3994.4    504.5
     1     1    10     4    25    19     0     1   -59.0   44.706  102.362   4062.8    493.2
     1     1    10     4    25    18     0     0   -60.0   46.200  102.289   4098.7    459.8
     1     1    10     4    25    17     0     1   -61.0   47.818  102.292   4126.4    479.1
     1     1    10     4    25    16     0     2   -62.0   49.248  102.285   4032.5    497.7
     1     1    10     4    25    15     0     3   -63.0   50.610  102.312   3743.8    508.5
     1     1    10     4    25    14     0     2   -64.0   52.001  102.409   3861.1    507.3
     1     1    10     4    25    13     0     1   -65.0   53.101  102.463   3898.0    575.0
     1     1    10     4    25    12     0     0   -66.0   53.961  102.459   3781.3    587.2
     1     1    10     4    25    11     0     1   -67.0   54.750  102.501   3741.3    587.9
     1     1    10     4    25    10     0     2   -68.0   55.482  102.620   3777.4    586.2
     1     1    10     4    25     9     0     3   -69.0   56.154  102.796   3860.9    582.7
     1     1    10     4    25     8     0     2   -70.0   56.786  102.998   3978.7    573.4
     1     1    10     4    25     7     0     1   -71.0   57.403  103.208   4141.5    561.7
     1     1    10     4    25     6     0     0   -72.0   58.022  103.457   4335.6    545.1
     1     1    10     4    25     5     0     1   -73.0   58.657  103.768   4535.7    529.1
     1     1    10     4    25     4     0     2   -74.0   59.277  104.102   4702.0    518.5
     1     1    10     4    25     3     0     3   -75.0   59.877  104.398   4830.2    508.9
     1     1    10     4    25     2     0     2   -76.0   60.444  104.662   4937.4    503.0
     1     1    10     4    25     1     0     1   -77.0   60.967  104.919   5067.7    493.4
     1     1    10     4    25     0     0     0   -78.0   61.446  105.130   5206.4    482.6
     1     1    10     4    24    23     0     1   -79.0   61.886  105.288   5319.3    473.4
     1     1    10     4    24    22     0     2   -80.0   62.269  105.440   5413.1    469.2
     1     1    10     4    24    21     0     3   -81.0   62.570  105.610   5506.7    464.2
     1     1    10     4    24    20     0     2   -82.0   62.817  105.762   5599.0    459.0
     1     1    10     4    24    19     0     1   -83.0   63.052  105.873   5686.7    453.7
     1     1    10     4    24    18     0     0   -84.0   63.276  105.957   5763.3    447.7
     1     1    10     4    24    17     0     1   -85.0   63.486  106.017   5836.5    441.9
     1     1    10     4    24    16     0     2   -86.0   63.689  106.068   5909.5    436.0
     1     1    10     4    24    15     0     3   -87.0   63.890  106.138   5983.5    430.0
     1     1    10     4    24    14     0     2   -88.0   64.079  106.227   6046.9    423.8
     1     1    10     4    24    13     0     1   -89.0   64.238  106.325   6092.4    419.2
     1     1    10     4    24    12     0     0   -90.0   64.355  106.435   6127.1    415.9
     1     1    10     4    24    11     0     1   -91.0   64.449  106.528   6158.4    413.4
     1     1    10     4    24    10     0     2   -92.0   64.544  106.577   6191.3    410.3
     1     1    10     4    24     9     0     3   -93.0   64.643  106.584   6223.0    407.2
     1     1    10     4    24     8     0     2   -94.0   64.745  106.561   6246.7    404.3
     1     1    10     4    24     7     0     1   -95.0   64.854  106.520   6256.8    402.5
     1     1    10     4    24     6     0     0   -96.0   64.967  106.462   6253.7    401.4
