     5     1
    GDAS    10     3     1     0     0
    GDAS    10     3     8     0     0
    GDAS    10     3    15     0     0
    GDAS    10     3    22     0     0
    GDAS    10     3    29     0     0
     1 BACKWARD OMEGA   
    10     3    18    12   39.977  116.381  5400.0
     1 PRESSURE
     1     1    10     3    18    12     0     0     0.0   39.977  116.381   5159.0    512.6
     1     1    10     3    18    11     0     1    -1.0   40.544  115.466   4947.2    473.8
     1     1    10     3    18    10     0     2    -2.0   41.217  114.518   4884.0    453.9
     1     1    10     3    18     9     0     3    -3.0   41.957  113.500   4976.7    446.8
     1     1    10     3    18     8     0     2    -4.0   42.708  112.442   5156.8    450.0
     1     1    10     3    18     7     0     1    -5.0   43.455  111.342   5179.3    456.1
     1     1    10     3    18     6     0     0    -6.0   44.226  110.214   5173.1    462.5
     1     1    10     3    18     5     0     1    -7.0   45.012  109.003   5012.7    460.8
     1     1    10     3    18     4     0     2    -8.0   45.821  107.667   4916.1    456.7
     1     1    10     3    18     3     0     3    -9.0   46.637  106.226   4994.3    445.7
     1     1    10     3    18     2     0     2   -10.0   47.399  104.634   5261.1    430.1
     1     1    10     3    18     1     0     1   -11.0   48.083  102.875   5369.2    416.0
     1     1    10     3    18     0     0     0   -12.0   48.748  101.019   5383.3    407.2
     1     1    10     3    17    23     0     1   -13.0   49.315   98.973   5410.1    384.4
     1     1    10     3    17    22     0     2   -14.0   49.688   96.659   5406.1    383.6
     1     1    10     3    17    21     0     3   -15.0   49.976   94.291   5476.9    434.2
     1     1    10     3    17    20     0     2   -16.0   50.116   91.972   5200.2    435.6
     1     1    10     3    17    19     0     1   -17.0   50.036   89.535   4956.4    392.2
     1     1    10     3    17    18     0     0   -18.0   49.812   87.044   5133.8    386.2
     1     1    10     3    17    17     0     1   -19.0   49.356   84.673   5118.5    446.5
     1     1    10     3    17    16     0     2   -20.0   48.925   82.507   4779.5    502.2
     1     1    10     3    17    15     0     3   -21.0   48.543   80.459   4374.8    538.0
     1     1    10     3    17    14     0     2   -22.0   48.038   78.407   4343.3    539.3
     1     1    10     3    17    13     0     1   -23.0   47.488   76.328   4479.9    535.9
     1     1    10     3    17    12     0     0   -24.0   46.995   74.230   4589.2    536.3
     1     1    10     3    17    11     0     1   -25.0   46.434   72.068   4767.5    517.2
     1     1    10     3    17    10     0     2   -26.0   45.855   69.970   4722.5    537.0
     1     1    10     3    17     9     0     3   -27.0   45.370   67.857   4634.2    554.0
     1     1    10     3    17     8     0     2   -28.0   44.753   65.869   4558.0    563.2
     1     1    10     3    17     7     0     1   -29.0   44.128   64.096   4602.9    562.3
     1     1    10     3    17     6     0     0   -30.0   43.410   62.426   4763.3    551.2
     1     1    10     3    17     5     0     1   -31.0   42.699   60.850   4861.1    546.6
     1     1    10     3    17     4     0     2   -32.0   42.036   59.303   4828.3    549.2
     1     1    10     3    17     3     0     3   -33.0   41.375   57.796   4767.0    554.6
     1     1    10     3    17     2     0     2   -34.0   40.759   56.265   4696.6    557.2
     1     1    10     3    17     1     0     1   -35.0   40.144   54.761   4587.0    559.5
     1     1    10     3    17     0     0     0   -36.0   39.547   53.315   4457.7    580.9
     1     1    10     3    16    23     0     1   -37.0   38.977   51.971   4316.9    599.7
     1     1    10     3    16    22     0     2   -38.0   38.389   50.696   4206.8    605.5
     1     1    10     3    16    21     0     3   -39.0   37.799   49.448   4210.5    572.0
     1     1    10     3    16    20     0     2   -40.0   37.191   47.931   3655.6    513.8
     1     1    10     3    16    19     0     1   -41.0   36.544   46.299   3501.6    531.3
     1     1    10     3    16    18     0     0   -42.0   35.918   44.832   3666.2    581.8
     1     1    10     3    16    17     0     1   -43.0   35.438   43.721   3510.4    641.3
     1     1    10     3    16    16     0     2   -44.0   34.995   42.733   3523.2    647.1
     1     1    10     3    16    15     0     3   -45.0   34.574   41.750   3526.6    636.2
     1     1    10     3    16    14     0     2   -46.0   34.176   40.751   3489.6    632.8
     1     1    10     3    16    13     0     1   -47.0   33.754   39.648   3338.5    626.1
     1     1    10     3    16    12     0     0   -48.0   33.337   38.495   3168.8    632.2
     1     1    10     3    16    11     0     1   -49.0   32.942   37.337   2919.1    652.9
     1     1    10     3    16    10     0     2   -50.0   32.547   36.212   2840.0    668.1
     1     1    10     3    16     9     0     3   -51.0   32.186   35.203   2973.8    685.7
     1     1    10     3    16     8     0     2   -52.0   31.869   34.323   3036.3    695.2
     1     1    10     3    16     7     0     1   -53.0   31.582   33.543   3028.5    699.3
     1     1    10     3    16     6     0     0   -54.0   31.326   32.801   3023.6    701.7
     1     1    10     3    16     5     0     1   -55.0   31.125   32.066   3016.1    703.0
     1     1    10     3    16     4     0     2   -56.0   30.983   31.308   3019.0    703.1
     1     1    10     3    16     3     0     3   -57.0   30.879   30.502   3026.2    700.5
     1     1    10     3    16     2     0     2   -58.0   30.786   29.665   3055.4    696.4
     1     1    10     3    16     1     0     1   -59.0   30.708   28.824   3111.2    691.3
     1     1    10     3    16     0     0     0   -60.0   30.636   27.973   3188.5    684.2
     1     1    10     3    15    23     0     1   -61.0   30.572   27.112   3262.2    672.5
     1     1    10     3    15    22     0     2   -62.0   30.530   26.237   3306.7    663.5
     1     1    10     3    15    21     0     3   -63.0   30.507   25.338   3309.1    663.2
     1     1    10     3    15    20     0     2   -64.0   30.488   24.416   3344.8    664.9
     1     1    10     3    15    19     0     1   -65.0   30.453   23.481   3491.6    654.5
     1     1    10     3    15    18     0     0   -66.0   30.406   22.543   3644.8    642.2
     1     1    10     3    15    17     0     1   -67.0   30.365   21.621   3728.4    638.8
     1     1    10     3    15    16     0     2   -68.0   30.336   20.713   3800.7    634.2
     1     1    10     3    15    15     0     3   -69.0   30.334   19.806   3815.4    633.6
     1     1    10     3    15    14     0     2   -70.0   30.359   18.877   3818.7    631.1
     1     1    10     3    15    13     0     1   -71.0   30.379   17.888   3878.4    619.5
     1     1    10     3    15    12     0     0   -72.0   30.374   16.833   3949.6    608.4
     1     1    10     3    15    11     0     1   -73.0   30.358   15.768   3996.9    602.8
     1     1    10     3    15    10     0     2   -74.0   30.333   14.708   4013.2    596.4
     1     1    10     3    15     9     0     3   -75.0   30.286   13.620   4024.5    581.7
     1     1    10     3    15     8     0     2   -76.0   30.234   12.506   4034.4    572.0
     1     1    10     3    15     7     0     1   -77.0   30.219   11.410   4042.8    574.4
     1     1    10     3    15     6     0     0   -78.0   30.253   10.365   4100.1    577.9
     1     1    10     3    15     5     0     1   -79.0   30.329    9.397   4112.3    583.6
     1     1    10     3    15     4     0     2   -80.0   30.455    8.478   4091.0    590.7
     1     1    10     3    15     3     0     3   -81.0   30.641    7.560   4168.7    589.0
     1     1    10     3    15     2     0     2   -82.0   30.884    6.648   4326.7    579.3
     1     1    10     3    15     1     0     1   -83.0   31.159    5.713   4453.8    569.0
     1     1    10     3    15     0     0     0   -84.0   31.455    4.743   4509.7    562.4
     1     1    10     3    14    23     0     1   -85.0   31.785    3.705   4455.5    552.3
     1     1    10     3    14    22     0     2   -86.0   32.159    2.580   4345.9    549.9
     1     1    10     3    14    21     0     3   -87.0   32.580    1.356   4416.0    531.3
     1     1    10     3    14    20     0     2   -88.0   33.062    0.031   4634.0    491.0
     1     1    10     3    14    19     0     1   -89.0   33.603   -1.289   4984.1    465.6
     1     1    10     3    14    18     0     0   -90.0   34.152   -2.548   5210.3    467.5
     1     1    10     3    14    17     0     1   -91.0   34.687   -3.732   5204.2    481.7
     1     1    10     3    14    16     0     2   -92.0   35.280   -4.874   5331.1    484.8
     1     1    10     3    14    15     0     3   -93.0   35.910   -5.950   5499.2    509.0
     1     1    10     3    14    14     0     2   -94.0   36.594   -6.942   5600.4    504.9
     1     1    10     3    14    13     0     1   -95.0   37.337   -7.874   5767.9    486.8
     1     1    10     3    14    12     0     0   -96.0   38.112   -8.790   5950.4    476.2
