     5     1
    GDAS    10     3     1     0     0
    GDAS    10     3     8     0     0
    GDAS    10     3    15     0     0
    GDAS    10     3    22     0     0
    GDAS    10     3    29     0     0
     1 BACKWARD OMEGA   
    10     3    24    12   39.977  116.381  8800.0
     1 PRESSURE
     1     1    10     3    24    12     0     0     0.0   39.977  116.381   8556.7    304.0
     1     1    10     3    24    11     0     1    -1.0   39.418  114.293   8453.4    274.9
     1     1    10     3    24    10     0     2    -2.0   38.995  112.240   8317.4    264.4
     1     1    10     3    24     9     0     3    -3.0   38.743  110.235   8533.1    268.7
     1     1    10     3    24     8     0     2    -4.0   38.654  108.301   8543.5    261.5
     1     1    10     3    24     7     0     1    -5.0   38.734  106.413   8591.3    259.5
     1     1    10     3    24     6     0     0    -6.0   38.939  104.533   8735.5    256.0
     1     1    10     3    24     5     0     1    -7.0   39.218  102.689   8777.5    250.8
     1     1    10     3    24     4     0     2    -8.0   39.561  100.962   8794.5    248.3
     1     1    10     3    24     3     0     3    -9.0   39.990   99.294   9004.4    249.6
     1     1    10     3    24     2     0     2   -10.0   40.462   97.662   8872.3    238.4
     1     1    10     3    24     1     0     1   -11.0   40.941   96.071   8899.8    233.3
     1     1    10     3    24     0     0     0   -12.0   41.441   94.512   9079.6    242.5
     1     1    10     3    23    23     0     1   -13.0   41.939   93.028   9305.6    249.7
     1     1    10     3    23    22     0     2   -14.0   42.404   91.610   9436.0    248.1
     1     1    10     3    23    21     0     3   -15.0   42.826   90.265   9464.0    250.4
     1     1    10     3    23    20     0     2   -16.0   43.211   88.969   9478.9    261.3
     1     1    10     3    23    19     0     1   -17.0   43.556   87.660   9039.8    238.4
     1     1    10     3    23    18     0     0   -18.0   43.869   86.352   9077.6    241.5
     1     1    10     3    23    17     0     1   -19.0   44.182   85.017   8898.5    233.8
     1     1    10     3    23    16     0     2   -20.0   44.476   83.743   9044.5    237.9
     1     1    10     3    23    15     0     3   -21.0   44.749   82.471   9325.3    250.7
     1     1    10     3    23    14     0     2   -22.0   44.992   81.167   8825.4    218.4
     1     1    10     3    23    13     0     1   -23.0   45.204   79.890   8924.4    215.1
     1     1    10     3    23    12     0     0   -24.0   45.370   78.647   9480.3    243.8
     1     1    10     3    23    11     0     1   -25.0   45.494   77.463   9705.5    256.6
     1     1    10     3    23    10     0     2   -26.0   45.583   76.355   9731.9    256.5
     1     1    10     3    23     9     0     3   -27.0   45.660   75.308   9733.5    255.4
     1     1    10     3    23     8     0     2   -28.0   45.745   74.307   9743.7    255.5
     1     1    10     3    23     7     0     1   -29.0   45.846   73.340   9741.4    253.6
     1     1    10     3    23     6     0     0   -30.0   45.965   72.380   9776.0    250.5
     1     1    10     3    23     5     0     1   -31.0   46.096   71.402   9856.7    247.9
     1     1    10     3    23     4     0     2   -32.0   46.225   70.425   9918.9    247.2
     1     1    10     3    23     3     0     3   -33.0   46.356   69.450   9960.6    248.0
     1     1    10     3    23     2     0     2   -34.0   46.482   68.474   9982.6    248.6
     1     1    10     3    23     1     0     1   -35.0   46.594   67.511   9995.7    247.9
     1     1    10     3    23     0     0     0   -36.0   46.709   66.553  10020.4    247.5
     1     1    10     3    22    23     0     1   -37.0   46.822   65.584  10085.2    247.5
     1     1    10     3    22    22     0     2   -38.0   46.914   64.614  10146.9    248.2
