     5     1
    GDAS    10     3     1     0     0
    GDAS    10     3     8     0     0
    GDAS    10     3    15     0     0
    GDAS    10     3    22     0     0
    GDAS    10     3    29     0     0
     1 BACKWARD OMEGA   
    10     3    28    18   39.977  116.381  1000.0
     1 PRESSURE
     1     1    10     3    28    18     0     0     0.0   39.977  116.381    765.6    907.8
     1     1    10     3    28    17     0     1    -1.0   39.703  116.134    762.8    909.9
     1     1    10     3    28    16     0     2    -2.0   39.444  115.931    776.1    911.0
     1     1    10     3    28    15     0     3    -3.0   39.198  115.740    787.5    912.1
     1     1    10     3    28    14     0     2    -4.0   38.960  115.559    790.4    919.4
     1     1    10     3    28    13     0     1    -5.0   38.735  115.415    788.3    919.2
     1     1    10     3    28    12     0     0    -6.0   38.529  115.326    791.1    921.8
     1     1    10     3    28    11     0     1    -7.0   38.341  115.292    813.9    924.1
     1     1    10     3    28    10     0     2    -8.0   38.169  115.306    870.5    921.7
     1     1    10     3    28     9     0     3    -9.0   38.015  115.352    962.7    913.4
     1     1    10     3    28     8     0     2   -10.0   37.878  115.393   1071.9    899.6
     1     1    10     3    28     7     0     1   -11.0   37.754  115.412   1182.8    887.9
     1     1    10     3    28     6     0     0   -12.0   37.644  115.412   1293.7    875.7
     1     1    10     3    28     5     0     1   -13.0   37.563  115.408   1402.1    864.6
     1     1    10     3    28     4     0     2   -14.0   37.527  115.419   1504.4    854.3
     1     1    10     3    28     3     0     3   -15.0   37.537  115.446   1599.4    844.0
     1     1    10     3    28     2     0     2   -16.0   37.593  115.474   1683.8    834.0
     1     1    10     3    28     1     0     1   -17.0   37.690  115.489   1758.9    825.8
     1     1    10     3    28     0     0     0   -18.0   37.825  115.490   1832.9    818.1
     1     1    10     3    27    23     0     1   -19.0   37.980  115.459   1909.8    809.6
     1     1    10     3    27    22     0     2   -20.0   38.142  115.377   1982.1    800.3
     1     1    10     3    27    21     0     3   -21.0   38.318  115.247   2048.9    790.7
     1     1    10     3    27    20     0     2   -22.0   38.507  115.085   2110.6    779.8
     1     1    10     3    27    19     0     1   -23.0   38.702  114.897   2164.5    760.6
     1     1    10     3    27    18     0     0   -24.0   38.917  114.667   2212.5    729.3
     1     1    10     3    27    17     0     1   -25.0   39.167  114.381   2257.9    691.1
     1     1    10     3    27    16     0     2   -26.0   39.457  114.034   2332.3    660.4
     1     1    10     3    27    15     0     3   -27.0   39.765  113.629   2473.8    644.5
     1     1    10     3    27    14     0     2   -28.0   40.055  113.201   2557.9    624.5
     1     1    10     3    27    13     0     1   -29.0   40.312  112.789   2516.2    621.2
     1     1    10     3    27    12     0     0   -30.0   40.558  112.386   2473.9    621.2
     1     1    10     3    27    11     0     1   -31.0   40.806  112.008   2455.2    614.5
     1     1    10     3    27    10     0     2   -32.0   41.047  111.678   2384.0    612.9
     1     1    10     3    27     9     0     3   -33.0   41.265  111.380   2266.6    629.0
     1     1    10     3    27     8     0     2   -34.0   41.463  111.094   2147.0    647.5
     1     1    10     3    27     7     0     1   -35.0   41.646  110.799   2077.5    662.6
     1     1    10     3    27     6     0     0   -36.0   41.818  110.475   2093.4    665.8
     1     1    10     3    27     5     0     1   -37.0   41.985  110.125   2189.7    657.2
     1     1    10     3    27     4     0     2   -38.0   42.173  109.761   2287.2    643.7
     1     1    10     3    27     3     0     3   -39.0   42.387  109.404   2314.1    642.7
     1     1    10     3    27     2     0     2   -40.0   42.614  109.064   2275.6    649.3
     1     1    10     3    27     1     0     1   -41.0   42.844  108.736   2221.1    666.2
     1     1    10     3    27     0     0     0   -42.0   43.083  108.413   2193.3    682.0
     1     1    10     3    26    23     0     1   -43.0   43.316  108.114   2184.2    686.1
     1     1    10     3    26    22     0     2   -44.0   43.530  107.836   2172.1    682.8
     1     1    10     3    26    21     0     3   -45.0   43.735  107.560   2167.7    676.7
     1     1    10     3    26    20     0     2   -46.0   43.939  107.257   2190.3    667.4
     1     1    10     3    26    19     0     1   -47.0   44.139  106.919   2231.8    657.4
     1     1    10     3    26    18     0     0   -48.0   44.330  106.578   2264.7    652.8
     1     1    10     3    26    17     0     1   -49.0   44.517  106.253   2274.8    650.0
     1     1    10     3    26    16     0     2   -50.0   44.702  105.944   2259.4    650.1
     1     1    10     3    26    15     0     3   -51.0   44.892  105.656   2219.8    656.3
     1     1    10     3    26    14     0     2   -52.0   45.080  105.385   2178.6    663.2
     1     1    10     3    26    13     0     1   -53.0   45.244  105.113   2159.6    662.2
     1     1    10     3    26    12     0     0   -54.0   45.373  104.832   2158.4    659.3
     1     1    10     3    26    11     0     1   -55.0   45.481  104.564   2157.3    656.0
     1     1    10     3    26    10     0     2   -56.0   45.574  104.339   2145.7    655.4
     1     1    10     3    26     9     0     3   -57.0   45.638  104.164   2124.6    656.2
     1     1    10     3    26     8     0     2   -58.0   45.681  104.022   2098.5    658.5
     1     1    10     3    26     7     0     1   -59.0   45.711  103.891   2067.3    658.8
     1     1    10     3    26     6     0     0   -60.0   45.730  103.781   2021.7    660.1
     1     1    10     3    26     5     0     1   -61.0   45.750  103.665   1963.2    663.4
     1     1    10     3    26     4     0     2   -62.0   45.780  103.504   1899.3    665.7
     1     1    10     3    26     3     0     3   -63.0   45.807  103.299   1838.1    667.0
     1     1    10     3    26     2     0     2   -64.0   45.829  103.067   1775.8    666.6
     1     1    10     3    26     1     0     1   -65.0   45.856  102.825   1688.4    664.4
     1     1    10     3    26     0     0     0   -66.0   45.892  102.579   1559.7    664.0
     1     1    10     3    25    23     0     1   -67.0   45.922  102.313   1408.5    667.9
     1     1    10     3    25    22     0     2   -68.0   45.926  102.001   1253.5    668.4
     1     1    10     3    25    21     0     3   -69.0   45.912  101.639   1124.1    683.6
     1     1    10     3    25    20     0     2   -70.0   45.905  101.261   1003.6    692.9
     1     1    10     3    25    19     0     1   -71.0   45.894  100.924    836.7    710.5
     1     1    10     3    25    18     0     0   -72.0   45.870  100.667    642.7    741.8
     1     1    10     3    25    17     0     1   -73.0   45.855  100.488    478.2    766.1
     1     1    10     3    25    16     0     2   -74.0   45.856  100.347    344.9    781.9
     1     1    10     3    25    15     0     3   -75.0   45.861  100.233    227.5    797.0
     1     1    10     3    25    14     0     2   -76.0   45.859  100.145    142.2    810.6
     1     1    10     3    25    13     0     1   -77.0   45.841  100.069     87.2    817.6
     1     1    10     3    25    12     0     0   -78.0   45.806  100.006     52.0    822.9
     1     1    10     3    25    11     0     1   -79.0   45.769   99.938     32.5    823.6
     1     1    10     3    25    10     0     2   -80.0   45.745   99.836     23.1    822.9
     1     1    10     3    25     9     0     3   -81.0   45.729   99.702     18.3    821.6
     1     1    10     3    25     8     0     2   -82.0   45.710   99.560     14.8    820.8
     1     1    10     3    25     7     0     1   -83.0   45.678   99.432     11.4    819.7
     1     1    10     3    25     6     0     0   -84.0   45.631   99.322      8.6    817.7
     1     1    10     3    25     5     0     1   -85.0   45.584   99.231      6.4    815.8
     1     1    10     3    25     4     0     2   -86.0   45.549   99.164      5.3    814.5
     1     1    10     3    25     3     0     3   -87.0   45.524   99.122      5.0    813.8
     1     1    10     3    25     2     0     2   -88.0   45.504   99.090      5.2    812.6
     1     1    10     3    25     1     0     1   -89.0   45.485   99.053      5.5    811.3
     1     1    10     3    25     0     0     0   -90.0   45.466   99.009      5.8    809.8
     1     1    10     3    24    23     0     1   -91.0   45.447   98.957      6.3    808.3
     1     1    10     3    24    22     0     2   -92.0   45.430   98.893      6.5    806.7
     1     1    10     3    24    21     0     3   -93.0   45.413   98.819      6.4    804.9
     1     1    10     3    24    20     0     2   -94.0   45.396   98.735      5.7    802.8
     1     1    10     3    24    19     0     1   -95.0   45.377   98.639      4.4    800.2
     1     1    10     3    24    18     0     0   -96.0   45.356   98.534      2.8    797.2
