     7     1
    GDAS    10     3    22     0     0
    GDAS    10     4     8     0     0
    GDAS    10     4    15     0     0
    GDAS    10     4    22     0     0
    GDAS    10     4    29     0     0
    GDAS    10     4     1     0     0
    GDAS    10     3    29     0     0
     1 BACKWARD OMEGA   
    10     4    19    18   39.977  116.381  7400.0
     1 PRESSURE
     1     1    10     4    19    18     0     0     0.0   39.977  116.381   7158.3    392.4
     1     1    10     4    19    17     0     1    -1.0   40.070  115.023   6860.0    356.1
     1     1    10     4    19    16     0     2    -2.0   40.210  113.538   6859.0    354.0
     1     1    10     4    19    15     0     3    -3.0   40.427  111.997   6877.8    340.9
     1     1    10     4    19    14     0     2    -4.0   40.675  110.436   6987.0    335.6
     1     1    10     4    19    13     0     1    -5.0   40.807  108.868   7099.6    345.9
     1     1    10     4    19    12     0     0    -6.0   40.928  107.351   7175.8    339.1
     1     1    10     4    19    11     0     1    -7.0   41.075  105.796   7110.0    335.6
     1     1    10     4    19    10     0     2    -8.0   41.118  104.309   7123.3    343.5
     1     1    10     4    19     9     0     3    -9.0   41.113  102.799   7216.8    337.2
     1     1    10     4    19     8     0     2   -10.0   41.129  101.192   7382.1    338.5
     1     1    10     4    19     7     0     1   -11.0   41.089   99.644   7290.6    332.0
     1     1    10     4    19     6     0     0   -12.0   41.061   98.165   7138.0    328.0
     1     1    10     4    19     5     0     1   -13.0   41.024   96.653   6861.2    327.6
     1     1    10     4    19     4     0     2   -14.0   41.050   95.138   6937.2    331.5
     1     1    10     4    19     3     0     3   -15.0   41.127   93.633   7226.2    332.6
     1     1    10     4    19     2     0     2   -16.0   41.190   92.188   7305.1    337.9
     1     1    10     4    19     1     0     1   -17.0   41.216   90.929   7304.3    347.7
     1     1    10     4    19     0     0     0   -18.0   41.235   89.668   7184.3    340.5
     1     1    10     4    18    23     0     1   -19.0   41.200   88.407   6913.9    355.6
     1     1    10     4    18    22     0     2   -20.0   41.103   87.293   6717.6    375.1
     1     1    10     4    18    21     0     3   -21.0   40.981   86.241   6431.2    399.6
     1     1    10     4    18    20     0     2   -22.0   40.843   85.224   5919.9    420.8
     1     1    10     4    18    19     0     1   -23.0   40.675   84.352   5284.2    461.5
     1     1    10     4    18    18     0     0   -24.0   40.553   83.617   4740.2    497.8
     1     1    10     4    18    17     0     1   -25.0   40.481   82.987   4345.2    524.2
     1     1    10     4    18    16     0     2   -26.0   40.451   82.395   4094.7    543.0
     1     1    10     4    18    15     0     3   -27.0   40.457   81.824   3957.5    550.2
     1     1    10     4    18    14     0     2   -28.0   40.507   81.275   3938.4    552.9
     1     1    10     4    18    13     0     1   -29.0   40.600   80.723   4053.3    543.5
     1     1    10     4    18    12     0     0   -30.0   40.708   80.106   4287.1    525.0
     1     1    10     4    18    11     0     1   -31.0   40.855   79.307   4270.8    467.4
     1     1    10     4    18    10     0     2   -32.0   40.984   78.358   3616.4    447.2
     1     1    10     4    18     9     0     3   -33.0   41.081   77.068   3276.0    423.3
     1     1    10     4    18     8     0     2   -34.0   41.133   75.724   3255.3    460.9
     1     1    10     4    18     7     0     1   -35.0   41.148   74.579   3285.6    479.1
     1     1    10     4    18     6     0     0   -36.0   41.112   73.575   3491.7    509.6
     1     1    10     4    18     5     0     1   -37.0   41.065   72.779   3529.8    569.0
     1     1    10     4    18     4     0     2   -38.0   41.040   72.168   3476.4    613.9
     1     1    10     4    18     3     0     3   -39.0   41.040   71.638   3329.3    609.6
     1     1    10     4    18     2     0     2   -40.0   41.056   71.099   3103.3    587.0
     1     1    10     4    18     1     0     1   -41.0   41.078   70.549   2904.3    590.5
     1     1    10     4    18     0     0     0   -42.0   41.106   70.007   2729.1    596.9
     1     1    10     4    17    23     0     1   -43.0   41.126   69.558   2660.6    653.9
     1     1    10     4    17    22     0     2   -44.0   41.128   69.237   2616.0    692.4
     1     1    10     4    17    21     0     3   -45.0   41.112   69.006   2580.0    721.0
     1     1    10     4    17    20     0     2   -46.0   41.082   68.823   2535.7    727.1
     1     1    10     4    17    19     0     1   -47.0   41.046   68.649   2519.8    728.9
     1     1    10     4    17    18     0     0   -48.0   41.001   68.477   2528.4    728.6
     1     1    10     4    17    17     0     1   -49.0   40.959   68.304   2550.3    724.6
     1     1    10     4    17    16     0     2   -50.0   40.933   68.126   2579.3    721.3
     1     1    10     4    17    15     0     3   -51.0   40.919   67.947   2612.7    718.4
     1     1    10     4    17    14     0     2   -52.0   40.912   67.760   2661.6    715.8
     1     1    10     4    17    13     0     1   -53.0   40.910   67.555   2739.0    710.0
     1     1    10     4    17    12     0     0   -54.0   40.918   67.324   2849.8    701.9
     1     1    10     4    17    11     0     1   -55.0   40.940   67.066   2981.0    691.3
     1     1    10     4    17    10     0     2   -56.0   40.977   66.775   3101.5    679.4
     1     1    10     4    17     9     0     3   -57.0   41.027   66.438   3192.4    667.7
     1     1    10     4    17     8     0     2   -58.0   41.092   66.061   3272.0    658.8
     1     1    10     4    17     7     0     1   -59.0   41.168   65.655   3387.7    654.1
     1     1    10     4    17     6     0     0   -60.0   41.253   65.218   3524.8    647.9
     1     1    10     4    17     5     0     1   -61.0   41.347   64.740   3646.1    636.1
     1     1    10     4    17     4     0     2   -62.0   41.446   64.219   3749.2    625.0
     1     1    10     4    17     3     0     3   -63.0   41.544   63.673   3874.1    619.2
     1     1    10     4    17     2     0     2   -64.0   41.621   63.110   4022.4    615.2
     1     1    10     4    17     1     0     1   -65.0   41.659   62.531   4155.9    603.4
     1     1    10     4    17     0     0     0   -66.0   41.667   61.943   4262.6    592.3
     1     1    10     4    16    23     0     1   -67.0   41.675   61.384   4347.6    588.6
     1     1    10     4    16    22     0     2   -68.0   41.708   60.873   4411.6    586.1
     1     1    10     4    16    21     0     3   -69.0   41.774   60.385   4471.0    580.5
     1     1    10     4    16    20     0     2   -70.0   41.871   59.874   4561.5    574.7
     1     1    10     4    16    19     0     1   -71.0   41.990   59.306   4699.7    566.5
     1     1    10     4    16    18     0     0   -72.0   42.120   58.693   4836.1    555.4
     1     1    10     4    16    17     0     1   -73.0   42.237   58.023   4902.3    547.0
     1     1    10     4    16    16     0     2   -74.0   42.328   57.299   4922.9    550.1
     1     1    10     4    16    15     0     3   -75.0   42.404   56.521   4940.5    544.6
     1     1    10     4    16    14     0     2   -76.0   42.473   55.706   4959.1    538.3
     1     1    10     4    16    13     0     1   -77.0   42.523   54.885   5026.8    533.6
     1     1    10     4    16    12     0     0   -78.0   42.543   54.064   5123.3    529.9
     1     1    10     4    16    11     0     1   -79.0   42.551   53.259   5218.4    525.4
     1     1    10     4    16    10     0     2   -80.0   42.558   52.476   5326.7    520.6
     1     1    10     4    16     9     0     3   -81.0   42.549   51.704   5407.6    518.3
     1     1    10     4    16     8     0     2   -82.0   42.543   50.950   5458.5    517.7
     1     1    10     4    16     7     0     1   -83.0   42.558   50.222   5505.5    511.1
     1     1    10     4    16     6     0     0   -84.0   42.593   49.512   5635.0    507.7
     1     1    10     4    16     5     0     1   -85.0   42.655   48.787   5816.5    491.9
     1     1    10     4    16     4     0     2   -86.0   42.758   48.005   5978.4    468.7
     1     1    10     4    16     3     0     3   -87.0   42.939   47.105   6139.5    434.3
     1     1    10     4    16     2     0     2   -88.0   43.175   46.098   6266.0    410.3
     1     1    10     4    16     1     0     1   -89.0   43.384   45.080   6207.6    413.7
     1     1    10     4    16     0     0     0   -90.0   43.598   44.080   6081.6    419.0
     1     1    10     4    15    23     0     1   -91.0   43.820   43.080   6091.7    406.6
     1     1    10     4    15    22     0     2   -92.0   44.030   42.090   6295.3    398.1
     1     1    10     4    15    21     0     3   -93.0   44.259   41.145   6440.5    387.1
     1     1    10     4    15    20     0     2   -94.0   44.487   40.272   6644.0    392.7
     1     1    10     4    15    19     0     1   -95.0   44.707   39.447   6889.0    404.5
     1     1    10     4    15    18     0     0   -96.0   44.963   38.629   7074.8    401.5
