     7     1
    GDAS    10     3    22     0     0
    GDAS    10     4     8     0     0
    GDAS    10     4    15     0     0
    GDAS    10     4    22     0     0
    GDAS    10     4    29     0     0
    GDAS    10     4     1     0     0
    GDAS    10     3    29     0     0
     1 BACKWARD OMEGA   
    10     4     1     6   39.977  116.381  2200.0
     1 PRESSURE
     1     1    10     4     1     6     0     0     0.0   39.977  116.381   1963.2    773.9
     1     1    10     4     1     5     0     1    -1.0   40.188  115.933   2155.5    724.0
     1     1    10     4     1     4     0     2    -2.0   40.493  115.384   2387.0    657.6
     1     1    10     4     1     3     0     3    -3.0   40.890  114.684   2693.7    604.6
     1     1    10     4     1     2     0     2    -4.0   41.323  113.877   2874.5    583.0
     1     1    10     4     1     1     0     1    -5.0   41.781  113.008   3023.6    567.6
     1     1    10     4     1     0     0     0    -6.0   42.259  112.115   3215.3    562.0
     1     1    10     3    31    23     0     1    -7.0   42.688  111.219   3347.8    568.7
     1     1    10     3    31    22     0     2    -8.0   43.075  110.341   3462.2    562.9
     1     1    10     3    31    21     0     3    -9.0   43.464  109.466   3625.6    553.5
     1     1    10     3    31    20     0     2   -10.0   43.843  108.620   3688.8    555.1
     1     1    10     3    31    19     0     1   -11.0   44.208  107.796   3691.3    545.7
     1     1    10     3    31    18     0     0   -12.0   44.598  106.965   3705.7    537.2
     1     1    10     3    31    17     0     1   -13.0   44.994  106.145   3718.6    531.7
     1     1    10     3    31    16     0     2   -14.0   45.394  105.362   3770.0    521.6
     1     1    10     3    31    15     0     3   -15.0   45.808  104.607   3827.2    510.6
     1     1    10     3    31    14     0     2   -16.0   46.242  103.874   3854.9    502.4
     1     1    10     3    31    13     0     1   -17.0   46.707  103.145   3930.9    486.6
     1     1    10     3    31    12     0     0   -18.0   47.206  102.408   3987.2    466.9
     1     1    10     3    31    11     0     1   -19.0   47.709  101.717   3976.4    468.4
     1     1    10     3    31    10     0     2   -20.0   48.199  101.076   3953.2    472.9
     1     1    10     3    31     9     0     3   -21.0   48.691  100.448   3965.6    471.5
     1     1    10     3    31     8     0     2   -22.0   49.203   99.827   4018.5    464.1
     1     1    10     3    31     7     0     1   -23.0   49.738   99.213   4061.6    454.9
     1     1    10     3    31     6     0     0   -24.0   50.273   98.589   4042.3    450.7
     1     1    10     3    31     5     0     1   -25.0   50.796   97.970   4030.8    454.4
     1     1    10     3    31     4     0     2   -26.0   51.287   97.376   4070.1    475.0
     1     1    10     3    31     3     0     3   -27.0   51.718   96.802   4068.4    484.9
     1     1    10     3    31     2     0     2   -28.0   52.111   96.253   4032.7    484.8
     1     1    10     3    31     1     0     1   -29.0   52.493   95.734   4012.4    495.9
     1     1    10     3    31     0     0     0   -30.0   52.857   95.224   3989.7    511.6
     1     1    10     3    30    23     0     1   -31.0   53.224   94.705   3982.5    520.8
     1     1    10     3    30    22     0     2   -32.0   53.593   94.171   4017.3    534.0
     1     1    10     3    30    21     0     3   -33.0   53.924   93.599   4050.5    554.2
     1     1    10     3    30    20     0     2   -34.0   54.223   92.998   4033.5    565.1
     1     1    10     3    30    19     0     1   -35.0   54.522   92.395   4012.1    565.4
     1     1    10     3    30    18     0     0   -36.0   54.807   91.791   3994.0    567.8
     1     1    10     3    30    17     0     1   -37.0   55.065   91.195   3986.2    573.6
     1     1    10     3    30    16     0     2   -38.0   55.315   90.629   3973.5    575.5
     1     1    10     3    30    15     0     3   -39.0   55.553   90.103   3941.4    581.6
     1     1    10     3    30    14     0     2   -40.0   55.790   89.599   3897.2    588.2
     1     1    10     3    30    13     0     1   -41.0   56.036   89.099   3845.7    599.9
     1     1    10     3    30    12     0     0   -42.0   56.285   88.592   3765.5    609.2
     1     1    10     3    30    11     0     1   -43.0   56.537   88.075   3709.0    617.8
     1     1    10     3    30    10     0     2   -44.0   56.793   87.555   3696.3    620.3
     1     1    10     3    30     9     0     3   -45.0   57.055   87.042   3709.7    621.0
     1     1    10     3    30     8     0     2   -46.0   57.322   86.548   3724.9    617.1
     1     1    10     3    30     7     0     1   -47.0   57.593   86.072   3734.9    616.1
     1     1    10     3    30     6     0     0   -48.0   57.869   85.598   3728.8    617.2
     1     1    10     3    30     5     0     1   -49.0   58.144   85.102   3709.3    619.7
     1     1    10     3    30     4     0     2   -50.0   58.420   84.574   3683.5    622.2
     1     1    10     3    30     3     0     3   -51.0   58.701   84.020   3648.4    625.5
     1     1    10     3    30     2     0     2   -52.0   58.976   83.457   3617.2    629.4
     1     1    10     3    30     1     0     1   -53.0   59.235   82.906   3596.2    631.9
     1     1    10     3    30     0     0     0   -54.0   59.495   82.385   3585.6    633.5
     1     1    10     3    29    23     0     1   -55.0   59.778   81.939   3593.6    633.4
     1     1    10     3    29    22     0     2   -56.0   60.098   81.579   3622.1    629.7
     1     1    10     3    29    21     0     3   -57.0   60.443   81.265   3664.0    625.6
     1     1    10     3    29    20     0     2   -58.0   60.794   80.978   3709.0    621.0
     1     1    10     3    29    19     0     1   -59.0   61.140   80.718   3757.4    616.7
     1     1    10     3    29    18     0     0   -60.0   61.491   80.488   3815.7    611.6
     1     1    10     3    29    17     0     1   -61.0   61.835   80.286   3887.7    605.3
     1     1    10     3    29    16     0     2   -62.0   62.157   80.115   3972.2    596.9
     1     1    10     3    29    15     0     3   -63.0   62.466   79.979   4067.0    587.1
     1     1    10     3    29    14     0     2   -64.0   62.772   79.879   4160.3    576.8
     1     1    10     3    29    13     0     1   -65.0   63.082   79.830   4242.3    569.6
     1     1    10     3    29    12     0     0   -66.0   63.400   79.834   4315.1    565.2
     1     1    10     3    29    11     0     1   -67.0   63.725   79.852   4365.7    562.2
     1     1    10     3    29    10     0     2   -68.0   64.056   79.864   4387.4    561.6
     1     1    10     3    29     9     0     3   -69.0   64.394   79.885   4381.6    561.8
     1     1    10     3    29     8     0     2   -70.0   64.724   79.919   4370.3    563.0
     1     1    10     3    29     7     0     1   -71.0   65.040   79.965   4358.6    562.8
     1     1    10     3    29     6     0     0   -72.0   65.346   80.027   4344.8    563.8
     1     1    10     3    29     5     0     1   -73.0   65.621   80.149   4336.1    564.5
     1     1    10     3    29     4     0     2   -74.0   65.859   80.348   4323.9    565.0
     1     1    10     3    29     3     0     3   -75.0   66.074   80.595   4293.6    567.3
     1     1    10     3    29     2     0     2   -76.0   66.270   80.880   4269.0    572.3
     1     1    10     3    29     1     0     1   -77.0   66.445   81.207   4275.5    571.4
     1     1    10     3    29     0     0     0   -78.0   66.607   81.545   4301.8    568.2
     1     1    10     3    28    23     0     1   -79.0   66.751   81.864   4316.9    564.4
     1     1    10     3    28    22     0     2   -80.0   66.866   82.129   4298.5    565.3
     1     1    10     3    28    21     0     3   -81.0   66.949   82.320   4251.0    568.5
     1     1    10     3    28    20     0     2   -82.0   67.009   82.490   4205.8    573.5
     1     1    10     3    28    19     0     1   -83.0   67.059   82.716   4191.0    574.1
     1     1    10     3    28    18     0     0   -84.0   67.095   83.026   4212.5    571.6
     1     1    10     3    28    17     0     1   -85.0   67.122   83.431   4230.5    566.3
     1     1    10     3    28    16     0     2   -86.0   67.153   83.913   4195.7    568.1
     1     1    10     3    28    15     0     3   -87.0   67.192   84.459   4102.2    574.0
     1     1    10     3    28    14     0     2   -88.0   67.231   85.013   3998.8    584.4
     1     1    10     3    28    13     0     1   -89.0   67.262   85.538   3943.4    590.9
     1     1    10     3    28    12     0     0   -90.0   67.287   86.046   3939.7    592.3
     1     1    10     3    28    11     0     1   -91.0   67.303   86.574   3949.4    588.4
     1     1    10     3    28    10     0     2   -92.0   67.299   87.135   3935.1    588.7
     1     1    10     3    28     9     0     3   -93.0   67.261   87.712   3889.1    589.3
     1     1    10     3    28     8     0     2   -94.0   67.196   88.302   3816.6    590.8
     1     1    10     3    28     7     0     1   -95.0   67.120   88.926   3728.3    591.0
     1     1    10     3    28     6     0     0   -96.0   67.036   89.600   3647.1    595.4
