     5     1
    GDAS    10     3     1     0     0
    GDAS    10     3     8     0     0
    GDAS    10     3    15     0     0
    GDAS    10     3    22     0     0
    GDAS    10     3    29     0     0
     1 BACKWARD OMEGA   
    10     3    30     6   39.977  116.381  4600.0
     1 PRESSURE
     1     1    10     3    30     6     0     0     0.0   39.977  116.381   4363.4    569.0
     1     1    10     3    30     5     0     1    -1.0   39.857  115.840   4235.6    563.0
     1     1    10     3    30     4     0     2    -2.0   39.751  115.272   4090.2    549.2
     1     1    10     3    30     3     0     3    -3.0   39.647  114.668   3984.8    542.6
     1     1    10     3    30     2     0     2    -4.0   39.541  114.040   3910.9    536.1
     1     1    10     3    30     1     0     1    -5.0   39.438  113.393   3895.3    529.4
     1     1    10     3    30     0     0     0    -6.0   39.345  112.739   3898.0    521.4
     1     1    10     3    29    23     0     1    -7.0   39.243  112.066   3865.1    512.8
     1     1    10     3    29    22     0     2    -8.0   39.128  111.399   3875.0    530.1
     1     1    10     3    29    21     0     3    -9.0   39.008  110.747   3913.9    534.8
     1     1    10     3    29    20     0     2   -10.0   38.878  110.112   3919.4    532.0
     1     1    10     3    29    19     0     1   -11.0   38.746  109.501   3866.8    532.7
     1     1    10     3    29    18     0     0   -12.0   38.612  108.884   3767.7    533.7
     1     1    10     3    29    17     0     1   -13.0   38.483  108.294   3656.9    542.4
     1     1    10     3    29    16     0     2   -14.0   38.365  107.757   3541.1    550.3
     1     1    10     3    29    15     0     3   -15.0   38.243  107.266   3413.4    560.4
     1     1    10     3    29    14     0     2   -16.0   38.131  106.806   3329.3    570.1
     1     1    10     3    29    13     0     1   -17.0   38.033  106.389   3306.8    573.4
     1     1    10     3    29    12     0     0   -18.0   37.948  106.048   3271.3    576.3
     1     1    10     3    29    11     0     1   -19.0   37.891  105.768   3202.4    579.3
     1     1    10     3    29    10     0     2   -20.0   37.867  105.509   3139.6    580.1
     1     1    10     3    29     9     0     3   -21.0   37.869  105.266   3092.1    580.4
     1     1    10     3    29     8     0     2   -22.0   37.901  105.036   3059.9    580.5
     1     1    10     3    29     7     0     1   -23.0   37.964  104.823   3058.1    582.4
     1     1    10     3    29     6     0     0   -24.0   38.049  104.624   3091.2    580.6
     1     1    10     3    29     5     0     1   -25.0   38.161  104.419   3133.7    576.6
     1     1    10     3    29     4     0     2   -26.0   38.309  104.194   3172.3    575.5
     1     1    10     3    29     3     0     3   -27.0   38.482  103.940   3216.8    574.3
     1     1    10     3    29     2     0     2   -28.0   38.677  103.664   3240.6    572.1
     1     1    10     3    29     1     0     1   -29.0   38.891  103.385   3209.2    575.8
     1     1    10     3    29     0     0     0   -30.0   39.120  103.105   3113.7    582.7
     1     1    10     3    28    23     0     1   -31.0   39.333  102.804   2991.7    589.9
     1     1    10     3    28    22     0     2   -32.0   39.503  102.453   2880.8    595.3
     1     1    10     3    28    21     0     3   -33.0   39.625  102.039   2744.7    605.3
     1     1    10     3    28    20     0     2   -34.0   39.709  101.635   2626.9    621.9
     1     1    10     3    28    19     0     1   -35.0   39.757  101.307   2579.3    625.2
     1     1    10     3    28    18     0     0   -36.0   39.749  101.051   2578.2    623.2
     1     1    10     3    28    17     0     1   -37.0   39.721  100.838   2579.2    618.1
     1     1    10     3    28    16     0     2   -38.0   39.704  100.656   2555.7    617.3
     1     1    10     3    28    15     0     3   -39.0   39.695  100.515   2503.8    619.7
     1     1    10     3    28    14     0     2   -40.0   39.684  100.408   2439.5    624.4
     1     1    10     3    28    13     0     1   -41.0   39.666  100.324   2381.8    627.6
     1     1    10     3    28    12     0     0   -42.0   39.641  100.261   2337.6    629.6
     1     1    10     3    28    11     0     1   -43.0   39.604  100.217   2288.5    629.2
     1     1    10     3    28    10     0     2   -44.0   39.552  100.192   2213.2    632.1
     1     1    10     3    28     9     0     3   -45.0   39.491  100.183   2112.3    637.0
     1     1    10     3    28     8     0     2   -46.0   39.427  100.201   2014.7    644.5
     1     1    10     3    28     7     0     1   -47.0   39.357  100.255   1947.8    647.6
     1     1    10     3    28     6     0     0   -48.0   39.278  100.350   1905.6    648.9
     1     1    10     3    28     5     0     1   -49.0   39.206  100.493   1861.9    650.3
     1     1    10     3    28     4     0     2   -50.0   39.161  100.676   1808.8    657.6
     1     1    10     3    28     3     0     3   -51.0   39.146  100.886   1776.3    665.9
     1     1    10     3    28     2     0     2   -52.0   39.153  101.091   1787.4    668.6
     1     1    10     3    28     1     0     1   -53.0   39.178  101.264   1834.2    665.6
     1     1    10     3    28     0     0     0   -54.0   39.225  101.404   1904.6    661.8
     1     1    10     3    27    23     0     1   -55.0   39.284  101.499   1976.9    656.9
     1     1    10     3    27    22     0     2   -56.0   39.337  101.545   2035.5    654.2
     1     1    10     3    27    21     0     3   -57.0   39.382  101.548   2082.0    652.2
     1     1    10     3    27    20     0     2   -58.0   39.423  101.507   2120.5    651.0
     1     1    10     3    27    19     0     1   -59.0   39.463  101.422   2154.5    649.8
     1     1    10     3    27    18     0     0   -60.0   39.499  101.289   2185.3    648.5
     1     1    10     3    27    17     0     1   -61.0   39.532  101.117   2220.7    646.8
     1     1    10     3    27    16     0     2   -62.0   39.566  100.917   2267.4    642.6
     1     1    10     3    27    15     0     3   -63.0   39.600  100.704   2331.1    636.5
     1     1    10     3    27    14     0     2   -64.0   39.650  100.471   2406.8    628.7
     1     1    10     3    27    13     0     1   -65.0   39.729  100.206   2472.0    623.7
     1     1    10     3    27    12     0     0   -66.0   39.835   99.901   2502.9    623.3
     1     1    10     3    27    11     0     1   -67.0   39.945   99.553   2522.6    634.6
     1     1    10     3    27    10     0     2   -68.0   40.051   99.165   2568.2    644.0
     1     1    10     3    27     9     0     3   -69.0   40.163   98.747   2629.9    631.9
     1     1    10     3    27     8     0     2   -70.0   40.284   98.321   2701.3    611.6
     1     1    10     3    27     7     0     1   -71.0   40.411   97.890   2751.1    596.5
     1     1    10     3    27     6     0     0   -72.0   40.544   97.448   2759.3    583.7
     1     1    10     3    27     5     0     1   -73.0   40.679   96.988   2745.6    574.7
     1     1    10     3    27     4     0     2   -74.0   40.809   96.504   2759.4    578.3
     1     1    10     3    27     3     0     3   -75.0   40.938   95.999   2796.8    580.5
     1     1    10     3    27     2     0     2   -76.0   41.058   95.470   2848.7    581.1
     1     1    10     3    27     1     0     1   -77.0   41.160   94.922   2897.6    586.6
     1     1    10     3    27     0     0     0   -78.0   41.247   94.349   2942.1    597.5
     1     1    10     3    26    23     0     1   -79.0   41.296   93.786   2962.6    606.2
     1     1    10     3    26    22     0     2   -80.0   41.291   93.257   2960.7    608.7
     1     1    10     3    26    21     0     3   -81.0   41.235   92.757   2957.3    611.6
     1     1    10     3    26    20     0     2   -82.0   41.154   92.290   2941.6    616.5
     1     1    10     3    26    19     0     1   -83.0   41.078   91.860   2897.6    626.5
     1     1    10     3    26    18     0     0   -84.0   41.010   91.459   2837.0    640.5
     1     1    10     3    26    17     0     1   -85.0   40.950   91.072   2774.0    654.4
     1     1    10     3    26    16     0     2   -86.0   40.903   90.681   2677.4    654.1
     1     1    10     3    26    15     0     3   -87.0   40.871   90.279   2546.1    655.8
     1     1    10     3    26    14     0     2   -88.0   40.848   89.867   2436.1    662.5
     1     1    10     3    26    13     0     1   -89.0   40.834   89.443   2401.6    666.1
     1     1    10     3    26    12     0     0   -90.0   40.831   88.997   2432.3    662.3
     1     1    10     3    26    11     0     1   -91.0   40.830   88.529   2481.3    656.1
     1     1    10     3    26    10     0     2   -92.0   40.819   88.056   2512.6    655.2
     1     1    10     3    26     9     0     3   -93.0   40.796   87.576   2556.3    660.9
     1     1    10     3    26     8     0     2   -94.0   40.759   87.107   2620.5    664.1
     1     1    10     3    26     7     0     1   -95.0   40.709   86.659   2689.4    661.8
     1     1    10     3    26     6     0     0   -96.0   40.641   86.223   2751.8    658.6
