     5     1
    GDAS    10     3     1     0     0
    GDAS    10     3     8     0     0
    GDAS    10     3    15     0     0
    GDAS    10     3    22     0     0
    GDAS    10     3    29     0     0
     1 BACKWARD OMEGA   
    10     3    25     6   39.977  116.381  4400.0
     1 PRESSURE
     1     1    10     3    25     6     0     0     0.0   39.977  116.381   4158.4    573.9
     1     1    10     3    25     5     0     1    -1.0   40.764  115.550   4088.3    511.5
     1     1    10     3    25     4     0     2    -2.0   41.654  114.642   4154.2    486.6
     1     1    10     3    25     3     0     3    -3.0   42.567  113.789   4312.5    487.7
     1     1    10     3    25     2     0     2    -4.0   43.429  113.021   4404.7    493.8
     1     1    10     3    25     1     0     1    -5.0   44.282  112.308   4421.9    492.8
     1     1    10     3    25     0     0     0    -6.0   45.154  111.662   4456.4    491.1
     1     1    10     3    24    23     0     1    -7.0   46.043  111.071   4493.9    479.9
     1     1    10     3    24    22     0     2    -8.0   46.955  110.512   4556.4    471.6
     1     1    10     3    24    21     0     3    -9.0   47.889  109.965   4568.1    458.4
     1     1    10     3    24    20     0     2   -10.0   48.834  109.437   4505.0    451.8
     1     1    10     3    24    19     0     1   -11.0   49.774  108.946   4587.0    461.3
     1     1    10     3    24    18     0     0   -12.0   50.662  108.470   4710.8    471.6
     1     1    10     3    24    17     0     1   -13.0   51.476  108.023   4735.3    479.9
     1     1    10     3    24    16     0     2   -14.0   52.235  107.605   4707.2    491.5
     1     1    10     3    24    15     0     3   -15.0   52.943  107.166   4697.6    499.5
     1     1    10     3    24    14     0     2   -16.0   53.655  106.725   4648.9    490.0
     1     1    10     3    24    13     0     1   -17.0   54.360  106.304   4602.9    496.5
     1     1    10     3    24    12     0     0   -18.0   55.020  105.845   4553.5    500.9
     1     1    10     3    24    11     0     1   -19.0   55.661  105.370   4565.8    504.2
     1     1    10     3    24    10     0     2   -20.0   56.284  104.948   4597.8    509.5
     1     1    10     3    24     9     0     3   -21.0   56.886  104.572   4663.0    512.2
     1     1    10     3    24     8     0     2   -22.0   57.467  104.216   4729.7    506.8
     1     1    10     3    24     7     0     1   -23.0   58.033  103.849   4788.3    499.9
     1     1    10     3    24     6     0     0   -24.0   58.597  103.461   4842.9    500.3
     1     1    10     3    24     5     0     1   -25.0   59.141  103.044   4841.9    505.8
     1     1    10     3    24     4     0     2   -26.0   59.671  102.561   4811.9    509.7
     1     1    10     3    24     3     0     3   -27.0   60.215  101.956   4763.4    512.6
     1     1    10     3    24     2     0     2   -28.0   60.757  101.272   4713.8    515.8
     1     1    10     3    24     1     0     1   -29.0   61.277  100.561   4696.2    514.0
     1     1    10     3    24     0     0     0   -30.0   61.786   99.766   4680.9    511.6
     1     1    10     3    23    23     0     1   -31.0   62.280   98.895   4637.1    516.0
     1     1    10     3    23    22     0     2   -32.0   62.766   97.981   4578.1    517.3
     1     1    10     3    23    21     0     3   -33.0   63.234   96.945   4488.0    523.0
     1     1    10     3    23    20     0     2   -34.0   63.656   95.775   4377.6    536.7
     1     1    10     3    23    19     0     1   -35.0   64.011   94.491   4280.8    547.9
     1     1    10     3    23    18     0     0   -36.0   64.299   93.114   4178.8    553.2
     1     1    10     3    23    17     0     1   -37.0   64.552   91.742   4057.7    553.9
     1     1    10     3    23    16     0     2   -38.0   64.784   90.409   3901.3    565.7
     1     1    10     3    23    15     0     3   -39.0   64.990   89.094   3796.4    581.9
     1     1    10     3    23    14     0     2   -40.0   65.144   87.803   3760.2    606.9
     1     1    10     3    23    13     0     1   -41.0   65.246   86.529   3708.8    613.3
     1     1    10     3    23    12     0     0   -42.0   65.344   85.232   3657.4    613.3
     1     1    10     3    23    11     0     1   -43.0   65.457   83.908   3612.4    619.0
     1     1    10     3    23    10     0     2   -44.0   65.579   82.561   3586.3    623.8
     1     1    10     3    23     9     0     3   -45.0   65.693   81.177   3557.2    626.3
     1     1    10     3    23     8     0     2   -46.0   65.787   79.792   3513.8    627.1
     1     1    10     3    23     7     0     1   -47.0   65.858   78.433   3485.5    630.8
     1     1    10     3    23     6     0     0   -48.0   65.909   77.113   3468.7    631.0
     1     1    10     3    23     5     0     1   -49.0   65.951   75.805   3464.8    627.8
     1     1    10     3    23     4     0     2   -50.0   65.992   74.488   3471.3    628.1
     1     1    10     3    23     3     0     3   -51.0   66.033   73.198   3487.6    630.2
     1     1    10     3    23     2     0     2   -52.0   66.067   71.925   3509.9    628.4
     1     1    10     3    23     1     0     1   -53.0   66.090   70.648   3526.7    625.8
     1     1    10     3    23     0     0     0   -54.0   66.106   69.365   3532.3    623.8
     1     1    10     3    22    23     0     1   -55.0   66.103   68.105   3550.2    622.1
     1     1    10     3    22    22     0     2   -56.0   66.075   66.886   3586.1    620.2
     1     1    10     3    22    21     0     3   -57.0   66.026   65.710   3617.3    618.8
     1     1    10     3    22    20     0     2   -58.0   65.968   64.543   3627.9    613.0
     1     1    10     3    22    19     0     1   -59.0   65.911   63.305   3637.7    598.5
     1     1    10     3    22    18     0     0   -60.0   65.857   61.960   3717.8    586.3
     1     1    10     3    22    17     0     1   -61.0   65.796   60.571   3774.7    586.3
     1     1    10     3    22    16     0     2   -62.0   65.745   59.175   3822.5    586.8
     1     1    10     3    22    15     0     3   -63.0   65.718   57.740   3950.8    584.1
     1     1    10     3    22    14     0     2   -64.0   65.674   56.234   4051.2    576.3
     1     1    10     3    22    13     0     1   -65.0   65.599   54.688   4084.6    571.9
     1     1    10     3    22    12     0     0   -66.0   65.516   53.112   4146.5    567.8
     1     1    10     3    22    11     0     1   -67.0   65.421   51.566   4198.2    560.3
     1     1    10     3    22    10     0     2   -68.0   65.311   50.066   4223.2    551.4
     1     1    10     3    22     9     0     3   -69.0   65.199   48.616   4279.6    550.1
     1     1    10     3    22     8     0     2   -70.0   65.103   47.212   4344.9    548.8
     1     1    10     3    22     7     0     1   -71.0   65.041   45.849   4397.5    547.4
     1     1    10     3    22     6     0     0   -72.0   65.011   44.555   4461.3    544.6
     1     1    10     3    22     5     0     1   -73.0   64.999   43.262   4540.9    536.0
     1     1    10     3    22     4     0     2   -74.0   65.007   41.928   4589.7    529.4
     1     1    10     3    22     3     0     3   -75.0   65.049   40.602   4637.5    530.7
     1     1    10     3    22     2     0     2   -76.0   65.128   39.269   4705.9    529.0
     1     1    10     3    22     1     0     1   -77.0   65.224   37.889   4765.9    521.4
     1     1    10     3    22     0     0     0   -78.0   65.339   36.504   4827.3    518.3
     1     1    10     3    21    23     0     1   -79.0   65.489   35.152   4887.6    515.1
     1     1    10     3    21    22     0     2   -80.0   65.663   33.797   4943.1    507.2
     1     1    10     3    21    21     0     3   -81.0   65.849   32.404   4994.6    499.2
     1     1    10     3    21    20     0     2   -82.0   66.048   30.991   5058.5    490.0
     1     1    10     3    21    19     0     1   -83.0   66.261   29.568   5107.1    478.9
     1     1    10     3    21    18     0     0   -84.0   66.468   28.151   5185.1    477.2
     1     1    10     3    21    17     0     1   -85.0   66.679   26.777   5262.1    473.9
     1     1    10     3    21    16     0     2   -86.0   66.930   25.421   5330.2    470.0
     1     1    10     3    21    15     0     3   -87.0   67.203   24.087   5347.6    468.0
     1     1    10     3    21    14     0     2   -88.0   67.487   22.764   5367.6    463.5
     1     1    10     3    21    13     0     1   -89.0   67.804   21.389   5436.4    449.8
     1     1    10     3    21    12     0     0   -90.0   68.169   19.929   5485.6    431.2
     1     1    10     3    21    11     0     1   -91.0   68.562   18.396   5579.4    423.2
     1     1    10     3    21    10     0     2   -92.0   68.965   16.959   5740.8    443.3
     1     1    10     3    21     9     0     3   -93.0   69.379   15.597   5822.4    446.2
     1     1    10     3    21     8     0     2   -94.0   69.801   14.243   5864.5    444.2
     1     1    10     3    21     7     0     1   -95.0   70.236   12.900   5904.6    442.7
     1     1    10     3    21     6     0     0   -96.0   70.694   11.559   5945.6    439.7
