     7     1
    GDAS    10     3    22     0     0
    GDAS    10     4     8     0     0
    GDAS    10     4    15     0     0
    GDAS    10     4    22     0     0
    GDAS    10     4    29     0     0
    GDAS    10     4     1     0     0
    GDAS    10     3    29     0     0
     1 BACKWARD OMEGA   
    10     4     3     0   39.977  116.381  6400.0
     1 PRESSURE
     1     1    10     4     3     0     0     0     0.0   39.977  116.381   6159.7    442.6
     1     1    10     4     2    23     0     1    -1.0   40.101  115.370   6009.1    409.5
     1     1    10     4     2    22     0     2    -2.0   40.254  114.384   6009.5    392.3
     1     1    10     4     2    21     0     3    -3.0   40.443  113.419   6053.4    383.3
     1     1    10     4     2    20     0     2    -4.0   40.684  112.454   6036.9    375.2
     1     1    10     4     2    19     0     1    -5.0   40.943  111.502   6048.9    370.2
     1     1    10     4     2    18     0     0    -6.0   41.202  110.553   6144.7    366.8
     1     1    10     4     2    17     0     1    -7.0   41.479  109.613   6176.4    373.9
     1     1    10     4     2    16     0     2    -8.0   41.763  108.714   6084.4    382.8
     1     1    10     4     2    15     0     3    -9.0   42.056  107.826   5997.1    388.8
     1     1    10     4     2    14     0     2   -10.0   42.348  106.920   6039.2    397.2
     1     1    10     4     2    13     0     1   -11.0   42.626  106.024   6097.3    393.1
     1     1    10     4     2    12     0     0   -12.0   42.916  105.138   6097.4    371.8
     1     1    10     4     2    11     0     1   -13.0   43.209  104.227   6183.4    368.1
     1     1    10     4     2    10     0     2   -14.0   43.536  103.326   6286.8    364.3
     1     1    10     4     2     9     0     3   -15.0   43.964  102.456   6518.9    356.5
     1     1    10     4     2     8     0     2   -16.0   44.409  101.541   6773.6    342.1
     1     1    10     4     2     7     0     1   -17.0   44.817  100.615   6761.0    331.7
     1     1    10     4     2     6     0     0   -18.0   45.240   99.733   6681.3    325.1
     1     1    10     4     2     5     0     1   -19.0   45.614   98.822   6642.4    324.5
     1     1    10     4     2     4     0     2   -20.0   45.896   97.871   6638.6    331.6
     1     1    10     4     2     3     0     3   -21.0   46.105   96.930   6496.7    323.9
     1     1    10     4     2     2     0     2   -22.0   46.281   96.011   6458.4    329.0
     1     1    10     4     2     1     0     1   -23.0   46.461   95.120   6526.1    341.5
     1     1    10     4     2     0     0     0   -24.0   46.646   94.266   6492.9    337.5
     1     1    10     4     1    23     0     1   -25.0   46.824   93.451   6472.9    335.5
     1     1    10     4     1    22     0     2   -26.0   47.004   92.666   6386.3    324.3
     1     1    10     4     1    21     0     3   -27.0   47.211   91.905   6317.1    316.7
     1     1    10     4     1    20     0     2   -28.0   47.439   91.144   6314.1    311.3
     1     1    10     4     1    19     0     1   -29.0   47.670   90.357   6404.2    310.1
     1     1    10     4     1    18     0     0   -30.0   47.911   89.562   6432.5    306.6
     1     1    10     4     1    17     0     1   -31.0   48.165   88.791   6527.3    312.0
     1     1    10     4     1    16     0     2   -32.0   48.407   88.042   6628.2    316.5
     1     1    10     4     1    15     0     3   -33.0   48.640   87.300   6731.4    321.2
     1     1    10     4     1    14     0     2   -34.0   48.868   86.558   6790.3    321.0
     1     1    10     4     1    13     0     1   -35.0   49.083   85.824   6857.7    323.1
     1     1    10     4     1    12     0     0   -36.0   49.278   85.132   6956.1    330.9
     1     1    10     4     1    11     0     1   -37.0   49.455   84.472   7086.0    342.0
     1     1    10     4     1    10     0     2   -38.0   49.623   83.825   7193.3    349.3
     1     1    10     4     1     9     0     3   -39.0   49.794   83.211   7287.0    352.6
     1     1    10     4     1     8     0     2   -40.0   49.968   82.620   7414.9    357.2
     1     1    10     4     1     7     0     1   -41.0   50.150   82.021   7514.4    361.8
     1     1    10     4     1     6     0     0   -42.0   50.356   81.413   7522.3    361.7
     1     1    10     4     1     5     0     1   -43.0   50.578   80.806   7532.9    364.4
     1     1    10     4     1     4     0     2   -44.0   50.796   80.208   7560.7    365.1
     1     1    10     4     1     3     0     3   -45.0   51.016   79.615   7606.9    364.4
     1     1    10     4     1     2     0     2   -46.0   51.244   79.006   7652.8    363.8
     1     1    10     4     1     1     0     1   -47.0   51.477   78.372   7672.6    363.4
     1     1    10     4     1     0     0     0   -48.0   51.708   77.731   7685.0    363.8
     1     1    10     3    31    23     0     1   -49.0   51.940   77.045   7712.2    365.0
     1     1    10     3    31    22     0     2   -50.0   52.170   76.272   7748.8    363.0
     1     1    10     3    31    21     0     3   -51.0   52.395   75.424   7788.1    360.4
     1     1    10     3    31    20     0     2   -52.0   52.602   74.534   7814.8    358.8
     1     1    10     3    31    19     0     1   -53.0   52.782   73.625   7813.8    359.7
     1     1    10     3    31    18     0     0   -54.0   52.942   72.702   7790.6    360.4
     1     1    10     3    31    17     0     1   -55.0   53.080   71.770   7760.7    359.9
     1     1    10     3    31    16     0     2   -56.0   53.185   70.857   7749.3    357.4
     1     1    10     3    31    15     0     3   -57.0   53.266   69.970   7748.3    355.0
     1     1    10     3    31    14     0     2   -58.0   53.321   69.115   7760.1    355.2
     1     1    10     3    31    13     0     1   -59.0   53.350   68.298   7758.6    356.4
     1     1    10     3    31    12     0     0   -60.0   53.361   67.508   7741.2    359.6
     1     1    10     3    31    11     0     1   -61.0   53.342   66.749   7715.2    362.8
     1     1    10     3    31    10     0     2   -62.0   53.281   66.027   7672.2    365.3
     1     1    10     3    31     9     0     3   -63.0   53.174   65.343   7629.3    368.9
     1     1    10     3    31     8     0     2   -64.0   53.026   64.717   7600.5    371.6
     1     1    10     3    31     7     0     1   -65.0   52.848   64.181   7600.7    371.6
     1     1    10     3    31     6     0     0   -66.0   52.648   63.740   7629.8    369.6
     1     1    10     3    31     5     0     1   -67.0   52.432   63.388   7663.8    365.9
     1     1    10     3    31     4     0     2   -68.0   52.205   63.123   7683.8    363.6
     1     1    10     3    31     3     0     3   -69.0   51.977   62.934   7689.3    362.2
     1     1    10     3    31     2     0     2   -70.0   51.751   62.810   7685.2    362.6
     1     1    10     3    31     1     0     1   -71.0   51.518   62.738   7666.2    363.6
     1     1    10     3    31     0     0     0   -72.0   51.270   62.699   7628.5    365.5
     1     1    10     3    30    23     0     1   -73.0   50.996   62.694   7579.3    368.7
     1     1    10     3    30    22     0     2   -74.0   50.701   62.735   7545.0    372.6
     1     1    10     3    30    21     0     3   -75.0   50.383   62.825   7527.9    375.1
     1     1    10     3    30    20     0     2   -76.0   50.039   62.975   7530.6    377.1
     1     1    10     3    30    19     0     1   -77.0   49.699   63.189   7543.4    377.2
     1     1    10     3    30    18     0     0   -78.0   49.379   63.460   7564.3    376.7
     1     1    10     3    30    17     0     1   -79.0   49.054   63.779   7595.1    375.7
     1     1    10     3    30    16     0     2   -80.0   48.732   64.112   7636.7    373.2
     1     1    10     3    30    15     0     3   -81.0   48.448   64.440   7690.8    369.5
     1     1    10     3    30    14     0     2   -82.0   48.204   64.785   7740.2    365.3
     1     1    10     3    30    13     0     1   -83.0   47.975   65.172   7748.0    362.7
     1     1    10     3    30    12     0     0   -84.0   47.772   65.565   7715.8    360.4
     1     1    10     3    30    11     0     1   -85.0   47.587   65.949   7695.0    359.4
     1     1    10     3    30    10     0     2   -86.0   47.411   66.337   7720.7    357.1
     1     1    10     3    30     9     0     3   -87.0   47.249   66.742   7770.3    353.9
     1     1    10     3    30     8     0     2   -88.0   47.101   67.172   7834.9    350.6
     1     1    10     3    30     7     0     1   -89.0   46.972   67.600   7907.9    348.4
     1     1    10     3    30     6     0     0   -90.0   46.864   68.005   7971.3    345.6
     1     1    10     3    30     5     0     1   -91.0   46.785   68.391   8013.1    343.4
     1     1    10     3    30     4     0     2   -92.0   46.743   68.776   8034.2    342.4
     1     1    10     3    30     3     0     3   -93.0   46.740   69.173   8030.1    341.7
     1     1    10     3    30     2     0     2   -94.0   46.780   69.564   8019.3    341.1
     1     1    10     3    30     1     0     1   -95.0   46.860   69.934   8026.5    338.6
     1     1    10     3    30     0     0     0   -96.0   46.983   70.292   8046.1    335.2
