     7     1
    GDAS    10     3    22     0     0
    GDAS    10     4     8     0     0
    GDAS    10     4    15     0     0
    GDAS    10     4    22     0     0
    GDAS    10     4    29     0     0
    GDAS    10     4     1     0     0
    GDAS    10     3    29     0     0
     1 BACKWARD OMEGA   
    10     4    16    18   39.977  116.381  6600.0
     1 PRESSURE
     1     1    10     4    16    18     0     0     0.0   39.977  116.381   6358.1    433.1
     1     1    10     4    16    17     0     1    -1.0   40.490  115.337   6075.0    400.1
     1     1    10     4    16    16     0     2    -2.0   41.144  114.286   6191.0    375.6
     1     1    10     4    16    15     0     3    -3.0   41.912  113.220   6287.1    367.3
     1     1    10     4    16    14     0     2    -4.0   42.696  112.145   6463.7    372.5
     1     1    10     4    16    13     0     1    -5.0   43.411  111.116   6619.4    370.3
     1     1    10     4    16    12     0     0    -6.0   44.175  110.110   6758.3    368.4
     1     1    10     4    16    11     0     1    -7.0   44.937  109.119   6778.9    359.4
     1     1    10     4    16    10     0     2    -8.0   45.636  108.058   6832.7    348.4
     1     1    10     4    16     9     0     3    -9.0   46.401  106.806   6893.1    335.1
     1     1    10     4    16     8     0     2   -10.0   47.195  105.356   7032.6    330.0
     1     1    10     4    16     7     0     1   -11.0   47.874  103.975   7119.3    333.5
     1     1    10     4    16     6     0     0   -12.0   48.562  102.542   7102.2    322.2
     1     1    10     4    16     5     0     1   -13.0   49.138  100.990   7120.3    315.8
     1     1    10     4    16     4     0     2   -14.0   49.644   99.400   7073.9    301.7
     1     1    10     4    16     3     0     3   -15.0   50.139   97.739   7031.6    294.7
     1     1    10     4    16     2     0     2   -16.0   50.461   95.989   7330.0    303.5
     1     1    10     4    16     1     0     1   -17.0   50.703   94.187   7504.5    310.0
     1     1    10     4    16     0     0     0   -18.0   50.883   92.211   7418.2    297.4
     1     1    10     4    15    23     0     1   -19.0   50.869   90.266   7320.9    298.2
     1     1    10     4    15    22     0     2   -20.0   50.759   88.444   7279.5    285.7
     1     1    10     4    15    21     0     3   -21.0   50.457   86.450   7299.9    295.0
     1     1    10     4    15    20     0     2   -22.0   49.965   84.429   7430.9    315.4
     1     1    10     4    15    19     0     1   -23.0   49.405   82.484   7542.2    342.4
     1     1    10     4    15    18     0     0   -24.0   48.697   80.655   7368.7    351.8
     1     1    10     4    15    17     0     1   -25.0   48.036   78.905   7213.2    359.6
     1     1    10     4    15    16     0     2   -26.0   47.438   77.225   7229.4    364.9
     1     1    10     4    15    15     0     3   -27.0   46.790   75.508   7266.4    372.8
     1     1    10     4    15    14     0     2   -28.0   46.137   73.813   7137.2    382.4
     1     1    10     4    15    13     0     1   -29.0   45.529   72.153   7086.6    384.9
     1     1    10     4    15    12     0     0   -30.0   44.892   70.463   7104.2    391.9
     1     1    10     4    15    11     0     1   -31.0   44.287   68.822   6921.8    392.8
     1     1    10     4    15    10     0     2   -32.0   43.733   67.211   6882.1    405.7
     1     1    10     4    15     9     0     3   -33.0   43.232   65.630   6849.2    410.8
     1     1    10     4    15     8     0     2   -34.0   42.822   64.032   6827.1    410.1
     1     1    10     4    15     7     0     1   -35.0   42.484   62.439   6981.9    407.5
     1     1    10     4    15     6     0     0   -36.0   42.206   60.851   7116.9    401.4
     1     1    10     4    15     5     0     1   -37.0   42.010   59.265   7227.1    396.4
     1     1    10     4    15     4     0     2   -38.0   41.864   57.713   7412.9    386.4
     1     1    10     4    15     3     0     3   -39.0   41.778   56.232   7489.0    377.5
     1     1    10     4    15     2     0     2   -40.0   41.789   54.789   7568.3    372.6
     1     1    10     4    15     1     0     1   -41.0   41.829   53.394   7879.0    359.1
     1     1    10     4    15     0     0     0   -42.0   41.915   52.022   8118.3    347.7
     1     1    10     4    14    23     0     1   -43.0   42.060   50.616   8214.8    344.3
     1     1    10     4    14    22     0     2   -44.0   42.178   49.311   8160.5    350.9
     1     1    10     4    14    21     0     3   -45.0   42.397   48.063   8003.8    336.8
     1     1    10     4    14    20     0     2   -46.0   42.728   46.667   7937.6    304.3
     1     1    10     4    14    19     0     1   -47.0   43.090   45.183   7982.3    301.6
     1     1    10     4    14    18     0     0   -48.0   43.479   43.704   7791.6    303.2
     1     1    10     4    14    17     0     1   -49.0   43.874   42.151   7932.8    302.2
     1     1    10     4    14    16     0     2   -50.0   44.219   40.601   8049.1    299.5
     1     1    10     4    14    15     0     3   -51.0   44.565   39.099   8470.0    320.8
     1     1    10     4    14    14     0     2   -52.0   44.911   37.680   8620.6    316.9
     1     1    10     4    14    13     0     1   -53.0   45.247   36.377   8761.8    312.8
     1     1    10     4    14    12     0     0   -54.0   45.568   35.168   8863.4    305.3
     1     1    10     4    14    11     0     1   -55.0   45.886   34.030   8993.5    300.2
     1     1    10     4    14    10     0     2   -56.0   46.231   32.956   9101.7    296.1
     1     1    10     4    14     9     0     3   -57.0   46.594   31.935   9192.4    291.8
     1     1    10     4    14     8     0     2   -58.0   46.944   30.953   9275.5    286.9
     1     1    10     4    14     7     0     1   -59.0   47.266   30.037   9336.9    281.8
     1     1    10     4    14     6     0     0   -60.0   47.569   29.200   9379.4    277.3
     1     1    10     4    14     5     0     1   -61.0   47.841   28.426   9437.4    274.4
     1     1    10     4    14     4     0     2   -62.0   48.079   27.689   9503.9    271.5
     1     1    10     4    14     3     0     3   -63.0   48.292   26.959   9526.9    268.1
     1     1    10     4    14     2     0     2   -64.0   48.459   26.227   9499.1    265.8
     1     1    10     4    14     1     0     1   -65.0   48.563   25.493   9421.5    263.8
     1     1    10     4    14     0     0     0   -66.0   48.614   24.740   9346.9    261.8
     1     1    10     4    13    23     0     1   -67.0   48.609   23.953   9301.6    260.5
     1     1    10     4    13    22     0     2   -68.0   48.561   23.113   9366.1    264.4
     1     1    10     4    13    21     0     3   -69.0   48.456   22.189   9433.8    269.9
     1     1    10     4    13    20     0     2   -70.0   48.292   21.258   9404.8    272.2
     1     1    10     4    13    19     0     1   -71.0   48.097   20.401   9364.3    274.7
     1     1    10     4    13    18     0     0   -72.0   47.861   19.623   9387.3    275.2
     1     1    10     4    13    17     0     1   -73.0   47.587   18.929   9378.6    275.8
     1     1    10     4    13    16     0     2   -74.0   47.281   18.313   9336.0    277.8
     1     1    10     4    13    15     0     3   -75.0   46.929   17.790   9223.2    282.5
     1     1    10     4    13    14     0     2   -76.0   46.547   17.303   9122.2    290.5
     1     1    10     4    13    13     0     1   -77.0   46.146   16.776   9064.5    291.2
     1     1    10     4    13    12     0     0   -78.0   45.700   16.184   8929.8    291.7
     1     1    10     4    13    11     0     1   -79.0   45.218   15.491   8728.9    293.7
     1     1    10     4    13    10     0     2   -80.0   44.693   14.684   8661.5    304.7
     1     1    10     4    13     9     0     3   -81.0   44.083   13.853   8570.7    320.5
     1     1    10     4    13     8     0     2   -82.0   43.457   12.894   8360.8    313.6
     1     1    10     4    13     7     0     1   -83.0   42.858   11.730   8343.9    317.4
     1     1    10     4    13     6     0     0   -84.0   42.302   10.562   8273.7    332.7
     1     1    10     4    13     5     0     1   -85.0   41.860    9.372   7971.5    334.7
     1     1    10     4    13     4     0     2   -86.0   41.545    8.139   7837.2    356.2
     1     1    10     4    13     3     0     3   -87.0   41.324    6.811   7823.8    360.2
     1     1    10     4    13     2     0     2   -88.0   41.211    5.382   7918.4    354.0
     1     1    10     4    13     1     0     1   -89.0   41.169    3.933   8038.8    348.2
     1     1    10     4    13     0     0     0   -90.0   41.141    2.495   8200.3    336.6
     1     1    10     4    12    23     0     1   -91.0   41.141    1.106   8271.7    324.0
     1     1    10     4    12    22     0     2   -92.0   41.125   -0.209   8199.7    314.5
     1     1    10     4    12    21     0     3   -93.0   41.086   -1.473   8054.5    301.8
     1     1    10     4    12    20     0     2   -94.0   41.055   -2.570   7920.3    303.1
     1     1    10     4    12    19     0     1   -95.0   41.042   -3.517   7836.3    306.2
     1     1    10     4    12    18     0     0   -96.0   41.027   -4.361   7769.3    313.3
