     5     1
    GDAS    10     3     1     0     0
    GDAS    10     3     8     0     0
    GDAS    10     3    15     0     0
    GDAS    10     3    22     0     0
    GDAS    10     3    29     0     0
     1 BACKWARD OMEGA   
    10     3    27     0   39.977  116.381  7600.0
     1 PRESSURE
     1     1    10     3    27     0     0     0     0.0   39.977  116.381   7361.6    368.3
     1     1    10     3    26    23     0     1    -1.0   40.036  115.587   7082.5    356.7
     1     1    10     3    26    22     0     2    -2.0   40.135  114.735   6903.6    339.0
     1     1    10     3    26    21     0     3    -3.0   40.222  113.879   6839.1    342.8
     1     1    10     3    26    20     0     2    -4.0   40.318  113.039   6769.4    340.7
     1     1    10     3    26    19     0     1    -5.0   40.455  112.165   6767.1    334.1
     1     1    10     3    26    18     0     0    -6.0   40.614  111.273   6773.3    335.6
     1     1    10     3    26    17     0     1    -7.0   40.774  110.363   6747.3    334.5
     1     1    10     3    26    16     0     2    -8.0   40.933  109.438   6761.6    343.5
     1     1    10     3    26    15     0     3    -9.0   41.094  108.500   6812.8    353.6
     1     1    10     3    26    14     0     2   -10.0   41.226  107.545   6754.2    352.2
     1     1    10     3    26    13     0     1   -11.0   41.336  106.607   6598.3    355.5
     1     1    10     3    26    12     0     0   -12.0   41.416  105.677   6528.4    365.0
     1     1    10     3    26    11     0     1   -13.0   41.502  104.737   6515.8    368.0
     1     1    10     3    26    10     0     2   -14.0   41.639  103.796   6478.2    367.6
     1     1    10     3    26     9     0     3   -15.0   41.856  102.860   6531.6    366.7
     1     1    10     3    26     8     0     2   -16.0   42.139  101.938   6639.4    366.1
     1     1    10     3    26     7     0     1   -17.0   42.454  101.010   6655.3    354.3
     1     1    10     3    26     6     0     0   -18.0   42.823  100.079   6751.5    347.9
     1     1    10     3    26     5     0     1   -19.0   43.188   99.168   6791.7    342.5
     1     1    10     3    26     4     0     2   -20.0   43.504   98.290   6807.1    342.6
     1     1    10     3    26     3     0     3   -21.0   43.808   97.441   6810.4    347.0
     1     1    10     3    26     2     0     2   -22.0   44.113   96.601   6858.7    346.8
     1     1    10     3    26     1     0     1   -23.0   44.471   95.794   6890.9    339.3
     1     1    10     3    26     0     0     0   -24.0   44.855   94.977   6779.4    327.1
     1     1    10     3    25    23     0     1   -25.0   45.242   94.156   6722.8    328.2
     1     1    10     3    25    22     0     2   -26.0   45.681   93.347   6706.9    317.3
     1     1    10     3    25    21     0     3   -27.0   46.151   92.519   6818.2    313.6
     1     1    10     3    25    20     0     2   -28.0   46.618   91.648   6813.2    300.1
     1     1    10     3    25    19     0     1   -29.0   47.101   90.717   6779.2    287.1
     1     1    10     3    25    18     0     0   -30.0   47.584   89.750   6882.8    296.5
     1     1    10     3    25    17     0     1   -31.0   48.053   88.775   6915.4    291.5
     1     1    10     3    25    16     0     2   -32.0   48.521   87.806   7022.1    294.5
     1     1    10     3    25    15     0     3   -33.0   48.973   86.754   7080.3    291.5
     1     1    10     3    25    14     0     2   -34.0   49.415   85.563   7285.1    300.7
     1     1    10     3    25    13     0     1   -35.0   49.796   84.382   7462.4    314.4
     1     1    10     3    25    12     0     0   -36.0   50.110   83.217   7578.9    330.6
     1     1    10     3    25    11     0     1   -37.0   50.397   82.033   7723.5    343.7
     1     1    10     3    25    10     0     2   -38.0   50.643   80.795   7759.5    345.4
     1     1    10     3    25     9     0     3   -39.0   50.862   79.506   7801.8    346.6
     1     1    10     3    25     8     0     2   -40.0   51.118   78.166   7901.6    343.1
     1     1    10     3    25     7     0     1   -41.0   51.363   76.726   7969.7    338.7
     1     1    10     3    25     6     0     0   -42.0   51.596   75.191   7981.1    335.0
     1     1    10     3    25     5     0     1   -43.0   51.860   73.552   8017.0    330.7
     1     1    10     3    25     4     0     2   -44.0   52.106   71.800   8088.9    323.6
     1     1    10     3    25     3     0     3   -45.0   52.345   69.862   8093.7    320.0
     1     1    10     3    25     2     0     2   -46.0   52.560   67.772   8040.7    324.0
     1     1    10     3    25     1     0     1   -47.0   52.731   65.614   8077.3    327.5
     1     1    10     3    25     0     0     0   -48.0   52.882   63.293   8195.6    321.4
     1     1    10     3    24    23     0     1   -49.0   52.992   60.800   8213.3    314.4
     1     1    10     3    24    22     0     2   -50.0   53.000   58.307   8053.4    311.2
     1     1    10     3    24    21     0     3   -51.0   52.906   55.749   8209.0    317.1
     1     1    10     3    24    20     0     2   -52.0   52.713   53.293   8165.0    324.6
     1     1    10     3    24    19     0     1   -53.0   52.503   50.949   8115.3    329.7
     1     1    10     3    24    18     0     0   -54.0   52.258   48.693   8021.6    337.5
     1     1    10     3    24    17     0     1   -55.0   51.912   46.567   7798.9    347.9
     1     1    10     3    24    16     0     2   -56.0   51.548   44.595   7594.2    354.3
     1     1    10     3    24    15     0     3   -57.0   51.177   42.662   7487.2    363.9
     1     1    10     3    24    14     0     2   -58.0   50.725   40.802   7205.5    380.7
     1     1    10     3    24    13     0     1   -59.0   50.349   39.059   6918.9    398.1
     1     1    10     3    24    12     0     0   -60.0   50.073   37.336   6654.8    414.4
     1     1    10     3    24    11     0     1   -61.0   49.829   35.597   6409.5    430.2
     1     1    10     3    24    10     0     2   -62.0   49.715   33.901   6244.5    443.0
     1     1    10     3    24     9     0     3   -63.0   49.750   32.191   6064.5    455.4
     1     1    10     3    24     8     0     2   -64.0   49.888   30.448   5870.2    466.3
     1     1    10     3    24     7     0     1   -65.0   50.144   28.786   5710.0    472.6
     1     1    10     3    24     6     0     0   -66.0   50.488   27.168   5699.3    474.1
     1     1    10     3    24     5     0     1   -67.0   50.917   25.535   5769.3    470.5
     1     1    10     3    24     4     0     2   -68.0   51.422   23.974   5874.1    465.7
     1     1    10     3    24     3     0     3   -69.0   51.986   22.410   5999.6    459.0
     1     1    10     3    24     2     0     2   -70.0   52.625   20.850   6105.4    452.2
     1     1    10     3    24     1     0     1   -71.0   53.290   19.277   6098.5    455.2
     1     1    10     3    24     0     0     0   -72.0   53.951   17.680   6105.1    451.4
     1     1    10     3    23    23     0     1   -73.0   54.620   16.030   6367.4    439.6
     1     1    10     3    23    22     0     2   -74.0   55.277   14.376   6452.5    435.0
     1     1    10     3    23    21     0     3   -75.0   55.895   12.829   6371.5    440.4
     1     1    10     3    23    20     0     2   -76.0   56.502   11.277   6508.7    432.0
     1     1    10     3    23    19     0     1   -77.0   57.029    9.581   6782.2    413.7
     1     1    10     3    23    18     0     0   -78.0   57.446    7.751   6921.2    403.9
     1     1    10     3    23    17     0     1   -79.0   57.783    6.074   6885.4    409.5
     1     1    10     3    23    16     0     2   -80.0   57.971    4.398   7047.6    397.6
     1     1    10     3    23    15     0     3   -81.0   58.024    2.727   7102.7    394.9
     1     1    10     3    23    14     0     2   -82.0   58.023    1.099   7109.7    394.2
     1     1    10     3    23    13     0     1   -83.0   57.940   -0.385   7043.7    398.7
     1     1    10     3    23    12     0     0   -84.0   57.750   -1.765   7019.4    399.1
     1     1    10     3    23    11     0     1   -85.0   57.470   -3.228   6969.0    385.7
     1     1    10     3    23    10     0     2   -86.0   57.079   -4.660   6670.4    393.3
     1     1    10     3    23     9     0     3   -87.0   56.569   -5.998   6528.2    425.2
     1     1    10     3    23     8     0     2   -88.0   55.953   -7.323   6512.6    427.1
     1     1    10     3    23     7     0     1   -89.0   55.253   -8.581   6430.1    429.8
     1     1    10     3    23     6     0     0   -90.0   54.470   -9.798   6330.0    438.1
     1     1    10     3    23     5     0     1   -91.0   53.670  -11.017   6381.2    437.0
     1     1    10     3    23     4     0     2   -92.0   52.902  -12.238   6459.7    430.9
     1     1    10     3    23     3     0     3   -93.0   52.123  -13.463   6497.0    428.2
     1     1    10     3    23     2     0     2   -94.0   51.332  -14.726   6499.2    428.5
     1     1    10     3    23     1     0     1   -95.0   50.569  -15.998   6449.6    432.6
     1     1    10     3    23     0     0     0   -96.0   49.806  -17.236   6357.2    439.0
