     5     1
    GDAS    10     3     1     0     0
    GDAS    10     3     8     0     0
    GDAS    10     3    15     0     0
    GDAS    10     3    22     0     0
    GDAS    10     3    29     0     0
     1 BACKWARD OMEGA   
    10     3    18     6   39.977  116.381  7000.0
     1 PRESSURE
     1     1    10     3    18     6     0     0     0.0   39.977  116.381   6756.8    408.4
     1     1    10     3    18     5     0     1    -1.0   41.301  115.516   6788.3    346.8
     1     1    10     3    18     4     0     2    -2.0   42.694  114.444   7044.7    338.7
     1     1    10     3    18     3     0     3    -3.0   44.147  113.241   7254.9    334.9
     1     1    10     3    18     2     0     2    -4.0   45.639  111.933   7381.4    329.0
     1     1    10     3    18     1     0     1    -5.0   47.012  110.418   7423.1    318.7
     1     1    10     3    18     0     0     0    -6.0   48.398  108.528   7318.3    304.0
     1     1    10     3    17    23     0     1    -7.0   49.772  106.345   7711.9    318.5
     1     1    10     3    17    22     0     2    -8.0   50.941  103.901   7527.0    294.3
     1     1    10     3    17    21     0     3    -9.0   51.852  100.996   7300.7    281.8
     1     1    10     3    17    20     0     2   -10.0   52.459   97.800   7257.3    301.9
     1     1    10     3    17    19     0     1   -11.0   52.824   94.566   7390.7    319.0
     1     1    10     3    17    18     0     0   -12.0   52.818   91.290   7361.2    341.6
     1     1    10     3    17    17     0     1   -13.0   52.510   88.112   7070.8    354.5
     1     1    10     3    17    16     0     2   -14.0   52.033   85.114   6899.5    386.3
     1     1    10     3    17    15     0     3   -15.0   51.460   82.207   6664.8    401.5
     1     1    10     3    17    14     0     2   -16.0   50.750   79.348   6596.2    412.9
     1     1    10     3    17    13     0     1   -17.0   49.886   76.663   6291.5    408.3
     1     1    10     3    17    12     0     0   -18.0   49.003   73.756   6400.8    394.5
     1     1    10     3    17    11     0     1   -19.0   47.955   70.996   6720.2    391.2
     1     1    10     3    17    10     0     2   -20.0   46.884   68.490   6829.6    398.3
     1     1    10     3    17     9     0     3   -21.0   45.866   66.161   6857.7    407.8
     1     1    10     3    17     8     0     2   -22.0   44.911   63.954   6804.3    415.0
     1     1    10     3    17     7     0     1   -23.0   44.024   61.781   6779.7    419.0
     1     1    10     3    17     6     0     0   -24.0   43.156   59.686   6740.6    422.4
     1     1    10     3    17     5     0     1   -25.0   42.330   57.705   6756.9    421.4
     1     1    10     3    17     4     0     2   -26.0   41.589   55.742   6850.5    410.8
     1     1    10     3    17     3     0     3   -27.0   40.923   53.754   6891.4    415.9
     1     1    10     3    17     2     0     2   -28.0   40.309   51.771   6753.0    426.0
     1     1    10     3    17     1     0     1   -29.0   39.716   49.815   6571.0    436.4
     1     1    10     3    17     0     0     0   -30.0   39.150   47.877   6187.4    420.0
     1     1    10     3    16    23     0     1   -31.0   38.557   45.771   5969.0    380.3
     1     1    10     3    16    22     0     2   -32.0   37.999   43.563   5795.5    345.7
     1     1    10     3    16    21     0     3   -33.0   37.494   41.509   6088.4    423.1
     1     1    10     3    16    20     0     2   -34.0   37.063   39.735   6096.6    434.5
     1     1    10     3    16    19     0     1   -35.0   36.713   38.030   6061.0    441.0
     1     1    10     3    16    18     0     0   -36.0   36.420   36.339   6136.3    444.0
     1     1    10     3    16    17     0     1   -37.0   36.205   34.779   6261.6    447.2
     1     1    10     3    16    16     0     2   -38.0   35.991   33.210   6317.0    441.9
     1     1    10     3    16    15     0     3   -39.0   35.818   31.697   6426.9    445.7
     1     1    10     3    16    14     0     2   -40.0   35.702   30.232   6597.6    432.8
     1     1    10     3    16    13     0     1   -41.0   35.591   28.748   6753.6    425.7
     1     1    10     3    16    12     0     0   -42.0   35.472   27.258   6894.5    416.7
     1     1    10     3    16    11     0     1   -43.0   35.377   25.772   7022.7    407.0
     1     1    10     3    16    10     0     2   -44.0   35.294   24.288   7153.8    397.4
     1     1    10     3    16     9     0     3   -45.0   35.198   22.836   7269.9    396.0
     1     1    10     3    16     8     0     2   -46.0   35.105   21.407   7323.0    392.7
     1     1    10     3    16     7     0     1   -47.0   35.025   19.995   7371.7    390.1
     1     1    10     3    16     6     0     0   -48.0   34.944   18.598   7400.2    387.8
     1     1    10     3    16     5     0     1   -49.0   34.879   17.223   7413.9    387.6
     1     1    10     3    16     4     0     2   -50.0   34.860   15.882   7416.9    387.2
     1     1    10     3    16     3     0     3   -51.0   34.872   14.591   7401.0    388.4
     1     1    10     3    16     2     0     2   -52.0   34.906   13.352   7397.0    389.2
     1     1    10     3    16     1     0     1   -53.0   34.980   12.129   7440.1    387.0
     1     1    10     3    16     0     0     0   -54.0   35.083   10.887   7473.6    381.3
     1     1    10     3    15    23     0     1   -55.0   35.181    9.616   7400.3    370.7
     1     1    10     3    15    22     0     2   -56.0   35.296    8.256   7296.5    350.4
     1     1    10     3    15    21     0     3   -57.0   35.469    6.914   7435.7    343.3
     1     1    10     3    15    20     0     2   -58.0   35.709    5.631   7603.4    336.4
     1     1    10     3    15    19     0     1   -59.0   36.014    4.374   7804.0    327.3
     1     1    10     3    15    18     0     0   -60.0   36.389    3.175   8129.4    326.1
     1     1    10     3    15    17     0     1   -61.0   36.821    2.125   8411.9    331.1
     1     1    10     3    15    16     0     2   -62.0   37.301    1.190   8600.0    329.7
     1     1    10     3    15    15     0     3   -63.0   37.788    0.314   8711.7    322.8
     1     1    10     3    15    14     0     2   -64.0   38.308   -0.501   8782.0    312.1
     1     1    10     3    15    13     0     1   -65.0   38.870   -1.297   8716.9    292.2
     1     1    10     3    15    12     0     0   -66.0   39.454   -2.084   8740.3    279.1
     1     1    10     3    15    11     0     1   -67.0   40.100   -2.808   8887.0    275.6
     1     1    10     3    15    10     0     2   -68.0   40.817   -3.466   8980.6    265.4
     1     1    10     3    15     9     0     3   -69.0   41.545   -4.085   9166.8    259.1
     1     1    10     3    15     8     0     2   -70.0   42.286   -4.679   9307.5    255.6
     1     1    10     3    15     7     0     1   -71.0   43.066   -5.269   9271.3    246.9
     1     1    10     3    15     6     0     0   -72.0   43.838   -5.825   9740.3    268.4
     1     1    10     3    15     5     0     1   -73.0   44.600   -6.317   9853.3    270.9
     1     1    10     3    15     4     0     2   -74.0   45.385   -6.797   9881.9    269.2
     1     1    10     3    15     3     0     3   -75.0   46.203   -7.303   9933.4    267.0
     1     1    10     3    15     2     0     2   -76.0   47.046   -7.858  10019.6    262.6
     1     1    10     3    15     1     0     1   -77.0   47.896   -8.510  10102.0    259.3
     1     1    10     3    15     0     0     0   -78.0   48.740   -9.274  10121.1    258.8
     1     1    10     3    14    23     0     1   -79.0   49.540  -10.132  10124.8    258.9
     1     1    10     3    14    22     0     2   -80.0   50.258  -11.111  10154.4    257.8
     1     1    10     3    14    21     0     3   -81.0   50.898  -12.258  10235.3    254.5
