     7     1
    GDAS    10     3    22     0     0
    GDAS    10     4     8     0     0
    GDAS    10     4    15     0     0
    GDAS    10     4    22     0     0
    GDAS    10     4    29     0     0
    GDAS    10     4     1     0     0
    GDAS    10     3    29     0     0
     1 BACKWARD OMEGA   
    10     4    12     0   39.977  116.381  6600.0
     1 PRESSURE
     1     1    10     4    12     0     0     0     0.0   39.977  116.381   6358.6    428.4
     1     1    10     4    11    23     0     1    -1.0   39.381  114.574   5847.8    423.5
     1     1    10     4    11    22     0     2    -2.0   38.868  112.766   5400.5    420.4
     1     1    10     4    11    21     0     3    -3.0   38.424  111.078   5067.1    449.7
     1     1    10     4    11    20     0     2    -4.0   38.032  109.615   4698.6    484.7
     1     1    10     4    11    19     0     1    -5.0   37.688  108.392   4294.3    493.5
     1     1    10     4    11    18     0     0    -6.0   37.349  107.271   3805.2    518.0
     1     1    10     4    11    17     0     1    -7.0   36.981  106.356   3321.2    546.9
     1     1    10     4    11    16     0     2    -8.0   36.654  105.620   2893.0    570.6
     1     1    10     4    11    15     0     3    -9.0   36.361  104.945   2620.1    580.4
     1     1    10     4    11    14     0     2   -10.0   36.093  104.321   2523.6    587.7
     1     1    10     4    11    13     0     1   -11.0   35.960  103.676   2526.6    574.5
     1     1    10     4    11    12     0     0   -12.0   35.961  103.017   2283.5    565.3
     1     1    10     4    11    11     0     1   -13.0   36.021  102.493   1748.0    603.9
     1     1    10     4    11    10     0     2   -14.0   36.149  101.758   1635.4    591.8
     1     1    10     4    11     9     0     3   -15.0   36.319  100.803   1765.5    549.4
     1     1    10     4    11     8     0     2   -16.0   36.499   99.777   2123.9    505.6
     1     1    10     4    11     7     0     1   -17.0   36.684   98.683   2569.5    460.1
     1     1    10     4    11     6     0     0   -18.0   36.881   97.656   2575.7    490.7
     1     1    10     4    11     5     0     1   -19.0   37.091   96.726   2614.9    504.6
     1     1    10     4    11     4     0     2   -20.0   37.385   95.693   2792.3    468.8
     1     1    10     4    11     3     0     3   -21.0   37.761   94.535   2809.3    485.5
     1     1    10     4    11     2     0     2   -22.0   38.096   93.384   2816.4    500.4
     1     1    10     4    11     1     0     1   -23.0   38.395   92.186   2787.8    505.5
     1     1    10     4    11     0     0     0   -24.0   38.658   90.950   2623.4    485.9
     1     1    10     4    10    23     0     1   -25.0   38.842   89.783   2498.2    531.1
     1     1    10     4    10    22     0     2   -26.0   38.913   88.809   2613.8    580.1
     1     1    10     4    10    21     0     3   -27.0   38.902   87.992   2686.2    620.5
     1     1    10     4    10    20     0     2   -28.0   38.840   87.307   2478.5    636.2
     1     1    10     4    10    19     0     1   -29.0   38.755   86.774   2198.6    657.8
     1     1    10     4    10    18     0     0   -30.0   38.657   86.366   2054.1    675.5
     1     1    10     4    10    17     0     1   -31.0   38.570   85.986   2085.2    676.1
     1     1    10     4    10    16     0     2   -32.0   38.521   85.573   2104.1    666.8
     1     1    10     4    10    15     0     3   -33.0   38.506   85.166   1975.7    682.4
     1     1    10     4    10    14     0     2   -34.0   38.502   84.813   1794.2    707.7
     1     1    10     4    10    13     0     1   -35.0   38.493   84.497   1657.0    720.7
     1     1    10     4    10    12     0     0   -36.0   38.486   84.203   1583.1    725.4
     1     1    10     4    10    11     0     1   -37.0   38.485   83.922   1512.4    726.5
     1     1    10     4    10    10     0     2   -38.0   38.495   83.699   1388.3    738.7
     1     1    10     4    10     9     0     3   -39.0   38.511   83.528   1230.4    755.2
     1     1    10     4    10     8     0     2   -40.0   38.525   83.372   1085.2    771.7
     1     1    10     4    10     7     0     1   -41.0   38.522   83.205    973.4    782.0
     1     1    10     4    10     6     0     0   -42.0   38.493   83.031    886.1    790.1
     1     1    10     4    10     5     0     1   -43.0   38.455   82.863    817.2    796.2
     1     1    10     4    10     4     0     2   -44.0   38.426   82.717    761.5    800.9
     1     1    10     4    10     3     0     3   -45.0   38.404   82.594    715.2    805.0
     1     1    10     4    10     2     0     2   -46.0   38.396   82.488    674.2    808.7
     1     1    10     4    10     1     0     1   -47.0   38.404   82.392    637.6    812.6
     1     1    10     4    10     0     0     0   -48.0   38.427   82.307    607.4    816.0
     1     1    10     4     9    23     0     1   -49.0   38.446   82.237    585.2    818.5
     1     1    10     4     9    22     0     2   -50.0   38.448   82.181    572.3    819.9
     1     1    10     4     9    21     0     3   -51.0   38.437   82.138    567.9    820.4
     1     1    10     4     9    20     0     2   -52.0   38.410   82.134    578.1    820.0
     1     1    10     4     9    19     0     1   -53.0   38.368   82.188    608.5    816.8
     1     1    10     4     9    18     0     0   -54.0   38.315   82.283    658.9    811.2
     1     1    10     4     9    17     0     1   -55.0   38.286   82.394    714.0    804.3
     1     1    10     4     9    16     0     2   -56.0   38.305   82.531    758.5    800.6
     1     1    10     4     9    15     0     3   -57.0   38.365   82.722    793.0    798.3
     1     1    10     4     9    14     0     2   -58.0   38.438   82.964    804.4    796.3
     1     1    10     4     9    13     0     1   -59.0   38.505   83.228    782.0    798.7
     1     1    10     4     9    12     0     0   -60.0   38.569   83.504    731.0    803.9
     1     1    10     4     9    11     0     1   -61.0   38.631   83.783    675.0    812.6
     1     1    10     4     9    10     0     2   -62.0   38.685   84.049    633.1    818.2
     1     1    10     4     9     9     0     3   -63.0   38.739   84.297    607.4    823.4
     1     1    10     4     9     8     0     2   -64.0   38.787   84.570    602.5    826.1
     1     1    10     4     9     7     0     1   -65.0   38.825   84.903    627.3    826.7
     1     1    10     4     9     6     0     0   -66.0   38.862   85.278    692.6    820.4
     1     1    10     4     9     5     0     1   -67.0   38.928   85.701    811.1    810.6
     1     1    10     4     9     4     0     2   -68.0   39.060   86.199    982.3    799.5
     1     1    10     4     9     3     0     3   -69.0   39.235   86.657   1118.2    790.9
     1     1    10     4     9     2     0     2   -70.0   39.433   86.994   1192.2    787.5
     1     1    10     4     9     1     0     1   -71.0   39.651   87.244   1233.7    786.0
     1     1    10     4     9     0     0     0   -72.0   39.914   87.490   1296.3    780.9
     1     1    10     4     8    23     0     1   -73.0   40.178   87.739   1398.0    767.7
     1     1    10     4     8    22     0     2   -74.0   40.371   87.908   1526.1    750.9
     1     1    10     4     8    21     0     3   -75.0   40.518   87.979   1697.4    731.6
     1     1    10     4     8    20     0     2   -76.0   40.669   87.950   1918.1    707.9
     1     1    10     4     8    19     0     1   -77.0   40.869   87.828   2120.5    684.7
     1     1    10     4     8    18     0     0   -78.0   41.063   87.661   2178.6    673.8
     1     1    10     4     8    17     0     1   -79.0   41.266   87.471   2207.4    687.9
     1     1    10     4     8    16     0     2   -80.0   41.517   87.165   2370.0    676.7
     1     1    10     4     8    15     0     3   -81.0   41.821   86.686   2461.2    648.2
     1     1    10     4     8    14     0     2   -82.0   42.049   86.167   2158.9    645.0
     1     1    10     4     8    13     0     1   -83.0   42.297   85.626   2060.4    651.5
     1     1    10     4     8    12     0     0   -84.0   42.572   84.635   2337.8    569.8
     1     1    10     4     8    11     0     1   -85.0   42.867   83.456   2206.1    561.2
     1     1    10     4     8    10     0     2   -86.0   43.038   82.326   2073.1    582.1
     1     1    10     4     8     9     0     3   -87.0   43.097   81.322   2240.7    602.4
     1     1    10     4     8     8     0     2   -88.0   43.128   80.311   2403.3    591.0
     1     1    10     4     8     7     0     1   -89.0   43.149   79.371   2421.1    596.9
     1     1    10     4     8     6     0     0   -90.0   43.118   78.525   2370.7    577.0
     1     1    10     4     8     5     0     1   -91.0   43.025   77.672   2030.6    562.3
     1     1    10     4     8     4     0     2   -92.0   42.927   76.836   1866.4    577.5
     1     1    10     4     8     3     0     3   -93.0   42.860   76.049   2016.9    617.1
     1     1    10     4     8     2     0     2   -94.0   42.805   75.318   2133.6    637.1
     1     1    10     4     8     1     0     1   -95.0   42.749   74.619   2190.2    655.2
     1     1    10     4     8     0     0     0   -96.0   42.685   73.922   2274.1    662.8
