     5     1
    GDAS    10     3     1     0     0
    GDAS    10     3     8     0     0
    GDAS    10     3    15     0     0
    GDAS    10     3    22     0     0
    GDAS    10     3    29     0     0
     1 BACKWARD OMEGA   
    10     3    28     0   39.977  116.381  5600.0
     1 PRESSURE
     1     1    10     3    28     0     0     0     0.0   39.977  116.381   5360.5    496.4
     1     1    10     3    27    23     0     1    -1.0   40.823  115.953   5349.3    442.7
     1     1    10     3    27    22     0     2    -2.0   41.771  115.509   5373.1    420.8
     1     1    10     3    27    21     0     3    -3.0   42.765  115.051   5561.8    416.5
     1     1    10     3    27    20     0     2    -4.0   43.761  114.596   5785.0    409.3
     1     1    10     3    27    19     0     1    -5.0   44.754  114.127   5863.0    394.7
     1     1    10     3    27    18     0     0    -6.0   45.747  113.662   5975.4    394.6
     1     1    10     3    27    17     0     1    -7.0   46.713  113.163   6116.7    391.9
     1     1    10     3    27    16     0     2    -8.0   47.666  112.587   6233.6    387.0
     1     1    10     3    27    15     0     3    -9.0   48.620  111.989   6274.1    381.3
     1     1    10     3    27    14     0     2   -10.0   49.562  111.380   6220.3    371.4
     1     1    10     3    27    13     0     1   -11.0   50.506  110.718   6238.2    371.0
     1     1    10     3    27    12     0     0   -12.0   51.413  110.019   6361.9    379.1
     1     1    10     3    27    11     0     1   -13.0   52.258  109.232   6486.3    380.5
     1     1    10     3    27    10     0     2   -14.0   53.029  108.308   6578.2    385.1
     1     1    10     3    27     9     0     3   -15.0   53.727  107.284   6541.5    377.6
     1     1    10     3    27     8     0     2   -16.0   54.379  106.184   6539.5    383.4
     1     1    10     3    27     7     0     1   -17.0   54.960  105.018   6555.4    385.4
     1     1    10     3    27     6     0     0   -18.0   55.462  103.760   6563.9    387.9
     1     1    10     3    27     5     0     1   -19.0   55.893  102.434   6598.9    393.9
     1     1    10     3    27     4     0     2   -20.0   56.280  101.036   6591.8    395.0
     1     1    10     3    27     3     0     3   -21.0   56.599   99.548   6612.3    397.1
     1     1    10     3    27     2     0     2   -22.0   56.821   98.008   6647.5    401.1
     1     1    10     3    27     1     0     1   -23.0   56.955   96.412   6646.5    402.8
     1     1    10     3    27     0     0     0   -24.0   56.993   94.758   6667.0    400.3
     1     1    10     3    26    23     0     1   -25.0   56.936   93.053   6745.5    396.7
     1     1    10     3    26    22     0     2   -26.0   56.787   91.322   6793.2    392.5
     1     1    10     3    26    21     0     3   -27.0   56.527   89.598   6835.1    392.6
     1     1    10     3    26    20     0     2   -28.0   56.149   87.894   6822.1    393.9
     1     1    10     3    26    19     0     1   -29.0   55.721   86.224   6703.2    400.6
     1     1    10     3    26    18     0     0   -30.0   55.243   84.546   6650.5    404.7
     1     1    10     3    26    17     0     1   -31.0   54.689   82.948   6560.5    413.6
     1     1    10     3    26    16     0     2   -32.0   54.081   81.292   6425.2    420.2
     1     1    10     3    26    15     0     3   -33.0   53.423   79.541   6336.0    427.8
     1     1    10     3    26    14     0     2   -34.0   52.715   77.795   6247.5    434.3
     1     1    10     3    26    13     0     1   -35.0   51.983   75.982   6081.0    443.4
     1     1    10     3    26    12     0     0   -36.0   51.247   74.197   5781.4    450.6
     1     1    10     3    26    11     0     1   -37.0   50.473   72.300   5766.3    443.6
     1     1    10     3    26    10     0     2   -38.0   49.670   70.330   5664.7    454.8
     1     1    10     3    26     9     0     3   -39.0   48.885   68.390   5439.2    465.2
     1     1    10     3    26     8     0     2   -40.0   48.147   66.444   5342.8    475.7
     1     1    10     3    26     7     0     1   -41.0   47.529   64.539   5334.4    497.8
     1     1    10     3    26     6     0     0   -42.0   47.015   62.694   5245.1    508.7
     1     1    10     3    26     5     0     1   -43.0   46.587   60.908   5169.8    514.0
     1     1    10     3    26     4     0     2   -44.0   46.282   59.250   5060.0    522.3
     1     1    10     3    26     3     0     3   -45.0   46.071   57.693   4992.7    527.0
     1     1    10     3    26     2     0     2   -46.0   45.952   56.199   5052.6    525.8
     1     1    10     3    26     1     0     1   -47.0   45.923   54.734   5096.6    527.5
     1     1    10     3    26     0     0     0   -48.0   45.963   53.292   5093.3    532.3
     1     1    10     3    25    23     0     1   -49.0   46.080   51.888   5120.0    532.3
     1     1    10     3    25    22     0     2   -50.0   46.259   50.546   5189.9    525.5
     1     1    10     3    25    21     0     3   -51.0   46.468   49.265   5251.0    520.4
     1     1    10     3    25    20     0     2   -52.0   46.716   48.026   5268.5    519.3
     1     1    10     3    25    19     0     1   -53.0   47.021   46.823   5260.9    520.3
     1     1    10     3    25    18     0     0   -54.0   47.362   45.650   5268.3    519.7
     1     1    10     3    25    17     0     1   -55.0   47.755   44.496   5297.8    513.1
     1     1    10     3    25    16     0     2   -56.0   48.209   43.347   5349.7    507.4
     1     1    10     3    25    15     0     3   -57.0   48.692   42.202   5362.1    504.5
     1     1    10     3    25    14     0     2   -58.0   49.208   41.074   5402.3    500.7
     1     1    10     3    25    13     0     1   -59.0   49.742   39.950   5531.9    492.0
     1     1    10     3    25    12     0     0   -60.0   50.286   38.805   5707.4    478.7
     1     1    10     3    25    11     0     1   -61.0   50.886   37.677   5892.0    464.3
     1     1    10     3    25    10     0     2   -62.0   51.563   36.590   6091.9    448.3
     1     1    10     3    25     9     0     3   -63.0   52.304   35.477   6247.6    438.3
     1     1    10     3    25     8     0     2   -64.0   53.080   34.317   6406.6    429.5
     1     1    10     3    25     7     0     1   -65.0   53.890   33.122   6539.6    419.5
     1     1    10     3    25     6     0     0   -66.0   54.744   31.854   6638.8    413.1
     1     1    10     3    25     5     0     1   -67.0   55.619   30.505   6701.7    411.3
     1     1    10     3    25     4     0     2   -68.0   56.483   29.073   6761.6    409.0
     1     1    10     3    25     3     0     3   -69.0   57.339   27.534   6827.2    407.2
     1     1    10     3    25     2     0     2   -70.0   58.197   25.914   6879.5    404.0
     1     1    10     3    25     1     0     1   -71.0   58.979   24.195   6920.0    404.4
     1     1    10     3    25     0     0     0   -72.0   59.678   22.353   6935.6    405.2
     1     1    10     3    24    23     0     1   -73.0   60.321   20.416   7017.5    400.0
     1     1    10     3    24    22     0     2   -74.0   60.863   18.455   7110.7    394.7
     1     1    10     3    24    21     0     3   -75.0   61.342   16.443   7186.9    379.8
     1     1    10     3    24    20     0     2   -76.0   61.769   14.372   7201.2    363.7
     1     1    10     3    24    19     0     1   -77.0   62.146   12.254   7177.6    347.4
     1     1    10     3    24    18     0     0   -78.0   62.440   10.022   7250.6    342.5
     1     1    10     3    24    17     0     1   -79.0   62.617    7.749   7376.2    347.6
     1     1    10     3    24    16     0     2   -80.0   62.681    5.632   7579.1    361.2
     1     1    10     3    24    15     0     3   -81.0   62.646    3.568   7665.6    360.9
     1     1    10     3    24    14     0     2   -82.0   62.464    1.551   7705.8    359.0
     1     1    10     3    24    13     0     1   -83.0   62.130   -0.386   7740.6    357.3
     1     1    10     3    24    12     0     0   -84.0   61.617   -2.261   7778.9    354.0
     1     1    10     3    24    11     0     1   -85.0   60.938   -3.930   7772.5    354.4
     1     1    10     3    24    10     0     2   -86.0   60.104   -5.415   7781.8    352.2
     1     1    10     3    24     9     0     3   -87.0   59.101   -6.650   7656.4    358.2
     1     1    10     3    24     8     0     2   -88.0   57.965   -7.636   7337.9    374.1
     1     1    10     3    24     7     0     1   -89.0   56.806   -8.362   7017.8    394.9
     1     1    10     3    24     6     0     0   -90.0   55.598   -8.984   6771.8    406.8
     1     1    10     3    24     5     0     1   -91.0   54.387   -9.597   6517.9    421.0
     1     1    10     3    24     4     0     2   -92.0   53.230  -10.188   6333.2    434.3
     1     1    10     3    24     3     0     3   -93.0   52.095  -10.791   6244.6    440.3
     1     1    10     3    24     2     0     2   -94.0   50.956  -11.449   6309.8    437.2
     1     1    10     3    24     1     0     1   -95.0   49.879  -12.129   6419.4    431.0
     1     1    10     3    24     0     0     0   -96.0   48.862  -12.787   6520.3    425.7
