     5     1
    GDAS    10     3     1     0     0
    GDAS    10     3     8     0     0
    GDAS    10     3    15     0     0
    GDAS    10     3    22     0     0
    GDAS    10     3    29     0     0
     1 BACKWARD OMEGA   
    10     3    20    12   39.977  116.381  9600.0
     1 PRESSURE
     1     1    10     3    20    12     0     0     0.0   39.977  116.381   9353.2    268.6
     1     1    10     3    20    11     0     1    -1.0   41.256  115.093   8892.5    244.1
     1     1    10     3    20    10     0     2    -2.0   42.533  113.837   9102.8    239.4
     1     1    10     3    20     9     0     3    -3.0   43.880  112.610   9416.5    233.6
     1     1    10     3    20     8     0     2    -4.0   45.242  111.367   9423.9    234.3
     1     1    10     3    20     7     0     1    -5.0   46.570  110.078   9419.2    229.7
     1     1    10     3    20     6     0     0    -6.0   47.821  108.697   9355.1    215.0
     1     1    10     3    20     5     0     1    -7.0   48.953  107.291   9397.6    221.6
     1     1    10     3    20     4     0     2    -8.0   50.098  105.629   9651.3    228.8
     1     1    10     3    20     3     0     3    -9.0   51.080  103.893   9512.9    211.2
     1     1    10     3    20     2     0     2   -10.0   51.901  102.171   9513.0    208.2
