     5     1
    GDAS    10     3     1     0     0
    GDAS    10     3     8     0     0
    GDAS    10     3    15     0     0
    GDAS    10     3    22     0     0
    GDAS    10     3    29     0     0
     1 BACKWARD OMEGA   
    10     3    18     6   39.977  116.381  5000.0
     1 PRESSURE
     1     1    10     3    18     6     0     0     0.0   39.977  116.381   4757.8    536.1
     1     1    10     3    18     5     0     1    -1.0   40.756  115.440   4695.8    476.6
     1     1    10     3    18     4     0     2    -2.0   41.621  114.463   4724.0    458.9
     1     1    10     3    18     3     0     3    -3.0   42.495  113.495   4775.6    465.1
     1     1    10     3    18     2     0     2    -4.0   43.309  112.515   4770.0    479.5
     1     1    10     3    18     1     0     1    -5.0   44.096  111.511   4781.4    478.7
     1     1    10     3    18     0     0     0    -6.0   44.842  110.499   4840.3    478.5
     1     1    10     3    17    23     0     1    -7.0   45.591  109.440   4880.8    465.0
     1     1    10     3    17    22     0     2    -8.0   46.402  108.300   4849.1    454.6
     1     1    10     3    17    21     0     3    -9.0   47.201  107.108   4795.6    446.6
     1     1    10     3    17    20     0     2   -10.0   47.960  105.878   4944.8    450.1
     1     1    10     3    17    19     0     1   -11.0   48.674  104.632   5090.8    450.3
     1     1    10     3    17    18     0     0   -12.0   49.388  103.313   5112.8    435.1
     1     1    10     3    17    17     0     1   -13.0   50.086  101.845   5220.7    418.4
     1     1    10     3    17    16     0     2   -14.0   50.760  100.167   5105.9    408.1
     1     1    10     3    17    15     0     3   -15.0   51.466   98.329   5166.6    394.3
     1     1    10     3    17    14     0     2   -16.0   52.142   96.369   5360.3    408.9
     1     1    10     3    17    13     0     1   -17.0   52.669   94.260   5462.1    423.1
     1     1    10     3    17    12     0     0   -18.0   53.013   92.037   5547.1    448.9
     1     1    10     3    17    11     0     1   -19.0   53.233   89.826   5579.8    440.1
     1     1    10     3    17    10     0     2   -20.0   53.264   87.610   5496.8    462.5
     1     1    10     3    17     9     0     3   -21.0   53.131   85.457   5256.7    491.0
     1     1    10     3    17     8     0     2   -22.0   52.870   83.379   5006.6    513.5
     1     1    10     3    17     7     0     1   -23.0   52.468   81.474   4634.4    541.4
     1     1    10     3    17     6     0     0   -24.0   52.013   79.588   4484.2    557.1
     1     1    10     3    17     5     0     1   -25.0   51.526   77.766   4410.4    560.9
     1     1    10     3    17     4     0     2   -26.0   51.035   76.029   4202.0    569.8
     1     1    10     3    17     3     0     3   -27.0   50.553   74.255   3997.9    567.8
     1     1    10     3    17     2     0     2   -28.0   50.014   72.511   3930.6    573.4
     1     1    10     3    17     1     0     1   -29.0   49.476   70.792   3945.3    576.5
     1     1    10     3    17     0     0     0   -30.0   48.921   68.993   4054.4    568.7
     1     1    10     3    16    23     0     1   -31.0   48.399   67.178   4207.0    553.4
     1     1    10     3    16    22     0     2   -32.0   47.943   65.266   4535.0    547.1
     1     1    10     3    16    21     0     3   -33.0   47.419   63.352   4705.6    548.1
     1     1    10     3    16    20     0     2   -34.0   46.857   61.422   4995.0    526.0
     1     1    10     3    16    19     0     1   -35.0   46.199   59.498   5326.6    502.6
     1     1    10     3    16    18     0     0   -36.0   45.527   57.548   5541.6    485.8
     1     1    10     3    16    17     0     1   -37.0   44.786   55.720   5645.8    482.9
     1     1    10     3    16    16     0     2   -38.0   44.006   53.999   5638.1    478.2
     1     1    10     3    16    15     0     3   -39.0   43.292   52.405   5687.6    481.1
     1     1    10     3    16    14     0     2   -40.0   42.652   50.917   5729.0    487.5
     1     1    10     3    16    13     0     1   -41.0   41.996   49.492   5879.8    480.0
     1     1    10     3    16    12     0     0   -42.0   41.339   47.834   5749.6    403.5
     1     1    10     3    16    11     0     1   -43.0   40.708   46.195   5813.8    425.4
     1     1    10     3    16    10     0     2   -44.0   39.931   44.331   5390.5    414.5
     1     1    10     3    16     9     0     3   -45.0   39.141   42.444   5123.1    410.1
     1     1    10     3    16     8     0     2   -46.0   38.440   40.777   4950.8    461.9
     1     1    10     3    16     7     0     1   -47.0   37.876   39.403   4774.6    488.8
     1     1    10     3    16     6     0     0   -48.0   37.372   38.142   4696.2    503.9
     1     1    10     3    16     5     0     1   -49.0   36.924   36.981   4729.2    504.5
     1     1    10     3    16     4     0     2   -50.0   36.544   35.884   5085.8    518.5
     1     1    10     3    16     3     0     3   -51.0   36.246   34.782   5144.6    512.6
     1     1    10     3    16     2     0     2   -52.0   35.989   33.744   5131.5    526.1
     1     1    10     3    16     1     0     1   -53.0   35.758   32.651   5257.0    505.8
     1     1    10     3    16     0     0     0   -54.0   35.596   31.585   5329.1    514.3
     1     1    10     3    15    23     0     1   -55.0   35.496   30.583   5401.8    510.1
     1     1    10     3    15    22     0     2   -56.0   35.438   29.584   5550.1    497.0
     1     1    10     3    15    21     0     3   -57.0   35.417   28.585   5711.8    488.1
     1     1    10     3    15    20     0     2   -58.0   35.394   27.562   5907.9    473.7
     1     1    10     3    15    19     0     1   -59.0   35.372   26.540   6081.5    462.1
     1     1    10     3    15    18     0     0   -60.0   35.361   25.568   6218.0    449.9
     1     1    10     3    15    17     0     1   -61.0   35.361   24.619   6334.4    441.3
     1     1    10     3    15    16     0     2   -62.0   35.377   23.717   6458.5    436.9
     1     1    10     3    15    15     0     3   -63.0   35.403   22.894   6542.2    434.0
     1     1    10     3    15    14     0     2   -64.0   35.443   22.144   6619.5    429.1
     1     1    10     3    15    13     0     1   -65.0   35.496   21.440   6720.0    422.8
     1     1    10     3    15    12     0     0   -66.0   35.566   20.790   6810.7    417.1
     1     1    10     3    15    11     0     1   -67.0   35.653   20.201   6894.2    412.5
     1     1    10     3    15    10     0     2   -68.0   35.750   19.659   6980.2    407.3
     1     1    10     3    15     9     0     3   -69.0   35.862   19.161   7073.8    402.0
     1     1    10     3    15     8     0     2   -70.0   35.985   18.687   7164.7    395.4
     1     1    10     3    15     7     0     1   -71.0   36.116   18.218   7240.2    390.9
     1     1    10     3    15     6     0     0   -72.0   36.263   17.775   7307.6    386.7
     1     1    10     3    15     5     0     1   -73.0   36.417   17.370   7372.7    382.9
     1     1    10     3    15     4     0     2   -74.0   36.565   16.996   7435.7    379.6
     1     1    10     3    15     3     0     3   -75.0   36.714   16.666   7496.4    375.7
     1     1    10     3    15     2     0     2   -76.0   36.866   16.389   7553.6    371.9
     1     1    10     3    15     1     0     1   -77.0   37.015   16.157   7599.5    368.8
     1     1    10     3    15     0     0     0   -78.0   37.160   15.950   7626.1    365.5
     1     1    10     3    14    23     0     1   -79.0   37.311   15.749   7640.7    362.0
     1     1    10     3    14    22     0     2   -80.0   37.473   15.554   7647.7    358.2
     1     1    10     3    14    21     0     3   -81.0   37.645   15.384   7650.1    354.2
     1     1    10     3    14    20     0     2   -82.0   37.819   15.229   7655.3    349.9
     1     1    10     3    14    19     0     1   -83.0   37.986   15.061   7664.7    344.5
     1     1    10     3    14    18     0     0   -84.0   38.141   14.879   7714.9    343.9
     1     1    10     3    14    17     0     1   -85.0   38.277   14.688   7759.1    343.9
     1     1    10     3    14    16     0     2   -86.0   38.393   14.500   7784.3    344.4
     1     1    10     3    14    15     0     3   -87.0   38.491   14.321   7787.9    345.5
     1     1    10     3    14    14     0     2   -88.0   38.585   14.159   7787.4    347.5
     1     1    10     3    14    13     0     1   -89.0   38.687   14.024   7803.3    348.3
     1     1    10     3    14    12     0     0   -90.0   38.797   13.908   7846.4    349.1
     1     1    10     3    14    11     0     1   -91.0   38.915   13.780   7901.7    349.0
     1     1    10     3    14    10     0     2   -92.0   39.042   13.608   7953.4    348.7
     1     1    10     3    14     9     0     3   -93.0   39.175   13.399   7989.7    347.7
     1     1    10     3    14     8     0     2   -94.0   39.319   13.190   8023.7    347.1
     1     1    10     3    14     7     0     1   -95.0   39.475   12.999   8068.8    345.4
     1     1    10     3    14     6     0     0   -96.0   39.637   12.810   8130.2    342.0
