     7     1
    GDAS    10     3    22     0     0
    GDAS    10     4     8     0     0
    GDAS    10     4    15     0     0
    GDAS    10     4    22     0     0
    GDAS    10     4    29     0     0
    GDAS    10     4     1     0     0
    GDAS    10     3    29     0     0
     1 BACKWARD OMEGA   
    10     4    19     0   39.977  116.381  9400.0
     1 PRESSURE
     1     1    10     4    19     0     0     0     0.0   39.977  116.381   9158.1    292.0
     1     1    10     4    18    23     0     1    -1.0   39.693  114.895   8208.6    303.0
     1     1    10     4    18    22     0     2    -2.0   39.453  113.439   7607.7    318.2
     1     1    10     4    18    21     0     3    -3.0   39.260  112.029   7275.6    320.6
     1     1    10     4    18    20     0     2    -4.0   39.099  110.670   7143.6    343.3
     1     1    10     4    18    19     0     1    -5.0   39.041  109.346   6911.0    349.9
     1     1    10     4    18    18     0     0    -6.0   39.076  108.078   6771.8    352.0
     1     1    10     4    18    17     0     1    -7.0   39.151  106.818   6680.5    363.0
     1     1    10     4    18    16     0     2    -8.0   39.242  105.515   6529.1    364.7
     1     1    10     4    18    15     0     3    -9.0   39.383  104.181   6443.6    372.3
     1     1    10     4    18    14     0     2   -10.0   39.607  102.759   6530.7    363.9
     1     1    10     4    18    13     0     1   -11.0   39.890  101.279   6673.9    360.9
     1     1    10     4    18    12     0     0   -12.0   40.228   99.719   6953.6    347.3
     1     1    10     4    18    11     0     1   -13.0   40.640   97.958   7070.3    328.3
     1     1    10     4    18    10     0     2   -14.0   41.056   95.993   6987.5    322.9
     1     1    10     4    18     9     0     3   -15.0   41.442   94.030   7338.4    332.6
     1     1    10     4    18     8     0     2   -16.0   41.835   92.091   7595.1    328.4
     1     1    10     4    18     7     0     1   -17.0   42.182   90.026   7828.9    317.2
     1     1    10     4    18     6     0     0   -18.0   42.526   87.918   7829.6    300.1
     1     1    10     4    18     5     0     1   -19.0   42.844   85.373   7534.7    249.8
     1     1    10     4    18     4     0     2   -20.0   42.980   82.695   7615.2    254.7
     1     1    10     4    18     3     0     3   -21.0   43.026   80.213   7563.2    278.5
     1     1    10     4    18     2     0     2   -22.0   43.016   77.773   7409.0    260.7
     1     1    10     4    18     1     0     1   -23.0   42.893   75.416   7858.8    289.7
     1     1    10     4    18     0     0     0   -24.0   42.805   73.329   8005.6    305.0
     1     1    10     4    17    23     0     1   -25.0   42.729   71.345   8056.7    300.4
     1     1    10     4    17    22     0     2   -26.0   42.705   69.518   8347.0    312.0
     1     1    10     4    17    21     0     3   -27.0   42.778   67.928   8579.9    325.0
     1     1    10     4    17    20     0     2   -28.0   42.906   66.401   8748.8    315.9
     1     1    10     4    17    19     0     1   -29.0   43.060   64.893   8840.9    310.6
     1     1    10     4    17    18     0     0   -30.0   43.182   63.473   8711.8    319.5
     1     1    10     4    17    17     0     1   -31.0   43.312   62.106   8779.3    321.9
     1     1    10     4    17    16     0     2   -32.0   43.451   60.805   8965.9    314.2
     1     1    10     4    17    15     0     3   -33.0   43.589   59.569   9168.7    303.9
     1     1    10     4    17    14     0     2   -34.0   43.715   58.415   9268.7    297.7
     1     1    10     4    17    13     0     1   -35.0   43.822   57.340   9297.3    294.1
     1     1    10     4    17    12     0     0   -36.0   43.919   56.345   9306.0    293.7
     1     1    10     4    17    11     0     1   -37.0   43.992   55.390   9347.3    289.8
     1     1    10     4    17    10     0     2   -38.0   44.021   54.440   9403.7    286.8
     1     1    10     4    17     9     0     3   -39.0   44.017   53.503   9454.5    285.7
     1     1    10     4    17     8     0     2   -40.0   43.999   52.590   9487.2    284.8
     1     1    10     4    17     7     0     1   -41.0   43.959   51.686   9525.9    285.0
     1     1    10     4    17     6     0     0   -42.0   43.899   50.789   9594.5    286.2
     1     1    10     4    17     5     0     1   -43.0   43.835   49.910   9660.8    285.3
     1     1    10     4    17     4     0     2   -44.0   43.758   49.042   9720.8    281.2
     1     1    10     4    17     3     0     3   -45.0   43.653   48.185   9822.3    277.8
     1     1    10     4    17     2     0     2   -46.0   43.515   47.340   9834.2    269.6
     1     1    10     4    17     1     0     1   -47.0   43.344   46.513   9723.2    260.8
     1     1    10     4    17     0     0     0   -48.0   43.158   45.723   9527.0    253.2
     1     1    10     4    16    23     0     1   -49.0   42.975   44.966   9375.7    248.5
     1     1    10     4    16    22     0     2   -50.0   42.782   44.230   9215.3    240.5
     1     1    10     4    16    21     0     3   -51.0   42.539   43.522   9151.4    238.8
     1     1    10     4    16    20     0     2   -52.0   42.284   42.865   9261.0    248.1
     1     1    10     4    16    19     0     1   -53.0   42.068   42.274   9541.0    267.0
     1     1    10     4    16    18     0     0   -54.0   41.877   41.735   9670.4    268.7
     1     1    10     4    16    17     0     1   -55.0   41.687   41.199   9731.1    261.9
     1     1    10     4    16    16     0     2   -56.0   41.492   40.643   9734.9    259.9
     1     1    10     4    16    15     0     3   -57.0   41.302   40.089   9764.3    262.0
     1     1    10     4    16    14     0     2   -58.0   41.112   39.547   9761.9    261.3
     1     1    10     4    16    13     0     1   -59.0   40.911   39.019   9711.7    256.5
     1     1    10     4    16    12     0     0   -60.0   40.697   38.500   9650.1    252.2
     1     1    10     4    16    11     0     1   -61.0   40.475   37.983   9576.6    247.5
     1     1    10     4    16    10     0     2   -62.0   40.254   37.463   9463.9    241.2
     1     1    10     4    16     9     0     3   -63.0   40.034   36.958   9365.2    236.5
     1     1    10     4    16     8     0     2   -64.0   39.822   36.481   9372.0    238.7
     1     1    10     4    16     7     0     1   -65.0   39.622   36.031   9385.2    241.8
     1     1    10     4    16     6     0     0   -66.0   39.431   35.603   9407.7    242.5
     1     1    10     4    16     5     0     1   -67.0   39.257   35.180   9458.6    242.1
     1     1    10     4    16     4     0     2   -68.0   39.106   34.754   9508.1    242.8
     1     1    10     4    16     3     0     3   -69.0   38.970   34.336   9542.9    243.2
     1     1    10     4    16     2     0     2   -70.0   38.844   33.928   9573.1    244.2
     1     1    10     4    16     1     0     1   -71.0   38.726   33.521   9579.7    244.2
     1     1    10     4    16     0     0     0   -72.0   38.615   33.118   9572.5    244.9
     1     1    10     4    15    23     0     1   -73.0   38.518   32.722   9533.5    245.1
     1     1    10     4    15    22     0     2   -74.0   38.448   32.326   9483.3    244.3
     1     1    10     4    15    21     0     3   -75.0   38.408   31.933   9449.5    242.9
     1     1    10     4    15    20     0     2   -76.0   38.380   31.530   9431.9    241.7
     1     1    10     4    15    19     0     1   -77.0   38.351   31.114   9386.9    242.2
     1     1    10     4    15    18     0     0   -78.0   38.338   30.698   9329.5    245.6
     1     1    10     4    15    17     0     1   -79.0   38.338   30.281   9279.9    250.7
     1     1    10     4    15    16     0     2   -80.0   38.345   29.853   9281.2    254.3
     1     1    10     4    15    15     0     3   -81.0   38.359   29.407   9348.1    258.2
     1     1    10     4    15    14     0     2   -82.0   38.372   28.930   9428.6    261.0
     1     1    10     4    15    13     0     1   -83.0   38.377   28.428   9488.3    264.5
     1     1    10     4    15    12     0     0   -84.0   38.380   27.929   9534.4    269.0
     1     1    10     4    15    11     0     1   -85.0   38.380   27.424   9590.0    274.8
     1     1    10     4    15    10     0     2   -86.0   38.383   26.892   9653.0    279.2
     1     1    10     4    15     9     0     3   -87.0   38.404   26.340   9675.9    280.6
     1     1    10     4    15     8     0     2   -88.0   38.428   25.767   9670.5    282.8
     1     1    10     4    15     7     0     1   -89.0   38.443   25.171   9634.5    283.7
     1     1    10     4    15     6     0     0   -90.0   38.465   24.546   9591.7    284.9
     1     1    10     4    15     5     0     1   -91.0   38.488   23.856   9547.6    283.9
     1     1    10     4    15     4     0     2   -92.0   38.484   23.089   9452.5    278.1
     1     1    10     4    15     3     0     3   -93.0   38.460   22.278   9356.5    272.3
     1     1    10     4    15     2     0     2   -94.0   38.446   21.456   9386.6    277.9
     1     1    10     4    15     1     0     1   -95.0   38.428   20.609   9466.4    286.5
     1     1    10     4    15     0     0     0   -96.0   38.403   19.715   9487.0    290.7
