     7     1
    GDAS    10     3    22     0     0
    GDAS    10     4     8     0     0
    GDAS    10     4    15     0     0
    GDAS    10     4    22     0     0
    GDAS    10     4    29     0     0
    GDAS    10     4     1     0     0
    GDAS    10     3    29     0     0
     1 BACKWARD OMEGA   
    10     4    30     0   39.977  116.381  4000.0
     1 PRESSURE
     1     1    10     4    30     0     0     0     0.0   39.977  116.381   3762.9    617.3
     1     1    10     4    29    23     0     1    -1.0   40.491  116.173   3719.7    580.2
     1     1    10     4    29    22     0     2    -2.0   41.081  116.003   3546.9    555.1
     1     1    10     4    29    21     0     3    -3.0   41.756  115.873   3475.4    557.3
     1     1    10     4    29    20     0     2    -4.0   42.487  115.756   3565.4    547.5
     1     1    10     4    29    19     0     1    -5.0   43.216  115.654   3708.6    543.0
     1     1    10     4    29    18     0     0    -6.0   43.951  115.570   3863.7    538.6
     1     1    10     4    29    17     0     1    -7.0   44.679  115.506   3955.2    528.4
     1     1    10     4    29    16     0     2    -8.0   45.384  115.474   3965.2    532.5
     1     1    10     4    29    15     0     3    -9.0   46.087  115.475   3969.0    542.1
     1     1    10     4    29    14     0     2   -10.0   46.775  115.502   3989.9    550.4
     1     1    10     4    29    13     0     1   -11.0   47.431  115.565   3991.4    557.5
     1     1    10     4    29    12     0     0   -12.0   48.073  115.675   3966.0    562.5
     1     1    10     4    29    11     0     1   -13.0   48.696  115.815   3903.4    565.5
     1     1    10     4    29    10     0     2   -14.0   49.290  115.984   3844.5    571.1
     1     1    10     4    29     9     0     3   -15.0   49.868  116.202   3805.4    575.8
     1     1    10     4    29     8     0     2   -16.0   50.424  116.458   3794.4    570.9
     1     1    10     4    29     7     0     1   -17.0   50.976  116.751   3833.2    557.1
     1     1    10     4    29     6     0     0   -18.0   51.528  117.094   3952.5    555.6
     1     1    10     4    29     5     0     1   -19.0   52.056  117.473   4057.9    553.0
     1     1    10     4    29     4     0     2   -20.0   52.558  117.884   4095.2    545.9
     1     1    10     4    29     3     0     3   -21.0   53.045  118.347   4106.9    547.4
     1     1    10     4    29     2     0     2   -22.0   53.533  118.834   4103.8    541.4
     1     1    10     4    29     1     0     1   -23.0   54.057  119.336   4130.1    531.8
     1     1    10     4    29     0     0     0   -24.0   54.597  119.845   4191.9    534.2
     1     1    10     4    28    23     0     1   -25.0   55.113  120.304   4238.4    534.5
     1     1    10     4    28    22     0     2   -26.0   55.608  120.700   4263.6    524.4
     1     1    10     4    28    21     0     3   -27.0   56.115  121.044   4327.2    518.3
     1     1    10     4    28    20     0     2   -28.0   56.623  121.305   4437.2    514.8
     1     1    10     4    28    19     0     1   -29.0   57.134  121.471   4589.9    504.9
     1     1    10     4    28    18     0     0   -30.0   57.679  121.578   4781.0    492.8
     1     1    10     4    28    17     0     1   -31.0   58.279  121.610   4977.3    485.9
     1     1    10     4    28    16     0     2   -32.0   58.960  121.522   5204.9    488.5
     1     1    10     4    28    15     0     3   -33.0   59.725  121.256   5379.0    474.8
     1     1    10     4    28    14     0     2   -34.0   60.508  120.707   5463.5    475.4
     1     1    10     4    28    13     0     1   -35.0   61.310  119.915   5500.7    473.7
     1     1    10     4    28    12     0     0   -36.0   62.138  118.904   5553.3    474.4
     1     1    10     4    28    11     0     1   -37.0   62.960  117.671   5635.5    472.4
     1     1    10     4    28    10     0     2   -38.0   63.765  116.177   5635.7    465.9
     1     1    10     4    28     9     0     3   -39.0   64.456  114.462   5459.8    469.5
     1     1    10     4    28     8     0     2   -40.0   65.093  112.667   5281.6    475.5
     1     1    10     4    28     7     0     1   -41.0   65.698  110.695   5097.2    481.9
     1     1    10     4    28     6     0     0   -42.0   66.130  108.629   4821.9    496.2
     1     1    10     4    28     5     0     1   -43.0   66.458  106.599   4613.8    519.2
     1     1    10     4    28     4     0     2   -44.0   66.759  104.383   4264.2    544.0
     1     1    10     4    28     3     0     3   -45.0   66.944  102.025   3869.7    572.3
     1     1    10     4    28     2     0     2   -46.0   67.025   99.583   3534.2    588.5
     1     1    10     4    28     1     0     1   -47.0   66.967   97.060   3203.1    607.4
     1     1    10     4    28     0     0     0   -48.0   66.750   94.712   2787.1    650.2
     1     1    10     4    27    23     0     1   -49.0   66.430   92.626   2417.3    697.7
     1     1    10     4    27    22     0     2   -50.0   66.063   90.884   2163.2    739.1
     1     1    10     4    27    21     0     3   -51.0   65.675   89.372   1964.8    753.5
     1     1    10     4    27    20     0     2   -52.0   65.272   88.233   1777.7    791.5
     1     1    10     4    27    19     0     1   -53.0   64.877   87.359   1607.1    819.6
     1     1    10     4    27    18     0     0   -54.0   64.475   86.691   1444.2    837.2
     1     1    10     4    27    17     0     1   -55.0   64.069   86.177   1263.4    853.0
     1     1    10     4    27    16     0     2   -56.0   63.684   85.782   1100.1    871.3
     1     1    10     4    27    15     0     3   -57.0   63.309   85.502    974.0    883.4
     1     1    10     4    27    14     0     2   -58.0   62.932   85.287    889.6    891.4
     1     1    10     4    27    13     0     1   -59.0   62.571   85.087    849.5    895.7
     1     1    10     4    27    12     0     0   -60.0   62.240   84.929    852.6    895.9
     1     1    10     4    27    11     0     1   -61.0   61.939   84.786    882.8    892.1
     1     1    10     4    27    10     0     2   -62.0   61.662   84.610    918.7    888.4
     1     1    10     4    27     9     0     3   -63.0   61.397   84.398    958.3    885.5
     1     1    10     4    27     8     0     2   -64.0   61.143   84.178   1001.2    881.6
     1     1    10     4    27     7     0     1   -65.0   60.903   83.976   1038.7    878.1
     1     1    10     4    27     6     0     0   -66.0   60.677   83.802   1062.7    875.7
     1     1    10     4    27     5     0     1   -67.0   60.464   83.648   1083.0    875.2
     1     1    10     4    27     4     0     2   -68.0   60.267   83.499   1114.7    872.4
     1     1    10     4    27     3     0     3   -69.0   60.093   83.353   1163.4    868.1
     1     1    10     4    27     2     0     2   -70.0   59.936   83.182   1213.2    861.3
     1     1    10     4    27     1     0     1   -71.0   59.792   82.969   1244.4    859.0
     1     1    10     4    27     0     0     0   -72.0   59.659   82.724   1259.9    859.4
     1     1    10     4    26    23     0     1   -73.0   59.532   82.446   1259.5    860.6
     1     1    10     4    26    22     0     2   -74.0   59.405   82.138   1238.9    864.4
     1     1    10     4    26    21     0     3   -75.0   59.277   81.811   1199.2    869.9
     1     1    10     4    26    20     0     2   -76.0   59.143   81.465   1156.2    876.9
     1     1    10     4    26    19     0     1   -77.0   58.995   81.089   1123.7    881.1
     1     1    10     4    26    18     0     0   -78.0   58.827   80.683   1103.6    882.7
     1     1    10     4    26    17     0     1   -79.0   58.622   80.286   1096.4    882.9
     1     1    10     4    26    16     0     2   -80.0   58.366   79.936   1093.2    882.4
     1     1    10     4    26    15     0     3   -81.0   58.064   79.639   1079.8    881.4
     1     1    10     4    26    14     0     2   -82.0   57.749   79.422   1053.0    883.0
     1     1    10     4    26    13     0     1   -83.0   57.451   79.298   1024.2    885.4
     1     1    10     4    26    12     0     0   -84.0   57.172   79.251    999.4    887.5
     1     1    10     4    26    11     0     1   -85.0   56.918   79.248    976.9    889.7
     1     1    10     4    26    10     0     2   -86.0   56.698   79.265    952.7    893.5
     1     1    10     4    26     9     0     3   -87.0   56.510   79.305    925.3    897.7
     1     1    10     4    26     8     0     2   -88.0   56.344   79.328    900.7    902.2
     1     1    10     4    26     7     0     1   -89.0   56.189   79.291    884.4    905.1
     1     1    10     4    26     6     0     0   -90.0   56.043   79.193    877.3    906.9
     1     1    10     4    26     5     0     1   -91.0   55.902   79.066    873.6    906.7
     1     1    10     4    26     4     0     2   -92.0   55.759   78.944    868.3    907.2
     1     1    10     4    26     3     0     3   -93.0   55.616   78.827    862.3    907.8
     1     1    10     4    26     2     0     2   -94.0   55.483   78.725    858.3    908.9
     1     1    10     4    26     1     0     1   -95.0   55.373   78.643    858.0    909.3
     1     1    10     4    26     0     0     0   -96.0   55.287   78.570    861.6    909.4
