     7     1
    GDAS    10     3    22     0     0
    GDAS    10     4     8     0     0
    GDAS    10     4    15     0     0
    GDAS    10     4    22     0     0
    GDAS    10     4    29     0     0
    GDAS    10     4     1     0     0
    GDAS    10     3    29     0     0
     1 BACKWARD OMEGA   
    10     4    20     0   39.977  116.381  4800.0
     1 PRESSURE
     1     1    10     4    20     0     0     0     0.0   39.977  116.381   4561.9    559.9
     1     1    10     4    19    23     0     1    -1.0   40.132  115.716   4482.3    533.1
     1     1    10     4    19    22     0     2    -2.0   40.283  114.955   4443.6    497.9
     1     1    10     4    19    21     0     3    -3.0   40.437  114.129   4580.3    486.3
     1     1    10     4    19    20     0     2    -4.0   40.601  113.285   4704.7    467.0
     1     1    10     4    19    19     0     1    -5.0   40.773  112.411   4812.3    452.2
     1     1    10     4    19    18     0     0    -6.0   40.966  111.492   4861.9    443.6
     1     1    10     4    19    17     0     1    -7.0   41.167  110.518   4837.8    449.7
     1     1    10     4    19    16     0     2    -8.0   41.359  109.512   4863.2    459.9
     1     1    10     4    19    15     0     3    -9.0   41.519  108.488   4868.7    466.7
     1     1    10     4    19    14     0     2   -10.0   41.634  107.463   4820.7    471.9
     1     1    10     4    19    13     0     1   -11.0   41.749  106.411   4906.0    472.5
     1     1    10     4    19    12     0     0   -12.0   41.805  105.354   4895.9    473.7
     1     1    10     4    19    11     0     1   -13.0   41.767  104.304   4764.6    480.3
     1     1    10     4    19    10     0     2   -14.0   41.665  103.264   4753.3    477.4
     1     1    10     4    19     9     0     3   -15.0   41.530  102.240   4737.1    484.4
     1     1    10     4    19     8     0     2   -16.0   41.364  101.327   4678.0    495.8
     1     1    10     4    19     7     0     1   -17.0   41.185  100.506   4649.2    493.7
     1     1    10     4    19     6     0     0   -18.0   40.994   99.681   4541.4    487.9
     1     1    10     4    19     5     0     1   -19.0   40.812   98.895   4406.5    488.0
     1     1    10     4    19     4     0     2   -20.0   40.643   98.236   4326.0    489.3
     1     1    10     4    19     3     0     3   -21.0   40.485   97.617   4260.9    480.5
     1     1    10     4    19     2     0     2   -22.0   40.368   96.908   4170.4    466.7
     1     1    10     4    19     1     0     1   -23.0   40.280   96.148   4088.8    473.7
     1     1    10     4    19     0     0     0   -24.0   40.196   95.449   3962.7    495.5
     1     1    10     4    18    23     0     1   -25.0   40.160   94.828   3873.3    525.9
     1     1    10     4    18    22     0     2   -26.0   40.184   94.234   3886.2    540.2
     1     1    10     4    18    21     0     3   -27.0   40.236   93.657   3916.4    540.5
     1     1    10     4    18    20     0     2   -28.0   40.297   93.071   3857.5    540.1
     1     1    10     4    18    19     0     1   -29.0   40.364   92.473   3756.8    559.0
     1     1    10     4    18    18     0     0   -30.0   40.439   91.864   3686.2    568.2
     1     1    10     4    18    17     0     1   -31.0   40.476   91.271   3549.1    580.1
     1     1    10     4    18    16     0     2   -32.0   40.450   90.741   3315.8    603.2
     1     1    10     4    18    15     0     3   -33.0   40.392   90.270   3064.1    624.6
     1     1    10     4    18    14     0     2   -34.0   40.324   89.892   2832.9    643.1
     1     1    10     4    18    13     0     1   -35.0   40.268   89.660   2592.3    661.7
     1     1    10     4    18    12     0     0   -36.0   40.251   89.575   2317.5    683.9
     1     1    10     4    18    11     0     1   -37.0   40.274   89.584   2077.3    709.5
     1     1    10     4    18    10     0     2   -38.0   40.300   89.615   1915.0    722.2
     1     1    10     4    18     9     0     3   -39.0   40.312   89.653   1809.6    730.5
     1     1    10     4    18     8     0     2   -40.0   40.335   89.670   1762.7    735.5
     1     1    10     4    18     7     0     1   -41.0   40.398   89.618   1762.7    733.5
     1     1    10     4    18     6     0     0   -42.0   40.499   89.463   1825.7    726.0
     1     1    10     4    18     5     0     1   -43.0   40.616   89.196   1917.0    708.5
     1     1    10     4    18     4     0     2   -44.0   40.757   88.860   2003.1    698.0
     1     1    10     4    18     3     0     3   -45.0   40.923   88.480   2122.0    686.2
     1     1    10     4    18     2     0     2   -46.0   41.082   88.051   2269.5    670.1
     1     1    10     4    18     1     0     1   -47.0   41.207   87.571   2445.8    664.2
     1     1    10     4    18     0     0     0   -48.0   41.314   87.049   2653.3    656.4
     1     1    10     4    17    23     0     1   -49.0   41.396   86.484   2760.2    637.1
     1     1    10     4    17    22     0     2   -50.0   41.427   85.929   2657.1    640.8
     1     1    10     4    17    21     0     3   -51.0   41.424   85.431   2442.4    657.2
     1     1    10     4    17    20     0     2   -52.0   41.414   84.989   2244.1    669.4
     1     1    10     4    17    19     0     1   -53.0   41.406   84.595   2126.1    684.7
     1     1    10     4    17    18     0     0   -54.0   41.399   84.228   2088.8    691.4
     1     1    10     4    17    17     0     1   -55.0   41.376   83.914   2097.6    689.3
     1     1    10     4    17    16     0     2   -56.0   41.340   83.686   2104.8    687.7
     1     1    10     4    17    15     0     3   -57.0   41.300   83.525   2095.6    689.3
     1     1    10     4    17    14     0     2   -58.0   41.251   83.443   2046.7    694.0
     1     1    10     4    17    13     0     1   -59.0   41.211   83.462   1952.2    704.4
     1     1    10     4    17    12     0     0   -60.0   41.204   83.573   1837.3    715.9
     1     1    10     4    17    11     0     1   -61.0   41.226   83.720   1725.0    724.9
     1     1    10     4    17    10     0     2   -62.0   41.244   83.884   1593.8    735.7
     1     1    10     4    17     9     0     3   -63.0   41.239   84.081   1443.0    749.5
     1     1    10     4    17     8     0     2   -64.0   41.222   84.318   1298.2    765.4
     1     1    10     4    17     7     0     1   -65.0   41.228   84.578   1171.4    775.4
     1     1    10     4    17     6     0     0   -66.0   41.267   84.847   1058.8    783.2
     1     1    10     4    17     5     0     1   -67.0   41.316   85.115    994.3    790.4
     1     1    10     4    17     4     0     2   -68.0   41.353   85.391    961.8    795.2
     1     1    10     4    17     3     0     3   -69.0   41.388   85.675    921.8    800.9
     1     1    10     4    17     2     0     2   -70.0   41.443   85.960    860.7    811.1
     1     1    10     4    17     1     0     1   -71.0   41.526   86.229    811.1    817.6
     1     1    10     4    17     0     0     0   -72.0   41.635   86.458    791.8    817.0
     1     1    10     4    16    23     0     1   -73.0   41.747   86.637    766.6    815.5
     1     1    10     4    16    22     0     2   -74.0   41.823   86.801    710.9    822.2
     1     1    10     4    16    21     0     3   -75.0   41.853   86.990    632.4    833.8
     1     1    10     4    16    20     0     2   -76.0   41.872   87.205    580.2    838.8
     1     1    10     4    16    19     0     1   -77.0   41.923   87.398    589.6    831.8
     1     1    10     4    16    18     0     0   -78.0   42.001   87.558    648.0    820.8
     1     1    10     4    16    17     0     1   -79.0   42.097   87.677    743.2    800.5
     1     1    10     4    16    16     0     2   -80.0   42.211   87.746    866.3    782.0
     1     1    10     4    16    15     0     3   -81.0   42.356   87.740   1027.4    759.2
     1     1    10     4    16    14     0     2   -82.0   42.521   87.628   1221.6    721.2
     1     1    10     4    16    13     0     1   -83.0   42.699   87.416   1367.5    666.6
     1     1    10     4    16    12     0     0   -84.0   42.901   87.145   1330.9    599.6
     1     1    10     4    16    11     0     1   -85.0   43.105   86.811   1242.3    599.9
     1     1    10     4    16    10     0     2   -86.0   43.333   86.343   1365.2    637.0
     1     1    10     4    16     9     0     3   -87.0   43.594   85.690   1643.0    633.9
     1     1    10     4    16     8     0     2   -88.0   43.823   84.929   1710.4    607.4
     1     1    10     4    16     7     0     1   -89.0   43.979   84.194   1527.6    606.7
     1     1    10     4    16     6     0     0   -90.0   44.071   83.446   1390.7    649.6
     1     1    10     4    16     5     0     1   -91.0   44.111   82.767   1213.6    706.4
     1     1    10     4    16     4     0     2   -92.0   44.102   82.162   1054.8    751.9
     1     1    10     4    16     3     0     3   -93.0   44.099   81.544    967.2    785.6
     1     1    10     4    16     2     0     2   -94.0   44.148   80.867    914.0    812.4
     1     1    10     4    16     1     0     1   -95.0   44.232   80.121    938.4    825.7
     1     1    10     4    16     0     0     0   -96.0   44.315   79.305   1000.2    795.8
