     7     1
    GDAS    10     3    22     0     0
    GDAS    10     4     8     0     0
    GDAS    10     4    15     0     0
    GDAS    10     4    22     0     0
    GDAS    10     4    29     0     0
    GDAS    10     4     1     0     0
    GDAS    10     3    29     0     0
     1 BACKWARD OMEGA   
    10     4     7    18   39.977  116.381  5400.0
     1 PRESSURE
     1     1    10     4     7    18     0     0     0.0   39.977  116.381   5160.5    512.4
     1     1    10     4     7    17     0     1    -1.0   40.117  115.499   4981.7    483.4
     1     1    10     4     7    16     0     2    -2.0   40.319  114.665   4926.6    461.2
     1     1    10     4     7    15     0     3    -3.0   40.555  113.872   5029.4    450.5
     1     1    10     4     7    14     0     2    -4.0   40.809  113.079   5048.5    435.6
     1     1    10     4     7    13     0     1    -5.0   41.084  112.273   5151.5    426.3
     1     1    10     4     7    12     0     0    -6.0   41.375  111.460   5297.7    419.6
     1     1    10     4     7    11     0     1    -7.0   41.669  110.618   5383.0    421.8
     1     1    10     4     7    10     0     2    -8.0   42.003  109.802   5439.8    420.4
     1     1    10     4     7     9     0     3    -9.0   42.386  109.045   5498.8    418.8
     1     1    10     4     7     8     0     2   -10.0   42.762  108.253   5595.0    426.6
     1     1    10     4     7     7     0     1   -11.0   43.138  107.413   5655.5    425.0
     1     1    10     4     7     6     0     0   -12.0   43.582  106.552   5594.4    415.4
     1     1    10     4     7     5     0     1   -13.0   44.028  105.655   5543.0    412.7
     1     1    10     4     7     4     0     2   -14.0   44.478  104.682   5730.8    402.9
     1     1    10     4     7     3     0     3   -15.0   44.964  103.602   5953.4    392.4
     1     1    10     4     7     2     0     2   -16.0   45.470  102.425   5811.6    376.7
     1     1    10     4     7     1     0     1   -17.0   46.021  101.191   5696.2    363.6
     1     1    10     4     7     0     0     0   -18.0   46.601   99.803   5803.1    348.5
     1     1    10     4     6    23     0     1   -19.0   47.188   98.207   5751.4    336.9
     1     1    10     4     6    22     0     2   -20.0   47.790   96.334   6103.7    337.6
     1     1    10     4     6    21     0     3   -21.0   48.361   94.371   6377.3    352.7
     1     1    10     4     6    20     0     2   -22.0   48.779   92.495   6083.6    379.6
     1     1    10     4     6    19     0     1   -23.0   49.193   90.377   5939.2    346.3
     1     1    10     4     6    18     0     0   -24.0   49.662   87.946   5980.4    325.7
     1     1    10     4     6    17     0     1   -25.0   49.986   85.554   6080.3    359.2
     1     1    10     4     6    16     0     2   -26.0   50.164   83.404   6143.1    403.7
     1     1    10     4     6    15     0     3   -27.0   50.295   81.540   6158.5    435.3
     1     1    10     4     6    14     0     2   -28.0   50.368   79.922   6025.6    449.0
     1     1    10     4     6    13     0     1   -29.0   50.372   78.390   5908.7    455.0
     1     1    10     4     6    12     0     0   -30.0   50.318   76.984   5808.5    451.3
     1     1    10     4     6    11     0     1   -31.0   50.229   75.778   5769.2    448.1
     1     1    10     4     6    10     0     2   -32.0   50.113   74.758   5719.9    450.0
     1     1    10     4     6     9     0     3   -33.0   49.964   73.896   5706.3    454.7
     1     1    10     4     6     8     0     2   -34.0   49.801   73.165   5646.9    457.7
     1     1    10     4     6     7     0     1   -35.0   49.629   72.580   5531.5    468.4
     1     1    10     4     6     6     0     0   -36.0   49.447   72.159   5460.2    477.8
     1     1    10     4     6     5     0     1   -37.0   49.277   71.791   5463.6    478.5
     1     1    10     4     6     4     0     2   -38.0   49.145   71.345   5575.6    473.2
     1     1    10     4     6     3     0     3   -39.0   49.077   70.743   5868.5    458.3
     1     1    10     4     6     2     0     2   -40.0   49.030   70.001   6272.6    427.7
     1     1    10     4     6     1     0     1   -41.0   48.936   69.295   6420.4    417.3
     1     1    10     4     6     0     0     0   -42.0   48.818   68.673   6290.2    424.5
     1     1    10     4     5    23     0     1   -43.0   48.651   68.080   6120.8    435.3
     1     1    10     4     5    22     0     2   -44.0   48.399   67.535   5957.9    445.1
     1     1    10     4     5    21     0     3   -45.0   48.096   66.979   5667.0    456.4
     1     1    10     4     5    20     0     2   -46.0   47.748   66.389   5366.6    494.1
     1     1    10     4     5    19     0     1   -47.0   47.331   65.856   5195.3    512.7
     1     1    10     4     5    18     0     0   -48.0   46.856   65.350   5075.6    525.5
     1     1    10     4     5    17     0     1   -49.0   46.387   64.834   4953.2    539.3
     1     1    10     4     5    16     0     2   -50.0   45.914   64.417   4866.4    545.8
     1     1    10     4     5    15     0     3   -51.0   45.442   64.056   4711.1    551.6
     1     1    10     4     5    14     0     2   -52.0   45.012   63.655   4496.0    576.5
     1     1    10     4     5    13     0     1   -53.0   44.589   63.270   4346.9    590.2
     1     1    10     4     5    12     0     0   -54.0   44.117   62.995   4240.2    594.7
     1     1    10     4     5    11     0     1   -55.0   43.646   62.734   4093.8    603.5
     1     1    10     4     5    10     0     2   -56.0   43.235   62.416   3946.4    620.0
     1     1    10     4     5     9     0     3   -57.0   42.882   62.209   3865.5    628.5
     1     1    10     4     5     8     0     2   -58.0   42.593   62.060   3805.6    629.5
     1     1    10     4     5     7     0     1   -59.0   42.369   61.868   3725.6    635.1
     1     1    10     4     5     6     0     0   -60.0   42.205   61.648   3625.3    644.4
     1     1    10     4     5     5     0     1   -61.0   42.075   61.417   3537.4    654.5
     1     1    10     4     5     4     0     2   -62.0   41.952   61.180   3489.9    659.4
     1     1    10     4     5     3     0     3   -63.0   41.833   60.942   3479.0    660.7
     1     1    10     4     5     2     0     2   -64.0   41.716   60.688   3478.3    657.9
     1     1    10     4     5     1     0     1   -65.0   41.597   60.410   3470.7    657.4
     1     1    10     4     5     0     0     0   -66.0   41.480   60.123   3457.2    656.8
     1     1    10     4     4    23     0     1   -67.0   41.363   59.833   3450.3    658.5
     1     1    10     4     4    22     0     2   -68.0   41.246   59.537   3465.2    659.1
     1     1    10     4     4    21     0     3   -69.0   41.128   59.228   3505.0    657.3
     1     1    10     4     4    20     0     2   -70.0   41.014   58.917   3559.6    653.0
     1     1    10     4     4    19     0     1   -71.0   40.910   58.613   3608.8    648.1
     1     1    10     4     4    18     0     0   -72.0   40.809   58.313   3649.2    645.3
     1     1    10     4     4    17     0     1   -73.0   40.712   58.014   3682.3    643.1
     1     1    10     4     4    16     0     2   -74.0   40.632   57.708   3708.5    641.6
     1     1    10     4     4    15     0     3   -75.0   40.574   57.389   3727.5    639.9
     1     1    10     4     4    14     0     2   -76.0   40.532   57.060   3746.3    639.2
     1     1    10     4     4    13     0     1   -77.0   40.497   56.715   3772.4    635.6
     1     1    10     4     4    12     0     0   -78.0   40.469   56.348   3806.9    631.1
     1     1    10     4     4    11     0     1   -79.0   40.443   55.949   3845.9    625.8
     1     1    10     4     4    10     0     2   -80.0   40.414   55.520   3891.7    621.1
     1     1    10     4     4     9     0     3   -81.0   40.386   55.063   3960.7    614.8
     1     1    10     4     4     8     0     2   -82.0   40.364   54.584   4030.8    605.8
     1     1    10     4     4     7     0     1   -83.0   40.352   54.089   4051.4    602.9
     1     1    10     4     4     6     0     0   -84.0   40.344   53.575   4026.8    610.7
     1     1    10     4     4     5     0     1   -85.0   40.330   53.055   3991.1    623.6
     1     1    10     4     4     4     0     2   -86.0   40.310   52.547   3971.6    625.8
     1     1    10     4     4     3     0     3   -87.0   40.282   52.068   3987.7    624.2
     1     1    10     4     4     2     0     2   -88.0   40.258   51.599   4018.3    620.0
     1     1    10     4     4     1     0     1   -89.0   40.249   51.130   4043.9    619.5
     1     1    10     4     4     0     0     0   -90.0   40.262   50.669   4068.6    616.9
     1     1    10     4     3    23     0     1   -91.0   40.284   50.209   4079.3    614.8
     1     1    10     4     3    22     0     2   -92.0   40.301   49.728   4067.3    611.5
     1     1    10     4     3    21     0     3   -93.0   40.324   49.216   4047.5    602.7
     1     1    10     4     3    20     0     2   -94.0   40.359   48.687   4024.8    591.6
     1     1    10     4     3    19     0     1   -95.0   40.399   48.156   3973.9    578.7
     1     1    10     4     3    18     0     0   -96.0   40.430   47.620   3920.1    581.2
