     7     1
    GDAS    10     3    22     0     0
    GDAS    10     4     8     0     0
    GDAS    10     4    15     0     0
    GDAS    10     4    22     0     0
    GDAS    10     4    29     0     0
    GDAS    10     4     1     0     0
    GDAS    10     3    29     0     0
     1 BACKWARD OMEGA   
    10     4     3    12   39.977  116.381  6400.0
     1 PRESSURE
     1     1    10     4     3    12     0     0     0.0   39.977  116.381   6158.2    442.8
     1     1    10     4     3    11     0     1    -1.0   40.186  115.105   6060.3    394.2
     1     1    10     4     3    10     0     2    -2.0   40.351  113.851   6080.3    383.0
     1     1    10     4     3     9     0     3    -3.0   40.509  112.729   5878.6    388.4
     1     1    10     4     3     8     0     2    -4.0   40.675  111.580   5974.4    377.2
     1     1    10     4     3     7     0     1    -5.0   40.824  110.406   5997.1    373.9
     1     1    10     4     3     6     0     0    -6.0   40.940  109.318   5924.5    393.8
     1     1    10     4     3     5     0     1    -7.0   41.042  108.269   5931.1    409.1
     1     1    10     4     3     4     0     2    -8.0   41.164  107.173   5845.9    399.4
     1     1    10     4     3     3     0     3    -9.0   41.309  106.077   5835.0    399.5
     1     1    10     4     3     2     0     2   -10.0   41.460  105.024   5841.5    407.9
     1     1    10     4     3     1     0     1   -11.0   41.625  103.988   5770.3    408.7
     1     1    10     4     3     0     0     0   -12.0   41.825  102.984   5762.4    410.0
     1     1    10     4     2    23     0     1   -13.0   42.021  102.069   5804.4    417.4
     1     1    10     4     2    22     0     2   -14.0   42.183  101.227   5721.2    418.3
     1     1    10     4     2    21     0     3   -15.0   42.334  100.409   5642.8    422.0
     1     1    10     4     2    20     0     2   -16.0   42.493   99.596   5645.0    416.1
     1     1    10     4     2    19     0     1   -17.0   42.650   98.795   5601.0    411.0
     1     1    10     4     2    18     0     0   -18.0   42.797   98.035   5545.3    410.0
     1     1    10     4     2    17     0     1   -19.0   42.939   97.298   5496.7    409.3
     1     1    10     4     2    16     0     2   -20.0   43.086   96.583   5537.7    417.0
     1     1    10     4     2    15     0     3   -21.0   43.249   95.911   5619.8    419.7
     1     1    10     4     2    14     0     2   -22.0   43.411   95.265   5637.7    412.8
     1     1    10     4     2    13     0     1   -23.0   43.558   94.624   5655.9    414.2
     1     1    10     4     2    12     0     0   -24.0   43.704   94.006   5594.3    409.5
     1     1    10     4     2    11     0     1   -25.0   43.833   93.430   5476.7    412.5
     1     1    10     4     2    10     0     2   -26.0   43.928   92.887   5332.8    402.9
     1     1    10     4     2     9     0     3   -27.0   44.005   92.396   5271.8    405.1
     1     1    10     4     2     8     0     2   -28.0   44.070   91.955   5261.1    411.9
     1     1    10     4     2     7     0     1   -29.0   44.127   91.547   5282.1    419.4
     1     1    10     4     2     6     0     0   -30.0   44.189   91.180   5307.6    425.4
     1     1    10     4     2     5     0     1   -31.0   44.248   90.832   5332.0    430.8
     1     1    10     4     2     4     0     2   -32.0   44.293   90.481   5350.2    438.3
     1     1    10     4     2     3     0     3   -33.0   44.332   90.124   5367.5    445.7
     1     1    10     4     2     2     0     2   -34.0   44.363   89.761   5364.1    445.2
     1     1    10     4     2     1     0     1   -35.0   44.371   89.393   5358.7    439.8
     1     1    10     4     2     0     0     0   -36.0   44.354   89.025   5360.3    433.7
     1     1    10     4     1    23     0     1   -37.0   44.326   88.670   5387.4    432.6
     1     1    10     4     1    22     0     2   -38.0   44.296   88.327   5399.8    433.6
     1     1    10     4     1    21     0     3   -39.0   44.263   87.991   5396.0    435.5
     1     1    10     4     1    20     0     2   -40.0   44.235   87.675   5430.1    446.5
     1     1    10     4     1    19     0     1   -41.0   44.218   87.391   5481.3    454.5
     1     1    10     4     1    18     0     0   -42.0   44.206   87.138   5542.9    461.0
     1     1    10     4     1    17     0     1   -43.0   44.204   86.923   5576.7    461.0
     1     1    10     4     1    16     0     2   -44.0   44.219   86.752   5556.7    455.7
     1     1    10     4     1    15     0     3   -45.0   44.251   86.625   5512.8    454.7
     1     1    10     4     1    14     0     2   -46.0   44.297   86.516   5454.3    456.9
     1     1    10     4     1    13     0     1   -47.0   44.354   86.395   5383.8    459.5
     1     1    10     4     1    12     0     0   -48.0   44.421   86.263   5291.9    464.1
     1     1    10     4     1    11     0     1   -49.0   44.488   86.127   5202.9    471.8
     1     1    10     4     1    10     0     2   -50.0   44.546   85.995   5151.3    475.8
     1     1    10     4     1     9     0     3   -51.0   44.591   85.864   5143.3    477.4
     1     1    10     4     1     8     0     2   -52.0   44.637   85.743   5161.3    476.5
     1     1    10     4     1     7     0     1   -53.0   44.696   85.647   5187.6    478.6
     1     1    10     4     1     6     0     0   -54.0   44.768   85.581   5223.2    481.9
     1     1    10     4     1     5     0     1   -55.0   44.856   85.538   5270.8    486.2
     1     1    10     4     1     4     0     2   -56.0   44.963   85.511   5339.4    491.3
     1     1    10     4     1     3     0     3   -57.0   45.091   85.491   5410.9    489.4
     1     1    10     4     1     2     0     2   -58.0   45.233   85.465   5493.4    482.3
     1     1    10     4     1     1     0     1   -59.0   45.375   85.438   5586.9    474.6
     1     1    10     4     1     0     0     0   -60.0   45.521   85.416   5683.4    466.5
     1     1    10     3    31    23     0     1   -61.0   45.679   85.393   5771.2    458.6
     1     1    10     3    31    22     0     2   -62.0   45.857   85.368   5845.7    451.6
     1     1    10     3    31    21     0     3   -63.0   46.056   85.354   5897.4    442.0
     1     1    10     3    31    20     0     2   -64.0   46.295   85.330   5897.6    422.9
     1     1    10     3    31    19     0     1   -65.0   46.601   85.279   5879.2    399.0
     1     1    10     3    31    18     0     0   -66.0   46.984   85.219   5830.8    371.6
     1     1    10     3    31    17     0     1   -67.0   47.408   85.146   6060.8    393.6
     1     1    10     3    31    16     0     2   -68.0   47.835   85.077   6295.9    418.2
     1     1    10     3    31    15     0     3   -69.0   48.295   85.036   6322.2    413.2
     1     1    10     3    31    14     0     2   -70.0   48.821   84.944   6245.9    387.2
     1     1    10     3    31    13     0     1   -71.0   49.415   84.754   6335.3    374.6
     1     1    10     3    31    12     0     0   -72.0   50.085   84.519   6507.5    364.0
     1     1    10     3    31    11     0     1   -73.0   50.808   84.227   6676.5    352.2
     1     1    10     3    31    10     0     2   -74.0   51.547   83.876   6970.2    368.5
     1     1    10     3    31     9     0     3   -75.0   52.314   83.490   7213.4    381.1
     1     1    10     3    31     8     0     2   -76.0   53.085   83.027   7275.3    379.8
     1     1    10     3    31     7     0     1   -77.0   53.846   82.464   7325.5    377.5
     1     1    10     3    31     6     0     0   -78.0   54.619   81.833   7385.2    375.7
     1     1    10     3    31     5     0     1   -79.0   55.369   81.131   7410.8    374.4
     1     1    10     3    31     4     0     2   -80.0   56.065   80.364   7422.2    375.1
     1     1    10     3    31     3     0     3   -81.0   56.735   79.553   7455.8    372.2
     1     1    10     3    31     2     0     2   -82.0   57.380   78.675   7486.1    370.5
     1     1    10     3    31     1     0     1   -83.0   57.985   77.701   7482.4    371.5
     1     1    10     3    31     0     0     0   -84.0   58.573   76.660   7469.7    373.3
     1     1    10     3    30    23     0     1   -85.0   59.114   75.500   7464.0    374.0
     1     1    10     3    30    22     0     2   -86.0   59.566   74.183   7432.2    375.7
     1     1    10     3    30    21     0     3   -87.0   59.968   72.779   7392.2    378.4
     1     1    10     3    30    20     0     2   -88.0   60.311   71.284   7368.7    380.1
     1     1    10     3    30    19     0     1   -89.0   60.559   69.682   7345.1    383.3
     1     1    10     3    30    18     0     0   -90.0   60.749   68.001   7274.0    386.6
     1     1    10     3    30    17     0     1   -91.0   60.872   66.252   7118.0    395.0
     1     1    10     3    30    16     0     2   -92.0   60.882   64.414   7059.0    398.4
     1     1    10     3    30    15     0     3   -93.0   60.761   62.479   7239.7    387.3
     1     1    10     3    30    14     0     2   -94.0   60.543   60.540   7280.6    378.9
     1     1    10     3    30    13     0     1   -95.0   60.264   58.729   6872.1    388.2
     1     1    10     3    30    12     0     0   -96.0   59.889   56.905   6989.8    399.7
