     5     1
    GDAS    10     3     1     0     0
    GDAS    10     3     8     0     0
    GDAS    10     3    15     0     0
    GDAS    10     3    22     0     0
    GDAS    10     3    29     0     0
     1 BACKWARD OMEGA   
    10     3    31     6   39.977  116.381  4600.0
     1 PRESSURE
     1     1    10     3    31     6     0     0     0.0   39.977  116.381   4362.1    568.0
     1     1    10     3    31     5     0     1    -1.0   39.709  115.492   4242.0    549.9
     1     1    10     3    31     4     0     2    -2.0   39.455  114.517   4152.3    532.8
     1     1    10     3    31     3     0     3    -3.0   39.240  113.444   4058.0    515.6
     1     1    10     3    31     2     0     2    -4.0   39.057  112.304   4015.7    506.0
     1     1    10     3    31     1     0     1    -5.0   38.886  111.137   4151.5    514.1
     1     1    10     3    31     0     0     0    -6.0   38.720  110.063   4338.1    505.5
     1     1    10     3    30    23     0     1    -7.0   38.550  109.043   4403.5    489.3
     1     1    10     3    30    22     0     2    -8.0   38.365  108.081   4325.6    491.6
     1     1    10     3    30    21     0     3    -9.0   38.191  107.256   4142.3    505.6
     1     1    10     3    30    20     0     2   -10.0   38.049  106.547   3996.3    518.6
     1     1    10     3    30    19     0     1   -11.0   37.918  105.915   3881.2    530.6
     1     1    10     3    30    18     0     0   -12.0   37.794  105.320   3740.8    529.4
     1     1    10     3    30    17     0     1   -13.0   37.686  104.720   3611.5    531.2
     1     1    10     3    30    16     0     2   -14.0   37.606  104.111   3529.5    532.3
     1     1    10     3    30    15     0     3   -15.0   37.563  103.469   3467.9    516.2
     1     1    10     3    30    14     0     2   -16.0   37.548  102.748   3389.7    494.2
     1     1    10     3    30    13     0     1   -17.0   37.555  101.875   3376.3    460.1
     1     1    10     3    30    12     0     0   -18.0   37.614  100.814   3423.1    419.3
     1     1    10     3    30    11     0     1   -19.0   37.762   99.623   3565.0    389.3
     1     1    10     3    30    10     0     2   -20.0   37.939   98.269   3479.7    370.7
     1     1    10     3    30     9     0     3   -21.0   38.093   96.856   3295.0    377.6
     1     1    10     3    30     8     0     2   -22.0   38.279   95.427   3566.3    386.9
     1     1    10     3    30     7     0     1   -23.0   38.496   94.232   3768.2    415.7
     1     1    10     3    30     6     0     0   -24.0   38.710   93.228   3795.3    420.0
     1     1    10     3    30     5     0     1   -25.0   38.914   92.246   3880.7    425.5
     1     1    10     3    30     4     0     2   -26.0   39.103   91.311   3860.3    430.1
     1     1    10     3    30     3     0     3   -27.0   39.290   90.448   3876.8    465.1
     1     1    10     3    30     2     0     2   -28.0   39.475   89.682   3900.8    507.4
     1     1    10     3    30     1     0     1   -29.0   39.642   88.997   3919.1    535.1
     1     1    10     3    30     0     0     0   -30.0   39.807   88.377   3935.9    552.5
     1     1    10     3    29    23     0     1   -31.0   39.971   87.810   3939.0    557.1
     1     1    10     3    29    22     0     2   -32.0   40.127   87.275   3931.1    556.6
     1     1    10     3    29    21     0     3   -33.0   40.277   86.749   3930.7    558.9
     1     1    10     3    29    20     0     2   -34.0   40.415   86.232   3947.2    559.9
     1     1    10     3    29    19     0     1   -35.0   40.542   85.729   3963.5    557.0
     1     1    10     3    29    18     0     0   -36.0   40.658   85.244   3960.4    551.7
     1     1    10     3    29    17     0     1   -37.0   40.774   84.788   3945.2    550.6
     1     1    10     3    29    16     0     2   -38.0   40.899   84.368   3934.0    553.4
     1     1    10     3    29    15     0     3   -39.0   41.036   83.981   3927.2    553.5
     1     1    10     3    29    14     0     2   -40.0   41.185   83.563   3930.9    548.3
     1     1    10     3    29    13     0     1   -41.0   41.338   83.071   3990.4    537.8
     1     1    10     3    29    12     0     0   -42.0   41.491   82.533   4089.7    516.6
     1     1    10     3    29    11     0     1   -43.0   41.641   81.970   4162.0    492.3
     1     1    10     3    29    10     0     2   -44.0   41.794   81.320   4034.9    433.7
     1     1    10     3    29     9     0     3   -45.0   41.977   80.487   3859.6    375.9
     1     1    10     3    29     8     0     2   -46.0   42.179   79.506   3952.2    380.8
     1     1    10     3    29     7     0     1   -47.0   42.318   78.620   3916.5    403.7
     1     1    10     3    29     6     0     0   -48.0   42.391   77.878   3690.1    426.0
     1     1    10     3    29     5     0     1   -49.0   42.405   77.217   3631.1    448.1
     1     1    10     3    29     4     0     2   -50.0   42.387   76.575   3715.4    455.9
     1     1    10     3    29     3     0     3   -51.0   42.359   75.927   3781.4    456.6
     1     1    10     3    29     2     0     2   -52.0   42.327   75.289   3783.3    465.8
     1     1    10     3    29     1     0     1   -53.0   42.287   74.664   3750.6    473.7
     1     1    10     3    29     0     0     0   -54.0   42.219   74.022   3684.7    477.8
     1     1    10     3    28    23     0     1   -55.0   42.133   73.396   3602.6    480.1
     1     1    10     3    28    22     0     2   -56.0   42.042   72.838   3524.1    479.2
     1     1    10     3    28    21     0     3   -57.0   41.938   72.335   3399.9    481.3
     1     1    10     3    28    20     0     2   -58.0   41.814   71.957   3213.6    512.0
     1     1    10     3    28    19     0     1   -59.0   41.669   71.738   2984.4    546.8
     1     1    10     3    28    18     0     0   -60.0   41.506   71.653   2781.8    583.7
     1     1    10     3    28    17     0     1   -61.0   41.369   71.664   2633.8    621.7
     1     1    10     3    28    16     0     2   -62.0   41.289   71.699   2557.7    642.9
     1     1    10     3    28    15     0     3   -63.0   41.261   71.722   2537.3    650.7
     1     1    10     3    28    14     0     2   -64.0   41.257   71.719   2536.0    648.3
     1     1    10     3    28    13     0     1   -65.0   41.253   71.695   2521.2    648.8
     1     1    10     3    28    12     0     0   -66.0   41.247   71.651   2493.4    649.4
     1     1    10     3    28    11     0     1   -67.0   41.249   71.602   2469.5    649.4
     1     1    10     3    28    10     0     2   -68.0   41.270   71.556   2463.2    643.5
     1     1    10     3    28     9     0     3   -69.0   41.314   71.507   2472.0    632.7
     1     1    10     3    28     8     0     2   -70.0   41.401   71.440   2502.3    613.5
     1     1    10     3    28     7     0     1   -71.0   41.569   71.329   2558.1    577.7
     1     1    10     3    28     6     0     0   -72.0   41.861   71.133   2619.4    521.8
     1     1    10     3    28     5     0     1   -73.0   42.268   70.885   2849.4    543.1
     1     1    10     3    28     4     0     2   -74.0   42.703   70.707   3188.7    594.1
     1     1    10     3    28     3     0     3   -75.0   43.161   70.577   3443.3    618.3
     1     1    10     3    28     2     0     2   -76.0   43.658   70.412   3635.4    620.9
     1     1    10     3    28     1     0     1   -77.0   44.214   70.157   3894.4    611.4
     1     1    10     3    28     0     0     0   -78.0   44.837   69.792   4154.5    589.6
     1     1    10     3    27    23     0     1   -79.0   45.511   69.358   4376.3    569.4
     1     1    10     3    27    22     0     2   -80.0   46.254   68.906   4569.6    551.9
     1     1    10     3    27    21     0     3   -81.0   47.079   68.421   4702.8    537.4
     1     1    10     3    27    20     0     2   -82.0   47.956   67.843   4846.4    519.1
     1     1    10     3    27    19     0     1   -83.0   48.852   67.167   5000.9    498.1
     1     1    10     3    27    18     0     0   -84.0   49.764   66.445   5179.0    499.8
     1     1    10     3    27    17     0     1   -85.0   50.658   65.657   5320.7    495.3
     1     1    10     3    27    16     0     2   -86.0   51.524   64.819   5471.6    485.2
     1     1    10     3    27    15     0     3   -87.0   52.445   63.969   5576.1    476.5
     1     1    10     3    27    14     0     2   -88.0   53.384   63.064   5577.2    475.8
     1     1    10     3    27    13     0     1   -89.0   54.288   62.027   5592.4    473.7
     1     1    10     3    27    12     0     0   -90.0   55.237   60.807   5606.2    463.8
     1     1    10     3    27    11     0     1   -91.0   56.180   59.446   5497.2    465.1
     1     1    10     3    27    10     0     2   -92.0   57.038   58.004   5453.0    474.7
     1     1    10     3    27     9     0     3   -93.0   57.828   56.402   5417.8    481.5
     1     1    10     3    27     8     0     2   -94.0   58.546   54.727   5306.1    488.2
     1     1    10     3    27     7     0     1   -95.0   59.204   53.024   5159.3    495.3
     1     1    10     3    27     6     0     0   -96.0   59.807   51.260   5016.3    508.6
