     5     1
    GDAS    10     3     1     0     0
    GDAS    10     3     8     0     0
    GDAS    10     3    15     0     0
    GDAS    10     3    22     0     0
    GDAS    10     3    29     0     0
     1 BACKWARD OMEGA   
    10     3    21    18   39.977  116.381  5600.0
     1 PRESSURE
     1     1    10     3    21    18     0     0     0.0   39.977  116.381   5356.1    495.3
     1     1    10     3    21    17     0     1    -1.0   40.074  114.654   5302.8    437.9
     1     1    10     3    21    16     0     2    -2.0   40.145  112.925   5522.5    418.0
     1     1    10     3    21    15     0     3    -3.0   40.191  111.242   5690.6    411.9
     1     1    10     3    21    14     0     2    -4.0   40.200  109.506   5570.6    418.4
     1     1    10     3    21    13     0     1    -5.0   40.243  107.750   5606.1    420.4
     1     1    10     3    21    12     0     0    -6.0   40.300  106.082   5659.0    421.8
     1     1    10     3    21    11     0     1    -7.0   40.304  104.501   5627.2    413.1
     1     1    10     3    21    10     0     2    -8.0   40.322  102.967   5588.9    414.1
     1     1    10     3    21     9     0     3    -9.0   40.404  101.405   5727.4    417.0
     1     1    10     3    21     8     0     2   -10.0   40.575   99.866   5863.6    405.0
     1     1    10     3    21     7     0     1   -11.0   40.811   98.269   5850.0    392.8
     1     1    10     3    21     6     0     0   -12.0   40.959   96.579   5552.2    392.2
     1     1    10     3    21     5     0     1   -13.0   41.088   94.946   5299.9    420.8
     1     1    10     3    21     4     0     2   -14.0   41.272   93.417   5299.6    442.7
     1     1    10     3    21     3     0     3   -15.0   41.359   91.887   5364.6    449.1
     1     1    10     3    21     2     0     2   -16.0   41.440   90.418   5232.9    456.3
     1     1    10     3    21     1     0     1   -17.0   41.510   88.966   5082.8    460.8
     1     1    10     3    21     0     0     0   -18.0   41.489   87.392   5081.8    466.6
     1     1    10     3    20    23     0     1   -19.0   41.466   85.763   5225.1    455.9
     1     1    10     3    20    22     0     2   -20.0   41.474   84.127   5184.3    450.8
     1     1    10     3    20    21     0     3   -21.0   41.428   82.551   4898.3    468.2
     1     1    10     3    20    20     0     2   -22.0   41.254   81.038   4786.8    450.0
     1     1    10     3    20    19     0     1   -23.0   41.000   79.708   4687.5    473.5
     1     1    10     3    20    18     0     0   -24.0   40.698   78.294   4311.6    433.5
     1     1    10     3    20    17     0     1   -25.0   40.435   76.656   4414.7    423.0
     1     1    10     3    20    16     0     2   -26.0   40.239   74.852   4451.3    387.1
     1     1    10     3    20    15     0     3   -27.0   40.053   73.029   4194.9    406.9
     1     1    10     3    20    14     0     2   -28.0   39.857   71.578   3593.4    482.6
     1     1    10     3    20    13     0     1   -29.0   39.592   70.320   3338.7    524.7
     1     1    10     3    20    12     0     0   -30.0   39.275   69.073   3103.7    524.1
     1     1    10     3    20    11     0     1   -31.0   38.963   67.884   2793.3    521.1
     1     1    10     3    20    10     0     2   -32.0   38.689   66.941   2822.3    610.7
     1     1    10     3    20     9     0     3   -33.0   38.458   66.316   2837.1    659.5
     1     1    10     3    20     8     0     2   -34.0   38.251   65.854   2843.4    677.8
     1     1    10     3    20     7     0     1   -35.0   38.053   65.460   2825.2    687.7
     1     1    10     3    20     6     0     0   -36.0   37.872   65.144   2763.4    707.7
     1     1    10     3    20     5     0     1   -37.0   37.719   64.901   2678.3    721.2
     1     1    10     3    20     4     0     2   -38.0   37.592   64.690   2612.9    723.4
     1     1    10     3    20     3     0     3   -39.0   37.478   64.493   2576.6    722.0
     1     1    10     3    20     2     0     2   -40.0   37.362   64.298   2545.7    719.6
     1     1    10     3    20     1     0     1   -41.0   37.237   64.105   2494.2    719.5
     1     1    10     3    20     0     0     0   -42.0   37.109   63.935   2408.2    723.9
     1     1    10     3    19    23     0     1   -43.0   37.000   63.806   2299.3    733.6
     1     1    10     3    19    22     0     2   -44.0   36.914   63.715   2182.2    742.6
     1     1    10     3    19    21     0     3   -45.0   36.858   63.651   2053.7    753.0
     1     1    10     3    19    20     0     2   -46.0   36.851   63.599   1918.1    766.7
     1     1    10     3    19    19     0     1   -47.0   36.918   63.531   1792.5    781.6
     1     1    10     3    19    18     0     0   -48.0   37.076   63.414   1696.4    795.7
     1     1    10     3    19    17     0     1   -49.0   37.289   63.213   1614.9    806.0
     1     1    10     3    19    16     0     2   -50.0   37.558   62.928   1525.1    822.3
     1     1    10     3    19    15     0     3   -51.0   37.919   62.539   1426.7    839.2
     1     1    10     3    19    14     0     2   -52.0   38.289   62.037   1365.1    852.5
     1     1    10     3    19    13     0     1   -53.0   38.591   61.487   1370.4    851.1
     1     1    10     3    19    12     0     0   -54.0   38.854   60.895   1408.4    843.9
     1     1    10     3    19    11     0     1   -55.0   39.082   60.258   1502.5    845.6
     1     1    10     3    19    10     0     2   -56.0   39.229   59.577   1590.5    824.0
     1     1    10     3    19     9     0     3   -57.0   39.295   58.857   1590.5    820.1
     1     1    10     3    19     8     0     2   -58.0   39.329   58.140   1655.3    836.5
     1     1    10     3    19     7     0     1   -59.0   39.282   57.442   1739.8    812.8
     1     1    10     3    19     6     0     0   -60.0   39.170   56.768   1712.7    811.6
     1     1    10     3    19     5     0     1   -61.0   39.025   56.143   1648.6    813.8
     1     1    10     3    19     4     0     2   -62.0   38.884   55.595   1601.6    812.4
     1     1    10     3    19     3     0     3   -63.0   38.789   55.128   1549.7    823.3
     1     1    10     3    19     2     0     2   -64.0   38.726   54.734   1496.1    834.9
     1     1    10     3    19     1     0     1   -65.0   38.666   54.415   1425.4    847.1
     1     1    10     3    19     0     0     0   -66.0   38.598   54.177   1332.3    860.0
     1     1    10     3    18    23     0     1   -67.0   38.552   54.004   1228.3    875.5
     1     1    10     3    18    22     0     2   -68.0   38.546   53.862   1138.1    887.8
     1     1    10     3    18    21     0     3   -69.0   38.568   53.744   1087.3    894.9
     1     1    10     3    18    20     0     2   -70.0   38.603   53.652   1070.1    895.4
     1     1    10     3    18    19     0     1   -71.0   38.645   53.593   1062.9    895.6
     1     1    10     3    18    18     0     0   -72.0   38.696   53.566   1055.5    896.1
     1     1    10     3    18    17     0     1   -73.0   38.762   53.565   1048.8    897.8
     1     1    10     3    18    16     0     2   -74.0   38.844   53.586   1048.0    898.6
     1     1    10     3    18    15     0     3   -75.0   38.943   53.627   1054.8    898.8
     1     1    10     3    18    14     0     2   -76.0   39.051   53.676   1060.4    896.8
     1     1    10     3    18    13     0     1   -77.0   39.160   53.717   1051.5    895.1
     1     1    10     3    18    12     0     0   -78.0   39.274   53.746   1022.9    895.6
     1     1    10     3    18    11     0     1   -79.0   39.396   53.779    987.2    898.1
     1     1    10     3    18    10     0     2   -80.0   39.521   53.837    954.9    898.3
     1     1    10     3    18     9     0     3   -81.0   39.643   53.920    927.6    897.3
     1     1    10     3    18     8     0     2   -82.0   39.736   54.011    905.0    896.0
     1     1    10     3    18     7     0     1   -83.0   39.784   54.092    887.5    897.0
     1     1    10     3    18     6     0     0   -84.0   39.791   54.171    874.5    898.5
     1     1    10     3    18     5     0     1   -85.0   39.764   54.292    874.1    900.2
     1     1    10     3    18     4     0     2   -86.0   39.697   54.509    888.8    899.1
     1     1    10     3    18     3     0     3   -87.0   39.582   54.831    914.1    896.0
     1     1    10     3    18     2     0     2   -88.0   39.454   55.205    953.6    890.7
     1     1    10     3    18     1     0     1   -89.0   39.343   55.575    992.4    884.1
     1     1    10     3    18     0     0     0   -90.0   39.241   55.950   1008.3    879.2
     1     1    10     3    17    23     0     1   -91.0   39.130   56.340   1007.4    885.9
     1     1    10     3    17    22     0     2   -92.0   38.996   56.738   1005.8    894.0
     1     1    10     3    17    21     0     3   -93.0   38.842   57.100   1024.9    882.9
     1     1    10     3    17    20     0     2   -94.0   38.692   57.371   1085.3    861.8
     1     1    10     3    17    19     0     1   -95.0   38.554   57.561   1170.2    839.6
     1     1    10     3    17    18     0     0   -96.0   38.418   57.683   1252.6    818.8
