     7     1
    GDAS    10     3    22     0     0
    GDAS    10     4     8     0     0
    GDAS    10     4    15     0     0
    GDAS    10     4    22     0     0
    GDAS    10     4    29     0     0
    GDAS    10     4     1     0     0
    GDAS    10     3    29     0     0
     1 BACKWARD OMEGA   
    10     4    24     6   39.977  116.381  8000.0
     1 PRESSURE
     1     1    10     4    24     6     0     0     0.0   39.977  116.381   7759.5    358.1
     1     1    10     4    24     5     0     1    -1.0   40.193  115.349   7544.0    330.5
     1     1    10     4    24     4     0     2    -2.0   40.415  114.224   7459.2    321.6
     1     1    10     4    24     3     0     3    -3.0   40.603  113.081   7371.7    316.3
     1     1    10     4    24     2     0     2    -4.0   40.759  111.902   7356.4    313.1
     1     1    10     4    24     1     0     1    -5.0   40.909  110.721   7366.6    309.9
     1     1    10     4    24     0     0     0    -6.0   41.042  109.561   7403.9    318.3
     1     1    10     4    23    23     0     1    -7.0   41.143  108.457   7457.2    330.6
     1     1    10     4    23    22     0     2    -8.0   41.217  107.349   7458.9    322.9
     1     1    10     4    23    21     0     3    -9.0   41.260  106.220   7416.2    320.9
     1     1    10     4    23    20     0     2   -10.0   41.275  105.106   7464.6    327.3
     1     1    10     4    23    19     0     1   -11.0   41.275  104.008   7488.1    323.3
     1     1    10     4    23    18     0     0   -12.0   41.249  102.914   7501.4    321.5
     1     1    10     4    23    17     0     1   -13.0   41.213  101.868   7453.1    331.4
     1     1    10     4    23    16     0     2   -14.0   41.200  100.893   7367.1    340.8
     1     1    10     4    23    15     0     3   -15.0   41.208   99.932   7298.6    338.5
     1     1    10     4    23    14     0     2   -16.0   41.232   98.940   7202.9    329.4
     1     1    10     4    23    13     0     1   -17.0   41.256   97.950   7119.7    329.3
     1     1    10     4    23    12     0     0   -18.0   41.286   97.002   6928.6    323.8
     1     1    10     4    23    11     0     1   -19.0   41.336   96.113   6823.7    328.4
     1     1    10     4    23    10     0     2   -20.0   41.391   95.236   6880.3    337.5
     1     1    10     4    23     9     0     3   -21.0   41.442   94.372   6988.8    346.9
     1     1    10     4    23     8     0     2   -22.0   41.497   93.560   7048.7    352.4
     1     1    10     4    23     7     0     1   -23.0   41.564   92.821   7055.8    355.8
     1     1    10     4    23     6     0     0   -24.0   41.641   92.153   7064.8    358.5
     1     1    10     4    23     5     0     1   -25.0   41.723   91.526   7059.9    356.8
     1     1    10     4    23     4     0     2   -26.0   41.800   90.901   7045.2    353.4
     1     1    10     4    23     3     0     3   -27.0   41.862   90.264   7088.4    355.6
     1     1    10     4    23     2     0     2   -28.0   41.917   89.633   7112.9    353.8
     1     1    10     4    23     1     0     1   -29.0   41.971   89.018   7067.8    352.6
     1     1    10     4    23     0     0     0   -30.0   42.015   88.395   6961.4    354.0
     1     1    10     4    22    23     0     1   -31.0   42.063   87.792   6879.6    356.4
     1     1    10     4    22    22     0     2   -32.0   42.128   87.247   6813.3    356.6
     1     1    10     4    22    21     0     3   -33.0   42.203   86.741   6693.4    351.3
     1     1    10     4    22    20     0     2   -34.0   42.287   86.248   6568.6    344.2
     1     1    10     4    22    19     0     1   -35.0   42.385   85.749   6469.7    336.8
     1     1    10     4    22    18     0     0   -36.0   42.496   85.220   6412.7    331.1
     1     1    10     4    22    17     0     1   -37.0   42.623   84.647   6409.3    328.3
     1     1    10     4    22    16     0     2   -38.0   42.770   84.029   6432.2    327.2
     1     1    10     4    22    15     0     3   -39.0   42.938   83.344   6353.5    314.8
     1     1    10     4    22    14     0     2   -40.0   43.125   82.649   6403.5    317.6
     1     1    10     4    22    13     0     1   -41.0   43.328   82.052   6569.1    333.0
     1     1    10     4    22    12     0     0   -42.0   43.543   81.541   6764.4    346.4
     1     1    10     4    22    11     0     1   -43.0   43.759   81.082   7028.4    357.3
     1     1    10     4    22    10     0     2   -44.0   43.961   80.655   7266.1    365.2
     1     1    10     4    22     9     0     3   -45.0   44.141   80.224   7271.1    362.3
     1     1    10     4    22     8     0     2   -46.0   44.325   79.783   7154.7    352.6
     1     1    10     4    22     7     0     1   -47.0   44.542   79.356   7088.6    340.2
     1     1    10     4    22     6     0     0   -48.0   44.788   78.969   7116.8    335.6
     1     1    10     4    22     5     0     1   -49.0   45.037   78.623   7251.6    342.9
     1     1    10     4    22     4     0     2   -50.0   45.278   78.315   7482.1    355.2
     1     1    10     4    22     3     0     3   -51.0   45.527   78.062   7667.8    358.2
     1     1    10     4    22     2     0     2   -52.0   45.778   77.835   7769.9    355.2
     1     1    10     4    22     1     0     1   -53.0   46.030   77.591   7829.8    353.8
     1     1    10     4    22     0     0     0   -54.0   46.292   77.309   7880.7    350.7
     1     1    10     4    21    23     0     1   -55.0   46.559   77.006   7951.0    345.5
     1     1    10     4    21    22     0     2   -56.0   46.828   76.726   8031.4    340.7
     1     1    10     4    21    21     0     3   -57.0   47.116   76.503   8133.9    334.2
     1     1    10     4    21    20     0     2   -58.0   47.421   76.254   8229.4    325.4
     1     1    10     4    21    19     0     1   -59.0   47.744   75.963   8315.6    319.3
     1     1    10     4    21    18     0     0   -60.0   48.102   75.716   8387.2    310.2
     1     1    10     4    21    17     0     1   -61.0   48.473   75.420   8436.6    300.9
     1     1    10     4    21    16     0     2   -62.0   48.852   75.059   8498.3    295.6
     1     1    10     4    21    15     0     3   -63.0   49.262   74.717   8676.1    291.8
     1     1    10     4    21    14     0     2   -64.0   49.689   74.289   8910.3    286.4
     1     1    10     4    21    13     0     1   -65.0   50.125   73.772   9119.3    282.2
     1     1    10     4    21    12     0     0   -66.0   50.578   73.230   9267.5    276.3
     1     1    10     4    21    11     0     1   -67.0   51.027   72.630   9395.8    272.3
     1     1    10     4    21    10     0     2   -68.0   51.457   71.996   9517.1    271.7
     1     1    10     4    21     9     0     3   -69.0   51.889   71.405   9577.6    270.2
     1     1    10     4    21     8     0     2   -70.0   52.335   70.789   9622.2    267.4
     1     1    10     4    21     7     0     1   -71.0   52.828   70.088   9663.4    265.5
     1     1    10     4    21     6     0     0   -72.0   53.415   69.322   9758.5    263.4
     1     1    10     4    21     5     0     1   -73.0   54.027   68.410   9852.0    264.1
     1     1    10     4    21     4     0     2   -74.0   54.667   67.343   9889.9    262.3
     1     1    10     4    21     3     0     3   -75.0   55.380   66.161   9934.0    259.6
     1     1    10     4    21     2     0     2   -76.0   56.040   64.792   9956.7    258.7
     1     1    10     4    21     1     0     1   -77.0   56.611   63.213   9980.1    256.2
     1     1    10     4    21     0     0     0   -78.0   57.181   61.415   9999.6    252.2
     1     1    10     4    20    23     0     1   -79.0   57.655   59.366   9935.1    249.5
     1     1    10     4    20    22     0     2   -80.0   58.042   57.201   9981.0    252.9
     1     1    10     4    20    21     0     3   -81.0   58.403   54.796  10050.7    248.9
     1     1    10     4    20    20     0     2   -82.0   58.635   52.270  10090.6    246.5
