     5     1
    GDAS    10     3     1     0     0
    GDAS    10     3     8     0     0
    GDAS    10     3    15     0     0
    GDAS    10     3    22     0     0
    GDAS    10     3    29     0     0
     1 BACKWARD OMEGA   
    10     3    21     6   39.977  116.381  3200.0
     1 PRESSURE
     1     1    10     3    21     6     0     0     0.0   39.977  116.381   2959.9    676.9
     1     1    10     3    21     5     0     1    -1.0   40.256  115.493   3057.1    613.2
     1     1    10     3    21     4     0     2    -2.0   40.542  114.519   3212.9    570.6
     1     1    10     3    21     3     0     3    -3.0   40.816  113.603   3241.6    560.0
     1     1    10     3    21     2     0     2    -4.0   41.131  112.730   3146.9    556.5
     1     1    10     3    21     1     0     1    -5.0   41.514  111.863   3208.1    558.1
     1     1    10     3    21     0     0     0    -6.0   41.967  110.990   3370.2    560.9
     1     1    10     3    20    23     0     1    -7.0   42.492  110.096   3471.1    554.7
     1     1    10     3    20    22     0     2    -8.0   43.084  109.135   3569.6    553.0
     1     1    10     3    20    21     0     3    -9.0   43.714  108.058   3625.8    558.9
     1     1    10     3    20    20     0     2   -10.0   44.355  106.885   3673.9    542.3
     1     1    10     3    20    19     0     1   -11.0   44.995  105.549   3980.7    517.4
     1     1    10     3    20    18     0     0   -12.0   45.660  103.924   4199.2    490.7
     1     1    10     3    20    17     0     1   -13.0   46.254  102.131   3970.6    466.0
     1     1    10     3    20    16     0     2   -14.0   46.797  100.069   4135.6    430.1
     1     1    10     3    20    15     0     3   -15.0   47.201   97.641   4510.3    407.4
     1     1    10     3    20    14     0     2   -16.0   47.366   95.273   4561.3    442.9
     1     1    10     3    20    13     0     1   -17.0   47.485   93.174   4450.7    463.4
     1     1    10     3    20    12     0     0   -18.0   47.464   90.589   4766.4    390.5
     1     1    10     3    20    11     0     1   -19.0   47.267   87.865   4981.9    476.8
     1     1    10     3    20    10     0     2   -20.0   47.053   85.280   4406.8    460.5
     1     1    10     3    20     9     0     3   -21.0   46.766   82.517   4883.6    468.6
     1     1    10     3    20     8     0     2   -22.0   46.380   80.009   5023.4    503.6
     1     1    10     3    20     7     0     1   -23.0   45.899   77.648   4920.4    515.2
     1     1    10     3    20     6     0     0   -24.0   45.391   75.407   4743.9    528.7
     1     1    10     3    20     5     0     1   -25.0   44.867   73.235   4602.0    533.2
     1     1    10     3    20     4     0     2   -26.0   44.311   71.247   4534.7    548.6
     1     1    10     3    20     3     0     3   -27.0   43.768   69.406   4422.9    549.3
     1     1    10     3    20     2     0     2   -28.0   43.295   67.698   4291.3    574.7
     1     1    10     3    20     1     0     1   -29.0   42.885   66.148   4288.0    577.8
     1     1    10     3    20     0     0     0   -30.0   42.476   64.676   4309.3    575.5
     1     1    10     3    19    23     0     1   -31.0   42.084   63.242   4316.4    584.4
     1     1    10     3    19    22     0     2   -32.0   41.787   61.906   4341.7    581.8
     1     1    10     3    19    21     0     3   -33.0   41.529   60.597   4498.8    570.4
     1     1    10     3    19    20     0     2   -34.0   41.289   59.265   4629.2    561.0
     1     1    10     3    19    19     0     1   -35.0   41.086   57.918   4726.5    555.4
     1     1    10     3    19    18     0     0   -36.0   40.906   56.621   4778.4    551.1
     1     1    10     3    19    17     0     1   -37.0   40.702   55.380   4790.9    547.0
     1     1    10     3    19    16     0     2   -38.0   40.473   54.196   4835.6    544.0
     1     1    10     3    19    15     0     3   -39.0   40.259   53.081   4946.8    544.3
     1     1    10     3    19    14     0     2   -40.0   40.081   52.061   5021.4    539.0
     1     1    10     3    19    13     0     1   -41.0   39.930   51.151   5091.3    536.9
     1     1    10     3    19    12     0     0   -42.0   39.796   50.273   5175.1    528.9
     1     1    10     3    19    11     0     1   -43.0   39.691   49.398   5254.0    520.0
     1     1    10     3    19    10     0     2   -44.0   39.617   48.529   5338.9    504.9
     1     1    10     3    19     9     0     3   -45.0   39.540   47.656   5341.8    482.4
     1     1    10     3    19     8     0     2   -46.0   39.459   46.801   5239.8    448.8
     1     1    10     3    19     7     0     1   -47.0   39.355   45.883   5119.4    410.0
     1     1    10     3    19     6     0     0   -48.0   39.323   45.000   5341.0    415.8
     1     1    10     3    19     5     0     1   -49.0   39.371   44.229   5469.6    387.6
     1     1    10     3    19     4     0     2   -50.0   39.416   43.511   5586.0    377.2
     1     1    10     3    19     3     0     3   -51.0   39.562   42.920   5688.1    369.6
     1     1    10     3    19     2     0     2   -52.0   39.809   42.479   5837.8    359.0
     1     1    10     3    19     1     0     1   -53.0   40.046   42.072   6030.8    341.3
     1     1    10     3    19     0     0     0   -54.0   40.279   41.675   6239.4    332.2
     1     1    10     3    18    23     0     1   -55.0   40.558   41.308   6418.2    336.0
     1     1    10     3    18    22     0     2   -56.0   40.915   40.969   6587.4    351.7
     1     1    10     3    18    21     0     3   -57.0   41.351   40.614   6795.0    378.5
     1     1    10     3    18    20     0     2   -58.0   41.864   40.229   7046.2    391.8
     1     1    10     3    18    19     0     1   -59.0   42.448   39.825   7217.3    382.1
     1     1    10     3    18    18     0     0   -60.0   43.103   39.342   7281.2    380.9
     1     1    10     3    18    17     0     1   -61.0   43.859   38.807   7320.9    373.0
     1     1    10     3    18    16     0     2   -62.0   44.716   38.217   7398.6    371.3
     1     1    10     3    18    15     0     3   -63.0   45.746   37.476   7569.2    360.4
     1     1    10     3    18    14     0     2   -64.0   46.873   36.699   7491.1    362.2
     1     1    10     3    18    13     0     1   -65.0   48.006   35.947   7414.5    364.5
     1     1    10     3    18    12     0     0   -66.0   49.231   35.200   7439.8    360.8
     1     1    10     3    18    11     0     1   -67.0   50.601   34.529   7490.3    354.3
     1     1    10     3    18    10     0     2   -68.0   52.031   33.814   7628.1    344.1
     1     1    10     3    18     9     0     3   -69.0   53.525   32.973   7724.0    337.3
     1     1    10     3    18     8     0     2   -70.0   55.045   32.150   7830.1    330.2
     1     1    10     3    18     7     0     1   -71.0   56.540   31.236   7963.2    326.4
     1     1    10     3    18     6     0     0   -72.0   58.000   30.212   8103.0    323.2
     1     1    10     3    18     5     0     1   -73.0   59.523   29.013   8221.2    315.6
     1     1    10     3    18     4     0     2   -74.0   61.023   27.545   8294.3    311.0
     1     1    10     3    18     3     0     3   -75.0   62.537   25.803   8413.4    301.7
     1     1    10     3    18     2     0     2   -76.0   63.965   23.639   8558.8    298.3
     1     1    10     3    18     1     0     1   -77.0   65.207   21.160   8598.2    293.8
     1     1    10     3    18     0     0     0   -78.0   66.302   18.378   8476.8    281.0
     1     1    10     3    17    23     0     1   -79.0   67.173   15.342   8449.5    277.8
     1     1    10     3    17    22     0     2   -80.0   67.874   11.883   8592.4    298.9
     1     1    10     3    17    21     0     3   -81.0   68.390    8.052   8480.0    305.6
     1     1    10     3    17    20     0     2   -82.0   68.709    4.319   8398.1    310.1
     1     1    10     3    17    19     0     1   -83.0   68.907    0.748   8320.9    314.9
     1     1    10     3    17    18     0     0   -84.0   68.998   -2.658   8298.2    316.6
     1     1    10     3    17    17     0     1   -85.0   69.072   -5.758   8341.4    315.0
     1     1    10     3    17    16     0     2   -86.0   69.225   -8.542   8417.3    311.5
     1     1    10     3    17    15     0     3   -87.0   69.408  -11.116   8493.8    307.9
     1     1    10     3    17    14     0     2   -88.0   69.622  -13.550   8564.0    304.6
     1     1    10     3    17    13     0     1   -89.0   69.866  -15.874   8630.2    301.5
     1     1    10     3    17    12     0     0   -90.0   70.130  -18.103   8712.8    297.4
     1     1    10     3    17    11     0     1   -91.0   70.403  -20.297   8797.1    293.6
     1     1    10     3    17    10     0     2   -92.0   70.671  -22.546   8781.9    281.2
     1     1    10     3    17     9     0     3   -93.0   70.911  -24.893   8816.6    282.8
     1     1    10     3    17     8     0     2   -94.0   71.098  -27.219   8511.2    243.3
     1     1    10     3    17     7     0     1   -95.0   71.210  -29.424   8468.5    241.9
     1     1    10     3    17     6     0     0   -96.0   71.246  -31.408   8133.1    218.1
