     7     1
    GDAS    10     3    22     0     0
    GDAS    10     4     8     0     0
    GDAS    10     4    15     0     0
    GDAS    10     4    22     0     0
    GDAS    10     4    29     0     0
    GDAS    10     4     1     0     0
    GDAS    10     3    29     0     0
     1 BACKWARD OMEGA   
    10     4     9    18   39.977  116.381  7400.0
     1 PRESSURE
     1     1    10     4     9    18     0     0     0.0   39.977  116.381   7158.8    385.2
     1     1    10     4     9    17     0     1    -1.0   39.484  114.745   6157.7    409.2
     1     1    10     4     9    16     0     2    -2.0   39.095  113.155   5308.8    430.5
     1     1    10     4     9    15     0     3    -3.0   38.593  111.889   4630.0    464.7
     1     1    10     4     9    14     0     2    -4.0   38.165  110.757   4219.1    512.5
     1     1    10     4     9    13     0     1    -5.0   37.795  109.869   3798.3    557.2
     1     1    10     4     9    12     0     0    -6.0   37.446  109.222   3475.3    560.0
     1     1    10     4     9    11     0     1    -7.0   37.081  108.638   3200.9    563.7
     1     1    10     4     9    10     0     2    -8.0   36.782  108.181   2769.0    588.4
     1     1    10     4     9     9     0     3    -9.0   36.586  108.061   2176.9    643.2
     1     1    10     4     9     8     0     2   -10.0   36.481  108.162   1682.6    704.5
     1     1    10     4     9     7     0     1   -11.0   36.417  108.308   1395.6    727.6
     1     1    10     4     9     6     0     0   -12.0   36.392  108.469   1234.7    740.5
     1     1    10     4     9     5     0     1   -13.0   36.418  108.629   1124.3    747.5
     1     1    10     4     9     4     0     2   -14.0   36.514  108.776   1025.8    756.2
     1     1    10     4     9     3     0     3   -15.0   36.683  108.890    951.9    762.0
     1     1    10     4     9     2     0     2   -16.0   36.920  108.974    924.2    762.5
     1     1    10     4     9     1     0     1   -17.0   37.210  109.031    959.1    763.0
     1     1    10     4     9     0     0     0   -18.0   37.531  109.018   1028.8    759.8
     1     1    10     4     8    23     0     1   -19.0   37.861  108.889   1094.3    756.5
     1     1    10     4     8    22     0     2   -20.0   38.176  108.649   1163.4    751.2
     1     1    10     4     8    21     0     3   -21.0   38.473  108.311   1260.7    737.5
     1     1    10     4     8    20     0     2   -22.0   38.782  107.871   1346.3    724.5
     1     1    10     4     8    19     0     1   -23.0   39.103  107.358   1421.8    727.8
     1     1    10     4     8    18     0     0   -24.0   39.392  106.779   1532.5    722.0
     1     1    10     4     8    17     0     1   -25.0   39.637  106.136   1613.0    710.6
     1     1    10     4     8    16     0     2   -26.0   39.857  105.476   1663.5    711.2
     1     1    10     4     8    15     0     3   -27.0   40.048  104.725   1799.6    688.9
     1     1    10     4     8    14     0     2   -28.0   40.189  103.876   1925.9    670.2
     1     1    10     4     8    13     0     1   -29.0   40.327  103.034   1954.1    669.7
     1     1    10     4     8    12     0     0   -30.0   40.456  102.262   1935.6    684.5
     1     1    10     4     8    11     0     1   -31.0   40.564  101.591   1943.2    691.4
     1     1    10     4     8    10     0     2   -32.0   40.650  100.974   1966.3    692.7
     1     1    10     4     8     9     0     3   -33.0   40.678  100.412   1973.0    687.0
     1     1    10     4     8     8     0     2   -34.0   40.653   99.874   1945.5    680.7
     1     1    10     4     8     7     0     1   -35.0   40.636   99.367   1889.2    684.7
     1     1    10     4     8     6     0     0   -36.0   40.643   98.878   1815.6    684.6
     1     1    10     4     8     5     0     1   -37.0   40.660   98.374   1666.4    686.8
     1     1    10     4     8     4     0     2   -38.0   40.672   97.829   1461.6    699.8
     1     1    10     4     8     3     0     3   -39.0   40.664   97.245   1299.4    696.2
     1     1    10     4     8     2     0     2   -40.0   40.635   96.655   1175.1    697.0
     1     1    10     4     8     1     0     1   -41.0   40.600   96.111   1077.9    710.6
     1     1    10     4     8     0     0     0   -42.0   40.570   95.615   1043.4    723.7
     1     1    10     4     7    23     0     1   -43.0   40.560   95.160   1039.3    732.5
     1     1    10     4     7    22     0     2   -44.0   40.587   94.735   1012.2    744.7
     1     1    10     4     7    21     0     3   -45.0   40.654   94.339    930.6    761.7
     1     1    10     4     7    20     0     2   -46.0   40.750   93.992    799.8    783.6
     1     1    10     4     7    19     0     1   -47.0   40.859   93.709    661.8    798.4
     1     1    10     4     7    18     0     0   -48.0   40.970   93.463    545.6    808.1
     1     1    10     4     7    17     0     1   -49.0   41.082   93.244    462.6    820.9
     1     1    10     4     7    16     0     2   -50.0   41.189   93.039    406.2    830.3
     1     1    10     4     7    15     0     3   -51.0   41.284   92.843    348.9    840.2
     1     1    10     4     7    14     0     2   -52.0   41.374   92.659    280.3    852.9
     1     1    10     4     7    13     0     1   -53.0   41.473   92.496    209.9    865.4
     1     1    10     4     7    12     0     0   -54.0   41.583   92.368    149.7    876.4
     1     1    10     4     7    11     0     1   -55.0   41.694   92.260    101.9    883.5
     1     1    10     4     7    10     0     2   -56.0   41.790   92.129     66.1    888.9
     1     1    10     4     7     9     0     3   -57.0   41.870   91.952     44.1    890.1
     1     1    10     4     7     8     0     2   -58.0   41.930   91.733     38.5    888.1
     1     1    10     4     7     7     0     1   -59.0   41.968   91.482     46.5    881.8
     1     1    10     4     7     6     0     0   -60.0   41.985   91.202     54.1    873.4
     1     1    10     4     7     5     0     1   -61.0   41.978   90.931     50.4    870.0
     1     1    10     4     7     4     0     2   -62.0   41.938   90.706     42.3    878.1
     1     1    10     4     7     3     0     3   -63.0   41.869   90.521     35.5    883.5
     1     1    10     4     7     2     0     2   -64.0   41.784   90.372     29.5    887.6
     1     1    10     4     7     1     0     1   -65.0   41.691   90.252     24.7    890.0
     1     1    10     4     7     0     0     0   -66.0   41.593   90.151     20.6    891.1
     1     1    10     4     6    23     0     1   -67.0   41.491   90.068     17.9    891.4
     1     1    10     4     6    22     0     2   -68.0   41.388   90.007     16.5    890.2
     1     1    10     4     6    21     0     3   -69.0   41.283   89.970     14.6    889.1
     1     1    10     4     6    20     0     2   -70.0   41.193   89.956     11.7    889.3
     1     1    10     4     6    19     0     1   -71.0   41.136   89.961      9.0    890.3
     1     1    10     4     6    18     0     0   -72.0   41.111   89.987      6.7    891.3
     1     1    10     4     6    17     0     1   -73.0   41.114   90.019      5.0    892.0
     1     1    10     4     6    16     0     2   -74.0   41.139   90.042      4.4    893.1
     1     1    10     4     6    15     0     3   -75.0   41.186   90.055      4.9    894.0
     1     1    10     4     6    14     0     2   -76.0   41.238   90.027      5.3    892.9
     1     1    10     4     6    13     0     1   -77.0   41.283   89.928      4.3    891.6
     1     1    10     4     6    12     0     0   -78.0   41.325   89.773      2.8    890.6
     1     1    10     4     6    11     0     1   -79.0   41.360   89.607      0.7    890.7
     1     1    10     4     6    10     0     2   -80.0   41.382   89.463      0.0    890.6
     1     1    10     4     6     9     0     3   -81.0   41.389   89.333      0.0    890.2
     1     1    10     4     6     8     0     2   -82.0   41.387   89.218      0.0    890.3
     1     1    10     4     6     7     0     1   -83.0   41.387   89.122      0.0    890.3
     1     1    10     4     6     6     0     0   -84.0   41.394   89.048      0.0    890.5
     1     1    10     4     6     5     0     1   -85.0   41.403   89.001      0.0    890.8
     1     1    10     4     6     4     0     2   -86.0   41.408   88.982      0.0    891.2
     1     1    10     4     6     3     0     3   -87.0   41.408   88.991      0.0    891.7
     1     1    10     4     6     2     0     2   -88.0   41.412   89.010      0.0    891.8
     1     1    10     4     6     1     0     1   -89.0   41.427   89.018      0.3    891.9
     1     1    10     4     6     0     0     0   -90.0   41.450   89.016      1.4    892.0
     1     1    10     4     5    23     0     1   -91.0   41.477   89.009      3.1    891.6
     1     1    10     4     5    22     0     2   -92.0   41.506   89.002      5.1    891.4
     1     1    10     4     5    21     0     3   -93.0   41.537   88.995      7.3    891.1
     1     1    10     4     5    20     0     2   -94.0   41.568   88.985      9.4    891.6
     1     1    10     4     5    19     0     1   -95.0   41.601   88.970     11.5    891.7
     1     1    10     4     5    18     0     0   -96.0   41.636   88.952     13.9    891.5
