     7     1
    GDAS    10     3    22     0     0
    GDAS    10     4     8     0     0
    GDAS    10     4    15     0     0
    GDAS    10     4    22     0     0
    GDAS    10     4    29     0     0
    GDAS    10     4     1     0     0
    GDAS    10     3    29     0     0
     1 BACKWARD OMEGA   
    10     4    26     0   39.977  116.381  8400.0
     1 PRESSURE
     1     1    10     4    26     0     0     0     0.0   39.977  116.381   8158.0    321.5
     1     1    10     4    25    23     0     1    -1.0   39.707  114.791   8090.4    290.4
     1     1    10     4    25    22     0     2    -2.0   39.486  113.137   7969.5    283.2
     1     1    10     4    25    21     0     3    -3.0   39.372  111.400   8009.2    282.8
     1     1    10     4    25    20     0     2    -4.0   39.380  109.611   8142.6    277.0
     1     1    10     4    25    19     0     1    -5.0   39.483  107.932   8229.0    271.7
     1     1    10     4    25    18     0     0    -6.0   39.713  106.349   8385.5    272.7
     1     1    10     4    25    17     0     1    -7.0   40.075  104.923   8401.4    265.5
     1     1    10     4    25    16     0     2    -8.0   40.699  103.768   8465.3    266.0
     1     1    10     4    25    15     0     3    -9.0   41.561  102.879   8517.7    269.4
     1     1    10     4    25    14     0     2   -10.0   42.605  102.294   8567.4    261.1
     1     1    10     4    25    13     0     1   -11.0   43.785  101.944   8565.0    261.4
     1     1    10     4    25    12     0     0   -12.0   45.092  101.807   8177.4    258.4
     1     1    10     4    25    11     0     1   -13.0   46.485  101.876   7904.0    254.7
     1     1    10     4    25    10     0     2   -14.0   48.015  102.093   8012.1    269.0
     1     1    10     4    25     9     0     3   -15.0   49.620  102.456   7997.6    275.0
     1     1    10     4    25     8     0     2   -16.0   51.197  102.877   7940.7    266.5
     1     1    10     4    25     7     0     1   -17.0   52.819  103.330   8441.7    292.9
     1     1    10     4    25     6     0     0   -18.0   54.452  103.749   8484.0    286.9
     1     1    10     4    25     5     0     1   -19.0   55.991  104.186   8605.6    282.9
     1     1    10     4    25     4     0     2   -20.0   57.474  104.634   8706.6    283.4
     1     1    10     4    25     3     0     3   -21.0   58.863  105.042   8774.2    277.6
     1     1    10     4    25     2     0     2   -22.0   60.169  105.446   8912.8    277.8
     1     1    10     4    25     1     0     1   -23.0   61.425  105.850   8980.3    275.8
     1     1    10     4    25     0     0     0   -24.0   62.649  106.212   9053.0    274.1
     1     1    10     4    24    23     0     1   -25.0   63.809  106.543   9082.1    271.0
     1     1    10     4    24    22     0     2   -26.0   64.898  106.809   9053.3    266.4
     1     1    10     4    24    21     0     3   -27.0   65.959  107.016   9037.5    264.8
     1     1    10     4    24    20     0     2   -28.0   67.020  107.172   9064.0    269.9
     1     1    10     4    24    19     0     1   -29.0   68.080  107.299   9111.3    270.0
     1     1    10     4    24    18     0     0   -30.0   69.102  107.405   9110.8    266.8
     1     1    10     4    24    17     0     1   -31.0   70.086  107.456   9026.6    263.6
     1     1    10     4    24    16     0     2   -32.0   71.071  107.424   9107.5    266.4
     1     1    10     4    24    15     0     3   -33.0   72.050  107.297   9207.5    269.1
     1     1    10     4    24    14     0     2   -34.0   73.008  107.025   9332.7    272.7
     1     1    10     4    24    13     0     1   -35.0   73.941  106.531   9359.6    269.0
     1     1    10     4    24    12     0     0   -36.0   74.812  105.725   9383.5    267.1
     1     1    10     4    24    11     0     1   -37.0   75.618  104.550   9343.8    264.3
     1     1    10     4    24    10     0     2   -38.0   76.369  102.983   9373.6    266.1
     1     1    10     4    24     9     0     3   -39.0   77.067  101.109   9397.9    268.5
     1     1    10     4    24     8     0     2   -40.0   77.730   98.937   9384.2    269.9
     1     1    10     4    24     7     0     1   -41.0   78.356   96.340   9360.2    267.4
     1     1    10     4    24     6     0     0   -42.0   78.898   93.294   9381.0    268.5
     1     1    10     4    24     5     0     1   -43.0   79.351   89.736   9393.8    268.7
     1     1    10     4    24     4     0     2   -44.0   79.715   85.793   9390.0    268.2
     1     1    10     4    24     3     0     3   -45.0   79.980   81.656   9380.4    269.0
     1     1    10     4    24     2     0     2   -46.0   80.153   77.417   9361.1    269.8
     1     1    10     4    24     1     0     1   -47.0   80.256   73.052   9344.5    270.4
     1     1    10     4    24     0     0     0   -48.0   80.288   68.615   9339.5    270.5
     1     1    10     4    23    23     0     1   -49.0   80.243   64.249   9326.5    270.4
     1     1    10     4    23    22     0     2   -50.0   80.124   60.042   9308.6    270.4
     1     1    10     4    23    21     0     3   -51.0   79.928   56.041   9329.5    269.7
     1     1    10     4    23    20     0     2   -52.0   79.655   52.243   9343.9    269.4
     1     1    10     4    23    19     0     1   -53.0   79.316   48.601   9354.2    268.9
     1     1    10     4    23    18     0     0   -54.0   78.915   45.178   9371.9    268.3
     1     1    10     4    23    17     0     1   -55.0   78.454   41.986   9405.0    266.8
     1     1    10     4    23    16     0     2   -56.0   77.932   39.018   9449.8    264.7
     1     1    10     4    23    15     0     3   -57.0   77.362   36.333   9489.8    263.0
     1     1    10     4    23    14     0     2   -58.0   76.748   33.934   9523.7    261.4
     1     1    10     4    23    13     0     1   -59.0   76.098   31.733   9561.0    259.8
     1     1    10     4    23    12     0     0   -60.0   75.417   29.769   9603.2    257.9
     1     1    10     4    23    11     0     1   -61.0   74.717   28.095   9627.0    256.8
     1     1    10     4    23    10     0     2   -62.0   74.012   26.724   9639.7    256.3
     1     1    10     4    23     9     0     3   -63.0   73.307   25.653   9644.9    256.0
     1     1    10     4    23     8     0     2   -64.0   72.619   24.794   9643.3    256.0
     1     1    10     4    23     7     0     1   -65.0   71.963   24.053   9635.5    256.3
     1     1    10     4    23     6     0     0   -66.0   71.340   23.404   9620.2    256.6
     1     1    10     4    23     5     0     1   -67.0   70.748   22.815   9563.9    254.6
     1     1    10     4    23     4     0     2   -68.0   70.190   22.269   9470.8    249.5
     1     1    10     4    23     3     0     3   -69.0   69.661   21.762   9426.1    246.4
     1     1    10     4    23     2     0     2   -70.0   69.149   21.286   9356.6    242.1
     1     1    10     4    23     1     0     1   -71.0   68.654   20.848   9369.4    241.9
     1     1    10     4    23     0     0     0   -72.0   68.167   20.472   9411.0    244.0
     1     1    10     4    22    23     0     1   -73.0   67.696   20.149   9412.4    245.9
     1     1    10     4    22    22     0     2   -74.0   67.257   19.846   9420.3    247.2
     1     1    10     4    22    21     0     3   -75.0   66.852   19.550   9437.5    247.8
     1     1    10     4    22    20     0     2   -76.0   66.474   19.253   9437.2    247.7
     1     1    10     4    22    19     0     1   -77.0   66.116   18.954   9435.9    247.8
     1     1    10     4    22    18     0     0   -78.0   65.775   18.661   9448.6    248.1
     1     1    10     4    22    17     0     1   -79.0   65.436   18.365   9458.4    249.2
     1     1    10     4    22    16     0     2   -80.0   65.084   18.068   9466.5    250.4
     1     1    10     4    22    15     0     3   -81.0   64.726   17.785   9458.2    250.4
     1     1    10     4    22    14     0     2   -82.0   64.380   17.531   9450.6    250.1
     1     1    10     4    22    13     0     1   -83.0   64.054   17.319   9438.1    251.1
     1     1    10     4    22    12     0     0   -84.0   63.743   17.149   9422.6    253.3
     1     1    10     4    22    11     0     1   -85.0   63.448   17.012   9398.6    255.5
     1     1    10     4    22    10     0     2   -86.0   63.168   16.897   9372.8    257.1
     1     1    10     4    22     9     0     3   -87.0   62.903   16.795   9345.9    258.7
     1     1    10     4    22     8     0     2   -88.0   62.655   16.708   9323.0    260.3
     1     1    10     4    22     7     0     1   -89.0   62.427   16.636   9305.2    261.5
     1     1    10     4    22     6     0     0   -90.0   62.217   16.566   9290.7    262.4
     1     1    10     4    22     5     0     1   -91.0   62.022   16.519   9273.0    263.3
     1     1    10     4    22     4     0     2   -92.0   61.831   16.533   9245.4    264.9
     1     1    10     4    22     3     0     3   -93.0   61.639   16.620   9214.4    267.0
     1     1    10     4    22     2     0     2   -94.0   61.446   16.757   9184.2    269.8
     1     1    10     4    22     1     0     1   -95.0   61.261   16.912   9159.4    272.2
     1     1    10     4    22     0     0     0   -96.0   61.081   17.083   9138.8    274.4
