     5     1
    GDAS    10     3     1     0     0
    GDAS    10     3     8     0     0
    GDAS    10     3    15     0     0
    GDAS    10     3    22     0     0
    GDAS    10     3    29     0     0
     1 BACKWARD OMEGA   
    10     3    22    12   39.977  116.381  2000.0
     1 PRESSURE
     1     1    10     3    22    12     0     0     0.0   39.977  116.381   1764.2    795.1
     1     1    10     3    22    11     0     1    -1.0   40.239  116.170   2115.3    728.8
     1     1    10     3    22    10     0     2    -2.0   40.601  115.856   2305.6    672.8
     1     1    10     3    22     9     0     3    -3.0   41.075  115.390   2462.2    632.0
     1     1    10     3    22     8     0     2    -4.0   41.588  114.765   2752.0    603.2
     1     1    10     3    22     7     0     1    -5.0   42.100  114.038   3153.5    566.4
     1     1    10     3    22     6     0     0    -6.0   42.598  113.252   3561.5    547.6
     1     1    10     3    22     5     0     1    -7.0   43.065  112.405   3822.7    539.7
     1     1    10     3    22     4     0     2    -8.0   43.535  111.454   4036.1    524.7
     1     1    10     3    22     3     0     3    -9.0   44.030  110.406   4300.6    511.2
     1     1    10     3    22     2     0     2   -10.0   44.494  109.298   4558.8    489.5
     1     1    10     3    22     1     0     1   -11.0   44.911  108.136   4785.1    469.0
     1     1    10     3    22     0     0     0   -12.0   45.309  106.921   4998.1    440.6
     1     1    10     3    21    23     0     1   -13.0   45.668  105.736   4997.1    432.8
     1     1    10     3    21    22     0     2   -14.0   46.025  104.574   5060.1    425.3
     1     1    10     3    21    21     0     3   -15.0   46.402  103.336   5228.8    402.5
     1     1    10     3    21    20     0     2   -16.0   46.764  101.942   5307.1    371.0
     1     1    10     3    21    19     0     1   -17.0   47.092  100.408   5215.6    351.3
     1     1    10     3    21    18     0     0   -18.0   47.369   98.860   5193.5    357.9
     1     1    10     3    21    17     0     1   -19.0   47.619   97.329   5201.7    362.0
     1     1    10     3    21    16     0     2   -20.0   47.896   95.851   5377.2    375.3
     1     1    10     3    21    15     0     3   -21.0   48.171   94.434   5436.7    394.6
     1     1    10     3    21    14     0     2   -22.0   48.415   93.078   5383.0    420.3
     1     1    10     3    21    13     0     1   -23.0   48.669   91.550   5570.0    372.3
     1     1    10     3    21    12     0     0   -24.0   48.902   89.756   5558.2    347.4
     1     1    10     3    21    11     0     1   -25.0   49.075   87.953   5487.3    330.1
     1     1    10     3    21    10     0     2   -26.0   49.215   86.096   5709.4    360.9
     1     1    10     3    21     9     0     3   -27.0   49.253   84.325   5843.4    402.5
     1     1    10     3    21     8     0     2   -28.0   49.205   82.677   5693.4    430.7
     1     1    10     3    21     7     0     1   -29.0   49.150   81.067   5604.1    447.8
     1     1    10     3    21     6     0     0   -30.0   49.047   79.475   5528.4    448.7
     1     1    10     3    21     5     0     1   -31.0   48.905   77.858   5354.1    447.1
     1     1    10     3    21     4     0     2   -32.0   48.791   76.232   5157.1    455.6
     1     1    10     3    21     3     0     3   -33.0   48.688   74.675   5018.6    468.2
     1     1    10     3    21     2     0     2   -34.0   48.603   73.205   4952.4    481.2
     1     1    10     3    21     1     0     1   -35.0   48.544   71.753   4927.1    493.9
     1     1    10     3    21     0     0     0   -36.0   48.490   70.313   4898.3    505.0
     1     1    10     3    20    23     0     1   -37.0   48.423   68.914   4796.2    515.8
     1     1    10     3    20    22     0     2   -38.0   48.340   67.550   4651.1    521.5
     1     1    10     3    20    21     0     3   -39.0   48.230   66.209   4513.6    537.8
     1     1    10     3    20    20     0     2   -40.0   48.107   64.921   4392.4    567.3
     1     1    10     3    20    19     0     1   -41.0   47.983   63.697   4268.7    582.4
     1     1    10     3    20    18     0     0   -42.0   47.847   62.529   4194.8    589.2
     1     1    10     3    20    17     0     1   -43.0   47.721   61.415   4077.9    596.4
     1     1    10     3    20    16     0     2   -44.0   47.638   60.358   3969.3    600.7
     1     1    10     3    20    15     0     3   -45.0   47.594   59.336   3896.6    605.0
     1     1    10     3    20    14     0     2   -46.0   47.571   58.328   3840.9    607.8
     1     1    10     3    20    13     0     1   -47.0   47.558   57.328   3781.3    617.1
     1     1    10     3    20    12     0     0   -48.0   47.553   56.332   3708.0    626.3
     1     1    10     3    20    11     0     1   -49.0   47.552   55.336   3621.9    636.4
     1     1    10     3    20    10     0     2   -50.0   47.548   54.358   3558.2    646.6
     1     1    10     3    20     9     0     3   -51.0   47.541   53.386   3480.4    656.3
     1     1    10     3    20     8     0     2   -52.0   47.542   52.414   3386.5    666.1
     1     1    10     3    20     7     0     1   -53.0   47.563   51.462   3303.2    673.9
     1     1    10     3    20     6     0     0   -54.0   47.592   50.516   3263.1    676.0
     1     1    10     3    20     5     0     1   -55.0   47.630   49.575   3229.3    679.0
     1     1    10     3    20     4     0     2   -56.0   47.712   48.662   3201.1    681.3
     1     1    10     3    20     3     0     3   -57.0   47.826   47.750   3178.4    683.4
     1     1    10     3    20     2     0     2   -58.0   47.942   46.835   3136.6    686.5
     1     1    10     3    20     1     0     1   -59.0   48.075   45.953   3049.9    694.6
     1     1    10     3    20     0     0     0   -60.0   48.247   45.094   2947.4    701.3
     1     1    10     3    19    23     0     1   -61.0   48.443   44.219   2818.3    706.6
     1     1    10     3    19    22     0     2   -62.0   48.651   43.337   2697.5    717.1
     1     1    10     3    19    21     0     3   -63.0   48.850   42.439   2606.2    722.3
     1     1    10     3    19    20     0     2   -64.0   49.037   41.524   2468.7    734.8
     1     1    10     3    19    19     0     1   -65.0   49.243   40.598   2342.7    748.7
     1     1    10     3    19    18     0     0   -66.0   49.449   39.625   2264.2    757.2
     1     1    10     3    19    17     0     1   -67.0   49.659   38.602   2225.7    759.1
     1     1    10     3    19    16     0     2   -68.0   49.852   37.537   2151.6    765.9
     1     1    10     3    19    15     0     3   -69.0   49.990   36.503   2057.3    774.7
     1     1    10     3    19    14     0     2   -70.0   50.136   35.591   2013.2    777.4
     1     1    10     3    19    13     0     1   -71.0   50.272   34.720   1960.7    784.5
     1     1    10     3    19    12     0     0   -72.0   50.380   33.888   1908.7    790.6
     1     1    10     3    19    11     0     1   -73.0   50.485   33.123   1891.7    794.7
     1     1    10     3    19    10     0     2   -74.0   50.568   32.402   1897.1    795.3
     1     1    10     3    19     9     0     3   -75.0   50.640   31.721   1919.5    794.5
     1     1    10     3    19     8     0     2   -76.0   50.740   31.091   1948.0    790.3
     1     1    10     3    19     7     0     1   -77.0   50.857   30.500   1967.5    787.4
     1     1    10     3    19     6     0     0   -78.0   50.955   29.920   1977.8    786.4
     1     1    10     3    19     5     0     1   -79.0   51.068   29.352   1980.3    784.5
     1     1    10     3    19     4     0     2   -80.0   51.213   28.785   1974.6    783.6
     1     1    10     3    19     3     0     3   -81.0   51.369   28.201   1965.2    784.1
     1     1    10     3    19     2     0     2   -82.0   51.534   27.614   1971.2    785.7
     1     1    10     3    19     1     0     1   -83.0   51.703   27.049   2004.9    783.4
     1     1    10     3    19     0     0     0   -84.0   51.868   26.515   2068.8    778.6
     1     1    10     3    18    23     0     1   -85.0   52.044   26.008   2141.4    769.6
     1     1    10     3    18    22     0     2   -86.0   52.234   25.509   2189.4    762.2
     1     1    10     3    18    21     0     3   -87.0   52.426   25.005   2222.2    758.2
     1     1    10     3    18    20     0     2   -88.0   52.633   24.509   2254.3    754.5
     1     1    10     3    18    19     0     1   -89.0   52.858   24.040   2282.4    750.4
     1     1    10     3    18    18     0     0   -90.0   53.087   23.600   2310.1    749.1
     1     1    10     3    18    17     0     1   -91.0   53.329   23.158   2345.2    746.3
     1     1    10     3    18    16     0     2   -92.0   53.593   22.684   2382.8    741.7
     1     1    10     3    18    15     0     3   -93.0   53.872   22.184   2415.1    738.9
     1     1    10     3    18    14     0     2   -94.0   54.150   21.653   2448.9    738.9
     1     1    10     3    18    13     0     1   -95.0   54.413   21.082   2489.8    739.5
     1     1    10     3    18    12     0     0   -96.0   54.664   20.456   2519.6    737.4
