     5     1
    GDAS    10     3     1     0     0
    GDAS    10     3     8     0     0
    GDAS    10     3    15     0     0
    GDAS    10     3    22     0     0
    GDAS    10     3    29     0     0
     1 BACKWARD OMEGA   
    10     3    30    12   39.977  116.381  9800.0
     1 PRESSURE
     1     1    10     3    30    12     0     0     0.0   39.977  116.381   9558.6    270.3
     1     1    10     3    30    11     0     1    -1.0   39.419  114.735   9428.1    253.5
     1     1    10     3    30    10     0     2    -2.0   38.873  113.138   9287.3    240.1
     1     1    10     3    30     9     0     3    -3.0   38.358  111.613   9276.7    237.1
     1     1    10     3    30     8     0     2    -4.0   37.930  110.224   9376.6    247.4
     1     1    10     3    30     7     0     1    -5.0   37.562  108.846   9294.6    238.4
     1     1    10     3    30     6     0     0    -6.0   37.222  107.458   9251.4    233.2
     1     1    10     3    30     5     0     1    -7.0   37.006  106.068   9244.8    232.6
     1     1    10     3    30     4     0     2    -8.0   36.893  104.640   9173.6    225.5
     1     1    10     3    30     3     0     3    -9.0   36.819  103.182   8844.7    208.7
     1     1    10     3    30     2     0     2   -10.0   36.773  101.737   8687.2    200.7
     1     1    10     3    30     1     0     1   -11.0   36.761  100.329   8745.8    190.8
     1     1    10     3    30     0     0     0   -12.0   36.800   99.034   8552.8    187.3
     1     1    10     3    29    23     0     1   -13.0   36.974   97.683   8786.6    195.3
     1     1    10     3    29    22     0     2   -14.0   37.265   96.284   8882.5    188.7
