     5     1
    GDAS    10     3     1     0     0
    GDAS    10     3     8     0     0
    GDAS    10     3    15     0     0
    GDAS    10     3    22     0     0
    GDAS    10     3    29     0     0
     1 BACKWARD OMEGA   
    10     3    20     0   39.977  116.381  7600.0
     1 PRESSURE
     1     1    10     3    20     0     0     0     0.0   39.977  116.381   7361.0    356.6
     1     1    10     3    19    23     0     1    -1.0   40.221  115.615   7343.9    327.9
     1     1    10     3    19    22     0     2    -2.0   40.450  114.705   7275.3    308.3
     1     1    10     3    19    21     0     3    -3.0   40.764  113.832   7283.5    305.3
     1     1    10     3    19    20     0     2    -4.0   41.127  113.039   7275.3    295.2
     1     1    10     3    19    19     0     1    -5.0   41.565  112.252   7386.7    294.0
     1     1    10     3    19    18     0     0    -6.0   42.130  111.485   7541.7    295.6
     1     1    10     3    19    17     0     1    -7.0   42.682  110.743   7681.4    296.8
     1     1    10     3    19    16     0     2    -8.0   43.166  110.059   7770.7    295.0
     1     1    10     3    19    15     0     3    -9.0   43.667  109.470   7889.0    295.1
     1     1    10     3    19    14     0     2   -10.0   44.165  108.909   7955.2    293.3
     1     1    10     3    19    13     0     1   -11.0   44.614  108.331   7931.8    289.6
     1     1    10     3    19    12     0     0   -12.0   45.046  107.791   7928.2    286.8
     1     1    10     3    19    11     0     1   -13.0   45.451  107.262   7887.6    283.7
     1     1    10     3    19    10     0     2   -14.0   45.831  106.712   7850.8    278.7
     1     1    10     3    19     9     0     3   -15.0   46.209  106.208   7847.2    276.1
     1     1    10     3    19     8     0     2   -16.0   46.542  105.657   7865.6    275.3
     1     1    10     3    19     7     0     1   -17.0   46.824  104.991   7865.3    274.7
     1     1    10     3    19     6     0     0   -18.0   47.092  104.295   7796.8    272.7
     1     1    10     3    19     5     0     1   -19.0   47.364  103.566   7764.9    274.7
     1     1    10     3    19     4     0     2   -20.0   47.648  102.790   7723.4    274.0
     1     1    10     3    19     3     0     3   -21.0   47.958  101.991   7730.8    272.9
     1     1    10     3    19     2     0     2   -22.0   48.274  101.132   7699.0    267.3
     1     1    10     3    19     1     0     1   -23.0   48.585  100.206   7634.7    263.1
     1     1    10     3    19     0     0     0   -24.0   48.892   99.297   7582.9    262.4
     1     1    10     3    18    23     0     1   -25.0   49.207   98.341   7618.4    260.9
     1     1    10     3    18    22     0     2   -26.0   49.541   97.246   7637.1    258.1
     1     1    10     3    18    21     0     3   -27.0   49.864   96.023   7757.2    262.8
     1     1    10     3    18    20     0     2   -28.0   50.132   94.761   7864.4    290.2
     1     1    10     3    18    19     0     1   -29.0   50.332   93.486   7774.5    293.2
     1     1    10     3    18    18     0     0   -30.0   50.447   92.183   7759.5    280.4
     1     1    10     3    18    17     0     1   -31.0   50.575   90.912   7674.2    273.6
     1     1    10     3    18    16     0     2   -32.0   50.799   89.589   7268.3    275.2
     1     1    10     3    18    15     0     3   -33.0   51.093   87.945   7311.9    288.2
     1     1    10     3    18    14     0     2   -34.0   51.362   86.202   7605.9    299.5
     1     1    10     3    18    13     0     1   -35.0   51.617   84.536   7594.9    319.7
     1     1    10     3    18    12     0     0   -36.0   51.820   82.832   7754.3    331.3
     1     1    10     3    18    11     0     1   -37.0   51.947   81.250   7736.1    336.2
     1     1    10     3    18    10     0     2   -38.0   52.054   79.713   7760.6    338.0
     1     1    10     3    18     9     0     3   -39.0   52.144   78.245   7797.6    336.6
     1     1    10     3    18     8     0     2   -40.0   52.236   76.802   7854.5    334.9
     1     1    10     3    18     7     0     1   -41.0   52.360   75.343   7911.4    330.9
     1     1    10     3    18     6     0     0   -42.0   52.431   73.881   7949.4    326.8
     1     1    10     3    18     5     0     1   -43.0   52.468   72.385   7986.0    321.7
     1     1    10     3    18     4     0     2   -44.0   52.519   70.907   8027.7    314.3
     1     1    10     3    18     3     0     3   -45.0   52.545   69.468   8078.0    309.8
     1     1    10     3    18     2     0     2   -46.0   52.553   67.933   8094.8    309.7
     1     1    10     3    18     1     0     1   -47.0   52.530   66.299   8169.5    310.3
     1     1    10     3    18     0     0     0   -48.0   52.446   64.573   8257.8    307.4
     1     1    10     3    17    23     0     1   -49.0   52.297   62.755   8286.6    304.3
     1     1    10     3    17    22     0     2   -50.0   52.126   60.840   8337.7    297.3
     1     1    10     3    17    21     0     3   -51.0   51.921   58.902   8367.8    294.9
     1     1    10     3    17    20     0     2   -52.0   51.683   56.970   8350.7    295.3
     1     1    10     3    17    19     0     1   -53.0   51.375   54.946   8467.8    295.7
     1     1    10     3    17    18     0     0   -54.0   51.018   52.998   8484.0    298.5
     1     1    10     3    17    17     0     1   -55.0   50.654   51.090   8528.4    300.1
     1     1    10     3    17    16     0     2   -56.0   50.327   49.198   8553.5    299.1
     1     1    10     3    17    15     0     3   -57.0   50.051   47.279   8536.8    299.5
     1     1    10     3    17    14     0     2   -58.0   49.758   45.437   8447.8    303.2
     1     1    10     3    17    13     0     1   -59.0   49.444   43.622   8410.4    301.6
     1     1    10     3    17    12     0     0   -60.0   49.160   41.823   8404.5    301.4
     1     1    10     3    17    11     0     1   -61.0   48.884   40.092   8396.1    302.7
     1     1    10     3    17    10     0     2   -62.0   48.609   38.470   8371.8    302.7
     1     1    10     3    17     9     0     3   -63.0   48.372   36.959   8356.4    304.4
     1     1    10     3    17     8     0     2   -64.0   48.199   35.568   8319.8    307.5
     1     1    10     3    17     7     0     1   -65.0   48.102   34.256   8303.4    308.5
     1     1    10     3    17     6     0     0   -66.0   48.079   32.999   8294.6    308.7
     1     1    10     3    17     5     0     1   -67.0   48.120   31.796   8287.7    307.6
     1     1    10     3    17     4     0     2   -68.0   48.212   30.677   8266.2    308.5
     1     1    10     3    17     3     0     3   -69.0   48.378   29.656   8235.9    308.4
     1     1    10     3    17     2     0     2   -70.0   48.649   28.708   8221.2    307.1
     1     1    10     3    17     1     0     1   -71.0   49.042   27.795   8234.9    303.1
     1     1    10     3    17     0     0     0   -72.0   49.528   26.910   8264.2    303.0
     1     1    10     3    16    23     0     1   -73.0   50.088   26.086   8253.6    303.4
     1     1    10     3    16    22     0     2   -74.0   50.726   25.303   8278.1    304.7
     1     1    10     3    16    21     0     3   -75.0   51.426   24.553   8372.3    301.3
     1     1    10     3    16    20     0     2   -76.0   52.170   23.854   8407.2    300.5
     1     1    10     3    16    19     0     1   -77.0   52.986   23.224   8407.2    300.5
     1     1    10     3    16    18     0     0   -78.0   53.852   22.649   8430.6    298.3
     1     1    10     3    16    17     0     1   -79.0   54.753   22.073   8497.7    299.4
     1     1    10     3    16    16     0     2   -80.0   55.691   21.446   8527.4    298.3
     1     1    10     3    16    15     0     3   -81.0   56.656   20.753   8584.6    296.9
     1     1    10     3    16    14     0     2   -82.0   57.615   20.042   8594.4    296.4
     1     1    10     3    16    13     0     1   -83.0   58.551   19.356   8589.5    297.1
     1     1    10     3    16    12     0     0   -84.0   59.482   18.730   8654.8    292.7
     1     1    10     3    16    11     0     1   -85.0   60.425   18.086   8742.7    288.1
     1     1    10     3    16    10     0     2   -86.0   61.359   17.360   8778.3    284.1
     1     1    10     3    16     9     0     3   -87.0   62.251   16.566   8758.4    278.3
     1     1    10     3    16     8     0     2   -88.0   63.106   15.743   8734.5    273.1
     1     1    10     3    16     7     0     1   -89.0   63.938   14.929   8712.5    270.1
     1     1    10     3    16     6     0     0   -90.0   64.739   14.078   8677.0    260.8
     1     1    10     3    16     5     0     1   -91.0   65.519   13.135   8826.1    266.2
     1     1    10     3    16     4     0     2   -92.0   66.281   12.128   8968.3    276.5
     1     1    10     3    16     3     0     3   -93.0   66.989   11.119   8955.8    277.6
     1     1    10     3    16     2     0     2   -94.0   67.656   10.086   8931.1    279.5
     1     1    10     3    16     1     0     1   -95.0   68.300    9.002   8913.0    279.6
     1     1    10     3    16     0     0     0   -96.0   68.914    7.908   8903.1    280.6
