     7     1
    GDAS    10     3    22     0     0
    GDAS    10     4     8     0     0
    GDAS    10     4    15     0     0
    GDAS    10     4    22     0     0
    GDAS    10     4    29     0     0
    GDAS    10     4     1     0     0
    GDAS    10     3    29     0     0
     1 BACKWARD OMEGA   
    10     4    29     0   39.977  116.381  1400.0
     1 PRESSURE
     1     1    10     4    29     0     0     0     0.0   39.977  116.381   1162.9    853.1
     1     1    10     4    28    23     0     1    -1.0   40.412  116.084   1465.9    780.3
     1     1    10     4    28    22     0     2    -2.0   40.997  115.904   1766.3    698.2
     1     1    10     4    28    21     0     3    -3.0   41.662  115.802   2015.3    653.4
     1     1    10     4    28    20     0     2    -4.0   42.332  115.678   2166.2    643.2
     1     1    10     4    28    19     0     1    -5.0   42.945  115.532   2253.9    643.4
     1     1    10     4    28    18     0     0    -6.0   43.491  115.407   2297.5    649.7
     1     1    10     4    28    17     0     1    -7.0   43.984  115.326   2326.2    649.8
     1     1    10     4    28    16     0     2    -8.0   44.436  115.291   2341.0    648.6
     1     1    10     4    28    15     0     3    -9.0   44.853  115.302   2371.5    644.9
     1     1    10     4    28    14     0     2   -10.0   45.265  115.341   2414.4    644.3
     1     1    10     4    28    13     0     1   -11.0   45.704  115.391   2467.1    646.7
     1     1    10     4    28    12     0     0   -12.0   46.159  115.438   2540.1    647.7
     1     1    10     4    28    11     0     1   -13.0   46.603  115.500   2599.0    648.4
     1     1    10     4    28    10     0     2   -14.0   47.040  115.576   2596.6    657.0
     1     1    10     4    28     9     0     3   -15.0   47.488  115.624   2545.1    667.2
     1     1    10     4    28     8     0     2   -16.0   47.935  115.655   2505.8    677.2
     1     1    10     4    28     7     0     1   -17.0   48.356  115.709   2505.7    676.5
     1     1    10     4    28     6     0     0   -18.0   48.753  115.774   2546.3    671.0
     1     1    10     4    28     5     0     1   -19.0   49.125  115.840   2585.9    663.6
     1     1    10     4    28     4     0     2   -20.0   49.473  115.913   2590.7    665.6
     1     1    10     4    28     3     0     3   -21.0   49.813  115.986   2566.1    670.2
     1     1    10     4    28     2     0     2   -22.0   50.134  116.056   2542.7    674.2
     1     1    10     4    28     1     0     1   -23.0   50.409  116.122   2549.8    670.3
     1     1    10     4    28     0     0     0   -24.0   50.647  116.167   2595.3    663.8
     1     1    10     4    27    23     0     1   -25.0   50.876  116.181   2664.4    653.4
     1     1    10     4    27    22     0     2   -26.0   51.125  116.174   2740.7    646.8
     1     1    10     4    27    21     0     3   -27.0   51.399  116.164   2822.5    642.9
     1     1    10     4    27    20     0     2   -28.0   51.684  116.158   2907.1    639.3
     1     1    10     4    27    19     0     1   -29.0   51.962  116.160   2988.1    635.2
     1     1    10     4    27    18     0     0   -30.0   52.232  116.184   3043.6    627.2
     1     1    10     4    27    17     0     1   -31.0   52.496  116.247   3071.9    620.3
     1     1    10     4    27    16     0     2   -32.0   52.751  116.356   3072.2    616.0
     1     1    10     4    27    15     0     3   -33.0   53.004  116.515   3047.2    612.6
     1     1    10     4    27    14     0     2   -34.0   53.244  116.713   3032.6    613.0
     1     1    10     4    27    13     0     1   -35.0   53.460  116.943   3056.9    608.4
     1     1    10     4    27    12     0     0   -36.0   53.647  117.214   3100.7    601.7
     1     1    10     4    27    11     0     1   -37.0   53.807  117.549   3066.5    594.6
     1     1    10     4    27    10     0     2   -38.0   53.932  117.940   2873.4    603.0
     1     1    10     4    27     9     0     3   -39.0   53.992  118.348   2608.7    633.1
     1     1    10     4    27     8     0     2   -40.0   53.992  118.767   2377.5    661.2
     1     1    10     4    27     7     0     1   -41.0   53.948  119.216   2183.6    681.6
     1     1    10     4    27     6     0     0   -42.0   53.851  119.694   1994.0    702.9
     1     1    10     4    27     5     0     1   -43.0   53.692  120.178   1802.8    727.1
     1     1    10     4    27     4     0     2   -44.0   53.463  120.630   1625.7    753.5
     1     1    10     4    27     3     0     3   -45.0   53.172  121.047   1510.7    771.0
     1     1    10     4    27     2     0     2   -46.0   52.839  121.480   1449.8    773.2
     1     1    10     4    27     1     0     1   -47.0   52.453  121.945   1414.1    768.1
     1     1    10     4    27     0     0     0   -48.0   51.998  122.429   1415.9    755.1
     1     1    10     4    26    23     0     1   -49.0   51.533  122.896   1412.9    752.2
     1     1    10     4    26    22     0     2   -50.0   51.078  123.324   1327.4    765.7
     1     1    10     4    26    21     0     3   -51.0   50.604  123.740   1165.9    801.7
     1     1    10     4    26    20     0     2   -52.0   50.113  124.148    995.8    839.1
     1     1    10     4    26    19     0     1   -53.0   49.614  124.515    842.1    867.7
     1     1    10     4    26    18     0     0   -54.0   49.099  124.764    726.5    888.4
     1     1    10     4    26    17     0     1   -55.0   48.602  124.929    628.1    900.9
     1     1    10     4    26    16     0     2   -56.0   48.154  125.075    517.1    918.1
     1     1    10     4    26    15     0     3   -57.0   47.727  125.150    422.1    934.0
     1     1    10     4    26    14     0     2   -58.0   47.326  125.183    355.2    944.7
     1     1    10     4    26    13     0     1   -59.0   46.954  125.220    300.0    952.0
     1     1    10     4    26    12     0     0   -60.0   46.617  125.218    252.8    959.7
     1     1    10     4    26    11     0     1   -61.0   46.310  125.189    218.8    963.5
     1     1    10     4    26    10     0     2   -62.0   46.007  125.215    183.8    966.2
     1     1    10     4    26     9     0     3   -63.0   45.705  125.351    140.6    971.2
     1     1    10     4    26     8     0     2   -64.0   45.403  125.550    108.9    977.0
     1     1    10     4    26     7     0     1   -65.0   45.087  125.744     99.7    977.9
     1     1    10     4    26     6     0     0   -66.0   44.774  125.950    117.3    975.9
     1     1    10     4    26     5     0     1   -67.0   44.455  126.143    164.8    968.4
     1     1    10     4    26     4     0     2   -68.0   44.108  126.287    245.2    956.6
     1     1    10     4    26     3     0     3   -69.0   43.725  126.388    348.0    937.5
     1     1    10     4    26     2     0     2   -70.0   43.316  126.440    420.4    920.8
     1     1    10     4    26     1     0     1   -71.0   42.897  126.434    444.6    912.0
     1     1    10     4    26     0     0     0   -72.0   42.455  126.367    476.4    899.0
     1     1    10     4    25    23     0     1   -73.0   41.946  126.239    574.7    875.6
     1     1    10     4    25    22     0     2   -74.0   41.393  126.082    722.5    868.9
     1     1    10     4    25    21     0     3   -75.0   40.872  125.923    826.2    867.4
     1     1    10     4    25    20     0     2   -76.0   40.399  125.789    829.8    873.2
     1     1    10     4    25    19     0     1   -77.0   39.977  125.696    738.8    893.7
     1     1    10     4    25    18     0     0   -78.0   39.609  125.642    626.5    923.9
     1     1    10     4    25    17     0     1   -79.0   39.285  125.623    558.8    941.2
     1     1    10     4    25    16     0     2   -80.0   39.005  125.630    531.5    949.6
     1     1    10     4    25    15     0     3   -81.0   38.765  125.641    516.8    950.5
     1     1    10     4    25    14     0     2   -82.0   38.557  125.647    505.9    952.7
     1     1    10     4    25    13     0     1   -83.0   38.374  125.650    502.9    953.5
     1     1    10     4    25    12     0     0   -84.0   38.215  125.661    509.6    953.1
     1     1    10     4    25    11     0     1   -85.0   38.062  125.679    528.2    951.0
     1     1    10     4    25    10     0     2   -86.0   37.901  125.701    562.0    948.1
     1     1    10     4    25     9     0     3   -87.0   37.731  125.730    609.5    943.8
     1     1    10     4    25     8     0     2   -88.0   37.554  125.762    656.1    939.3
     1     1    10     4    25     7     0     1   -89.0   37.373  125.793    696.5    937.4
     1     1    10     4    25     6     0     0   -90.0   37.190  125.833    742.6    935.2
     1     1    10     4    25     5     0     1   -91.0   37.021  125.879    797.8    930.7
     1     1    10     4    25     4     0     2   -92.0   36.880  125.922    850.4    924.7
     1     1    10     4    25     3     0     3   -93.0   36.768  125.965    894.9    919.8
     1     1    10     4    25     2     0     2   -94.0   36.681  125.999    934.8    915.8
     1     1    10     4    25     1     0     1   -95.0   36.614  126.016    973.9    911.5
     1     1    10     4    25     0     0     0   -96.0   36.568  126.014   1014.9    907.4
