     5     1
    GDAS    10     3     1     0     0
    GDAS    10     3     8     0     0
    GDAS    10     3    15     0     0
    GDAS    10     3    22     0     0
    GDAS    10     3    29     0     0
     1 BACKWARD OMEGA   
    10     3    30     6   39.977  116.381  7400.0
     1 PRESSURE
     1     1    10     3    30     6     0     0     0.0   39.977  116.381   7160.9    388.1
     1     1    10     3    30     5     0     1    -1.0   39.488  115.094   6989.8    374.4
     1     1    10     3    30     4     0     2    -2.0   38.992  113.740   6822.2    353.3
     1     1    10     3    30     3     0     3    -3.0   38.515  112.355   6748.1    348.5
     1     1    10     3    30     2     0     2    -4.0   38.076  110.993   6702.8    359.8
     1     1    10     3    30     1     0     1    -5.0   37.690  109.653   6720.7    366.6
     1     1    10     3    30     0     0     0    -6.0   37.366  108.212   6533.5    359.8
     1     1    10     3    29    23     0     1    -7.0   37.056  106.742   6483.1    354.5
     1     1    10     3    29    22     0     2    -8.0   36.751  105.236   6611.0    338.9
     1     1    10     3    29    21     0     3    -9.0   36.471  103.701   6686.2    317.5
     1     1    10     3    29    20     0     2   -10.0   36.291  102.151   6629.6    286.0
     1     1    10     3    29    19     0     1   -11.0   36.189  100.600   6580.8    275.8
     1     1    10     3    29    18     0     0   -12.0   36.146   99.194   6176.1    261.0
     1     1    10     3    29    17     0     1   -13.0   36.189   97.761   6364.5    268.4
     1     1    10     3    29    16     0     2   -14.0   36.312   96.360   6235.3    274.5
     1     1    10     3    29    15     0     3   -15.0   36.587   94.964   6460.3    282.9
     1     1    10     3    29    14     0     2   -16.0   37.013   93.468   6966.3    276.7
     1     1    10     3    29    13     0     1   -17.0   37.401   91.959   6974.0    254.2
     1     1    10     3    29    12     0     0   -18.0   37.815   90.486   6833.7    250.2
     1     1    10     3    29    11     0     1   -19.0   38.262   89.056   6899.0    249.5
     1     1    10     3    29    10     0     2   -20.0   38.727   87.626   7706.0    293.7
     1     1    10     3    29     9     0     3   -21.0   39.201   86.154   8051.1    307.5
     1     1    10     3    29     8     0     2   -22.0   39.595   84.710   8027.2    309.3
     1     1    10     3    29     7     0     1   -23.0   39.984   83.331   8000.8    312.5
     1     1    10     3    29     6     0     0   -24.0   40.334   81.961   7999.0    310.1
     1     1    10     3    29     5     0     1   -25.0   40.629   80.587   8008.0    309.3
     1     1    10     3    29     4     0     2   -26.0   40.955   79.181   7774.9    280.3
     1     1    10     3    29     3     0     3   -27.0   41.357   77.799   7237.4    240.3
     1     1    10     3    29     2     0     2   -28.0   41.738   76.480   7252.3    259.2
     1     1    10     3    29     1     0     1   -29.0   42.098   75.151   7264.6    267.7
     1     1    10     3    29     0     0     0   -30.0   42.359   73.866   7460.5    291.2
     1     1    10     3    28    23     0     1   -31.0   42.551   72.681   7597.4    304.0
     1     1    10     3    28    22     0     2   -32.0   42.745   71.612   7783.6    314.8
     1     1    10     3    28    21     0     3   -33.0   42.946   70.656   7998.7    324.4
     1     1    10     3    28    20     0     2   -34.0   43.194   69.725   8170.4    323.4
     1     1    10     3    28    19     0     1   -35.0   43.478   68.766   8352.0    324.0
     1     1    10     3    28    18     0     0   -36.0   43.812   67.767   8381.7    318.5
     1     1    10     3    28    17     0     1   -37.0   44.143   66.745   8543.2    325.0
     1     1    10     3    28    16     0     2   -38.0   44.385   65.651   8649.6    321.8
     1     1    10     3    28    15     0     3   -39.0   44.551   64.448   8802.1    316.1
     1     1    10     3    28    14     0     2   -40.0   44.645   63.204   9001.4    306.8
     1     1    10     3    28    13     0     1   -41.0   44.669   61.971   9202.5    299.5
     1     1    10     3    28    12     0     0   -42.0   44.622   60.773   9332.7    293.7
     1     1    10     3    28    11     0     1   -43.0   44.514   59.675   9416.8    290.6
     1     1    10     3    28    10     0     2   -44.0   44.360   58.720   9454.4    287.5
     1     1    10     3    28     9     0     3   -45.0   44.166   57.890   9447.7    285.5
     1     1    10     3    28     8     0     2   -46.0   43.937   57.141   9445.3    284.9
     1     1    10     3    28     7     0     1   -47.0   43.692   56.434   9442.3    284.2
     1     1    10     3    28     6     0     0   -48.0   43.446   55.765   9405.9    283.8
     1     1    10     3    28     5     0     1   -49.0   43.206   55.177   9356.8    286.8
     1     1    10     3    28     4     0     2   -50.0   42.964   54.692   9347.7    290.4
     1     1    10     3    28     3     0     3   -51.0   42.684   54.308   9375.6    290.1
     1     1    10     3    28     2     0     2   -52.0   42.368   54.014   9394.7    288.0
     1     1    10     3    28     1     0     1   -53.0   42.045   53.763   9429.3    288.8
     1     1    10     3    28     0     0     0   -54.0   41.704   53.531   9523.0    287.2
     1     1    10     3    27    23     0     1   -55.0   41.345   53.309   9611.1    284.7
     1     1    10     3    27    22     0     2   -56.0   40.973   53.069   9748.8    284.2
     1     1    10     3    27    21     0     3   -57.0   40.541   52.758   9910.5    272.9
     1     1    10     3    27    20     0     2   -58.0   40.034   52.446   9961.9    267.7
     1     1    10     3    27    19     0     1   -59.0   39.487   52.175   9934.5    272.7
     1     1    10     3    27    18     0     0   -60.0   38.863   51.894   9880.3    276.7
     1     1    10     3    27    17     0     1   -61.0   38.219   51.684   9595.4    282.3
     1     1    10     3    27    16     0     2   -62.0   37.661   51.566   9175.7    308.7
     1     1    10     3    27    15     0     3   -63.0   37.063   51.487   8691.7    324.4
     1     1    10     3    27    14     0     2   -64.0   36.399   51.362   7763.9    313.9
     1     1    10     3    27    13     0     1   -65.0   35.678   51.151   7434.3    308.3
     1     1    10     3    27    12     0     0   -66.0   34.944   50.900   7467.9    336.0
     1     1    10     3    27    11     0     1   -67.0   34.151   50.551   6961.3    329.1
     1     1    10     3    27    10     0     2   -68.0   33.172   50.012   6553.4    311.8
     1     1    10     3    27     9     0     3   -69.0   32.147   49.396   6789.0    378.3
     1     1    10     3    27     8     0     2   -70.0   31.213   48.826   6804.7    429.6
     1     1    10     3    27     7     0     1   -71.0   30.350   48.150   6698.5    435.5
     1     1    10     3    27     6     0     0   -72.0   29.509   47.373   6742.5    424.7
     1     1    10     3    27     5     0     1   -73.0   28.725   46.483   6714.3    415.5
     1     1    10     3    27     4     0     2   -74.0   28.038   45.507   6616.3    417.2
     1     1    10     3    27     3     0     3   -75.0   27.432   44.419   6574.9    408.4
     1     1    10     3    27     2     0     2   -76.0   26.903   43.275   6488.5    403.2
     1     1    10     3    27     1     0     1   -77.0   26.446   42.106   6335.7    401.2
     1     1    10     3    27     0     0     0   -78.0   26.089   40.914   6272.4    402.6
     1     1    10     3    26    23     0     1   -79.0   25.826   39.700   6202.0    402.4
     1     1    10     3    26    22     0     2   -80.0   25.682   38.504   6347.0    410.0
     1     1    10     3    26    21     0     3   -81.0   25.649   37.371   6494.3    425.7
     1     1    10     3    26    20     0     2   -82.0   25.727   36.313   6769.0    428.3
     1     1    10     3    26    19     0     1   -83.0   25.917   35.278   6901.7    422.3
     1     1    10     3    26    18     0     0   -84.0   26.192   34.286   6824.9    417.3
     1     1    10     3    26    17     0     1   -85.0   26.546   33.302   6820.2    406.2
     1     1    10     3    26    16     0     2   -86.0   26.968   32.330   6836.3    403.0
     1     1    10     3    26    15     0     3   -87.0   27.419   31.417   6897.1    407.8
     1     1    10     3    26    14     0     2   -88.0   27.917   30.567   6920.5    416.4
     1     1    10     3    26    13     0     1   -89.0   28.482   29.739   6948.1    412.6
     1     1    10     3    26    12     0     0   -90.0   29.062   28.917   6970.7    408.0
     1     1    10     3    26    11     0     1   -91.0   29.674   28.155   7132.7    411.4
     1     1    10     3    26    10     0     2   -92.0   30.356   27.474   7351.2    395.9
     1     1    10     3    26     9     0     3   -93.0   31.072   26.833   7485.6    378.8
     1     1    10     3    26     8     0     2   -94.0   31.810   26.225   7691.9    380.3
     1     1    10     3    26     7     0     1   -95.0   32.571   25.634   7877.1    370.2
     1     1    10     3    26     6     0     0   -96.0   33.345   25.064   8026.5    361.6
