     7     1
    GDAS    10     3    22     0     0
    GDAS    10     4     8     0     0
    GDAS    10     4    15     0     0
    GDAS    10     4    22     0     0
    GDAS    10     4    29     0     0
    GDAS    10     4     1     0     0
    GDAS    10     3    29     0     0
     1 BACKWARD OMEGA   
    10     4    14     6   39.977  116.381  7400.0
     1 PRESSURE
     1     1    10     4    14     6     0     0     0.0   39.977  116.381   7156.7    383.8
     1     1    10     4    14     5     0     1    -1.0   39.776  114.587   7044.0    346.3
     1     1    10     4    14     4     0     2    -2.0   39.583  112.774   7098.7    331.0
     1     1    10     4    14     3     0     3    -3.0   39.464  111.053   7183.3    337.7
     1     1    10     4    14     2     0     2    -4.0   39.385  109.368   7179.8    330.7
     1     1    10     4    14     1     0     1    -5.0   39.342  107.631   7281.4    324.9
     1     1    10     4    14     0     0     0    -6.0   39.360  105.904   7297.7    323.0
     1     1    10     4    13    23     0     1    -7.0   39.367  104.218   7344.2    322.2
     1     1    10     4    13    22     0     2    -8.0   39.357  102.515   7403.2    315.4
     1     1    10     4    13    21     0     3    -9.0   39.355  100.742   7371.6    308.9
     1     1    10     4    13    20     0     2   -10.0   39.352   98.943   6987.7    280.3
     1     1    10     4    13    19     0     1   -11.0   39.347   97.110   6843.0    261.3
     1     1    10     4    13    18     0     0   -12.0   39.388   95.154   7213.5    265.7
     1     1    10     4    13    17     0     1   -13.0   39.466   93.205   7504.4    279.8
     1     1    10     4    13    16     0     2   -14.0   39.600   91.303   7713.3    290.2
     1     1    10     4    13    15     0     3   -15.0   39.802   89.389   8096.4    302.1
     1     1    10     4    13    14     0     2   -16.0   40.017   87.467   8060.8    313.1
     1     1    10     4    13    13     0     1   -17.0   40.222   85.614   7758.1    328.1
     1     1    10     4    13    12     0     0   -18.0   40.432   83.792   7557.5    335.2
     1     1    10     4    13    11     0     1   -19.0   40.723   82.013   7580.5    332.3
     1     1    10     4    13    10     0     2   -20.0   41.120   80.184   7624.5    310.1
     1     1    10     4    13     9     0     3   -21.0   41.590   78.299   6925.3    255.8
     1     1    10     4    13     8     0     2   -22.0   42.035   76.361   6908.8    279.1
     1     1    10     4    13     7     0     1   -23.0   42.473   74.422   6917.4    320.7
     1     1    10     4    13     6     0     0   -24.0   42.840   72.630   6963.0    359.0
     1     1    10     4    13     5     0     1   -25.0   43.120   70.954   7026.0    382.9
     1     1    10     4    13     4     0     2   -26.0   43.391   69.283   6967.8    392.5
     1     1    10     4    13     3     0     3   -27.0   43.610   67.662   6875.6    401.2
     1     1    10     4    13     2     0     2   -28.0   43.728   66.137   6884.3    411.4
     1     1    10     4    13     1     0     1   -29.0   43.851   64.676   6906.6    411.8
     1     1    10     4    13     0     0     0   -30.0   43.986   63.294   6930.2    412.2
     1     1    10     4    12    23     0     1   -31.0   44.067   62.004   6967.2    413.0
     1     1    10     4    12    22     0     2   -32.0   44.176   60.766   7043.0    408.4
     1     1    10     4    12    21     0     3   -33.0   44.383   59.574   7157.4    401.5
     1     1    10     4    12    20     0     2   -34.0   44.629   58.396   7207.3    395.5
     1     1    10     4    12    19     0     1   -35.0   44.877   57.169   7296.4    388.5
     1     1    10     4    12    18     0     0   -36.0   45.184   55.891   7524.6    379.8
     1     1    10     4    12    17     0     1   -37.0   45.491   54.543   7739.0    368.6
     1     1    10     4    12    16     0     2   -38.0   45.656   53.075   7936.3    361.7
     1     1    10     4    12    15     0     3   -39.0   45.660   51.440   8119.9    351.6
     1     1    10     4    12    14     0     2   -40.0   45.505   49.778   8216.3    346.9
     1     1    10     4    12    13     0     1   -41.0   45.204   48.208   8262.5    344.6
     1     1    10     4    12    12     0     0   -42.0   44.775   46.651   8390.2    336.5
     1     1    10     4    12    11     0     1   -43.0   44.079   45.235   8354.2    328.8
     1     1    10     4    12    10     0     2   -44.0   43.088   44.078   7951.3    285.7
     1     1    10     4    12     9     0     3   -45.0   41.872   43.261   8270.2    295.2
     1     1    10     4    12     8     0     2   -46.0   40.735   42.605   7875.7    268.2
     1     1    10     4    12     7     0     1   -47.0   39.642   42.010   7717.1    279.7
     1     1    10     4    12     6     0     0   -48.0   38.565   41.453   7850.3    296.7
     1     1    10     4    12     5     0     1   -49.0   37.540   40.892   7871.4    333.9
     1     1    10     4    12     4     0     2   -50.0   36.600   40.306   7658.6    357.8
     1     1    10     4    12     3     0     3   -51.0   35.718   39.617   7733.3    358.2
     1     1    10     4    12     2     0     2   -52.0   34.885   38.711   7757.2    341.2
     1     1    10     4    12     1     0     1   -53.0   34.070   37.738   7439.8    345.2
     1     1    10     4    12     0     0     0   -54.0   33.352   36.735   6725.4    388.9
     1     1    10     4    11    23     0     1   -55.0   32.633   35.617   6938.1    393.1
     1     1    10     4    11    22     0     2   -56.0   31.978   34.440   7137.9    402.1
     1     1    10     4    11    21     0     3   -57.0   31.456   33.260   7054.4    409.7
     1     1    10     4    11    20     0     2   -58.0   31.045   32.117   6851.8    425.1
     1     1    10     4    11    19     0     1   -59.0   30.736   30.984   6670.4    434.5
     1     1    10     4    11    18     0     0   -60.0   30.574   29.839   6572.4    439.4
     1     1    10     4    11    17     0     1   -61.0   30.513   28.650   6690.6    432.0
     1     1    10     4    11    16     0     2   -62.0   30.496   27.424   6767.7    424.9
     1     1    10     4    11    15     0     3   -63.0   30.521   26.189   6763.6    421.2
     1     1    10     4    11    14     0     2   -64.0   30.593   24.929   6852.9    414.6
     1     1    10     4    11    13     0     1   -65.0   30.719   23.647   6928.2    413.1
     1     1    10     4    11    12     0     0   -66.0   30.882   22.377   6946.5    411.5
     1     1    10     4    11    11     0     1   -67.0   31.066   21.117   6992.3    411.4
     1     1    10     4    11    10     0     2   -68.0   31.241   19.893   7090.7    408.2
     1     1    10     4    11     9     0     3   -69.0   31.392   18.750   7082.6    410.3
     1     1    10     4    11     8     0     2   -70.0   31.544   17.669   7022.1    413.3
     1     1    10     4    11     7     0     1   -71.0   31.694   16.647   6979.5    415.7
     1     1    10     4    11     6     0     0   -72.0   31.822   15.674   6938.6    418.3
     1     1    10     4    11     5     0     1   -73.0   31.984   14.697   6894.6    415.8
     1     1    10     4    11     4     0     2   -74.0   32.197   13.725   6824.7    407.3
     1     1    10     4    11     3     0     3   -75.0   32.425   12.835   6813.0    406.7
     1     1    10     4    11     2     0     2   -76.0   32.674   12.018   6895.7    414.9
     1     1    10     4    11     1     0     1   -77.0   32.947   11.210   6946.2    413.0
     1     1    10     4    11     0     0     0   -78.0   33.226   10.377   6969.3    407.0
     1     1    10     4    10    23     0     1   -79.0   33.518    9.545   7024.9    407.2
     1     1    10     4    10    22     0     2   -80.0   33.855    8.695   7100.6    405.4
     1     1    10     4    10    21     0     3   -81.0   34.213    7.771   7079.3    399.3
     1     1    10     4    10    20     0     2   -82.0   34.574    6.780   7068.8    385.9
     1     1    10     4    10    19     0     1   -83.0   34.952    5.727   7114.6    378.3
     1     1    10     4    10    18     0     0   -84.0   35.315    4.727   6997.5    380.0
     1     1    10     4    10    17     0     1   -85.0   35.678    3.777   6952.1    373.3
     1     1    10     4    10    16     0     2   -86.0   36.044    2.828   6994.6    372.6
     1     1    10     4    10    15     0     3   -87.0   36.365    1.942   7139.3    385.7
     1     1    10     4    10    14     0     2   -88.0   36.628    1.138   7324.4    393.3
     1     1    10     4    10    13     0     1   -89.0   36.864    0.390   7440.3    391.9
     1     1    10     4    10    12     0     0   -90.0   37.098   -0.319   7444.4    393.2
     1     1    10     4    10    11     0     1   -91.0   37.306   -0.965   7445.6    394.5
     1     1    10     4    10    10     0     2   -92.0   37.484   -1.569   7378.2    380.8
     1     1    10     4    10     9     0     3   -93.0   37.649   -2.164   7322.5    363.0
     1     1    10     4    10     8     0     2   -94.0   37.819   -2.754   7365.0    353.7
     1     1    10     4    10     7     0     1   -95.0   38.011   -3.325   7519.1    352.5
     1     1    10     4    10     6     0     0   -96.0   38.230   -3.844   7680.1    352.7
