     5     1
    GDAS    10     3     1     0     0
    GDAS    10     3     8     0     0
    GDAS    10     3    15     0     0
    GDAS    10     3    22     0     0
    GDAS    10     3    29     0     0
     1 BACKWARD OMEGA   
    10     3    23    18   39.977  116.381  7800.0
     1 PRESSURE
     1     1    10     3    23    18     0     0     0.0   39.977  116.381   7558.4    361.9
     1     1    10     3    23    17     0     1    -1.0   39.615  114.689   7072.9    351.4
     1     1    10     3    23    16     0     2    -2.0   39.328  112.913   6913.5    339.5
     1     1    10     3    23    15     0     3    -3.0   39.022  111.249   6773.8    349.7
     1     1    10     3    23    14     0     2    -4.0   38.722  109.811   6467.7    373.5
     1     1    10     3    23    13     0     1    -5.0   38.577  108.350   6288.2    374.0
     1     1    10     3    23    12     0     0    -6.0   38.492  106.878   6151.8    382.5
     1     1    10     3    23    11     0     1    -7.0   38.338  105.443   5802.5    399.2
     1     1    10     3    23    10     0     2    -8.0   38.200  104.156   5326.9    425.4
     1     1    10     3    23     9     0     3    -9.0   38.093  103.063   4782.0    453.3
     1     1    10     3    23     8     0     2   -10.0   37.997  102.068   3967.9    441.6
     1     1    10     3    23     7     0     1   -11.0   37.912  100.984   3373.4    421.3
     1     1    10     3    23     6     0     0   -12.0   37.894   99.845   2828.5    426.9
     1     1    10     3    23     5     0     1   -13.0   37.915   98.771   2115.7    462.4
     1     1    10     3    23     4     0     2   -14.0   37.905   97.744   1795.7    472.8
     1     1    10     3    23     3     0     3   -15.0   37.886   96.733   1673.1    479.0
     1     1    10     3    23     2     0     2   -16.0   37.909   95.704   1568.0    498.3
     1     1    10     3    23     1     0     1   -17.0   38.031   94.801   1436.8    552.9
     1     1    10     3    23     0     0     0   -18.0   38.244   94.139   1375.9    591.2
     1     1    10     3    22    23     0     1   -19.0   38.469   93.615   1377.0    589.6
     1     1    10     3    22    22     0     2   -20.0   38.687   93.083   1452.1    579.3
     1     1    10     3    22    21     0     3   -21.0   38.894   92.471   1553.6    574.4
     1     1    10     3    22    20     0     2   -22.0   39.077   91.817   1600.2    588.2
     1     1    10     3    22    19     0     1   -23.0   39.207   91.168   1599.1    598.5
     1     1    10     3    22    18     0     0   -24.0   39.271   90.571   1606.6    620.4
     1     1    10     3    22    17     0     1   -25.0   39.304   90.043   1541.2    643.0
     1     1    10     3    22    16     0     2   -26.0   39.336   89.618   1365.0    685.1
     1     1    10     3    22    15     0     3   -27.0   39.382   89.310   1126.1    727.5
     1     1    10     3    22    14     0     2   -28.0   39.423   89.121    943.3    765.5
     1     1    10     3    22    13     0     1   -29.0   39.450   89.010    868.8    776.3
     1     1    10     3    22    12     0     0   -30.0   39.467   88.947    871.4    776.8
     1     1    10     3    22    11     0     1   -31.0   39.490   88.914    910.9    773.8
     1     1    10     3    22    10     0     2   -32.0   39.535   88.916    970.8    772.2
     1     1    10     3    22     9     0     3   -33.0   39.606   88.952   1056.9    769.6
     1     1    10     3    22     8     0     2   -34.0   39.688   88.987   1156.4    765.8
     1     1    10     3    22     7     0     1   -35.0   39.755   88.991   1254.4    763.3
     1     1    10     3    22     6     0     0   -36.0   39.800   88.965   1357.6    759.2
     1     1    10     3    22     5     0     1   -37.0   39.829   88.904   1466.9    752.1
     1     1    10     3    22     4     0     2   -38.0   39.861   88.818   1575.5    745.6
     1     1    10     3    22     3     0     3   -39.0   39.900   88.723   1686.4    739.3
     1     1    10     3    22     2     0     2   -40.0   39.939   88.645   1812.2    731.8
     1     1    10     3    22     1     0     1   -41.0   39.970   88.597   1966.0    719.5
     1     1    10     3    22     0     0     0   -42.0   39.987   88.593   2151.5    704.0
     1     1    10     3    21    23     0     1   -43.0   40.015   88.573   2326.1    684.8
     1     1    10     3    21    22     0     2   -44.0   40.089   88.510   2460.0    672.0
     1     1    10     3    21    21     0     3   -45.0   40.205   88.432   2571.4    660.6
     1     1    10     3    21    20     0     2   -46.0   40.323   88.324   2672.3    649.6
     1     1    10     3    21    19     0     1   -47.0   40.417   88.175   2782.0    639.4
     1     1    10     3    21    18     0     0   -48.0   40.516   88.017   2916.9    627.1
     1     1    10     3    21    17     0     1   -49.0   40.629   87.840   3046.4    613.3
     1     1    10     3    21    16     0     2   -50.0   40.749   87.639   3137.8    606.7
     1     1    10     3    21    15     0     3   -51.0   40.871   87.453   3182.5    604.0
     1     1    10     3    21    14     0     2   -52.0   40.992   87.314   3200.2    605.6
     1     1    10     3    21    13     0     1   -53.0   41.136   87.167   3238.2    605.3
     1     1    10     3    21    12     0     0   -54.0   41.344   86.932   3303.5    599.8
     1     1    10     3    21    11     0     1   -55.0   41.599   86.581   3326.9    587.6
     1     1    10     3    21    10     0     2   -56.0   41.828   86.192   3226.1    581.5
     1     1    10     3    21     9     0     3   -57.0   42.018   85.805   3062.7    583.4
     1     1    10     3    21     8     0     2   -58.0   42.184   85.306   2950.2    567.1
     1     1    10     3    21     7     0     1   -59.0   42.339   84.580   2986.2    548.6
     1     1    10     3    21     6     0     0   -60.0   42.481   83.736   3007.0    539.3
     1     1    10     3    21     5     0     1   -61.0   42.582   82.826   3035.0    519.9
     1     1    10     3    21     4     0     2   -62.0   42.643   81.910   3002.2    526.6
     1     1    10     3    21     3     0     3   -63.0   42.712   80.961   2835.9    518.9
     1     1    10     3    21     2     0     2   -64.0   42.797   79.890   2870.4    511.7
     1     1    10     3    21     1     0     1   -65.0   42.864   78.790   2988.4    512.4
     1     1    10     3    21     0     0     0   -66.0   42.947   77.695   2985.8    485.6
     1     1    10     3    20    23     0     1   -67.0   42.991   76.491   3138.9    502.6
     1     1    10     3    20    22     0     2   -68.0   42.958   75.374   3198.4    565.1
     1     1    10     3    20    21     0     3   -69.0   42.886   74.316   3152.6    608.4
     1     1    10     3    20    20     0     2   -70.0   42.753   73.245   3067.1    596.7
     1     1    10     3    20    19     0     1   -71.0   42.584   72.151   2964.7    587.5
     1     1    10     3    20    18     0     0   -72.0   42.406   71.065   2778.2    560.8
     1     1    10     3    20    17     0     1   -73.0   42.236   70.059   2742.5    606.4
     1     1    10     3    20    16     0     2   -74.0   42.082   69.274   2800.3    666.6
     1     1    10     3    20    15     0     3   -75.0   41.961   68.648   2887.9    687.5
     1     1    10     3    20    14     0     2   -76.0   41.871   68.017   2966.9    687.4
     1     1    10     3    20    13     0     1   -77.0   41.805   67.354   3004.4    683.4
     1     1    10     3    20    12     0     0   -78.0   41.771   66.710   2983.4    688.8
     1     1    10     3    20    11     0     1   -79.0   41.760   66.081   2990.6    688.8
     1     1    10     3    20    10     0     2   -80.0   41.754   65.435   3056.2    681.8
     1     1    10     3    20     9     0     3   -81.0   41.769   64.771   3135.7    675.4
     1     1    10     3    20     8     0     2   -82.0   41.811   64.079   3202.0    667.3
     1     1    10     3    20     7     0     1   -83.0   41.879   63.364   3249.6    671.9
     1     1    10     3    20     6     0     0   -84.0   41.978   62.623   3258.7    674.7
     1     1    10     3    20     5     0     1   -85.0   42.070   61.836   3278.2    670.3
     1     1    10     3    20     4     0     2   -86.0   42.116   61.016   3387.0    664.8
     1     1    10     3    20     3     0     3   -87.0   42.129   60.148   3531.9    648.6
     1     1    10     3    20     2     0     2   -88.0   42.159   59.254   3659.7    640.3
     1     1    10     3    20     1     0     1   -89.0   42.236   58.345   3754.2    632.5
     1     1    10     3    20     0     0     0   -90.0   42.334   57.371   3856.9    624.0
     1     1    10     3    19    23     0     1   -91.0   42.444   56.371   3979.7    606.4
     1     1    10     3    19    22     0     2   -92.0   42.559   55.366   4086.1    593.1
     1     1    10     3    19    21     0     3   -93.0   42.674   54.343   4145.2    592.8
     1     1    10     3    19    20     0     2   -94.0   42.824   53.313   4224.6    588.6
     1     1    10     3    19    19     0     1   -95.0   43.018   52.298   4380.0    580.3
     1     1    10     3    19    18     0     0   -96.0   43.237   51.319   4521.8    570.8
