     5     1
    GDAS    10     3     1     0     0
    GDAS    10     3     8     0     0
    GDAS    10     3    15     0     0
    GDAS    10     3    22     0     0
    GDAS    10     3    29     0     0
     1 BACKWARD OMEGA   
    10     3    18     6   39.977  116.381  6800.0
     1 PRESSURE
     1     1    10     3    18     6     0     0     0.0   39.977  116.381   6556.9    420.0
     1     1    10     3    18     5     0     1    -1.0   41.257  115.519   6589.6    357.5
     1     1    10     3    18     4     0     2    -2.0   42.613  114.480   6833.2    347.9
     1     1    10     3    18     3     0     3    -3.0   44.013  113.307   7051.9    346.1
     1     1    10     3    18     2     0     2    -4.0   45.469  112.054   7161.7    339.6
     1     1    10     3    18     1     0     1    -5.0   46.814  110.617   7216.1    329.1
     1     1    10     3    18     0     0     0    -6.0   48.167  108.833   7146.5    312.4
     1     1    10     3    17    23     0     1    -7.0   49.557  106.736   7462.0    324.9
     1     1    10     3    17    22     0     2    -8.0   50.745  104.428   7400.7    307.1
     1     1    10     3    17    21     0     3    -9.0   51.720  101.667   7232.4    294.8
     1     1    10     3    17    20     0     2   -10.0   52.414   98.514   7004.4    301.6
     1     1    10     3    17    19     0     1   -11.0   52.856   95.351   7188.8    326.9
     1     1    10     3    17    18     0     0   -12.0   52.971   92.165   7214.0    351.8
     1     1    10     3    17    17     0     1   -13.0   52.766   89.074   6923.4    354.2
     1     1    10     3    17    16     0     2   -14.0   52.395   86.109   6772.0    394.0
     1     1    10     3    17    15     0     3   -15.0   51.876   83.323   6572.3    406.9
     1     1    10     3    17    14     0     2   -16.0   51.326   80.623   6339.2    427.6
     1     1    10     3    17    13     0     1   -17.0   50.589   77.964   6288.5    428.3
     1     1    10     3    17    12     0     0   -18.0   49.748   75.194   6221.3    404.6
     1     1    10     3    17    11     0     1   -19.0   48.811   72.320   6485.0    397.7
     1     1    10     3    17    10     0     2   -20.0   47.739   69.697   6704.3    400.3
     1     1    10     3    17     9     0     3   -21.0   46.684   67.253   6764.7    403.4
     1     1    10     3    17     8     0     2   -22.0   45.659   64.959   6769.1    412.3
     1     1    10     3    17     7     0     1   -23.0   44.713   62.747   6777.2    415.4
     1     1    10     3    17     6     0     0   -24.0   43.817   60.574   6741.9    420.7
     1     1    10     3    17     5     0     1   -25.0   42.944   58.535   6718.9    421.5
     1     1    10     3    17     4     0     2   -26.0   42.144   56.570   6781.2    418.2
     1     1    10     3    17     3     0     3   -27.0   41.429   54.589   6810.1    414.5
     1     1    10     3    17     2     0     2   -28.0   40.778   52.622   6782.0    424.3
     1     1    10     3    17     1     0     1   -29.0   40.170   50.669   6637.1    433.2
     1     1    10     3    17     0     0     0   -30.0   39.586   48.725   6454.8    435.3
     1     1    10     3    16    23     0     1   -31.0   39.005   46.726   6142.5    390.4
     1     1    10     3    16    22     0     2   -32.0   38.419   44.541   5972.7    361.5
     1     1    10     3    16    21     0     3   -33.0   37.874   42.310   6009.6    386.5
     1     1    10     3    16    20     0     2   -34.0   37.413   40.406   6144.5    424.9
     1     1    10     3    16    19     0     1   -35.0   37.034   38.634   6091.9    432.1
     1     1    10     3    16    18     0     0   -36.0   36.740   36.881   6116.4    426.6
     1     1    10     3    16    17     0     1   -37.0   36.515   35.241   6312.5    439.8
     1     1    10     3    16    16     0     2   -38.0   36.287   33.576   6335.4    421.9
     1     1    10     3    16    15     0     3   -39.0   36.092   31.946   6490.5    433.8
     1     1    10     3    16    14     0     2   -40.0   35.974   30.436   6735.4    424.5
     1     1    10     3    16    13     0     1   -41.0   35.866   28.898   6882.2    417.5
     1     1    10     3    16    12     0     0   -42.0   35.750   27.362   7062.4    406.0
     1     1    10     3    16    11     0     1   -43.0   35.662   25.829   7218.6    397.0
     1     1    10     3    16    10     0     2   -44.0   35.587   24.315   7348.1    388.5
     1     1    10     3    16     9     0     3   -45.0   35.498   22.827   7450.9    385.5
     1     1    10     3    16     8     0     2   -46.0   35.409   21.357   7522.1    381.2
     1     1    10     3    16     7     0     1   -47.0   35.327   19.903   7583.5    377.8
     1     1    10     3    16     6     0     0   -48.0   35.241   18.464   7622.6    374.9
     1     1    10     3    16     5     0     1   -49.0   35.173   17.040   7637.9    374.9
     1     1    10     3    16     4     0     2   -50.0   35.154   15.645   7630.7    375.0
     1     1    10     3    16     3     0     3   -51.0   35.168   14.305   7604.2    376.7
     1     1    10     3    16     2     0     2   -52.0   35.202   13.022   7594.9    377.8
     1     1    10     3    16     1     0     1   -53.0   35.273   11.761   7615.5    376.0
     1     1    10     3    16     0     0     0   -54.0   35.362   10.502   7597.6    371.1
     1     1    10     3    15    23     0     1   -55.0   35.452    9.209   7480.1    357.1
     1     1    10     3    15    22     0     2   -56.0   35.588    7.870   7455.6    342.1
     1     1    10     3    15    21     0     3   -57.0   35.789    6.590   7602.4    334.8
     1     1    10     3    15    20     0     2   -58.0   36.044    5.352   7715.1    327.0
     1     1    10     3    15    19     0     1   -59.0   36.374    4.164   8053.9    329.0
     1     1    10     3    15    18     0     0   -60.0   36.771    3.095   8382.2    330.4
     1     1    10     3    15    17     0     1   -61.0   37.228    2.157   8581.9    328.6
     1     1    10     3    15    16     0     2   -62.0   37.729    1.296   8707.7    323.5
     1     1    10     3    15    15     0     3   -63.0   38.239    0.505   8796.3    318.4
     1     1    10     3    15    14     0     2   -64.0   38.765   -0.252   8843.3    306.6
     1     1    10     3    15    13     0     1   -65.0   39.329   -0.986   8758.3    284.2
     1     1    10     3    15    12     0     0   -66.0   39.914   -1.710   8776.8    271.6
     1     1    10     3    15    11     0     1   -67.0   40.554   -2.380   8909.0    267.7
     1     1    10     3    15    10     0     2   -68.0   41.260   -2.991   9017.2    257.8
     1     1    10     3    15     9     0     3   -69.0   41.973   -3.563   9176.8    254.7
     1     1    10     3    15     8     0     2   -70.0   42.693   -4.106   9294.8    254.9
     1     1    10     3    15     7     0     1   -71.0   43.431   -4.629   9484.4    259.8
     1     1    10     3    15     6     0     0   -72.0   44.148   -5.116   9813.5    273.5
     1     1    10     3    15     5     0     1   -73.0   44.847   -5.569   9843.5    271.1
     1     1    10     3    15     4     0     2   -74.0   45.552   -6.024   9882.5    268.5
     1     1    10     3    15     3     0     3   -75.0   46.268   -6.506   9941.4    266.1
     1     1    10     3    15     2     0     2   -76.0   47.004   -7.018  10025.2    262.9
     1     1    10     3    15     1     0     1   -77.0   47.749   -7.594  10091.7    258.3
     1     1    10     3    15     0     0     0   -78.0   48.479   -8.256  10103.5    258.0
     1     1    10     3    14    23     0     1   -79.0   49.185   -8.967  10090.0    259.9
     1     1    10     3    14    22     0     2   -80.0   49.848   -9.733  10083.4    260.3
     1     1    10     3    14    21     0     3   -81.0   50.444  -10.584  10090.9    260.0
     1     1    10     3    14    20     0     2   -82.0   50.982  -11.512  10130.2    258.4
     1     1    10     3    14    19     0     1   -83.0   51.452  -12.511  10186.6    255.8
