     5     1
    GDAS    10     3     1     0     0
    GDAS    10     3     8     0     0
    GDAS    10     3    15     0     0
    GDAS    10     3    22     0     0
    GDAS    10     3    29     0     0
     1 BACKWARD OMEGA   
    10     3    30    12   39.977  116.381  2200.0
     1 PRESSURE
     1     1    10     3    30    12     0     0     0.0   39.977  116.381   1964.0    774.8
     1     1    10     3    30    11     0     1    -1.0   39.862  115.998   1916.7    771.8
     1     1    10     3    30    10     0     2    -2.0   39.757  115.597   1875.4    752.2
     1     1    10     3    30     9     0     3    -3.0   39.677  115.143   1850.2    731.4
     1     1    10     3    30     8     0     2    -4.0   39.607  114.664   1836.0    718.3
     1     1    10     3    30     7     0     1    -5.0   39.510  114.202   1799.2    708.4
     1     1    10     3    30     6     0     0    -6.0   39.399  113.756   1726.7    703.0
     1     1    10     3    30     5     0     1    -7.0   39.293  113.342   1624.1    707.5
     1     1    10     3    30     4     0     2    -8.0   39.200  112.960   1519.2    713.5
     1     1    10     3    30     3     0     3    -9.0   39.119  112.582   1447.7    715.6
     1     1    10     3    30     2     0     2   -10.0   39.048  112.184   1417.1    711.4
     1     1    10     3    30     1     0     1   -11.0   38.985  111.780   1420.7    714.8
     1     1    10     3    30     0     0     0   -12.0   38.930  111.393   1445.9    724.1
     1     1    10     3    29    23     0     1   -13.0   38.893  111.051   1466.9    731.3
     1     1    10     3    29    22     0     2   -14.0   38.878  110.769   1462.3    733.0
     1     1    10     3    29    21     0     3   -15.0   38.883  110.538   1435.7    735.9
     1     1    10     3    29    20     0     2   -16.0   38.914  110.338   1386.9    740.5
     1     1    10     3    29    19     0     1   -17.0   38.976  110.151   1311.8    746.7
     1     1    10     3    29    18     0     0   -18.0   39.079  109.991   1215.2    754.9
     1     1    10     3    29    17     0     1   -19.0   39.210  109.826   1114.4    762.8
     1     1    10     3    29    16     0     2   -20.0   39.350  109.630   1025.8    767.8
     1     1    10     3    29    15     0     3   -21.0   39.507  109.429    948.4    772.5
     1     1    10     3    29    14     0     2   -22.0   39.674  109.215    875.4    777.1
     1     1    10     3    29    13     0     1   -23.0   39.845  108.968    782.0    783.4
     1     1    10     3    29    12     0     0   -24.0   40.003  108.670    683.1    796.4
     1     1    10     3    29    11     0     1   -25.0   40.150  108.341    608.5    807.8
     1     1    10     3    29    10     0     2   -26.0   40.311  108.031    521.1    819.7
     1     1    10     3    29     9     0     3   -27.0   40.480  107.754    428.8    835.2
     1     1    10     3    29     8     0     2   -28.0   40.635  107.477    400.1    840.1
     1     1    10     3    29     7     0     1   -29.0   40.791  107.172    467.6    825.4
     1     1    10     3    29     6     0     0   -30.0   40.972  106.834    588.8    800.0
     1     1    10     3    29     5     0     1   -31.0   41.150  106.443    638.0    789.0
     1     1    10     3    29     4     0     2   -32.0   41.299  105.962    567.7    807.4
     1     1    10     3    29     3     0     3   -33.0   41.426  105.435    480.4    833.2
     1     1    10     3    29     2     0     2   -34.0   41.559  104.915    434.0    843.2
     1     1    10     3    29     1     0     1   -35.0   41.715  104.439    449.3    839.6
     1     1    10     3    29     0     0     0   -36.0   41.911  104.038    531.7    828.4
     1     1    10     3    28    23     0     1   -37.0   42.110  103.684    627.8    810.6
     1     1    10     3    28    22     0     2   -38.0   42.285  103.325    697.4    801.0
     1     1    10     3    28    21     0     3   -39.0   42.446  102.975    765.8    794.6
     1     1    10     3    28    20     0     2   -40.0   42.573  102.645    828.9    784.3
     1     1    10     3    28    19     0     1   -41.0   42.658  102.345    860.4    776.6
     1     1    10     3    28    18     0     0   -42.0   42.710  102.094    859.3    773.1
     1     1    10     3    28    17     0     1   -43.0   42.750  101.862    850.8    772.0
     1     1    10     3    28    16     0     2   -44.0   42.790  101.612    874.3    767.1
     1     1    10     3    28    15     0     3   -45.0   42.832  101.350    959.5    754.6
     1     1    10     3    28    14     0     2   -46.0   42.849  101.085   1069.4    737.2
     1     1    10     3    28    13     0     1   -47.0   42.832  100.810   1110.4    734.4
     1     1    10     3    28    12     0     0   -48.0   42.803  100.510   1033.1    750.3
     1     1    10     3    28    11     0     1   -49.0   42.760  100.260    900.0    777.0
     1     1    10     3    28    10     0     2   -50.0   42.700  100.136    802.3    793.0
     1     1    10     3    28     9     0     3   -51.0   42.626  100.143    752.0    800.4
     1     1    10     3    28     8     0     2   -52.0   42.548  100.242    732.1    803.0
     1     1    10     3    28     7     0     1   -53.0   42.469  100.395    728.7    804.7
     1     1    10     3    28     6     0     0   -54.0   42.391  100.589    737.0    805.7
     1     1    10     3    28     5     0     1   -55.0   42.303  100.775    743.4    807.1
     1     1    10     3    28     4     0     2   -56.0   42.197  100.916    741.9    813.6
     1     1    10     3    28     3     0     3   -57.0   42.066  101.016    742.7    822.6
     1     1    10     3    28     2     0     2   -58.0   41.916  101.104    743.1    825.6
     1     1    10     3    28     1     0     1   -59.0   41.752  101.200    727.2    824.9
     1     1    10     3    28     0     0     0   -60.0   41.566  101.307    696.8    826.1
     1     1    10     3    27    23     0     1   -61.0   41.349  101.436    669.7    827.0
     1     1    10     3    27    22     0     2   -62.0   41.103  101.592    665.8    823.8
     1     1    10     3    27    21     0     3   -63.0   40.839  101.774    694.8    815.1
     1     1    10     3    27    20     0     2   -64.0   40.570  101.964    756.6    803.8
     1     1    10     3    27    19     0     1   -65.0   40.302  102.142    845.6    789.9
     1     1    10     3    27    18     0     0   -66.0   40.063  102.297    959.4    773.3
     1     1    10     3    27    17     0     1   -67.0   39.866  102.398   1073.5    756.1
     1     1    10     3    27    16     0     2   -68.0   39.691  102.437   1170.8    744.2
     1     1    10     3    27    15     0     3   -69.0   39.527  102.419   1256.2    734.6
     1     1    10     3    27    14     0     2   -70.0   39.391  102.366   1338.4    725.1
     1     1    10     3    27    13     0     1   -71.0   39.294  102.294   1421.8    715.2
     1     1    10     3    27    12     0     0   -72.0   39.237  102.195   1504.2    704.7
     1     1    10     3    27    11     0     1   -73.0   39.208  102.082   1580.0    694.9
     1     1    10     3    27    10     0     2   -74.0   39.190  101.965   1649.8    686.8
     1     1    10     3    27     9     0     3   -75.0   39.182  101.839   1722.4    680.3
     1     1    10     3    27     8     0     2   -76.0   39.196  101.691   1800.9    673.2
     1     1    10     3    27     7     0     1   -77.0   39.241  101.526   1882.6    667.1
     1     1    10     3    27     6     0     0   -78.0   39.312  101.351   1966.4    661.8
     1     1    10     3    27     5     0     1   -79.0   39.424  101.155   2036.3    657.4
     1     1    10     3    27     4     0     2   -80.0   39.578  100.938   2075.8    657.7
     1     1    10     3    27     3     0     3   -81.0   39.759  100.711   2083.5    661.2
     1     1    10     3    27     2     0     2   -82.0   39.944  100.469   2089.1    668.5
     1     1    10     3    27     1     0     1   -83.0   40.126  100.189   2110.8    669.5
     1     1    10     3    27     0     0     0   -84.0   40.314   99.864   2143.1    668.7
     1     1    10     3    26    23     0     1   -85.0   40.497   99.489   2179.9    666.1
     1     1    10     3    26    22     0     2   -86.0   40.657   99.071   2230.2    657.8
     1     1    10     3    26    21     0     3   -87.0   40.790   98.613   2315.5    643.0
     1     1    10     3    26    20     0     2   -88.0   40.898   98.130   2427.4    628.3
     1     1    10     3    26    19     0     1   -89.0   40.989   97.644   2505.7    611.1
     1     1    10     3    26    18     0     0   -90.0   41.071   97.171   2509.0    598.3
     1     1    10     3    26    17     0     1   -91.0   41.157   96.718   2472.5    600.1
     1     1    10     3    26    16     0     2   -92.0   41.266   96.272   2445.5    602.0
     1     1    10     3    26    15     0     3   -93.0   41.401   95.823   2448.7    603.2
     1     1    10     3    26    14     0     2   -94.0   41.547   95.363   2505.4    612.8
     1     1    10     3    26    13     0     1   -95.0   41.688   94.891   2614.7    622.9
     1     1    10     3    26    12     0     0   -96.0   41.825   94.411   2764.8    628.1
