     7     1
    GDAS    10     3    22     0     0
    GDAS    10     4     8     0     0
    GDAS    10     4    15     0     0
    GDAS    10     4    22     0     0
    GDAS    10     4    29     0     0
    GDAS    10     4     1     0     0
    GDAS    10     3    29     0     0
     1 BACKWARD OMEGA   
    10     4    16    18   39.977  116.381  7800.0
     1 PRESSURE
     1     1    10     4    16    18     0     0     0.0   39.977  116.381   7555.6    364.4
     1     1    10     4    16    17     0     1    -1.0   40.703  115.052   7219.1    329.2
     1     1    10     4    16    16     0     2    -2.0   41.633  113.763   7374.0    310.7
     1     1    10     4    16    15     0     3    -3.0   42.682  112.464   7583.4    315.2
     1     1    10     4    16    14     0     2    -4.0   43.681  111.115   7776.4    311.7
     1     1    10     4    16    13     0     1    -5.0   44.659  109.662   7902.6    307.8
     1     1    10     4    16    12     0     0    -6.0   45.643  108.031   7856.1    298.9
     1     1    10     4    16    11     0     1    -7.0   46.505  106.207   7794.3    292.4
     1     1    10     4    16    10     0     2    -8.0   47.237  104.195   7748.1    291.3
     1     1    10     4    16     9     0     3    -9.0   47.796  102.085   7662.4    288.0
     1     1    10     4    16     8     0     2   -10.0   48.181   99.713   7397.2    274.7
     1     1    10     4    16     7     0     1   -11.0   48.376   97.435   7345.3    276.4
     1     1    10     4    16     6     0     0   -12.0   48.413   95.099   7513.4    290.3
     1     1    10     4    16     5     0     1   -13.0   48.330   92.930   7522.4    315.0
     1     1    10     4    16     4     0     2   -14.0   48.162   90.930   6931.5    297.5
     1     1    10     4    16     3     0     3   -15.0   47.794   88.742   7205.9    298.5
     1     1    10     4    16     2     0     2   -16.0   47.230   86.658   7340.7    335.0
     1     1    10     4    16     1     0     1   -17.0   46.652   84.935   6752.2    346.4
     1     1    10     4    16     0     0     0   -18.0   45.992   83.280   6964.4    352.4
     1     1    10     4    15    23     0     1   -19.0   45.357   81.590   6982.5    344.7
     1     1    10     4    15    22     0     2   -20.0   44.915   79.784   6611.8    308.3
     1     1    10     4    15    21     0     3   -21.0   44.507   78.131   7133.2    370.9
     1     1    10     4    15    20     0     2   -22.0   44.198   76.567   7035.2    384.4
     1     1    10     4    15    19     0     1   -23.0   43.955   74.960   6584.7    392.8
     1     1    10     4    15    18     0     0   -24.0   43.698   73.195   6552.8    408.7
     1     1    10     4    15    17     0     1   -25.0   43.444   71.459   6520.9    416.7
     1     1    10     4    15    16     0     2   -26.0   43.244   69.762   6611.4    405.4
     1     1    10     4    15    15     0     3   -27.0   43.034   68.004   6627.8    429.9
     1     1    10     4    15    14     0     2   -28.0   42.909   66.236   6717.1    420.4
     1     1    10     4    15    13     0     1   -29.0   42.844   64.511   6885.8    408.8
     1     1    10     4    15    12     0     0   -30.0   42.838   62.806   7147.9    398.4
     1     1    10     4    15    11     0     1   -31.0   42.940   61.103   7427.8    386.1
     1     1    10     4    15    10     0     2   -32.0   43.077   59.430   7668.0    372.8
     1     1    10     4    15     9     0     3   -33.0   43.254   57.748   7927.6    354.3
     1     1    10     4    15     8     0     2   -34.0   43.400   56.089   8130.3    340.1
     1     1    10     4    15     7     0     1   -35.0   43.514   54.401   8376.8    328.1
     1     1    10     4    15     6     0     0   -36.0   43.622   52.635   8591.7    318.3
     1     1    10     4    15     5     0     1   -37.0   43.661   50.914   8720.9    317.7
     1     1    10     4    15     4     0     2   -38.0   43.641   49.242   8781.2    316.4
     1     1    10     4    15     3     0     3   -39.0   43.629   47.624   8870.7    309.0
     1     1    10     4    15     2     0     2   -40.0   43.648   46.072   8874.7    295.4
     1     1    10     4    15     1     0     1   -41.0   43.676   44.576   8807.9    285.6
     1     1    10     4    15     0     0     0   -42.0   43.709   43.148   8625.2    267.9
     1     1    10     4    14    23     0     1   -43.0   43.728   41.780   8634.3    268.3
     1     1    10     4    14    22     0     2   -44.0   43.729   40.475   8706.9    275.9
     1     1    10     4    14    21     0     3   -45.0   43.732   39.285   8925.9    294.8
     1     1    10     4    14    20     0     2   -46.0   43.761   38.201   9029.3    301.9
     1     1    10     4    14    19     0     1   -47.0   43.784   37.170   9037.5    304.1
     1     1    10     4    14    18     0     0   -48.0   43.795   36.207   8944.8    305.8
     1     1    10     4    14    17     0     1   -49.0   43.801   35.313   8866.5    312.2
     1     1    10     4    14    16     0     2   -50.0   43.800   34.444   8803.6    314.5
     1     1    10     4    14    15     0     3   -51.0   43.771   33.601   8677.2    319.5
     1     1    10     4    14    14     0     2   -52.0   43.741   32.821   8504.9    328.7
     1     1    10     4    14    13     0     1   -53.0   43.706   32.085   8324.6    337.1
     1     1    10     4    14    12     0     0   -54.0   43.637   31.375   8133.6    347.6
     1     1    10     4    14    11     0     1   -55.0   43.548   30.710   7953.5    358.7
     1     1    10     4    14    10     0     2   -56.0   43.453   30.094   7800.2    365.6
     1     1    10     4    14     9     0     3   -57.0   43.336   29.508   7661.2    373.5
     1     1    10     4    14     8     0     2   -58.0   43.198   28.938   7529.7    380.7
     1     1    10     4    14     7     0     1   -59.0   43.035   28.383   7410.5    387.1
     1     1    10     4    14     6     0     0   -60.0   42.847   27.830   7291.1    389.5
     1     1    10     4    14     5     0     1   -61.0   42.651   27.307   7096.3    390.0
     1     1    10     4    14     4     0     2   -62.0   42.456   26.849   6820.9    402.7
     1     1    10     4    14     3     0     3   -63.0   42.258   26.448   6524.9    425.3
     1     1    10     4    14     2     0     2   -64.0   42.063   26.072   6304.2    448.4
     1     1    10     4    14     1     0     1   -65.0   41.880   25.697   6132.4    452.8
     1     1    10     4    14     0     0     0   -66.0   41.691   25.312   5928.8    457.0
     1     1    10     4    13    23     0     1   -67.0   41.502   24.885   5713.0    472.0
     1     1    10     4    13    22     0     2   -68.0   41.329   24.414   5542.2    478.7
     1     1    10     4    13    21     0     3   -69.0   41.129   23.961   5420.9    489.9
     1     1    10     4    13    20     0     2   -70.0   40.904   23.535   5291.2    504.8
     1     1    10     4    13    19     0     1   -71.0   40.700   23.110   5127.1    517.4
     1     1    10     4    13    18     0     0   -72.0   40.516   22.693   4948.5    520.1
     1     1    10     4    13    17     0     1   -73.0   40.364   22.277   4700.6    522.8
     1     1    10     4    13    16     0     2   -74.0   40.254   21.887   4407.4    535.6
     1     1    10     4    13    15     0     3   -75.0   40.173   21.548   4132.7    545.3
     1     1    10     4    13    14     0     2   -76.0   40.092   21.201   3883.2    554.4
     1     1    10     4    13    13     0     1   -77.0   39.999   20.813   3694.4    572.9
     1     1    10     4    13    12     0     0   -78.0   39.902   20.436   3574.1    601.2
     1     1    10     4    13    11     0     1   -79.0   39.761   20.088   3454.0    631.0
     1     1    10     4    13    10     0     2   -80.0   39.560   19.770   3347.0    659.7
     1     1    10     4    13     9     0     3   -81.0   39.324   19.479   3280.6    673.7
     1     1    10     4    13     8     0     2   -82.0   39.073   19.202   3220.6    677.7
     1     1    10     4    13     7     0     1   -83.0   38.828   18.924   3147.6    684.7
     1     1    10     4    13     6     0     0   -84.0   38.601   18.642   3086.6    695.1
     1     1    10     4    13     5     0     1   -85.0   38.389   18.355   3024.9    700.6
     1     1    10     4    13     4     0     2   -86.0   38.193   18.054   2938.0    706.4
     1     1    10     4    13     3     0     3   -87.0   38.012   17.743   2820.5    715.2
     1     1    10     4    13     2     0     2   -88.0   37.826   17.422   2693.2    728.9
     1     1    10     4    13     1     0     1   -89.0   37.614   17.077   2572.2    740.8
     1     1    10     4    13     0     0     0   -90.0   37.380   16.719   2458.7    749.3
     1     1    10     4    12    23     0     1   -91.0   37.122   16.398   2364.0    758.5
     1     1    10     4    12    22     0     2   -92.0   36.819   16.124   2296.5    766.1
     1     1    10     4    12    21     0     3   -93.0   36.485   15.859   2254.6    769.4
     1     1    10     4    12    20     0     2   -94.0   36.157   15.614   2230.9    771.5
     1     1    10     4    12    19     0     1   -95.0   35.841   15.399   2215.0    773.6
     1     1    10     4    12    18     0     0   -96.0   35.533   15.191   2214.3    775.3
