     7     1
    GDAS    10     3    22     0     0
    GDAS    10     4     8     0     0
    GDAS    10     4    15     0     0
    GDAS    10     4    22     0     0
    GDAS    10     4    29     0     0
    GDAS    10     4     1     0     0
    GDAS    10     3    29     0     0
     1 BACKWARD OMEGA   
    10     4     9    18   39.977  116.381  2200.0
     1 PRESSURE
     1     1    10     4     9    18     0     0     0.0   39.977  116.381   1962.1    774.0
     1     1    10     4     9    17     0     1    -1.0   40.268  115.919   1968.2    734.1
     1     1    10     4     9    16     0     2    -2.0   40.461  115.325   1984.4    690.5
     1     1    10     4     9    15     0     3    -3.0   40.563  114.660   2070.2    667.4
     1     1    10     4     9    14     0     2    -4.0   40.626  113.998   2202.2    654.5
     1     1    10     4     9    13     0     1    -5.0   40.694  113.325   2297.8    631.2
     1     1    10     4     9    12     0     0    -6.0   40.797  112.621   2402.7    618.2
     1     1    10     4     9    11     0     1    -7.0   40.973  111.899   2567.0    600.3
     1     1    10     4     9    10     0     2    -8.0   41.207  111.080   2641.7    583.0
     1     1    10     4     9     9     0     3    -9.0   41.457  110.216   2630.2    602.8
     1     1    10     4     9     8     0     2   -10.0   41.742  109.267   2663.6    605.7
     1     1    10     4     9     7     0     1   -11.0   42.027  108.200   2627.3    609.0
     1     1    10     4     9     6     0     0   -12.0   42.264  107.070   2769.9    618.2
     1     1    10     4     9     5     0     1   -13.0   42.510  105.989   3028.2    596.9
     1     1    10     4     9     4     0     2   -14.0   42.776  104.903   3150.1    559.3
     1     1    10     4     9     3     0     3   -15.0   43.015  103.771   3341.7    545.6
     1     1    10     4     9     2     0     2   -16.0   43.244  102.660   3394.9    546.1
     1     1    10     4     9     1     0     1   -17.0   43.500  101.579   3508.3    541.3
     1     1    10     4     9     0     0     0   -18.0   43.801  100.561   3596.0    543.2
     1     1    10     4     8    23     0     1   -19.0   44.111   99.617   3592.9    534.9
     1     1    10     4     8    22     0     2   -20.0   44.432   98.660   3601.0    512.2
     1     1    10     4     8    21     0     3   -21.0   44.801   97.597   3723.9    480.5
     1     1    10     4     8    20     0     2   -22.0   45.214   96.433   3960.6    478.4
     1     1    10     4     8    19     0     1   -23.0   45.626   95.240   4148.0    468.8
     1     1    10     4     8    18     0     0   -24.0   46.046   94.052   4194.2    431.4
     1     1    10     4     8    17     0     1   -25.0   46.466   92.802   4427.5    431.9
     1     1    10     4     8    16     0     2   -26.0   46.882   91.476   4534.3    392.9
     1     1    10     4     8    15     0     3   -27.0   47.327   90.104   4693.2    407.9
     1     1    10     4     8    14     0     2   -28.0   47.762   88.885   4750.8    415.8
     1     1    10     4     8    13     0     1   -29.0   48.167   87.740   4793.3    433.0
     1     1    10     4     8    12     0     0   -30.0   48.561   86.647   4901.6    438.4
     1     1    10     4     8    11     0     1   -31.0   48.954   85.527   5024.7    422.7
     1     1    10     4     8    10     0     2   -32.0   49.341   84.481   5203.4    439.9
     1     1    10     4     8     9     0     3   -33.0   49.733   83.567   5341.7    447.7
     1     1    10     4     8     8     0     2   -34.0   50.123   82.715   5460.3    458.7
     1     1    10     4     8     7     0     1   -35.0   50.515   81.926   5527.9    468.5
     1     1    10     4     8     6     0     0   -36.0   50.925   81.178   5583.7    469.1
     1     1    10     4     8     5     0     1   -37.0   51.350   80.462   5660.4    467.4
     1     1    10     4     8     4     0     2   -38.0   51.788   79.782   5718.7    466.4
     1     1    10     4     8     3     0     3   -39.0   52.235   79.140   5744.0    467.2
     1     1    10     4     8     2     0     2   -40.0   52.688   78.542   5748.1    469.1
     1     1    10     4     8     1     0     1   -41.0   53.147   77.979   5753.7    469.6
     1     1    10     4     8     0     0     0   -42.0   53.617   77.430   5777.6    469.0
     1     1    10     4     7    23     0     1   -43.0   54.086   76.897   5827.7    465.0
     1     1    10     4     7    22     0     2   -44.0   54.539   76.399   5880.3    460.8
     1     1    10     4     7    21     0     3   -45.0   54.980   75.934   5912.8    457.8
     1     1    10     4     7    20     0     2   -46.0   55.419   75.511   5928.2    457.2
     1     1    10     4     7    19     0     1   -47.0   55.864   75.119   5922.9    457.3
     1     1    10     4     7    18     0     0   -48.0   56.305   74.735   5894.4    459.8
     1     1    10     4     7    17     0     1   -49.0   56.745   74.372   5875.9    464.0
     1     1    10     4     7    16     0     2   -50.0   57.184   74.032   5881.9    463.7
     1     1    10     4     7    15     0     3   -51.0   57.614   73.685   5883.4    462.5
     1     1    10     4     7    14     0     2   -52.0   58.040   73.344   5881.4    463.3
     1     1    10     4     7    13     0     1   -53.0   58.468   73.038   5887.5    464.0
     1     1    10     4     7    12     0     0   -54.0   58.882   72.749   5902.0    463.1
     1     1    10     4     7    11     0     1   -55.0   59.290   72.471   5919.0    461.2
     1     1    10     4     7    10     0     2   -56.0   59.703   72.220   5932.8    460.4
     1     1    10     4     7     9     0     3   -57.0   60.109   72.017   5950.6    459.4
     1     1    10     4     7     8     0     2   -58.0   60.518   71.843   5966.9    458.5
     1     1    10     4     7     7     0     1   -59.0   60.939   71.677   5973.6    459.1
     1     1    10     4     7     6     0     0   -60.0   61.367   71.532   5974.0    458.6
     1     1    10     4     7     5     0     1   -61.0   61.811   71.410   5984.2    457.5
     1     1    10     4     7     4     0     2   -62.0   62.281   71.315   6009.5    454.8
     1     1    10     4     7     3     0     3   -63.0   62.774   71.255   6048.1    451.4
     1     1    10     4     7     2     0     2   -64.0   63.280   71.212   6093.4    447.3
     1     1    10     4     7     1     0     1   -65.0   63.790   71.166   6130.2    444.8
     1     1    10     4     7     0     0     0   -66.0   64.305   71.133   6158.4    444.3
     1     1    10     4     6    23     0     1   -67.0   64.817   71.098   6182.8    444.9
     1     1    10     4     6    22     0     2   -68.0   65.319   71.032   6201.3    445.1
     1     1    10     4     6    21     0     3   -69.0   65.801   70.950   6216.0    445.1
     1     1    10     4     6    20     0     2   -70.0   66.270   70.856   6231.4    444.8
     1     1    10     4     6    19     0     1   -71.0   66.740   70.744   6252.0    443.6
     1     1    10     4     6    18     0     0   -72.0   67.216   70.623   6277.3    441.9
     1     1    10     4     6    17     0     1   -73.0   67.696   70.471   6304.9    439.0
     1     1    10     4     6    16     0     2   -74.0   68.175   70.256   6341.2    436.5
     1     1    10     4     6    15     0     3   -75.0   68.657   69.973   6394.7    434.3
     1     1    10     4     6    14     0     2   -76.0   69.134   69.608   6451.5    430.7
     1     1    10     4     6    13     0     1   -77.0   69.602   69.138   6499.7    427.7
     1     1    10     4     6    12     0     0   -78.0   70.063   68.575   6542.4    425.1
     1     1    10     4     6    11     0     1   -79.0   70.499   67.912   6578.9    422.7
     1     1    10     4     6    10     0     2   -80.0   70.890   67.144   6607.8    420.8
     1     1    10     4     6     9     0     3   -81.0   71.245   66.290   6626.7    420.7
     1     1    10     4     6     8     0     2   -82.0   71.568   65.347   6622.9    421.3
     1     1    10     4     6     7     0     1   -83.0   71.854   64.314   6604.4    422.5
     1     1    10     4     6     6     0     0   -84.0   72.105   63.197   6580.5    424.1
     1     1    10     4     6     5     0     1   -85.0   72.327   61.999   6548.9    424.9
     1     1    10     4     6     4     0     2   -86.0   72.515   60.741   6517.6    427.6
     1     1    10     4     6     3     0     3   -87.0   72.670   59.441   6484.2    429.3
     1     1    10     4     6     2     0     2   -88.0   72.808   58.155   6470.5    432.6
     1     1    10     4     6     1     0     1   -89.0   72.932   56.911   6439.2    430.8
     1     1    10     4     6     0     0     0   -90.0   73.040   55.684   6359.0    422.0
     1     1    10     4     5    23     0     1   -91.0   73.138   54.403   6328.1    423.0
     1     1    10     4     5    22     0     2   -92.0   73.219   53.056   6371.9    433.5
     1     1    10     4     5    21     0     3   -93.0   73.275   51.676   6381.0    436.6
     1     1    10     4     5    20     0     2   -94.0   73.301   50.318   6332.6    439.4
     1     1    10     4     5    19     0     1   -95.0   73.298   49.012   6288.6    443.7
     1     1    10     4     5    18     0     0   -96.0   73.269   47.757   6282.8    444.0
