     5     1
    GDAS    10     3     1     0     0
    GDAS    10     3     8     0     0
    GDAS    10     3    15     0     0
    GDAS    10     3    22     0     0
    GDAS    10     3    29     0     0
     1 BACKWARD OMEGA   
    10     3    24    12   39.977  116.381  7400.0
     1 PRESSURE
     1     1    10     3    24    12     0     0     0.0   39.977  116.381   7156.0    374.4
     1     1    10     3    24    11     0     1    -1.0   39.699  114.413   7078.9    334.8
     1     1    10     3    24    10     0     2    -2.0   39.484  112.460   7036.3    323.2
     1     1    10     3    24     9     0     3    -3.0   39.375  110.489   7271.3    322.1
     1     1    10     3    24     8     0     2    -4.0   39.366  108.574   7341.1    312.0
     1     1    10     3    24     7     0     1    -5.0   39.477  106.705   7479.6    311.3
     1     1    10     3    24     6     0     0    -6.0   39.652  104.901   7465.0    306.6
     1     1    10     3    24     5     0     1    -7.0   39.870  103.187   7398.6    308.6
     1     1    10     3    24     4     0     2    -8.0   40.206  101.553   7556.8    310.6
     1     1    10     3    24     3     0     3    -9.0   40.644   99.959   7711.4    302.2
     1     1    10     3    24     2     0     2   -10.0   41.132   98.435   7660.8    295.6
     1     1    10     3    24     1     0     1   -11.0   41.640   96.978   7631.7    280.9
     1     1    10     3    24     0     0     0   -12.0   42.175   95.563   7786.6    278.3
     1     1    10     3    23    23     0     1   -13.0   42.732   94.201   7887.2    269.8
     1     1    10     3    23    22     0     2   -14.0   43.241   92.927   8146.5    297.6
     1     1    10     3    23    21     0     3   -15.0   43.694   91.760   7940.8    290.3
     1     1    10     3    23    20     0     2   -16.0   44.120   90.642   7951.3    293.4
     1     1    10     3    23    19     0     1   -17.0   44.518   89.579   7996.3    299.0
     1     1    10     3    23    18     0     0   -18.0   44.892   88.571   8128.0    305.5
     1     1    10     3    23    17     0     1   -19.0   45.275   87.645   8270.1    308.9
     1     1    10     3    23    16     0     2   -20.0   45.679   86.746   8337.4    312.8
     1     1    10     3    23    15     0     3   -21.0   46.093   85.829   8389.8    308.4
     1     1    10     3    23    14     0     2   -22.0   46.490   84.873   8157.3    280.6
     1     1    10     3    23    13     0     1   -23.0   46.827   83.909   8122.2    280.0
     1     1    10     3    23    12     0     0   -24.0   47.105   82.970   8231.7    283.0
     1     1    10     3    23    11     0     1   -25.0   47.359   82.074   8389.0    286.2
     1     1    10     3    23    10     0     2   -26.0   47.610   81.218   8476.2    289.5
     1     1    10     3    23     9     0     3   -27.0   47.848   80.383   8521.3    289.7
     1     1    10     3    23     8     0     2   -28.0   48.066   79.571   8558.6    288.4
     1     1    10     3    23     7     0     1   -29.0   48.266   78.784   8576.6    288.3
     1     1    10     3    23     6     0     0   -30.0   48.451   78.014   8565.4    287.6
     1     1    10     3    23     5     0     1   -31.0   48.634   77.235   8520.9    284.6
     1     1    10     3    23     4     0     2   -32.0   48.822   76.435   8486.7    282.2
     1     1    10     3    23     3     0     3   -33.0   48.998   75.631   8429.3    281.7
     1     1    10     3    23     2     0     2   -34.0   49.152   74.834   8412.0    286.4
     1     1    10     3    23     1     0     1   -35.0   49.288   74.045   8435.9    291.4
     1     1    10     3    23     0     0     0   -36.0   49.404   73.270   8489.4    294.2
     1     1    10     3    22    23     0     1   -37.0   49.488   72.491   8555.4    295.3
     1     1    10     3    22    22     0     2   -38.0   49.550   71.695   8601.1    296.5
     1     1    10     3    22    21     0     3   -39.0   49.602   70.906   8606.4    297.7
     1     1    10     3    22    20     0     2   -40.0   49.661   70.124   8578.0    301.2
     1     1    10     3    22    19     0     1   -41.0   49.734   69.329   8531.7    304.9
     1     1    10     3    22    18     0     0   -42.0   49.795   68.509   8498.8    305.5
     1     1    10     3    22    17     0     1   -43.0   49.806   67.659   8461.2    306.4
     1     1    10     3    22    16     0     2   -44.0   49.756   66.805   8417.1    310.2
     1     1    10     3    22    15     0     3   -45.0   49.643   65.969   8396.2    318.5
     1     1    10     3    22    14     0     2   -46.0   49.514   65.135   8371.5    322.1
     1     1    10     3    22    13     0     1   -47.0   49.391   64.288   8373.4    324.4
     1     1    10     3    22    12     0     0   -48.0   49.246   63.432   8361.6    325.8
     1     1    10     3    22    11     0     1   -49.0   49.117   62.599   8338.0    327.0
     1     1    10     3    22    10     0     2   -50.0   49.039   61.802   8281.6    329.5
     1     1    10     3    22     9     0     3   -51.0   48.960   61.017   8182.7    332.6
     1     1    10     3    22     8     0     2   -52.0   48.875   60.228   8121.8    335.8
     1     1    10     3    22     7     0     1   -53.0   48.806   59.444   8062.8    334.5
     1     1    10     3    22     6     0     0   -54.0   48.730   58.679   7976.7    336.8
     1     1    10     3    22     5     0     1   -55.0   48.667   57.908   7893.4    342.0
     1     1    10     3    22     4     0     2   -56.0   48.648   57.096   7860.4    348.4
     1     1    10     3    22     3     0     3   -57.0   48.648   56.233   7870.2    349.6
     1     1    10     3    22     2     0     2   -58.0   48.652   55.338   7898.3    349.9
     1     1    10     3    22     1     0     1   -59.0   48.661   54.436   7890.9    353.6
     1     1    10     3    22     0     0     0   -60.0   48.653   53.506   7847.9    358.9
     1     1    10     3    21    23     0     1   -61.0   48.643   52.556   7820.6    361.4
     1     1    10     3    21    22     0     2   -62.0   48.670   51.645   7796.0    363.2
     1     1    10     3    21    21     0     3   -63.0   48.729   50.803   7765.8    365.0
     1     1    10     3    21    20     0     2   -64.0   48.801   49.997   7721.4    367.4
     1     1    10     3    21    19     0     1   -65.0   48.880   49.192   7679.1    370.1
     1     1    10     3    21    18     0     0   -66.0   48.972   48.386   7652.9    370.9
     1     1    10     3    21    17     0     1   -67.0   49.080   47.580   7635.9    371.3
     1     1    10     3    21    16     0     2   -68.0   49.192   46.783   7605.2    373.0
     1     1    10     3    21    15     0     3   -69.0   49.293   45.992   7572.8    375.3
     1     1    10     3    21    14     0     2   -70.0   49.383   45.176   7508.6    376.0
     1     1    10     3    21    13     0     1   -71.0   49.470   44.330   7397.2    379.3
     1     1    10     3    21    12     0     0   -72.0   49.546   43.476   7230.6    387.9
     1     1    10     3    21    11     0     1   -73.0   49.611   42.635   7066.2    398.0
     1     1    10     3    21    10     0     2   -74.0   49.676   41.837   6940.6    405.2
     1     1    10     3    21     9     0     3   -75.0   49.746   41.076   6855.2    409.2
     1     1    10     3    21     8     0     2   -76.0   49.829   40.307   6805.5    412.1
     1     1    10     3    21     7     0     1   -77.0   49.932   39.500   6770.7    413.6
     1     1    10     3    21     6     0     0   -78.0   50.045   38.661   6728.1    415.9
     1     1    10     3    21     5     0     1   -79.0   50.155   37.783   6654.3    420.0
     1     1    10     3    21     4     0     2   -80.0   50.268   36.867   6556.9    425.2
     1     1    10     3    21     3     0     3   -81.0   50.402   35.888   6466.7    429.6
     1     1    10     3    21     2     0     2   -82.0   50.531   34.856   6467.2    431.6
     1     1    10     3    21     1     0     1   -83.0   50.636   33.808   6516.1    428.3
     1     1    10     3    21     0     0     0   -84.0   50.718   32.726   6546.4    428.2
     1     1    10     3    20    23     0     1   -85.0   50.775   31.610   6492.7    432.3
     1     1    10     3    20    22     0     2   -86.0   50.811   30.506   6341.8    441.6
     1     1    10     3    20    21     0     3   -87.0   50.842   29.434   6126.2    454.0
     1     1    10     3    20    20     0     2   -88.0   50.877   28.384   5936.6    465.8
     1     1    10     3    20    19     0     1   -89.0   50.915   27.329   5870.2    469.3
     1     1    10     3    20    18     0     0   -90.0   50.961   26.270   5865.4    468.7
     1     1    10     3    20    17     0     1   -91.0   51.003   25.187   5825.8    470.3
     1     1    10     3    20    16     0     2   -92.0   51.023   24.029   5785.5    474.9
     1     1    10     3    20    15     0     3   -93.0   51.076   22.820   5699.9    478.6
     1     1    10     3    20    14     0     2   -94.0   51.114   21.598   5609.0    485.0
     1     1    10     3    20    13     0     1   -95.0   51.057   20.357   5554.4    485.8
     1     1    10     3    20    12     0     0   -96.0   50.965   19.104   5527.0    488.9
