     5     1
    GDAS    10     3     1     0     0
    GDAS    10     3     8     0     0
    GDAS    10     3    15     0     0
    GDAS    10     3    22     0     0
    GDAS    10     3    29     0     0
     1 BACKWARD OMEGA   
    10     3    27    18   39.977  116.381  6800.0
     1 PRESSURE
     1     1    10     3    27    18     0     0     0.0   39.977  116.381   6560.1    414.7
     1     1    10     3    27    17     0     1    -1.0   40.874  115.935   6512.9    368.1
     1     1    10     3    27    16     0     2    -2.0   41.866  115.542   6584.2    346.8
     1     1    10     3    27    15     0     3    -3.0   42.863  115.199   6746.8    345.5
     1     1    10     3    27    14     0     2    -4.0   43.852  114.836   6935.0    340.8
     1     1    10     3    27    13     0     1    -5.0   44.870  114.474   6985.9    327.7
     1     1    10     3    27    12     0     0    -6.0   45.892  114.149   7048.1    333.8
     1     1    10     3    27    11     0     1    -7.0   46.933  113.791   7223.6    331.5
     1     1    10     3    27    10     0     2    -8.0   47.961  113.388   7343.2    330.0
     1     1    10     3    27     9     0     3    -9.0   48.985  112.932   7388.2    320.6
     1     1    10     3    27     8     0     2   -10.0   49.990  112.399   7363.5    312.4
     1     1    10     3    27     7     0     1   -11.0   50.983  111.830   7441.5    315.4
     1     1    10     3    27     6     0     0   -12.0   51.925  111.200   7501.3    315.6
     1     1    10     3    27     5     0     1   -13.0   52.805  110.477   7502.4    305.5
     1     1    10     3    27     4     0     2   -14.0   53.635  109.722   7620.4    309.1
     1     1    10     3    27     3     0     3   -15.0   54.352  109.008   7710.2    320.6
     1     1    10     3    27     2     0     2   -16.0   55.004  108.243   7685.6    312.0
     1     1    10     3    27     1     0     1   -17.0   55.617  107.377   7779.7    314.6
     1     1    10     3    27     0     0     0   -18.0   56.170  106.449   7797.3    314.0
     1     1    10     3    26    23     0     1   -19.0   56.642  105.445   7858.5    316.7
     1     1    10     3    26    22     0     2   -20.0   57.019  104.363   7928.9    319.5
     1     1    10     3    26    21     0     3   -21.0   57.309  103.209   7929.1    319.8
     1     1    10     3    26    20     0     2   -22.0   57.526  102.025   7919.2    322.7
     1     1    10     3    26    19     0     1   -23.0   57.705  100.836   7883.2    326.1
     1     1    10     3    26    18     0     0   -24.0   57.837   99.602   7859.1    331.4
     1     1    10     3    26    17     0     1   -25.0   57.932   98.294   7834.9    331.5
     1     1    10     3    26    16     0     2   -26.0   58.008   96.887   7835.4    331.0
     1     1    10     3    26    15     0     3   -27.0   58.025   95.352   7882.3    330.9
     1     1    10     3    26    14     0     2   -28.0   57.965   93.764   7901.9    335.5
     1     1    10     3    26    13     0     1   -29.0   57.831   92.159   7880.0    336.1
     1     1    10     3    26    12     0     0   -30.0   57.599   90.487   7809.9    340.4
     1     1    10     3    26    11     0     1   -31.0   57.311   88.840   7705.1    347.0
     1     1    10     3    26    10     0     2   -32.0   56.981   87.233   7660.8    351.0
     1     1    10     3    26     9     0     3   -33.0   56.585   85.597   7570.3    353.7
     1     1    10     3    26     8     0     2   -34.0   56.135   83.922   7474.9    362.1
     1     1    10     3    26     7     0     1   -35.0   55.655   82.200   7354.4    366.9
     1     1    10     3    26     6     0     0   -36.0   55.139   80.491   7187.8    376.2
     1     1    10     3    26     5     0     1   -37.0   54.570   78.769   7043.0    386.2
     1     1    10     3    26     4     0     2   -38.0   53.956   77.037   6850.3    397.0
     1     1    10     3    26     3     0     3   -39.0   53.348   75.389   6611.4    412.9
     1     1    10     3    26     2     0     2   -40.0   52.744   73.763   6514.2    418.0
     1     1    10     3    26     1     0     1   -41.0   52.139   72.091   6446.4    412.6
     1     1    10     3    26     0     0     0   -42.0   51.519   70.349   6410.3    410.9
     1     1    10     3    25    23     0     1   -43.0   50.902   68.612   6309.2    418.6
     1     1    10     3    25    22     0     2   -44.0   50.364   66.972   6152.3    429.7
     1     1    10     3    25    21     0     3   -45.0   49.858   65.436   6144.4    439.7
     1     1    10     3    25    20     0     2   -46.0   49.372   63.934   6127.3    446.1
     1     1    10     3    25    19     0     1   -47.0   48.947   62.433   6068.8    450.6
     1     1    10     3    25    18     0     0   -48.0   48.574   60.998   5885.3    459.4
     1     1    10     3    25    17     0     1   -49.0   48.237   59.587   5693.8    470.6
     1     1    10     3    25    16     0     2   -50.0   47.933   58.105   5624.5    471.7
     1     1    10     3    25    15     0     3   -51.0   47.700   56.592   5591.7    482.3
     1     1    10     3    25    14     0     2   -52.0   47.560   55.100   5560.7    488.5
     1     1    10     3    25    13     0     1   -53.0   47.491   53.649   5581.4    493.3
     1     1    10     3    25    12     0     0   -54.0   47.488   52.258   5626.6    492.0
     1     1    10     3    25    11     0     1   -55.0   47.552   50.911   5704.8    486.1
     1     1    10     3    25    10     0     2   -56.0   47.678   49.569   5845.1    477.0
     1     1    10     3    25     9     0     3   -57.0   47.887   48.236   6054.4    463.1
     1     1    10     3    25     8     0     2   -58.0   48.194   46.911   6269.6    447.4
     1     1    10     3    25     7     0     1   -59.0   48.583   45.556   6428.8    436.0
     1     1    10     3    25     6     0     0   -60.0   49.075   44.173   6563.8    421.8
     1     1    10     3    25     5     0     1   -61.0   49.635   42.827   6676.3    413.3
     1     1    10     3    25     4     0     2   -62.0   50.208   41.525   6782.9    407.6
     1     1    10     3    25     3     0     3   -63.0   50.856   40.265   6997.2    393.0
     1     1    10     3    25     2     0     2   -64.0   51.558   38.998   7168.8    380.4
     1     1    10     3    25     1     0     1   -65.0   52.311   37.775   7252.2    374.0
     1     1    10     3    25     0     0     0   -66.0   53.167   36.572   7378.8    365.0
     1     1    10     3    24    23     0     1   -67.0   54.068   35.312   7455.9    360.9
     1     1    10     3    24    22     0     2   -68.0   55.019   33.989   7517.7    357.0
     1     1    10     3    24    21     0     3   -69.0   56.045   32.524   7628.9    351.3
     1     1    10     3    24    20     0     2   -70.0   57.096   30.924   7801.7    347.5
     1     1    10     3    24    19     0     1   -71.0   58.128   29.184   7953.4    338.9
     1     1    10     3    24    18     0     0   -72.0   59.122   27.197   8051.0    335.1
     1     1    10     3    24    17     0     1   -73.0   60.053   25.071   8065.5    335.6
     1     1    10     3    24    16     0     2   -74.0   60.900   22.874   8031.3    335.1
     1     1    10     3    24    15     0     3   -75.0   61.655   20.592   8071.7    336.7
     1     1    10     3    24    14     0     2   -76.0   62.290   18.216   8090.7    334.6
     1     1    10     3    24    13     0     1   -77.0   62.790   15.782   8008.7    323.3
     1     1    10     3    24    12     0     0   -78.0   63.185   13.329   7923.6    309.0
     1     1    10     3    24    11     0     1   -79.0   63.453   10.912   8024.8    318.1
     1     1    10     3    24    10     0     2   -80.0   63.574    8.646   8117.1    326.6
     1     1    10     3    24     9     0     3   -81.0   63.571    6.512   8180.6    331.4
     1     1    10     3    24     8     0     2   -82.0   63.461    4.540   8181.8    331.7
     1     1    10     3    24     7     0     1   -83.0   63.250    2.754   8169.0    332.5
     1     1    10     3    24     6     0     0   -84.0   62.949    1.096   8123.7    334.7
     1     1    10     3    24     5     0     1   -85.0   62.570   -0.453   8075.6    337.4
     1     1    10     3    24     4     0     2   -86.0   62.115   -1.855   8043.5    338.3
     1     1    10     3    24     3     0     3   -87.0   61.580   -3.146   7999.5    339.6
     1     1    10     3    24     2     0     2   -88.0   60.970   -4.366   7871.0    346.6
     1     1    10     3    24     1     0     1   -89.0   60.273   -5.534   7746.9    353.3
     1     1    10     3    24     0     0     0   -90.0   59.511   -6.688   7638.4    358.2
     1     1    10     3    23    23     0     1   -91.0   58.680   -7.820   7527.5    364.3
     1     1    10     3    23    22     0     2   -92.0   57.737   -8.913   7421.9    369.3
     1     1    10     3    23    21     0     3   -93.0   56.726   -9.959   7281.9    378.0
     1     1    10     3    23    20     0     2   -94.0   55.669  -10.998   7209.6    381.2
     1     1    10     3    23    19     0     1   -95.0   54.558  -12.025   7155.8    384.0
     1     1    10     3    23    18     0     0   -96.0   53.404  -13.003   7080.6    388.5
