     7     1
    GDAS    10     3    22     0     0
    GDAS    10     4     8     0     0
    GDAS    10     4    15     0     0
    GDAS    10     4    22     0     0
    GDAS    10     4    29     0     0
    GDAS    10     4     1     0     0
    GDAS    10     3    29     0     0
     1 BACKWARD OMEGA   
    10     4     8    12   39.977  116.381  2800.0
     1 PRESSURE
     1     1    10     4     8    12     0     0     0.0   39.977  116.381   2563.3    717.3
     1     1    10     4     8    11     0     1    -1.0   39.883  115.848   2330.3    722.9
     1     1    10     4     8    10     0     2    -2.0   39.809  115.278   2016.4    702.4
     1     1    10     4     8     9     0     3    -3.0   39.699  114.714   1567.7    735.8
     1     1    10     4     8     8     0     2    -4.0   39.560  114.189   1163.6    769.4
     1     1    10     4     8     7     0     1    -5.0   39.444  113.697    872.8    788.0
     1     1    10     4     8     6     0     0    -6.0   39.360  113.184    733.3    796.3
     1     1    10     4     8     5     0     1    -7.0   39.266  112.641    701.7    785.1
     1     1    10     4     8     4     0     2    -8.0   39.122  112.094    722.7    773.5
     1     1    10     4     8     3     0     3    -9.0   38.922  111.579    790.8    777.5
     1     1    10     4     8     2     0     2   -10.0   38.676  111.108    855.9    782.9
     1     1    10     4     8     1     0     1   -11.0   38.421  110.653    879.8    785.7
     1     1    10     4     8     0     0     0   -12.0   38.191  110.215    827.8    798.5
     1     1    10     4     7    23     0     1   -13.0   37.964  109.812    710.0    817.1
     1     1    10     4     7    22     0     2   -14.0   37.707  109.414    631.3    818.9
     1     1    10     4     7    21     0     3   -15.0   37.416  108.971    673.2    794.8
     1     1    10     4     7    20     0     2   -16.0   37.117  108.550    771.7    772.6
     1     1    10     4     7    19     0     1   -17.0   36.849  108.184    856.9    762.9
     1     1    10     4     7    18     0     0   -18.0   36.625  107.867    910.6    759.1
     1     1    10     4     7    17     0     1   -19.0   36.436  107.576    933.7    758.6
     1     1    10     4     7    16     0     2   -20.0   36.278  107.288    958.9    757.4
     1     1    10     4     7    15     0     3   -21.0   36.154  106.986   1021.4    751.3
     1     1    10     4     7    14     0     2   -22.0   36.077  106.691   1138.8    731.6
     1     1    10     4     7    13     0     1   -23.0   36.044  106.427   1302.5    706.0
     1     1    10     4     7    12     0     0   -24.0   36.035  106.168   1496.0    678.8
     1     1    10     4     7    11     0     1   -25.0   36.047  105.926   1660.7    654.3
     1     1    10     4     7    10     0     2   -26.0   36.072  105.737   1737.6    647.0
     1     1    10     4     7     9     0     3   -27.0   36.082  105.617   1722.9    648.7
     1     1    10     4     7     8     0     2   -28.0   36.078  105.544   1668.4    657.1
     1     1    10     4     7     7     0     1   -29.0   36.075  105.475   1616.1    661.4
     1     1    10     4     7     6     0     0   -30.0   36.075  105.407   1561.0    666.0
     1     1    10     4     7     5     0     1   -31.0   36.072  105.348   1500.9    670.9
     1     1    10     4     7     4     0     2   -32.0   36.056  105.304   1443.6    676.0
     1     1    10     4     7     3     0     3   -33.0   36.022  105.270   1404.4    679.3
     1     1    10     4     7     2     0     2   -34.0   35.967  105.254   1389.1    680.1
     1     1    10     4     7     1     0     1   -35.0   35.893  105.263   1386.3    680.9
     1     1    10     4     7     0     0     0   -36.0   35.797  105.293   1387.3    681.9
     1     1    10     4     6    23     0     1   -37.0   35.677  105.320   1391.0    683.5
     1     1    10     4     6    22     0     2   -38.0   35.536  105.320   1398.4    684.8
     1     1    10     4     6    21     0     3   -39.0   35.374  105.290   1412.6    685.9
     1     1    10     4     6    20     0     2   -40.0   35.206  105.245   1450.1    686.5
     1     1    10     4     6    19     0     1   -41.0   35.053  105.205   1521.1    682.8
     1     1    10     4     6    18     0     0   -42.0   34.924  105.181   1614.2    674.3
     1     1    10     4     6    17     0     1   -43.0   34.814  105.180   1693.4    664.1
     1     1    10     4     6    16     0     2   -44.0   34.706  105.194   1734.0    660.2
     1     1    10     4     6    15     0     3   -45.0   34.592  105.213   1745.0    659.1
     1     1    10     4     6    14     0     2   -46.0   34.472  105.225   1744.4    659.4
     1     1    10     4     6    13     0     1   -47.0   34.358  105.232   1741.5    658.5
     1     1    10     4     6    12     0     0   -48.0   34.250  105.242   1731.5    658.5
     1     1    10     4     6    11     0     1   -49.0   34.152  105.261   1722.2    660.0
     1     1    10     4     6    10     0     2   -50.0   34.076  105.293   1727.4    660.5
     1     1    10     4     6     9     0     3   -51.0   34.039  105.333   1753.2    660.1
     1     1    10     4     6     8     0     2   -52.0   34.029  105.377   1801.8    658.3
     1     1    10     4     6     7     0     1   -53.0   34.025  105.422   1868.8    654.9
     1     1    10     4     6     6     0     0   -54.0   34.019  105.468   1947.2    650.5
     1     1    10     4     6     5     0     1   -55.0   33.991  105.517   2004.3    646.1
     1     1    10     4     6     4     0     2   -56.0   33.926  105.583   2008.8    650.4
     1     1    10     4     6     3     0     3   -57.0   33.831  105.680   1958.6    661.6
     1     1    10     4     6     2     0     2   -58.0   33.755  105.806   1872.1    678.5
     1     1    10     4     6     1     0     1   -59.0   33.736  105.948   1776.3    694.9
     1     1    10     4     6     0     0     0   -60.0   33.772  106.103   1686.2    703.9
     1     1    10     4     5    23     0     1   -61.0   33.846  106.284   1631.9    703.9
     1     1    10     4     5    22     0     2   -62.0   33.941  106.491   1635.9    694.9
     1     1    10     4     5    21     0     3   -63.0   34.040  106.701   1712.8    680.4
     1     1    10     4     5    20     0     2   -64.0   34.129  106.883   1836.0    664.1
     1     1    10     4     5    19     0     1   -65.0   34.219  107.027   1956.7    654.2
     1     1    10     4     5    18     0     0   -66.0   34.322  107.135   2065.8    649.9
     1     1    10     4     5    17     0     1   -67.0   34.432  107.221   2146.2    647.7
     1     1    10     4     5    16     0     2   -68.0   34.541  107.306   2190.0    647.8
     1     1    10     4     5    15     0     3   -69.0   34.647  107.411   2177.2    652.7
     1     1    10     4     5    14     0     2   -70.0   34.766  107.544   2081.6    664.8
     1     1    10     4     5    13     0     1   -71.0   34.920  107.675   1860.1    686.8
     1     1    10     4     5    12     0     0   -72.0   35.114  107.767   1524.4    721.9
     1     1    10     4     5    11     0     1   -73.0   35.326  107.824   1243.9    754.5
     1     1    10     4     5    10     0     2   -74.0   35.528  107.869   1072.3    768.0
     1     1    10     4     5     9     0     3   -75.0   35.716  107.901    987.1    773.0
     1     1    10     4     5     8     0     2   -76.0   35.905  107.909    975.4    772.4
     1     1    10     4     5     7     0     1   -77.0   36.105  107.883   1009.0    763.8
     1     1    10     4     5     6     0     0   -78.0   36.308  107.825   1043.3    755.2
     1     1    10     4     5     5     0     1   -79.0   36.523  107.738   1068.4    748.5
     1     1    10     4     5     4     0     2   -80.0   36.760  107.611   1090.0    741.2
     1     1    10     4     5     3     0     3   -81.0   37.019  107.417   1114.6    733.4
     1     1    10     4     5     2     0     2   -82.0   37.298  107.166   1152.5    732.9
     1     1    10     4     5     1     0     1   -83.0   37.597  106.888   1183.7    734.6
     1     1    10     4     5     0     0     0   -84.0   37.907  106.601   1161.5    745.1
     1     1    10     4     4    23     0     1   -85.0   38.215  106.320   1102.5    759.1
     1     1    10     4     4    22     0     2   -86.0   38.530  106.002   1096.6    753.7
     1     1    10     4     4    21     0     3   -87.0   38.861  105.597   1167.4    742.1
     1     1    10     4     4    20     0     2   -88.0   39.182  105.127   1266.2    736.9
     1     1    10     4     4    19     0     1   -89.0   39.490  104.637   1338.3    729.5
     1     1    10     4     4    18     0     0   -90.0   39.794  104.107   1393.3    719.8
     1     1    10     4     4    17     0     1   -91.0   40.089  103.527   1449.7    713.7
     1     1    10     4     4    16     0     2   -92.0   40.368  102.909   1513.6    713.0
     1     1    10     4     4    15     0     3   -93.0   40.608  102.284   1562.9    719.8
     1     1    10     4     4    14     0     2   -94.0   40.795  101.698   1575.8    727.0
     1     1    10     4     4    13     0     1   -95.0   40.943  101.172   1573.4    737.4
     1     1    10     4     4    12     0     0   -96.0   41.061  100.699   1557.8    736.9
