     5     1
    GDAS    10     3     1     0     0
    GDAS    10     3     8     0     0
    GDAS    10     3    15     0     0
    GDAS    10     3    22     0     0
    GDAS    10     3    29     0     0
     1 BACKWARD OMEGA   
    10     3    16    12   39.977  116.381  3800.0
     1 PRESSURE
     1     1    10     3    16    12     0     0     0.0   39.977  116.381   3559.7    627.6
     1     1    10     3    16    11     0     1    -1.0   40.140  115.362   3407.0    582.3
     1     1    10     3    16    10     0     2    -2.0   40.354  114.186   3396.2    557.0
     1     1    10     3    16     9     0     3    -3.0   40.622  112.965   3295.8    549.2
     1     1    10     3    16     8     0     2    -4.0   40.914  111.724   3285.6    542.3
     1     1    10     3    16     7     0     1    -5.0   41.183  110.530   3246.7    545.4
     1     1    10     3    16     6     0     0    -6.0   41.411  109.426   3072.3    576.1
     1     1    10     3    16     5     0     1    -7.0   41.603  108.463   2880.3    600.9
     1     1    10     3    16     4     0     2    -8.0   41.770  107.579   2775.4    608.6
     1     1    10     3    16     3     0     3    -9.0   41.908  106.745   2716.5    623.4
     1     1    10     3    16     2     0     2   -10.0   42.019  105.996   2637.3    647.4
     1     1    10     3    16     1     0     1   -11.0   42.127  105.296   2513.8    643.4
     1     1    10     3    16     0     0     0   -12.0   42.235  104.599   2431.9    640.1
     1     1    10     3    15    23     0     1   -13.0   42.357  103.921   2364.6    640.9
     1     1    10     3    15    22     0     2   -14.0   42.520  103.267   2303.1    647.0
     1     1    10     3    15    21     0     3   -15.0   42.703  102.624   2219.6    648.8
     1     1    10     3    15    20     0     2   -16.0   42.889  101.993   2099.2    648.3
     1     1    10     3    15    19     0     1   -17.0   43.088  101.348   2013.7    650.6
     1     1    10     3    15    18     0     0   -18.0   43.290  100.689   1982.7    662.3
     1     1    10     3    15    17     0     1   -19.0   43.488  100.024   1940.9    674.6
     1     1    10     3    15    16     0     2   -20.0   43.677   99.322   1898.9    681.1
     1     1    10     3    15    15     0     3   -21.0   43.853   98.576   1885.2    682.5
     1     1    10     3    15    14     0     2   -22.0   44.003   97.811   1861.8    688.6
     1     1    10     3    15    13     0     1   -23.0   44.122   97.069   1857.8    689.4
     1     1    10     3    15    12     0     0   -24.0   44.234   96.360   1861.0    686.9
     1     1    10     3    15    11     0     1   -25.0   44.339   95.701   1863.1    698.1
     1     1    10     3    15    10     0     2   -26.0   44.420   95.109   1893.0    707.0
     1     1    10     3    15     9     0     3   -27.0   44.453   94.566   1914.1    695.8
     1     1    10     3    15     8     0     2   -28.0   44.434   94.057   1919.0    689.4
     1     1    10     3    15     7     0     1   -29.0   44.386   93.568   1907.2    676.1
     1     1    10     3    15     6     0     0   -30.0   44.312   93.076   1915.0    655.4
     1     1    10     3    15     5     0     1   -31.0   44.236   92.581   1951.7    645.8
     1     1    10     3    15     4     0     2   -32.0   44.165   92.107   1950.5    645.6
     1     1    10     3    15     3     0     3   -33.0   44.070   91.670   1938.9    656.0
     1     1    10     3    15     2     0     2   -34.0   43.976   91.294   1995.2    665.9
     1     1    10     3    15     1     0     1   -35.0   43.905   90.968   2132.1    668.5
     1     1    10     3    15     0     0     0   -36.0   43.847   90.651   2272.8    666.7
     1     1    10     3    14    23     0     1   -37.0   43.818   90.322   2363.4    669.7
     1     1    10     3    14    22     0     2   -38.0   43.839   89.976   2425.0    674.1
     1     1    10     3    14    21     0     3   -39.0   43.915   89.597   2500.7    655.9
     1     1    10     3    14    20     0     2   -40.0   44.050   89.163   2649.4    620.6
     1     1    10     3    14    19     0     1   -41.0   44.217   88.716   2847.2    606.1
     1     1    10     3    14    18     0     0   -42.0   44.392   88.286   3000.7    607.6
     1     1    10     3    14    17     0     1   -43.0   44.549   87.873   3151.6    618.0
     1     1    10     3    14    16     0     2   -44.0   44.697   87.467   3376.0    621.3
     1     1    10     3    14    15     0     3   -45.0   44.865   87.061   3685.5    612.7
     1     1    10     3    14    14     0     2   -46.0   45.072   86.659   3974.7    585.0
     1     1    10     3    14    13     0     1   -47.0   45.296   86.275   4170.8    572.6
     1     1    10     3    14    12     0     0   -48.0   45.544   85.920   4320.8    565.9
     1     1    10     3    14    11     0     1   -49.0   45.815   85.561   4443.7    551.3
     1     1    10     3    14    10     0     2   -50.0   46.117   85.159   4510.8    522.1
     1     1    10     3    14     9     0     3   -51.0   46.484   84.705   4550.3    483.9
     1     1    10     3    14     8     0     2   -52.0   46.923   84.217   4696.3    460.5
     1     1    10     3    14     7     0     1   -53.0   47.362   83.739   4944.9    473.3
     1     1    10     3    14     6     0     0   -54.0   47.765   83.298   5138.0    488.6
     1     1    10     3    14     5     0     1   -55.0   48.150   82.865   5256.1    491.0
     1     1    10     3    14     4     0     2   -56.0   48.544   82.389   5319.8    469.2
     1     1    10     3    14     3     0     3   -57.0   48.943   81.865   5450.9    459.9
     1     1    10     3    14     2     0     2   -58.0   49.323   81.333   5622.6    459.0
     1     1    10     3    14     1     0     1   -59.0   49.685   80.815   5793.0    455.2
     1     1    10     3    14     0     0     0   -60.0   50.021   80.304   5962.4    451.4
     1     1    10     3    13    23     0     1   -61.0   50.355   79.791   6111.2    443.3
     1     1    10     3    13    22     0     2   -62.0   50.718   79.271   6270.4    435.5
     1     1    10     3    13    21     0     3   -63.0   51.098   78.755   6429.5    427.7
     1     1    10     3    13    20     0     2   -64.0   51.481   78.214   6530.1    420.4
     1     1    10     3    13    19     0     1   -65.0   51.869   77.627   6591.6    419.9
     1     1    10     3    13    18     0     0   -66.0   52.273   77.004   6661.6    417.8
     1     1    10     3    13    17     0     1   -67.0   52.666   76.329   6747.4    412.3
     1     1    10     3    13    16     0     2   -68.0   53.037   75.583   6847.5    405.3
     1     1    10     3    13    15     0     3   -69.0   53.417   74.769   6969.3    398.9
     1     1    10     3    13    14     0     2   -70.0   53.778   73.906   7064.3    391.6
     1     1    10     3    13    13     0     1   -71.0   54.085   73.007   7078.9    390.5
     1     1    10     3    13    12     0     0   -72.0   54.376   72.040   7100.2    390.8
     1     1    10     3    13    11     0     1   -73.0   54.631   71.004   7143.4    386.0
     1     1    10     3    13    10     0     2   -74.0   54.795   69.909   7207.3    380.3
     1     1    10     3    13     9     0     3   -75.0   54.901   68.769   7290.0    375.7
     1     1    10     3    13     8     0     2   -76.0   54.982   67.587   7325.0    372.8
     1     1    10     3    13     7     0     1   -77.0   55.021   66.383   7283.1    374.4
     1     1    10     3    13     6     0     0   -78.0   55.029   65.210   7163.5    382.7
     1     1    10     3    13     5     0     1   -79.0   55.008   64.032   7058.0    385.8
     1     1    10     3    13     4     0     2   -80.0   54.979   62.877   7030.3    386.9
     1     1    10     3    13     3     0     3   -81.0   54.938   61.739   7062.8    383.2
     1     1    10     3    13     2     0     2   -82.0   54.851   60.575   7117.5    372.4
     1     1    10     3    13     1     0     1   -83.0   54.745   59.385   7046.8    365.7
     1     1    10     3    13     0     0     0   -84.0   54.623   58.230   6899.9    374.0
     1     1    10     3    12    23     0     1   -85.0   54.473   57.084   6862.4    388.4
     1     1    10     3    12    22     0     2   -86.0   54.295   55.889   6941.5    393.1
     1     1    10     3    12    21     0     3   -87.0   54.082   54.698   6922.7    388.0
     1     1    10     3    12    20     0     2   -88.0   53.845   53.586   6777.5    398.1
     1     1    10     3    12    19     0     1   -89.0   53.586   52.515   6622.4    412.1
     1     1    10     3    12    18     0     0   -90.0   53.306   51.478   6510.6    422.3
     1     1    10     3    12    17     0     1   -91.0   53.020   50.508   6441.3    428.4
     1     1    10     3    12    16     0     2   -92.0   52.747   49.603   6361.3    433.6
     1     1    10     3    12    15     0     3   -93.0   52.491   48.730   6254.2    441.1
     1     1    10     3    12    14     0     2   -94.0   52.216   47.873   6116.4    449.9
     1     1    10     3    12    13     0     1   -95.0   51.928   47.062   5973.0    459.3
     1     1    10     3    12    12     0     0   -96.0   51.651   46.323   5813.7    466.8
