     7     1
    GDAS    10     3    22     0     0
    GDAS    10     4     8     0     0
    GDAS    10     4    15     0     0
    GDAS    10     4    22     0     0
    GDAS    10     4    29     0     0
    GDAS    10     4     1     0     0
    GDAS    10     3    29     0     0
     1 BACKWARD OMEGA   
    10     4    26    18   39.977  116.381  7400.0
     1 PRESSURE
     1     1    10     4    26    18     0     0     0.0   39.977  116.381   7159.6    369.5
     1     1    10     4    26    17     0     1    -1.0   40.458  115.511   6984.9    338.1
     1     1    10     4    26    16     0     2    -2.0   41.069  114.698   6972.0    320.0
     1     1    10     4    26    15     0     3    -3.0   41.758  114.045   6983.0    316.7
     1     1    10     4    26    14     0     2    -4.0   42.500  113.482   7090.1    322.0
     1     1    10     4    26    13     0     1    -5.0   43.310  112.922   7236.6    322.8
     1     1    10     4    26    12     0     0    -6.0   44.134  112.406   7274.8    321.7
     1     1    10     4    26    11     0     1    -7.0   44.969  111.957   7248.6    321.6
     1     1    10     4    26    10     0     2    -8.0   45.854  111.627   7181.1    324.2
     1     1    10     4    26     9     0     3    -9.0   46.762  111.435   7077.8    323.6
     1     1    10     4    26     8     0     2   -10.0   47.650  111.344   7032.2    325.6
     1     1    10     4    26     7     0     1   -11.0   48.494  111.325   7027.6    326.2
     1     1    10     4    26     6     0     0   -12.0   49.256  111.391   6974.5    326.3
     1     1    10     4    26     5     0     1   -13.0   49.901  111.540   6912.9    321.0
     1     1    10     4    26     4     0     2   -14.0   50.401  111.752   6959.4    324.7
     1     1    10     4    26     3     0     3   -15.0   50.736  112.016   6987.8    329.6
     1     1    10     4    26     2     0     2   -16.0   50.911  112.361   6991.1    333.8
     1     1    10     4    26     1     0     1   -17.0   50.901  112.826   7004.7    334.3
     1     1    10     4    26     0     0     0   -18.0   50.686  113.392   7051.9    334.6
     1     1    10     4    25    23     0     1   -19.0   50.253  113.961   7103.3    336.6
     1     1    10     4    25    22     0     2   -20.0   49.626  114.415   7167.2    338.0
     1     1    10     4    25    21     0     3   -21.0   48.825  114.711   7235.6    334.5
     1     1    10     4    25    20     0     2   -22.0   47.937  114.833   7286.1    333.0
     1     1    10     4    25    19     0     1   -23.0   47.002  114.805   7294.8    327.8
     1     1    10     4    25    18     0     0   -24.0   46.075  114.646   7277.5    318.3
     1     1    10     4    25    17     0     1   -25.0   45.235  114.372   7235.6    311.5
     1     1    10     4    25    16     0     2   -26.0   44.513  114.002   7250.9    315.9
     1     1    10     4    25    15     0     3   -27.0   43.898  113.555   7280.6    323.6
     1     1    10     4    25    14     0     2   -28.0   43.355  113.002   7252.5    326.2
     1     1    10     4    25    13     0     1   -29.0   42.899  112.315   7211.7    325.9
     1     1    10     4    25    12     0     0   -30.0   42.557  111.528   7146.1    325.1
     1     1    10     4    25    11     0     1   -31.0   42.300  110.672   7101.7    325.6
     1     1    10     4    25    10     0     2   -32.0   42.136  109.729   7096.8    320.2
     1     1    10     4    25     9     0     3   -33.0   42.048  108.710   7124.8    316.3
     1     1    10     4    25     8     0     2   -34.0   41.972  107.749   7174.7    317.8
     1     1    10     4    25     7     0     1   -35.0   41.959  106.928   7203.2    325.3
     1     1    10     4    25     6     0     0   -36.0   42.035  106.209   7245.6    333.1
     1     1    10     4    25     5     0     1   -37.0   42.174  105.534   7248.7    328.7
     1     1    10     4    25     4     0     2   -38.0   42.356  104.887   7248.4    318.4
     1     1    10     4    25     3     0     3   -39.0   42.575  104.277   7270.4    311.5
     1     1    10     4    25     2     0     2   -40.0   42.829  103.692   7257.0    311.4
     1     1    10     4    25     1     0     1   -41.0   43.109  103.123   7239.3    314.4
     1     1    10     4    25     0     0     0   -42.0   43.407  102.569   7215.7    313.6
     1     1    10     4    24    23     0     1   -43.0   43.704  102.037   7209.2    317.3
     1     1    10     4    24    22     0     2   -44.0   43.960  101.534   7132.7    328.5
     1     1    10     4    24    21     0     3   -45.0   44.180  101.059   6985.1    337.5
     1     1    10     4    24    20     0     2   -46.0   44.419  100.650   6835.4    336.8
     1     1    10     4    24    19     0     1   -47.0   44.681  100.299   6732.1    330.8
     1     1    10     4    24    18     0     0   -48.0   44.933   99.959   6653.4    325.7
     1     1    10     4    24    17     0     1   -49.0   45.213   99.655   6622.2    323.0
     1     1    10     4    24    16     0     2   -50.0   45.551   99.418   6664.2    322.7
     1     1    10     4    24    15     0     3   -51.0   45.917   99.220   6752.9    321.2
     1     1    10     4    24    14     0     2   -52.0   46.313   99.016   6744.2    311.5
     1     1    10     4    24    13     0     1   -53.0   46.788   98.807   6621.1    300.9
     1     1    10     4    24    12     0     0   -54.0   47.344   98.640   6478.3    298.9
     1     1    10     4    24    11     0     1   -55.0   47.971   98.525   6409.9    300.2
     1     1    10     4    24    10     0     2   -56.0   48.654   98.437   6519.6    310.3
     1     1    10     4    24     9     0     3   -57.0   49.399   98.393   6594.4    311.9
     1     1    10     4    24     8     0     2   -58.0   50.253   98.447   6574.5    313.3
     1     1    10     4    24     7     0     1   -59.0   51.202   98.531   6599.6    311.8
     1     1    10     4    24     6     0     0   -60.0   52.172   98.586   6685.5    307.4
     1     1    10     4    24     5     0     1   -61.0   53.225   98.647   6874.7    312.8
     1     1    10     4    24     4     0     2   -62.0   54.328   98.680   7096.2    337.5
     1     1    10     4    24     3     0     3   -63.0   55.379   98.635   7188.8    353.8
     1     1    10     4    24     2     0     2   -64.0   56.412   98.505   7231.7    362.5
     1     1    10     4    24     1     0     1   -65.0   57.495   98.290   7186.9    365.1
     1     1    10     4    24     0     0     0   -66.0   58.615   98.046   7132.8    367.7
     1     1    10     4    23    23     0     1   -67.0   59.787   97.777   7079.7    365.8
     1     1    10     4    23    22     0     2   -68.0   60.991   97.441   7021.0    366.8
     1     1    10     4    23    21     0     3   -69.0   62.155   97.018   7001.4    363.8
     1     1    10     4    23    20     0     2   -70.0   63.282   96.544   7069.1    363.6
     1     1    10     4    23    19     0     1   -71.0   64.399   96.114   7056.4    363.7
     1     1    10     4    23    18     0     0   -72.0   65.544   95.668   7063.7    356.2
     1     1    10     4    23    17     0     1   -73.0   66.682   95.182   7104.3    347.9
     1     1    10     4    23    16     0     2   -74.0   67.791   94.626   7102.9    341.4
     1     1    10     4    23    15     0     3   -75.0   68.905   93.860   7156.7    327.6
     1     1    10     4    23    14     0     2   -76.0   69.962   92.863   7312.5    325.1
     1     1    10     4    23    13     0     1   -77.0   70.926   91.760   7694.8    346.4
     1     1    10     4    23    12     0     0   -78.0   71.774   90.612   7808.7    342.2
     1     1    10     4    23    11     0     1   -79.0   72.548   89.294   7872.4    339.2
     1     1    10     4    23    10     0     2   -80.0   73.289   87.777   7955.4    333.8
     1     1    10     4    23     9     0     3   -81.0   73.935   86.163   8041.0    331.2
     1     1    10     4    23     8     0     2   -82.0   74.507   84.424   8088.2    328.9
     1     1    10     4    23     7     0     1   -83.0   75.046   82.507   8127.5    326.4
     1     1    10     4    23     6     0     0   -84.0   75.514   80.465   8166.4    323.8
     1     1    10     4    23     5     0     1   -85.0   75.919   78.263   8201.8    321.6
     1     1    10     4    23     4     0     2   -86.0   76.271   75.785   8238.7    319.2
     1     1    10     4    23     3     0     3   -87.0   76.528   73.120   8272.1    316.0
     1     1    10     4    23     2     0     2   -88.0   76.703   70.384   8291.7    315.7
     1     1    10     4    23     1     0     1   -89.0   76.830   67.604   8260.1    310.5
     1     1    10     4    23     0     0     0   -90.0   76.899   64.886   8299.0    313.4
     1     1    10     4    22    23     0     1   -91.0   76.932   62.266   8303.0    313.2
     1     1    10     4    22    22     0     2   -92.0   76.947   59.551   8350.1    310.1
     1     1    10     4    22    21     0     3   -93.0   76.926   56.748   8381.8    309.7
     1     1    10     4    22    20     0     2   -94.0   76.854   53.827   8388.3    308.8
     1     1    10     4    22    19     0     1   -95.0   76.710   50.867   8412.8    307.5
     1     1    10     4    22    18     0     0   -96.0   76.492   48.028   8432.2    306.3
