     5     1
    GDAS    10     3     1     0     0
    GDAS    10     3     8     0     0
    GDAS    10     3    15     0     0
    GDAS    10     3    22     0     0
    GDAS    10     3    29     0     0
     1 BACKWARD OMEGA   
    10     3    29     0   39.977  116.381  5200.0
     1 PRESSURE
     1     1    10     3    29     0     0     0     0.0   39.977  116.381   4964.6    531.2
     1     1    10     3    28    23     0     1    -1.0   40.011  116.130   4928.3    525.6
     1     1    10     3    28    22     0     2    -2.0   40.096  115.809   4844.1    514.3
     1     1    10     3    28    21     0     3    -3.0   40.237  115.423   4752.1    496.0
     1     1    10     3    28    20     0     2    -4.0   40.411  114.996   4685.5    479.2
     1     1    10     3    28    19     0     1    -5.0   40.590  114.552   4696.8    477.5
     1     1    10     3    28    18     0     0    -6.0   40.781  114.096   4721.2    474.6
     1     1    10     3    28    17     0     1    -7.0   40.989  113.624   4718.7    464.8
     1     1    10     3    28    16     0     2    -8.0   41.203  113.151   4696.8    460.2
     1     1    10     3    28    15     0     3    -9.0   41.421  112.688   4701.3    463.0
     1     1    10     3    28    14     0     2   -10.0   41.644  112.221   4741.1    462.8
     1     1    10     3    28    13     0     1   -11.0   41.870  111.742   4788.7    462.8
     1     1    10     3    28    12     0     0   -12.0   42.097  111.262   4833.4    468.5
     1     1    10     3    28    11     0     1   -13.0   42.319  110.772   4867.4    471.1
     1     1    10     3    28    10     0     2   -14.0   42.537  110.261   4896.3    468.3
     1     1    10     3    28     9     0     3   -15.0   42.768  109.740   4925.2    466.7
     1     1    10     3    28     8     0     2   -16.0   42.999  109.220   4955.3    466.0
     1     1    10     3    28     7     0     1   -17.0   43.212  108.699   5013.5    469.6
     1     1    10     3    28     6     0     0   -18.0   43.414  108.169   5072.1    470.4
     1     1    10     3    28     5     0     1   -19.0   43.624  107.629   5078.2    463.8
     1     1    10     3    28     4     0     2   -20.0   43.846  107.067   5051.2    456.9
     1     1    10     3    28     3     0     3   -21.0   44.080  106.473   5046.3    452.2
     1     1    10     3    28     2     0     2   -22.0   44.320  105.851   5074.7    447.6
     1     1    10     3    28     1     0     1   -23.0   44.559  105.200   5108.9    446.5
     1     1    10     3    28     0     0     0   -24.0   44.795  104.507   5131.4    448.1
     1     1    10     3    27    23     0     1   -25.0   45.025  103.785   5170.6    447.1
     1     1    10     3    27    22     0     2   -26.0   45.239  103.060   5236.6    438.1
     1     1    10     3    27    21     0     3   -27.0   45.434  102.334   5257.8    412.0
     1     1    10     3    27    20     0     2   -28.0   45.619  101.602   5302.2    398.4
     1     1    10     3    27    19     0     1   -29.0   45.795  100.852   5358.7    392.3
     1     1    10     3    27    18     0     0   -30.0   45.954  100.100   5405.8    404.5
     1     1    10     3    27    17     0     1   -31.0   46.104   99.338   5379.6    405.2
     1     1    10     3    27    16     0     2   -32.0   46.262   98.523   5417.0    397.0
     1     1    10     3    27    15     0     3   -33.0   46.449   97.630   5499.7    381.2
     1     1    10     3    27    14     0     2   -34.0   46.638   96.688   5567.3    376.6
     1     1    10     3    27    13     0     1   -35.0   46.787   95.720   5632.3    382.3
     1     1    10     3    27    12     0     0   -36.0   46.928   94.681   5714.9    390.5
     1     1    10     3    27    11     0     1   -37.0   47.052   93.578   5666.5    391.5
     1     1    10     3    27    10     0     2   -38.0   47.100   92.425   5490.2    370.5
     1     1    10     3    27     9     0     3   -39.0   47.057   91.240   5249.2    359.9
     1     1    10     3    27     8     0     2   -40.0   46.952   89.983   5633.8    395.6
     1     1    10     3    27     7     0     1   -41.0   46.814   88.699   6175.6    412.8
     1     1    10     3    27     6     0     0   -42.0   46.656   87.454   6389.9    409.6
     1     1    10     3    27     5     0     1   -43.0   46.453   86.149   6375.0    395.2
     1     1    10     3    27     4     0     2   -44.0   46.194   84.805   6181.9    401.4
     1     1    10     3    27     3     0     3   -45.0   45.901   83.469   6058.0    403.4
     1     1    10     3    27     2     0     2   -46.0   45.582   82.166   6297.9    409.0
     1     1    10     3    27     1     0     1   -47.0   45.217   80.788   6046.6    341.2
     1     1    10     3    27     0     0     0   -48.0   44.834   79.350   6135.2    358.7
     1     1    10     3    26    23     0     1   -49.0   44.468   78.002   6535.6    404.8
     1     1    10     3    26    22     0     2   -50.0   44.107   76.737   6605.6    406.1
     1     1    10     3    26    21     0     3   -51.0   43.764   75.519   6374.3    394.6
     1     1    10     3    26    20     0     2   -52.0   43.428   74.351   6247.7    414.6
     1     1    10     3    26    19     0     1   -53.0   43.063   73.214   6308.8    407.0
     1     1    10     3    26    18     0     0   -54.0   42.689   72.136   6249.9    384.8
     1     1    10     3    26    17     0     1   -55.0   42.352   71.121   5844.0    358.4
     1     1    10     3    26    16     0     2   -56.0   42.020   70.201   5726.4    384.9
     1     1    10     3    26    15     0     3   -57.0   41.688   69.345   6008.4    427.2
     1     1    10     3    26    14     0     2   -58.0   41.395   68.508   6103.4    451.7
     1     1    10     3    26    13     0     1   -59.0   41.125   67.733   6089.7    455.3
     1     1    10     3    26    12     0     0   -60.0   40.880   67.020   6111.1    453.1
     1     1    10     3    26    11     0     1   -61.0   40.660   66.368   6113.9    441.5
     1     1    10     3    26    10     0     2   -62.0   40.453   65.764   6140.0    441.4
     1     1    10     3    26     9     0     3   -63.0   40.265   65.196   6215.7    445.4
     1     1    10     3    26     8     0     2   -64.0   40.104   64.663   6253.7    444.5
     1     1    10     3    26     7     0     1   -65.0   39.960   64.180   6234.9    447.7
     1     1    10     3    26     6     0     0   -66.0   39.822   63.743   6198.1    453.6
     1     1    10     3    26     5     0     1   -67.0   39.702   63.342   6172.1    456.3
     1     1    10     3    26     4     0     2   -68.0   39.600   62.971   6154.6    456.6
     1     1    10     3    26     3     0     3   -69.0   39.508   62.629   6129.9    457.6
     1     1    10     3    26     2     0     2   -70.0   39.429   62.303   6108.2    460.8
     1     1    10     3    26     1     0     1   -71.0   39.341   61.980   6105.8    462.0
     1     1    10     3    26     0     0     0   -72.0   39.240   61.661   6107.9    460.7
     1     1    10     3    25    23     0     1   -73.0   39.137   61.355   6106.2    459.9
     1     1    10     3    25    22     0     2   -74.0   39.012   61.067   6106.1    459.9
     1     1    10     3    25    21     0     3   -75.0   38.857   60.790   6126.7    459.9
     1     1    10     3    25    20     0     2   -76.0   38.709   60.499   6131.3    459.9
     1     1    10     3    25    19     0     1   -77.0   38.575   60.191   6086.5    463.7
     1     1    10     3    25    18     0     0   -78.0   38.421   59.887   5999.0    470.1
     1     1    10     3    25    17     0     1   -79.0   38.261   59.584   5927.0    475.2
     1     1    10     3    25    16     0     2   -80.0   38.118   59.273   5912.5    474.6
     1     1    10     3    25    15     0     3   -81.0   37.978   58.961   5924.4    468.3
     1     1    10     3    25    14     0     2   -82.0   37.853   58.651   5816.7    448.0
     1     1    10     3    25    13     0     1   -83.0   37.744   58.352   5631.5    443.0
     1     1    10     3    25    12     0     0   -84.0   37.613   58.084   5383.7    445.0
     1     1    10     3    25    11     0     1   -85.0   37.461   57.824   5148.5    454.0
     1     1    10     3    25    10     0     2   -86.0   37.318   57.548   4965.5    461.0
     1     1    10     3    25     9     0     3   -87.0   37.173   57.268   4829.3    466.7
     1     1    10     3    25     8     0     2   -88.0   37.030   56.987   4750.4    472.4
     1     1    10     3    25     7     0     1   -89.0   36.890   56.684   4746.1    476.7
     1     1    10     3    25     6     0     0   -90.0   36.739   56.355   4782.3    477.3
     1     1    10     3    25     5     0     1   -91.0   36.566   56.028   4769.3    477.8
     1     1    10     3    25     4     0     2   -92.0   36.375   55.720   4666.4    488.8
     1     1    10     3    25     3     0     3   -93.0   36.171   55.417   4493.3    499.3
     1     1    10     3    25     2     0     2   -94.0   35.961   55.105   4335.2    508.9
     1     1    10     3    25     1     0     1   -95.0   35.748   54.796   4266.7    514.9
     1     1    10     3    25     0     0     0   -96.0   35.535   54.492   4222.1    519.1
