     5     1
    GDAS    10     3     1     0     0
    GDAS    10     3     8     0     0
    GDAS    10     3    15     0     0
    GDAS    10     3    22     0     0
    GDAS    10     3    29     0     0
     1 BACKWARD OMEGA   
    10     3    26    18   39.977  116.381  1000.0
     1 PRESSURE
     1     1    10     3    26    18     0     0     0.0   39.977  116.381    765.1    904.2
     1     1    10     3    26    17     0     1    -1.0   40.255  116.436    813.3    881.6
     1     1    10     3    26    16     0     2    -2.0   40.545  116.430    900.6    848.9
     1     1    10     3    26    15     0     3    -3.0   40.871  116.312   1035.5    803.3
     1     1    10     3    26    14     0     2    -4.0   41.246  116.005   1186.6    751.8
     1     1    10     3    26    13     0     1    -5.0   41.639  115.551   1299.8    727.0
     1     1    10     3    26    12     0     0    -6.0   42.024  115.056   1376.6    718.5
     1     1    10     3    26    11     0     1    -7.0   42.392  114.586   1430.4    720.3
     1     1    10     3    26    10     0     2    -8.0   42.734  114.170   1446.1    733.2
     1     1    10     3    26     9     0     3    -9.0   43.044  113.799   1427.1    748.4
     1     1    10     3    26     8     0     2   -10.0   43.343  113.445   1407.8    752.6
     1     1    10     3    26     7     0     1   -11.0   43.648  113.079   1437.3    750.3
     1     1    10     3    26     6     0     0   -12.0   43.955  112.708   1503.6    743.4
     1     1    10     3    26     5     0     1   -13.0   44.290  112.331   1572.2    732.6
     1     1    10     3    26     4     0     2   -14.0   44.680  111.972   1642.5    726.8
     1     1    10     3    26     3     0     3   -15.0   45.136  111.651   1724.5    719.6
     1     1    10     3    26     2     0     2   -16.0   45.659  111.366   1785.4    707.9
     1     1    10     3    26     1     0     1   -17.0   46.257  111.099   1822.7    696.4
     1     1    10     3    26     0     0     0   -18.0   46.945  110.827   1884.8    687.5
     1     1    10     3    25    23     0     1   -19.0   47.704  110.519   1969.9    671.7
     1     1    10     3    25    22     0     2   -20.0   48.519  110.134   2068.0    650.7
     1     1    10     3    25    21     0     3   -21.0   49.373  109.615   2254.6    625.0
     1     1    10     3    25    20     0     2   -22.0   50.173  109.061   2318.6    642.9
     1     1    10     3    25    19     0     1   -23.0   50.914  108.551   2271.0    670.3
     1     1    10     3    25    18     0     0   -24.0   51.617  108.062   2219.0    686.8
     1     1    10     3    25    17     0     1   -25.0   52.283  107.571   2209.5    698.8
     1     1    10     3    25    16     0     2   -26.0   52.911  107.095   2229.0    704.4
     1     1    10     3    25    15     0     3   -27.0   53.525  106.615   2195.9    688.9
     1     1    10     3    25    14     0     2   -28.0   54.121  106.127   2113.5    707.3
     1     1    10     3    25    13     0     1   -29.0   54.691  105.614   2016.1    713.4
     1     1    10     3    25    12     0     0   -30.0   55.239  105.069   1951.5    729.5
     1     1    10     3    25    11     0     1   -31.0   55.747  104.497   1879.2    736.9
     1     1    10     3    25    10     0     2   -32.0   56.196  103.903   1774.3    754.2
     1     1    10     3    25     9     0     3   -33.0   56.591  103.304   1668.2    776.6
     1     1    10     3    25     8     0     2   -34.0   56.941  102.714   1583.9    784.9
     1     1    10     3    25     7     0     1   -35.0   57.247  102.139   1493.0    796.2
     1     1    10     3    25     6     0     0   -36.0   57.506  101.590   1393.7    810.6
     1     1    10     3    25     5     0     1   -37.0   57.741  101.068   1312.1    821.4
     1     1    10     3    25     4     0     2   -38.0   57.964  100.575   1257.3    833.1
     1     1    10     3    25     3     0     3   -39.0   58.174  100.102   1225.5    841.4
     1     1    10     3    25     2     0     2   -40.0   58.369   99.641   1208.3    842.6
     1     1    10     3    25     1     0     1   -41.0   58.549   99.186   1201.0    843.4
     1     1    10     3    25     0     0     0   -42.0   58.726   98.722   1197.9    843.0
     1     1    10     3    24    23     0     1   -43.0   58.896   98.231   1189.0    841.9
     1     1    10     3    24    22     0     2   -44.0   59.050   97.697   1168.3    841.8
     1     1    10     3    24    21     0     3   -45.0   59.190   97.114   1135.4    842.0
     1     1    10     3    24    20     0     2   -46.0   59.305   96.484   1095.5    843.8
     1     1    10     3    24    19     0     1   -47.0   59.389   95.813   1054.7    845.2
     1     1    10     3    24    18     0     0   -48.0   59.449   95.100   1015.8    845.6
     1     1    10     3    24    17     0     1   -49.0   59.481   94.342    995.5    843.8
     1     1    10     3    24    16     0     2   -50.0   59.487   93.528    992.8    841.6
     1     1    10     3    24    15     0     3   -51.0   59.463   92.666    962.6    853.1
     1     1    10     3    24    14     0     2   -52.0   59.391   91.818    910.0    874.0
     1     1    10     3    24    13     0     1   -53.0   59.268   90.984    862.7    891.8
     1     1    10     3    24    12     0     0   -54.0   59.107   90.141    836.7    894.6
     1     1    10     3    24    11     0     1   -55.0   58.907   89.305    799.3    899.2
     1     1    10     3    24    10     0     2   -56.0   58.636   88.481    736.5    908.0
     1     1    10     3    24     9     0     3   -57.0   58.295   87.660    693.4    912.3
     1     1    10     3    24     8     0     2   -58.0   57.913   86.838    671.9    913.7
     1     1    10     3    24     7     0     1   -59.0   57.490   86.056    656.0    920.2
     1     1    10     3    24     6     0     0   -60.0   57.029   85.297    649.9    922.1
     1     1    10     3    24     5     0     1   -61.0   56.556   84.546    638.7    925.4
     1     1    10     3    24     4     0     2   -62.0   56.085   83.778    635.6    926.3
     1     1    10     3    24     3     0     3   -63.0   55.618   83.010    625.2    927.7
     1     1    10     3    24     2     0     2   -64.0   55.144   82.275    610.8    927.8
     1     1    10     3    24     1     0     1   -65.0   54.673   81.540    603.0    926.6
     1     1    10     3    24     0     0     0   -66.0   54.222   80.812    608.6    927.0
     1     1    10     3    23    23     0     1   -67.0   53.798   80.109    626.8    923.9
     1     1    10     3    23    22     0     2   -68.0   53.413   79.448    629.8    927.1
     1     1    10     3    23    21     0     3   -69.0   53.078   78.804    624.1    931.8
     1     1    10     3    23    20     0     2   -70.0   52.793   78.142    620.4    930.9
     1     1    10     3    23    19     0     1   -71.0   52.540   77.457    610.2    932.0
     1     1    10     3    23    18     0     0   -72.0   52.308   76.748    591.8    934.9
     1     1    10     3    23    17     0     1   -73.0   52.094   76.003    572.2    937.7
     1     1    10     3    23    16     0     2   -74.0   51.899   75.218    593.8    930.4
     1     1    10     3    23    15     0     3   -75.0   51.748   74.402    675.7    911.0
     1     1    10     3    23    14     0     2   -76.0   51.622   73.566    785.2    888.8
     1     1    10     3    23    13     0     1   -77.0   51.485   72.688    869.8    872.8
     1     1    10     3    23    12     0     0   -78.0   51.338   71.765    903.6    870.7
     1     1    10     3    23    11     0     1   -79.0   51.178   70.825    924.2    871.4
     1     1    10     3    23    10     0     2   -80.0   50.999   69.888    944.4    869.6
     1     1    10     3    23     9     0     3   -81.0   50.804   68.932    970.9    866.8
     1     1    10     3    23     8     0     2   -82.0   50.588   67.968   1003.9    863.9
     1     1    10     3    23     7     0     1   -83.0   50.339   67.020   1050.5    857.7
     1     1    10     3    23     6     0     0   -84.0   50.070   66.123   1061.4    867.6
     1     1    10     3    23     5     0     1   -85.0   49.796   65.311   1029.2    877.8
     1     1    10     3    23     4     0     2   -86.0   49.525   64.563   1001.2    884.1
     1     1    10     3    23     3     0     3   -87.0   49.267   63.853    980.1    890.0
     1     1    10     3    23     2     0     2   -88.0   49.025   63.176    966.0    892.9
     1     1    10     3    23     1     0     1   -89.0   48.801   62.527    957.3    894.1
     1     1    10     3    23     0     0     0   -90.0   48.592   61.887    942.0    895.6
     1     1    10     3    22    23     0     1   -91.0   48.394   61.247    935.4    894.7
     1     1    10     3    22    22     0     2   -92.0   48.211   60.601    942.0    889.5
     1     1    10     3    22    21     0     3   -93.0   48.040   59.944    938.0    884.9
     1     1    10     3    22    20     0     2   -94.0   47.865   59.280    926.6    888.1
     1     1    10     3    22    19     0     1   -95.0   47.666   58.621    913.4    888.9
     1     1    10     3    22    18     0     0   -96.0   47.442   57.976    900.4    892.3
