     5     1
    GDAS    10     3     1     0     0
    GDAS    10     3     8     0     0
    GDAS    10     3    15     0     0
    GDAS    10     3    22     0     0
    GDAS    10     3    29     0     0
     1 BACKWARD OMEGA   
    10     3    21    18   39.977  116.381  7800.0
     1 PRESSURE
     1     1    10     3    21    18     0     0     0.0   39.977  116.381   7555.4    366.2
     1     1    10     3    21    17     0     1    -1.0   39.957  114.439   7426.7    326.2
     1     1    10     3    21    16     0     2    -2.0   39.975  112.527   7615.5    309.9
     1     1    10     3    21    15     0     3    -3.0   39.954  110.637   7721.4    312.9
     1     1    10     3    21    14     0     2    -4.0   39.913  108.723   7454.2    319.5
     1     1    10     3    21    13     0     1    -5.0   39.895  106.917   7412.2    327.3
     1     1    10     3    21    12     0     0    -6.0   39.872  105.187   7363.8    323.8
     1     1    10     3    21    11     0     1    -7.0   39.810  103.498   7202.5    328.1
     1     1    10     3    21    10     0     2    -8.0   39.825  101.848   7157.2    334.7
     1     1    10     3    21     9     0     3    -9.0   39.929  100.171   7118.7    333.4
     1     1    10     3    21     8     0     2   -10.0   40.103   98.507   7208.3    330.6
     1     1    10     3    21     7     0     1   -11.0   40.290   96.722   7038.1    310.3
     1     1    10     3    21     6     0     0   -12.0   40.432   94.848   7059.3    331.1
     1     1    10     3    21     5     0     1   -13.0   40.607   93.045   7006.6    350.0
     1     1    10     3    21     4     0     2   -14.0   40.734   91.232   7035.4    363.5
     1     1    10     3    21     3     0     3   -15.0   40.775   89.463   6650.8    373.7
     1     1    10     3    21     2     0     2   -16.0   40.747   87.777   6217.1    402.0
     1     1    10     3    21     1     0     1   -17.0   40.643   86.133   5970.7    428.2
     1     1    10     3    21     0     0     0   -18.0   40.525   84.514   5727.3    434.3
     1     1    10     3    20    23     0     1   -19.0   40.437   82.970   5529.4    446.9
     1     1    10     3    20    22     0     2   -20.0   40.299   81.500   5418.3    450.3
     1     1    10     3    20    21     0     3   -21.0   40.053   80.145   5222.2    466.7
     1     1    10     3    20    20     0     2   -22.0   39.800   78.883   5045.4    468.9
     1     1    10     3    20    19     0     1   -23.0   39.616   77.642   5045.2    458.5
     1     1    10     3    20    18     0     0   -24.0   39.429   76.364   5145.6    432.9
     1     1    10     3    20    17     0     1   -25.0   39.240   74.718   4826.5    341.5
     1     1    10     3    20    16     0     2   -26.0   39.040   72.669   4742.7    310.6
     1     1    10     3    20    15     0     3   -27.0   38.844   70.799   4759.3    389.4
     1     1    10     3    20    14     0     2   -28.0   38.637   69.253   4783.7    428.7
     1     1    10     3    20    13     0     1   -29.0   38.373   67.898   4802.4    469.9
     1     1    10     3    20    12     0     0   -30.0   38.046   66.688   4815.8    495.5
     1     1    10     3    20    11     0     1   -31.0   37.694   65.587   4869.2    531.7
     1     1    10     3    20    10     0     2   -32.0   37.362   64.609   4860.4    539.5
     1     1    10     3    20     9     0     3   -33.0   37.048   63.700   4788.0    536.6
     1     1    10     3    20     8     0     2   -34.0   36.749   62.825   4714.8    542.7
     1     1    10     3    20     7     0     1   -35.0   36.476   61.977   4708.7    546.1
     1     1    10     3    20     6     0     0   -36.0   36.243   61.122   4732.8    533.5
     1     1    10     3    20     5     0     1   -37.0   36.044   60.163   4737.9    494.2
     1     1    10     3    20     4     0     2   -38.0   35.852   59.036   4683.7    479.0
     1     1    10     3    20     3     0     3   -39.0   35.644   57.863   4669.2    495.0
     1     1    10     3    20     2     0     2   -40.0   35.404   56.717   4712.2    504.9
     1     1    10     3    20     1     0     1   -41.0   35.143   55.631   4593.3    529.1
     1     1    10     3    20     0     0     0   -42.0   34.860   54.543   4491.9    530.7
     1     1    10     3    19    23     0     1   -43.0   34.528   53.411   4431.4    532.0
     1     1    10     3    19    22     0     2   -44.0   34.131   52.289   4488.9    519.1
     1     1    10     3    19    21     0     3   -45.0   33.654   51.132   4509.2    463.8
     1     1    10     3    19    20     0     2   -46.0   33.102   49.941   4380.7    430.7
     1     1    10     3    19    19     0     1   -47.0   32.561   48.807   4502.5    519.0
     1     1    10     3    19    18     0     0   -48.0   32.149   47.818   4455.5    583.6
     1     1    10     3    19    17     0     1   -49.0   31.753   46.890   4438.3    593.7
     1     1    10     3    19    16     0     2   -50.0   31.332   45.986   4427.4    593.9
     1     1    10     3    19    15     0     3   -51.0   30.849   45.110   4380.6    590.3
     1     1    10     3    19    14     0     2   -52.0   30.298   44.227   4302.8    580.2
     1     1    10     3    19    13     0     1   -53.0   29.728   43.354   4270.0    573.6
     1     1    10     3    19    12     0     0   -54.0   29.144   42.514   4175.5    567.9
     1     1    10     3    19    11     0     1   -55.0   28.546   41.733   4009.9    570.6
     1     1    10     3    19    10     0     2   -56.0   27.952   41.022   3844.0    574.1
     1     1    10     3    19     9     0     3   -57.0   27.388   40.388   3712.4    576.2
     1     1    10     3    19     8     0     2   -58.0   26.844   39.827   3646.4    576.9
     1     1    10     3    19     7     0     1   -59.0   26.326   39.340   3611.5    582.9
     1     1    10     3    19     6     0     0   -60.0   25.841   38.931   3566.4    598.3
     1     1    10     3    19     5     0     1   -61.0   25.391   38.593   3490.6    606.8
     1     1    10     3    19     4     0     2   -62.0   25.002   38.307   3396.6    613.7
     1     1    10     3    19     3     0     3   -63.0   24.693   38.069   3345.8    640.7
     1     1    10     3    19     2     0     2   -64.0   24.432   37.862   3350.3    663.7
     1     1    10     3    19     1     0     1   -65.0   24.194   37.675   3399.2    672.3
     1     1    10     3    19     0     0     0   -66.0   23.980   37.503   3445.6    675.4
     1     1    10     3    18    23     0     1   -67.0   23.795   37.334   3468.0    672.9
     1     1    10     3    18    22     0     2   -68.0   23.640   37.164   3484.8    671.2
     1     1    10     3    18    21     0     3   -69.0   23.512   37.001   3497.9    669.9
     1     1    10     3    18    20     0     2   -70.0   23.399   36.837   3516.7    669.1
     1     1    10     3    18    19     0     1   -71.0   23.296   36.658   3541.2    666.7
     1     1    10     3    18    18     0     0   -72.0   23.207   36.468   3555.8    665.1
     1     1    10     3    18    17     0     1   -73.0   23.129   36.274   3558.3    665.8
     1     1    10     3    18    16     0     2   -74.0   23.061   36.079   3558.3    666.4
     1     1    10     3    18    15     0     3   -75.0   23.002   35.880   3560.2    663.5
     1     1    10     3    18    14     0     2   -76.0   22.940   35.668   3562.9    654.2
     1     1    10     3    18    13     0     1   -77.0   22.872   35.446   3558.7    645.6
     1     1    10     3    18    12     0     0   -78.0   22.808   35.227   3533.9    639.5
     1     1    10     3    18    11     0     1   -79.0   22.751   35.022   3492.6    637.7
     1     1    10     3    18    10     0     2   -80.0   22.691   34.836   3456.3    639.2
     1     1    10     3    18     9     0     3   -81.0   22.626   34.670   3425.4    641.2
     1     1    10     3    18     8     0     2   -82.0   22.563   34.525   3403.3    642.5
     1     1    10     3    18     7     0     1   -83.0   22.512   34.405   3391.3    643.3
     1     1    10     3    18     6     0     0   -84.0   22.474   34.310   3388.8    643.6
     1     1    10     3    18     5     0     1   -85.0   22.449   34.228   3389.1    643.4
     1     1    10     3    18     4     0     2   -86.0   22.439   34.149   3384.4    644.0
     1     1    10     3    18     3     0     3   -87.0   22.445   34.070   3371.9    645.1
     1     1    10     3    18     2     0     2   -88.0   22.465   33.984   3348.6    647.1
     1     1    10     3    18     1     0     1   -89.0   22.493   33.884   3317.2    650.7
     1     1    10     3    18     0     0     0   -90.0   22.525   33.771   3282.0    654.7
     1     1    10     3    17    23     0     1   -91.0   22.553   33.643   3266.6    659.5
     1     1    10     3    17    22     0     2   -92.0   22.570   33.500   3292.3    659.6
     1     1    10     3    17    21     0     3   -93.0   22.579   33.341   3358.3    656.8
     1     1    10     3    17    20     0     2   -94.0   22.581   33.179   3440.4    650.5
     1     1    10     3    17    19     0     1   -95.0   22.579   33.033   3509.2    646.7
     1     1    10     3    17    18     0     0   -96.0   22.579   32.906   3552.7    643.1
