     5     1
    GDAS    10     3     1     0     0
    GDAS    10     3     8     0     0
    GDAS    10     3    15     0     0
    GDAS    10     3    22     0     0
    GDAS    10     3    29     0     0
     1 BACKWARD OMEGA   
    10     3    18     6   39.977  116.381  3000.0
     1 PRESSURE
     1     1    10     3    18     6     0     0     0.0   39.977  116.381   2761.0    696.1
     1     1    10     3    18     5     0     1    -1.0   40.238  115.652   2775.3    649.4
     1     1    10     3    18     4     0     2    -2.0   40.645  114.882   2834.1    599.2
     1     1    10     3    18     3     0     3    -3.0   41.109  114.125   2902.4    589.2
     1     1    10     3    18     2     0     2    -4.0   41.596  113.350   2912.0    580.4
     1     1    10     3    18     1     0     1    -5.0   42.120  112.564   2923.0    586.3
     1     1    10     3    18     0     0     0    -6.0   42.613  111.783   2914.1    602.9
     1     1    10     3    17    23     0     1    -7.0   43.052  110.993   2865.2    616.9
     1     1    10     3    17    22     0     2    -8.0   43.458  110.184   2779.4    625.8
     1     1    10     3    17    21     0     3    -9.0   43.814  109.362   2685.5    642.6
     1     1    10     3    17    20     0     2   -10.0   44.126  108.544   2600.3    647.0
     1     1    10     3    17    19     0     1   -11.0   44.444  107.713   2512.0    643.8
     1     1    10     3    17    18     0     0   -12.0   44.752  106.867   2459.7    642.1
     1     1    10     3    17    17     0     1   -13.0   45.057  106.016   2397.2    638.8
     1     1    10     3    17    16     0     2   -14.0   45.357  105.206   2373.3    637.7
     1     1    10     3    17    15     0     3   -15.0   45.621  104.445   2380.9    632.5
     1     1    10     3    17    14     0     2   -16.0   45.872  103.691   2375.3    623.9
     1     1    10     3    17    13     0     1   -17.0   46.166  102.919   2312.9    611.2
     1     1    10     3    17    12     0     0   -18.0   46.488  102.127   2323.5    586.5
     1     1    10     3    17    11     0     1   -19.0   46.836  101.249   2346.3    557.3
     1     1    10     3    17    10     0     2   -20.0   47.231  100.288   2388.3    546.1
     1     1    10     3    17     9     0     3   -21.0   47.583   99.371   2435.6    546.2
     1     1    10     3    17     8     0     2   -22.0   47.900   98.450   2449.7    538.8
     1     1    10     3    17     7     0     1   -23.0   48.215   97.515   2489.3    548.2
     1     1    10     3    17     6     0     0   -24.0   48.501   96.677   2533.8    564.6
     1     1    10     3    17     5     0     1   -25.0   48.740   95.925   2567.6    573.1
     1     1    10     3    17     4     0     2   -26.0   48.942   95.207   2563.0    584.2
     1     1    10     3    17     3     0     3   -27.0   49.104   94.544   2568.7    607.0
     1     1    10     3    17     2     0     2   -28.0   49.242   93.921   2618.9    623.5
     1     1    10     3    17     1     0     1   -29.0   49.364   93.325   2717.0    631.3
     1     1    10     3    17     0     0     0   -30.0   49.478   92.702   2811.6    619.1
     1     1    10     3    16    23     0     1   -31.0   49.604   91.954   2894.7    585.2
     1     1    10     3    16    22     0     2   -32.0   49.751   91.002   2926.6    536.7
     1     1    10     3    16    21     0     3   -33.0   49.883   89.915   2789.8    525.0
     1     1    10     3    16    20     0     2   -34.0   49.985   88.786   2632.9    533.6
     1     1    10     3    16    19     0     1   -35.0   50.026   87.705   2535.0    546.7
     1     1    10     3    16    18     0     0   -36.0   49.967   86.745   2487.5    562.2
     1     1    10     3    16    17     0     1   -37.0   49.878   85.892   2461.7    588.5
     1     1    10     3    16    16     0     2   -38.0   49.807   85.175   2399.4    614.8
     1     1    10     3    16    15     0     3   -39.0   49.740   84.579   2362.5    641.9
     1     1    10     3    16    14     0     2   -40.0   49.674   84.047   2340.8    667.1
     1     1    10     3    16    13     0     1   -41.0   49.616   83.526   2319.3    684.4
     1     1    10     3    16    12     0     0   -42.0   49.580   82.992   2322.0    694.0
     1     1    10     3    16    11     0     1   -43.0   49.552   82.440   2315.6    703.9
     1     1    10     3    16    10     0     2   -44.0   49.514   81.884   2277.0    717.5
     1     1    10     3    16     9     0     3   -45.0   49.481   81.313   2246.6    724.0
     1     1    10     3    16     8     0     2   -46.0   49.444   80.695   2245.6    723.5
     1     1    10     3    16     7     0     1   -47.0   49.374   80.011   2222.6    724.6
     1     1    10     3    16     6     0     0   -48.0   49.259   79.250   2170.0    721.6
     1     1    10     3    16     5     0     1   -49.0   49.112   78.414   2141.4    709.7
     1     1    10     3    16     4     0     2   -50.0   48.941   77.554   2116.4    699.6
     1     1    10     3    16     3     0     3   -51.0   48.750   76.715   2066.7    702.5
     1     1    10     3    16     2     0     2   -52.0   48.553   75.915   2017.7    711.4
     1     1    10     3    16     1     0     1   -53.0   48.341   75.141   1950.9    718.9
     1     1    10     3    16     0     0     0   -54.0   48.108   74.379   1840.8    734.6
     1     1    10     3    15    23     0     1   -55.0   47.856   73.648   1693.1    753.4
     1     1    10     3    15    22     0     2   -56.0   47.600   72.951   1617.7    762.7
     1     1    10     3    15    21     0     3   -57.0   47.330   72.235   1585.2    772.5
     1     1    10     3    15    20     0     2   -58.0   47.044   71.593   1530.6    784.5
     1     1    10     3    15    19     0     1   -59.0   46.751   71.148   1443.0    801.7
     1     1    10     3    15    18     0     0   -60.0   46.447   70.891   1318.8    818.8
     1     1    10     3    15    17     0     1   -61.0   46.156   70.766   1172.2    842.2
     1     1    10     3    15    16     0     2   -62.0   45.896   70.714   1063.6    859.0
     1     1    10     3    15    15     0     3   -63.0   45.669   70.719   1004.7    867.9
     1     1    10     3    15    14     0     2   -64.0   45.478   70.745    970.9    871.3
     1     1    10     3    15    13     0     1   -65.0   45.311   70.788    940.6    876.6
     1     1    10     3    15    12     0     0   -66.0   45.160   70.866    913.2    881.1
     1     1    10     3    15    11     0     1   -67.0   45.026   70.936    896.1    885.2
     1     1    10     3    15    10     0     2   -68.0   44.912   70.938    899.0    885.1
     1     1    10     3    15     9     0     3   -69.0   44.817   70.862    923.8    882.4
     1     1    10     3    15     8     0     2   -70.0   44.748   70.715    960.5    878.3
     1     1    10     3    15     7     0     1   -71.0   44.714   70.514    999.5    875.6
     1     1    10     3    15     6     0     0   -72.0   44.717   70.268   1040.6    873.2
     1     1    10     3    15     5     0     1   -73.0   44.750   69.978   1082.7    869.7
     1     1    10     3    15     4     0     2   -74.0   44.805   69.646   1126.6    863.6
     1     1    10     3    15     3     0     3   -75.0   44.885   69.282   1171.5    857.8
     1     1    10     3    15     2     0     2   -76.0   44.991   68.889   1221.5    856.3
     1     1    10     3    15     1     0     1   -77.0   45.126   68.456   1285.5    852.2
     1     1    10     3    15     0     0     0   -78.0   45.296   67.980   1359.7    845.2
     1     1    10     3    14    23     0     1   -79.0   45.470   67.449   1434.7    834.5
     1     1    10     3    14    22     0     2   -80.0   45.623   66.877   1508.9    827.1
     1     1    10     3    14    21     0     3   -81.0   45.768   66.292   1586.7    821.6
     1     1    10     3    14    20     0     2   -82.0   45.909   65.694   1657.4    813.2
     1     1    10     3    14    19     0     1   -83.0   46.049   65.079   1707.0    805.4
     1     1    10     3    14    18     0     0   -84.0   46.191   64.459   1744.0    803.6
     1     1    10     3    14    17     0     1   -85.0   46.336   63.849   1784.0    801.9
     1     1    10     3    14    16     0     2   -86.0   46.483   63.248   1836.8    797.9
     1     1    10     3    14    15     0     3   -87.0   46.635   62.649   1901.0    792.2
     1     1    10     3    14    14     0     2   -88.0   46.788   62.055   1948.9    784.0
     1     1    10     3    14    13     0     1   -89.0   46.929   61.480   1957.1    781.5
     1     1    10     3    14    12     0     0   -90.0   47.067   60.926   1953.4    780.6
     1     1    10     3    14    11     0     1   -91.0   47.208   60.382   1984.9    776.2
     1     1    10     3    14    10     0     2   -92.0   47.345   59.817   2058.5    763.3
     1     1    10     3    14     9     0     3   -93.0   47.482   59.223   2132.3    753.7
     1     1    10     3    14     8     0     2   -94.0   47.611   58.610   2202.1    747.0
     1     1    10     3    14     7     0     1   -95.0   47.721   57.973   2277.8    736.0
     1     1    10     3    14     6     0     0   -96.0   47.823   57.322   2329.1    732.1
