     7     1
    GDAS    10     3    22     0     0
    GDAS    10     4     8     0     0
    GDAS    10     4    15     0     0
    GDAS    10     4    22     0     0
    GDAS    10     4    29     0     0
    GDAS    10     4     1     0     0
    GDAS    10     3    29     0     0
     1 BACKWARD OMEGA   
    10     4    15    18   39.977  116.381  1400.0
     1 PRESSURE
     1     1    10     4    15    18     0     0     0.0   39.977  116.381   1164.2    857.3
     1     1    10     4    15    17     0     1    -1.0   39.831  116.026   1151.8    851.7
     1     1    10     4    15    16     0     2    -2.0   39.705  115.693   1131.5    836.5
     1     1    10     4    15    15     0     3    -3.0   39.610  115.362   1107.2    823.9
     1     1    10     4    15    14     0     2    -4.0   39.546  115.025   1112.0    811.5
     1     1    10     4    15    13     0     1    -5.0   39.519  114.668   1147.4    792.3
     1     1    10     4    15    12     0     0    -6.0   39.523  114.284   1162.9    772.1
     1     1    10     4    15    11     0     1    -7.0   39.551  113.903   1123.6    761.2
     1     1    10     4    15    10     0     2    -8.0   39.591  113.559   1066.2    767.0
     1     1    10     4    15     9     0     3    -9.0   39.632  113.236   1042.7    766.4
     1     1    10     4    15     8     0     2   -10.0   39.680  112.912   1050.5    761.0
     1     1    10     4    15     7     0     1   -11.0   39.743  112.575   1063.3    753.8
     1     1    10     4    15     6     0     0   -12.0   39.810  112.228   1070.4    749.0
     1     1    10     4    15     5     0     1   -13.0   39.881  111.872   1084.1    749.8
     1     1    10     4    15     4     0     2   -14.0   39.959  111.527   1121.9    760.1
     1     1    10     4    15     3     0     3   -15.0   40.048  111.208   1192.4    762.6
     1     1    10     4    15     2     0     2   -16.0   40.162  110.892   1234.5    750.8
     1     1    10     4    15     1     0     1   -17.0   40.311  110.557   1197.0    743.4
     1     1    10     4    15     0     0     0   -18.0   40.495  110.197   1131.6    742.4
     1     1    10     4    14    23     0     1   -19.0   40.682  109.807   1083.3    747.1
     1     1    10     4    14    22     0     2   -20.0   40.836  109.390   1041.3    759.3
     1     1    10     4    14    21     0     3   -21.0   40.958  108.963    984.4    779.3
     1     1    10     4    14    20     0     2   -22.0   41.052  108.552    945.6    795.6
     1     1    10     4    14    19     0     1   -23.0   41.140  108.156    940.9    798.8
     1     1    10     4    14    18     0     0   -24.0   41.244  107.733    939.0    790.4
     1     1    10     4    14    17     0     1   -25.0   41.368  107.262    977.1    778.1
     1     1    10     4    14    16     0     2   -26.0   41.508  106.731   1042.2    766.9
     1     1    10     4    14    15     0     3   -27.0   41.642  106.165   1041.9    775.4
     1     1    10     4    14    14     0     2   -28.0   41.755  105.596   1015.2    790.5
     1     1    10     4    14    13     0     1   -29.0   41.859  105.012   1008.2    785.6
     1     1    10     4    14    12     0     0   -30.0   41.950  104.380   1022.3    782.5
     1     1    10     4    14    11     0     1   -31.0   42.043  103.754   1059.9    773.1
     1     1    10     4    14    10     0     2   -32.0   42.138  103.174   1075.0    767.7
     1     1    10     4    14     9     0     3   -33.0   42.221  102.616   1057.0    773.7
     1     1    10     4    14     8     0     2   -34.0   42.293  102.077   1043.8    780.5
     1     1    10     4    14     7     0     1   -35.0   42.358  101.567   1050.8    775.7
     1     1    10     4    14     6     0     0   -36.0   42.414  101.086   1079.6    769.3
     1     1    10     4    14     5     0     1   -37.0   42.485  100.646   1122.7    763.5
     1     1    10     4    14     4     0     2   -38.0   42.598  100.260   1161.2    760.6
     1     1    10     4    14     3     0     3   -39.0   42.762   99.912   1202.4    754.5
     1     1    10     4    14     2     0     2   -40.0   42.959   99.558   1248.6    741.5
     1     1    10     4    14     1     0     1   -41.0   43.153   99.173   1303.3    734.8
     1     1    10     4    14     0     0     0   -42.0   43.341   98.781   1361.8    729.5
     1     1    10     4    13    23     0     1   -43.0   43.517   98.384   1401.0    725.1
     1     1    10     4    13    22     0     2   -44.0   43.668   97.977   1406.2    726.8
     1     1    10     4    13    21     0     3   -45.0   43.791   97.561   1394.7    732.5
     1     1    10     4    13    20     0     2   -46.0   43.878   97.147   1393.2    739.0
     1     1    10     4    13    19     0     1   -47.0   43.937   96.750   1403.4    741.8
     1     1    10     4    13    18     0     0   -48.0   43.979   96.375   1388.4    744.6
     1     1    10     4    13    17     0     1   -49.0   44.003   96.042   1320.7    753.0
     1     1    10     4    13    16     0     2   -50.0   44.017   95.777   1252.9    778.7
     1     1    10     4    13    15     0     3   -51.0   44.034   95.563   1217.8    795.0
     1     1    10     4    13    14     0     2   -52.0   44.058   95.388   1219.1    804.2
     1     1    10     4    13    13     0     1   -53.0   44.091   95.240   1253.8    805.4
     1     1    10     4    13    12     0     0   -54.0   44.131   95.107   1305.6    801.9
     1     1    10     4    13    11     0     1   -55.0   44.170   94.988   1376.4    795.7
     1     1    10     4    13    10     0     2   -56.0   44.196   94.876   1472.8    778.0
     1     1    10     4    13     9     0     3   -57.0   44.204   94.764   1600.4    759.5
     1     1    10     4    13     8     0     2   -58.0   44.195   94.627   1718.8    740.5
     1     1    10     4    13     7     0     1   -59.0   44.164   94.468   1800.3    730.0
     1     1    10     4    13     6     0     0   -60.0   44.109   94.304   1850.2    722.9
     1     1    10     4    13     5     0     1   -61.0   44.030   94.164   1862.1    719.1
     1     1    10     4    13     4     0     2   -62.0   43.936   94.063   1828.8    712.5
     1     1    10     4    13     3     0     3   -63.0   43.838   93.993   1758.5    705.2
     1     1    10     4    13     2     0     2   -64.0   43.749   93.927   1679.7    704.4
     1     1    10     4    13     1     0     1   -65.0   43.686   93.849   1616.3    704.4
     1     1    10     4    13     0     0     0   -66.0   43.651   93.761   1572.4    706.2
     1     1    10     4    12    23     0     1   -67.0   43.629   93.661   1536.4    707.3
     1     1    10     4    12    22     0     2   -68.0   43.606   93.541   1501.3    710.9
     1     1    10     4    12    21     0     3   -69.0   43.581   93.404   1473.8    715.2
     1     1    10     4    12    20     0     2   -70.0   43.554   93.260   1466.4    720.4
     1     1    10     4    12    19     0     1   -71.0   43.526   93.117   1487.7    723.8
     1     1    10     4    12    18     0     0   -72.0   43.495   92.972   1532.6    726.2
     1     1    10     4    12    17     0     1   -73.0   43.451   92.835   1562.4    726.8
     1     1    10     4    12    16     0     2   -74.0   43.381   92.742   1548.3    737.4
     1     1    10     4    12    15     0     3   -75.0   43.280   92.714   1490.2    754.8
     1     1    10     4    12    14     0     2   -76.0   43.163   92.769   1388.2    778.6
     1     1    10     4    12    13     0     1   -77.0   43.056   92.894   1226.9    803.6
     1     1    10     4    12    12     0     0   -78.0   42.960   93.058    992.5    825.1
     1     1    10     4    12    11     0     1   -79.0   42.881   93.212    781.5    832.9
     1     1    10     4    12    10     0     2   -80.0   42.822   93.349    649.4    828.5
     1     1    10     4    12     9     0     3   -81.0   42.779   93.475    567.4    821.5
     1     1    10     4    12     8     0     2   -82.0   42.749   93.595    516.0    814.2
     1     1    10     4    12     7     0     1   -83.0   42.726   93.710    485.8    805.5
     1     1    10     4    12     6     0     0   -84.0   42.708   93.814    461.5    797.6
     1     1    10     4    12     5     0     1   -85.0   42.696   93.925    463.9    789.6
     1     1    10     4    12     4     0     2   -86.0   42.699   94.044    526.0    774.4
     1     1    10     4    12     3     0     3   -87.0   42.720   94.149    617.3    761.2
     1     1    10     4    12     2     0     2   -88.0   42.763   94.216    719.2    746.9
     1     1    10     4    12     1     0     1   -89.0   42.831   94.225    840.5    728.7
     1     1    10     4    12     0     0     0   -90.0   42.923   94.165    995.1    704.5
     1     1    10     4    11    23     0     1   -91.0   43.040   94.023   1184.9    679.8
     1     1    10     4    11    22     0     2   -92.0   43.172   93.832   1398.5    689.5
     1     1    10     4    11    21     0     3   -93.0   43.312   93.638   1581.2    695.8
     1     1    10     4    11    20     0     2   -94.0   43.458   93.444   1711.8    693.1
     1     1    10     4    11    19     0     1   -95.0   43.604   93.258   1785.1    686.2
     1     1    10     4    11    18     0     0   -96.0   43.758   93.081   1837.9    669.3
