     7     1
    GDAS    10     3    22     0     0
    GDAS    10     4     8     0     0
    GDAS    10     4    15     0     0
    GDAS    10     4    22     0     0
    GDAS    10     4    29     0     0
    GDAS    10     4     1     0     0
    GDAS    10     3    29     0     0
     1 BACKWARD OMEGA   
    10     4    15     6   39.977  116.381  8000.0
     1 PRESSURE
     1     1    10     4    15     6     0     0     0.0   39.977  116.381   7762.0    346.3
     1     1    10     4    15     5     0     1    -1.0   40.144  115.770   7621.8    331.1
     1     1    10     4    15     4     0     2    -2.0   40.314  115.178   7448.8    315.6
     1     1    10     4    15     3     0     3    -3.0   40.509  114.647   7390.9    311.8
     1     1    10     4    15     2     0     2    -4.0   40.718  114.156   7393.7    311.9
     1     1    10     4    15     1     0     1    -5.0   40.923  113.669   7418.0    304.7
     1     1    10     4    15     0     0     0    -6.0   41.136  113.205   7458.3    295.9
     1     1    10     4    14    23     0     1    -7.0   41.362  112.705   7506.6    292.8
     1     1    10     4    14    22     0     2    -8.0   41.607  112.165   7539.3    294.8
     1     1    10     4    14    21     0     3    -9.0   41.894  111.678   7590.9    297.1
     1     1    10     4    14    20     0     2   -10.0   42.209  111.162   7668.5    300.4
     1     1    10     4    14    19     0     1   -11.0   42.525  110.520   7702.1    301.2
     1     1    10     4    14    18     0     0   -12.0   42.841  109.871   7736.5    300.9
     1     1    10     4    14    17     0     1   -13.0   43.150  109.232   7801.2    299.9
     1     1    10     4    14    16     0     2   -14.0   43.439  108.565   7882.9    300.4
     1     1    10     4    14    15     0     3   -15.0   43.721  107.946   7888.7    299.9
     1     1    10     4    14    14     0     2   -16.0   43.992  107.386   7830.0    296.8
     1     1    10     4    14    13     0     1   -17.0   44.233  106.816   7816.3    294.6
     1     1    10     4    14    12     0     0   -18.0   44.447  106.249   7837.3    291.3
     1     1    10     4    14    11     0     1   -19.0   44.647  105.691   7873.7    288.5
     1     1    10     4    14    10     0     2   -20.0   44.829  105.121   7912.0    288.5
     1     1    10     4    14     9     0     3   -21.0   44.988  104.547   7942.1    288.2
     1     1    10     4    14     8     0     2   -22.0   45.144  103.950   7959.0    285.7
     1     1    10     4    14     7     0     1   -23.0   45.310  103.306   7954.5    281.8
     1     1    10     4    14     6     0     0   -24.0   45.463  102.623   7877.8    274.6
     1     1    10     4    14     5     0     1   -25.0   45.613  101.928   7773.7    265.2
     1     1    10     4    14     4     0     2   -26.0   45.785  101.233   7768.1    263.0
     1     1    10     4    14     3     0     3   -27.0   45.979  100.497   7815.8    265.9
     1     1    10     4    14     2     0     2   -28.0   46.168   99.716   7835.2    268.0
     1     1    10     4    14     1     0     1   -29.0   46.319   98.949   7801.2    265.6
     1     1    10     4    14     0     0     0   -30.0   46.440   98.220   7739.9    264.3
     1     1    10     4    13    23     0     1   -31.0   46.556   97.519   7686.4    263.3
     1     1    10     4    13    22     0     2   -32.0   46.678   96.831   7697.9    264.0
     1     1    10     4    13    21     0     3   -33.0   46.804   96.153   7759.4    264.8
     1     1    10     4    13    20     0     2   -34.0   46.921   95.461   7897.3    266.6
     1     1    10     4    13    19     0     1   -35.0   47.023   94.728   8022.3    267.9
     1     1    10     4    13    18     0     0   -36.0   47.122   93.971   8074.2    270.9
     1     1    10     4    13    17     0     1   -37.0   47.205   93.182   7986.2    266.1
     1     1    10     4    13    16     0     2   -38.0   47.252   92.361   7872.8    256.3
     1     1    10     4    13    15     0     3   -39.0   47.276   91.557   7802.9    245.5
     1     1    10     4    13    14     0     2   -40.0   47.293   90.793   7797.2    242.9
     1     1    10     4    13    13     0     1   -41.0   47.315   90.024   7968.8    254.4
     1     1    10     4    13    12     0     0   -42.0   47.350   89.194   8225.6    266.7
     1     1    10     4    13    11     0     1   -43.0   47.325   88.234   8537.2    275.4
     1     1    10     4    13    10     0     2   -44.0   47.184   87.128   8700.3    276.9
     1     1    10     4    13     9     0     3   -45.0   47.000   86.001   8379.4    251.4
     1     1    10     4    13     8     0     2   -46.0   46.800   84.959   8429.1    252.9
     1     1    10     4    13     7     0     1   -47.0   46.580   83.967   8561.9    259.9
     1     1    10     4    13     6     0     0   -48.0   46.372   82.995   8673.3    263.5
     1     1    10     4    13     5     0     1   -49.0   46.148   81.994   8832.9    274.4
     1     1    10     4    13     4     0     2   -50.0   45.934   80.924   8767.2    272.9
     1     1    10     4    13     3     0     3   -51.0   45.796   79.836   8716.1    272.9
     1     1    10     4    13     2     0     2   -52.0   45.700   78.735   8733.2    280.9
     1     1    10     4    13     1     0     1   -53.0   45.653   77.570   8771.3    293.3
     1     1    10     4    13     0     0     0   -54.0   45.606   76.369   8689.1    298.1
     1     1    10     4    12    23     0     1   -55.0   45.537   75.166   8597.0    301.7
     1     1    10     4    12    22     0     2   -56.0   45.485   73.912   8558.8    303.2
     1     1    10     4    12    21     0     3   -57.0   45.420   72.602   8484.4    303.4
     1     1    10     4    12    20     0     2   -58.0   45.368   71.285   8403.4    313.2
     1     1    10     4    12    19     0     1   -59.0   45.352   69.967   8343.9    319.6
     1     1    10     4    12    18     0     0   -60.0   45.344   68.584   8273.0    325.1
     1     1    10     4    12    17     0     1   -61.0   45.417   67.172   8184.6    333.0
     1     1    10     4    12    16     0     2   -62.0   45.581   65.766   8189.6    333.9
     1     1    10     4    12    15     0     3   -63.0   45.794   64.377   8172.4    334.7
     1     1    10     4    12    14     0     2   -64.0   46.038   63.106   8207.1    335.1
     1     1    10     4    12    13     0     1   -65.0   46.277   61.897   8294.1    331.1
     1     1    10     4    12    12     0     0   -66.0   46.523   60.784   8356.8    326.0
     1     1    10     4    12    11     0     1   -67.0   46.759   59.862   8418.2    319.8
     1     1    10     4    12    10     0     2   -68.0   46.940   59.104   8496.9    314.1
     1     1    10     4    12     9     0     3   -69.0   47.071   58.491   8567.7    310.1
     1     1    10     4    12     8     0     2   -70.0   47.173   57.944   8615.5    307.9
     1     1    10     4    12     7     0     1   -71.0   47.244   57.397   8668.3    306.9
     1     1    10     4    12     6     0     0   -72.0   47.280   56.869   8720.2    305.4
     1     1    10     4    12     5     0     1   -73.0   47.290   56.328   8759.4    303.6
     1     1    10     4    12     4     0     2   -74.0   47.284   55.738   8786.4    302.6
     1     1    10     4    12     3     0     3   -75.0   47.256   55.101   8785.8    303.2
     1     1    10     4    12     2     0     2   -76.0   47.221   54.470   8780.2    306.8
     1     1    10     4    12     1     0     1   -77.0   47.192   53.899   8795.9    307.5
     1     1    10     4    12     0     0     0   -78.0   47.161   53.379   8823.9    306.2
     1     1    10     4    11    23     0     1   -79.0   47.121   52.852   8854.3    304.4
     1     1    10     4    11    22     0     2   -80.0   47.071   52.272   8869.5    304.7
     1     1    10     4    11    21     0     3   -81.0   47.022   51.659   8853.2    305.6
     1     1    10     4    11    20     0     2   -82.0   46.983   51.039   8821.4    306.6
     1     1    10     4    11    19     0     1   -83.0   46.955   50.434   8802.5    307.5
     1     1    10     4    11    18     0     0   -84.0   46.938   49.854   8787.4    308.4
     1     1    10     4    11    17     0     1   -85.0   46.936   49.291   8784.9    308.9
     1     1    10     4    11    16     0     2   -86.0   46.954   48.738   8798.0    307.7
     1     1    10     4    11    15     0     3   -87.0   46.987   48.209   8814.8    306.7
     1     1    10     4    11    14     0     2   -88.0   47.025   47.705   8833.0    305.8
     1     1    10     4    11    13     0     1   -89.0   47.062   47.211   8851.8    304.9
     1     1    10     4    11    12     0     0   -90.0   47.102   46.732   8869.4    304.0
     1     1    10     4    11    11     0     1   -91.0   47.144   46.282   8892.2    303.2
     1     1    10     4    11    10     0     2   -92.0   47.194   45.868   8923.3    301.3
     1     1    10     4    11     9     0     3   -93.0   47.266   45.490   8957.4    299.1
     1     1    10     4    11     8     0     2   -94.0   47.371   45.168   8992.2    296.9
     1     1    10     4    11     7     0     1   -95.0   47.504   44.932   9020.6    294.8
     1     1    10     4    11     6     0     0   -96.0   47.653   44.803   9039.1    293.1
