     7     1
    GDAS    10     3    22     0     0
    GDAS    10     4     8     0     0
    GDAS    10     4    15     0     0
    GDAS    10     4    22     0     0
    GDAS    10     4    29     0     0
    GDAS    10     4     1     0     0
    GDAS    10     3    29     0     0
     1 BACKWARD OMEGA   
    10     4    16     6   39.977  116.381  8200.0
     1 PRESSURE
     1     1    10     4    16     6     0     0     0.0   39.977  116.381   7954.6    338.7
     1     1    10     4    16     5     0     1    -1.0   40.976  115.076   7829.7    289.7
     1     1    10     4    16     4     0     2    -2.0   41.986  113.770   7895.8    283.0
     1     1    10     4    16     3     0     3    -3.0   43.008  112.447   8123.8    290.7
     1     1    10     4    16     2     0     2    -4.0   43.975  111.180   8172.7    288.6
     1     1    10     4    16     1     0     1    -5.0   44.927  109.948   8243.8    288.2
     1     1    10     4    16     0     0     0    -6.0   45.864  108.676   8228.2    277.2
     1     1    10     4    15    23     0     1    -7.0   46.740  107.421   8212.7    270.2
     1     1    10     4    15    22     0     2    -8.0   47.539  106.206   8261.0    269.1
     1     1    10     4    15    21     0     3    -9.0   48.273  105.010   8379.1    275.3
     1     1    10     4    15    20     0     2   -10.0   48.954  103.838   8329.6    270.9
     1     1    10     4    15    19     0     1   -11.0   49.577  102.685   8248.4    268.9
     1     1    10     4    15    18     0     0   -12.0   50.141  101.534   8167.1    265.8
     1     1    10     4    15    17     0     1   -13.0   50.717  100.353   8102.1    258.9
     1     1    10     4    15    16     0     2   -14.0   51.317   99.121   8004.2    250.9
     1     1    10     4    15    15     0     3   -15.0   51.884   97.824   8151.0    258.3
     1     1    10     4    15    14     0     2   -16.0   52.402   96.481   8308.1    265.2
     1     1    10     4    15    13     0     1   -17.0   52.859   95.009   8449.5    269.5
     1     1    10     4    15    12     0     0   -18.0   53.191   93.483   8552.9    278.3
     1     1    10     4    15    11     0     1   -19.0   53.460   91.979   8630.6    291.4
     1     1    10     4    15    10     0     2   -20.0   53.689   90.457   8516.9    288.6
     1     1    10     4    15     9     0     3   -21.0   53.819   88.894   8385.6    284.9
     1     1    10     4    15     8     0     2   -22.0   53.890   87.385   8499.8    304.8
     1     1    10     4    15     7     0     1   -23.0   53.916   85.908   8442.0    306.8
     1     1    10     4    15     6     0     0   -24.0   53.887   84.461   8452.8    312.9
     1     1    10     4    15     5     0     1   -25.0   53.845   83.042   8416.7    315.7
     1     1    10     4    15     4     0     2   -26.0   53.779   81.632   8356.4    319.9
     1     1    10     4    15     3     0     3   -27.0   53.681   80.233   8290.5    324.2
     1     1    10     4    15     2     0     2   -28.0   53.564   78.805   8266.3    327.9
     1     1    10     4    15     1     0     1   -29.0   53.387   77.366   8246.6    328.7
     1     1    10     4    15     0     0     0   -30.0   53.130   75.950   8209.2    330.6
     1     1    10     4    14    23     0     1   -31.0   52.854   74.580   8150.6    334.3
     1     1    10     4    14    22     0     2   -32.0   52.611   73.271   8100.3    335.1
     1     1    10     4    14    21     0     3   -33.0   52.403   71.977   8079.0    331.5
     1     1    10     4    14    20     0     2   -34.0   52.158   70.656   8055.1    327.3
     1     1    10     4    14    19     0     1   -35.0   51.867   69.364   8008.1    331.8
     1     1    10     4    14    18     0     0   -36.0   51.621   68.051   7946.6    335.1
     1     1    10     4    14    17     0     1   -37.0   51.344   66.715   7889.5    340.0
     1     1    10     4    14    16     0     2   -38.0   50.972   65.487   7773.9    350.6
     1     1    10     4    14    15     0     3   -39.0   50.615   64.336   7666.3    359.2
     1     1    10     4    14    14     0     2   -40.0   50.295   63.186   7489.8    367.5
     1     1    10     4    14    13     0     1   -41.0   49.943   62.182   7199.6    384.2
     1     1    10     4    14    12     0     0   -42.0   49.591   61.320   6876.3    401.1
     1     1    10     4    14    11     0     1   -43.0   49.280   60.526   6474.4    423.9
     1     1    10     4    14    10     0     2   -44.0   48.967   59.922   5805.1    467.1
     1     1    10     4    14     9     0     3   -45.0   48.699   59.497   5202.5    516.5
     1     1    10     4    14     8     0     2   -46.0   48.474   59.101   4815.8    536.7
     1     1    10     4    14     7     0     1   -47.0   48.257   58.722   4521.1    553.0
     1     1    10     4    14     6     0     0   -48.0   48.043   58.390   4227.3    574.1
     1     1    10     4    14     5     0     1   -49.0   47.837   58.110   3949.0    597.7
     1     1    10     4    14     4     0     2   -50.0   47.644   57.862   3716.3    619.2
     1     1    10     4    14     3     0     3   -51.0   47.476   57.633   3522.6    637.4
     1     1    10     4    14     2     0     2   -52.0   47.309   57.441   3358.4    653.9
     1     1    10     4    14     1     0     1   -53.0   47.117   57.277   3217.7    668.3
     1     1    10     4    14     0     0     0   -54.0   46.901   57.114   3095.0    681.2
     1     1    10     4    13    23     0     1   -55.0   46.698   56.960   2990.2    691.0
     1     1    10     4    13    22     0     2   -56.0   46.516   56.841   2885.1    699.4
     1     1    10     4    13    21     0     3   -57.0   46.325   56.727   2763.9    710.2
     1     1    10     4    13    20     0     2   -58.0   46.128   56.597   2643.8    723.2
     1     1    10     4    13    19     0     1   -59.0   45.944   56.481   2539.6    732.3
     1     1    10     4    13    18     0     0   -60.0   45.765   56.415   2444.4    741.1
     1     1    10     4    13    17     0     1   -61.0   45.582   56.380   2355.7    750.1
     1     1    10     4    13    16     0     2   -62.0   45.401   56.354   2286.2    758.1
     1     1    10     4    13    15     0     3   -63.0   45.228   56.346   2253.4    762.4
     1     1    10     4    13    14     0     2   -64.0   45.041   56.334   2228.6    761.6
     1     1    10     4    13    13     0     1   -65.0   44.821   56.306   2181.6    765.7
     1     1    10     4    13    12     0     0   -66.0   44.586   56.277   2119.0    770.7
     1     1    10     4    13    11     0     1   -67.0   44.335   56.256   2050.8    776.9
     1     1    10     4    13    10     0     2   -68.0   44.067   56.241   1995.0    781.8
     1     1    10     4    13     9     0     3   -69.0   43.775   56.210   1950.2    783.9
     1     1    10     4    13     8     0     2   -70.0   43.462   56.150   1868.6    787.0
     1     1    10     4    13     7     0     1   -71.0   43.135   56.102   1722.8    799.6
     1     1    10     4    13     6     0     0   -72.0   42.777   56.120   1546.1    820.9
     1     1    10     4    13     5     0     1   -73.0   42.403   56.200   1412.0    843.4
     1     1    10     4    13     4     0     2   -74.0   42.043   56.305   1344.5    853.2
     1     1    10     4    13     3     0     3   -75.0   41.718   56.436   1331.6    857.2
     1     1    10     4    13     2     0     2   -76.0   41.435   56.565   1357.8    854.4
     1     1    10     4    13     1     0     1   -77.0   41.174   56.700   1368.0    850.4
     1     1    10     4    13     0     0     0   -78.0   40.923   56.878   1307.1    856.0
     1     1    10     4    12    23     0     1   -79.0   40.691   57.090   1216.3    871.8
     1     1    10     4    12    22     0     2   -80.0   40.465   57.309   1145.8    877.9
     1     1    10     4    12    21     0     3   -81.0   40.219   57.549   1090.7    883.8
     1     1    10     4    12    20     0     2   -82.0   39.971   57.799   1062.7    889.2
     1     1    10     4    12    19     0     1   -83.0   39.746   58.031   1063.7    889.5
     1     1    10     4    12    18     0     0   -84.0   39.542   58.246   1082.9    885.1
     1     1    10     4    12    17     0     1   -85.0   39.362   58.442   1116.7    879.3
     1     1    10     4    12    16     0     2   -86.0   39.221   58.608   1160.8    872.4
     1     1    10     4    12    15     0     3   -87.0   39.128   58.735   1206.5    865.4
     1     1    10     4    12    14     0     2   -88.0   39.064   58.813   1259.5    859.8
     1     1    10     4    12    13     0     1   -89.0   39.012   58.833   1332.0    852.5
     1     1    10     4    12    12     0     0   -90.0   38.970   58.796   1433.0    843.0
     1     1    10     4    12    11     0     1   -91.0   38.919   58.705   1549.1    829.1
     1     1    10     4    12    10     0     2   -92.0   38.844   58.568   1661.4    816.3
     1     1    10     4    12     9     0     3   -93.0   38.747   58.382   1779.2    800.8
     1     1    10     4    12     8     0     2   -94.0   38.662   58.155   1899.2    780.7
     1     1    10     4    12     7     0     1   -95.0   38.625   57.903   1999.6    763.6
     1     1    10     4    12     6     0     0   -96.0   38.643   57.634   2072.9    755.2
