     7     1
    GDAS    10     3    22     0     0
    GDAS    10     4     8     0     0
    GDAS    10     4    15     0     0
    GDAS    10     4    22     0     0
    GDAS    10     4    29     0     0
    GDAS    10     4     1     0     0
    GDAS    10     3    29     0     0
     1 BACKWARD OMEGA   
    10     4     1    18   39.977  116.381 10000.0
     1 PRESSURE
     1     1    10     4     1    18     0     0     0.0   39.977  116.381   9753.2    251.7
     1     1    10     4     1    17     0     1    -1.0   40.119  114.266   9421.2    229.5
     1     1    10     4     1    16     0     2    -2.0   40.423  112.217   9493.1    217.2
