     5     1
    GDAS    10     3     1     0     0
    GDAS    10     3     8     0     0
    GDAS    10     3    15     0     0
    GDAS    10     3    22     0     0
    GDAS    10     3    29     0     0
     1 BACKWARD OMEGA   
    10     3    24     6   39.977  116.381  2800.0
     1 PRESSURE
     1     1    10     3    24     6     0     0     0.0   39.977  116.381   2563.9    718.3
     1     1    10     3    24     5     0     1    -1.0   40.057  116.160   2074.9    749.1
     1     1    10     3    24     4     0     2    -2.0   40.136  116.039   1613.4    792.5
     1     1    10     3    24     3     0     3    -3.0   40.227  115.989   1275.4    821.0
     1     1    10     3    24     2     0     2    -4.0   40.336  115.951   1075.0    831.7
     1     1    10     3    24     1     0     1    -5.0   40.461  115.853   1017.4    821.2
     1     1    10     3    24     0     0     0    -6.0   40.586  115.654   1074.6    794.8
     1     1    10     3    23    23     0     1    -7.0   40.694  115.370   1160.3    761.5
     1     1    10     3    23    22     0     2    -8.0   40.811  115.068   1221.5    740.7
     1     1    10     3    23    21     0     3    -9.0   40.941  114.782   1254.1    732.8
     1     1    10     3    23    20     0     2   -10.0   41.068  114.516   1261.2    732.2
     1     1    10     3    23    19     0     1   -11.0   41.178  114.244   1253.1    732.9
     1     1    10     3    23    18     0     0   -12.0   41.276  113.951   1236.5    733.0
     1     1    10     3    23    17     0     1   -13.0   41.362  113.632   1216.1    729.7
     1     1    10     3    23    16     0     2   -14.0   41.440  113.305   1195.2    727.3
     1     1    10     3    23    15     0     3   -15.0   41.522  113.004   1172.1    727.0
     1     1    10     3    23    14     0     2   -16.0   41.616  112.722   1126.6    731.3
     1     1    10     3    23    13     0     1   -17.0   41.734  112.457   1041.3    742.6
     1     1    10     3    23    12     0     0   -18.0   41.898  112.216    937.2    756.4
     1     1    10     3    23    11     0     1   -19.0   42.115  111.957    830.5    773.0
     1     1    10     3    23    10     0     2   -20.0   42.353  111.633    739.0    795.9
     1     1    10     3    23     9     0     3   -21.0   42.581  111.255    698.9    811.2
     1     1    10     3    23     8     0     2   -22.0   42.784  110.857    723.2    813.3
     1     1    10     3    23     7     0     1   -23.0   42.953  110.439    781.2    804.5
     1     1    10     3    23     6     0     0   -24.0   43.099  109.995    836.2    797.1
     1     1    10     3    23     5     0     1   -25.0   43.225  109.570    871.6    794.0
     1     1    10     3    23     4     0     2   -26.0   43.326  109.185    882.7    794.7
     1     1    10     3    23     3     0     3   -27.0   43.414  108.840    877.9    799.3
     1     1    10     3    23     2     0     2   -28.0   43.514  108.511    865.4    804.5
     1     1    10     3    23     1     0     1   -29.0   43.648  108.169    859.4    806.3
     1     1    10     3    23     0     0     0   -30.0   43.807  107.789    881.3    797.9
     1     1    10     3    22    23     0     1   -31.0   43.982  107.376    936.3    780.2
     1     1    10     3    22    22     0     2   -32.0   44.160  106.972   1001.5    764.8
     1     1    10     3    22    21     0     3   -33.0   44.329  106.599   1050.1    757.3
     1     1    10     3    22    20     0     2   -34.0   44.496  106.235   1072.0    752.2
     1     1    10     3    22    19     0     1   -35.0   44.667  105.853   1064.5    752.0
     1     1    10     3    22    18     0     0   -36.0   44.834  105.474   1028.7    758.2
     1     1    10     3    22    17     0     1   -37.0   44.962  105.127    959.8    767.8
     1     1    10     3    22    16     0     2   -38.0   45.022  104.781    848.7    778.4
     1     1    10     3    22    15     0     3   -39.0   45.007  104.385    683.7    793.8
     1     1    10     3    22    14     0     2   -40.0   44.955  103.947    513.0    814.9
     1     1    10     3    22    13     0     1   -41.0   44.915  103.557    416.0    827.0
     1     1    10     3    22    12     0     0   -42.0   44.879  103.223    376.5    825.8
     1     1    10     3    22    11     0     1   -43.0   44.851  102.881    378.9    822.1
     1     1    10     3    22    10     0     2   -44.0   44.836  102.475    394.3    805.0
     1     1    10     3    22     9     0     3   -45.0   44.828  102.036    373.2    793.4
     1     1    10     3    22     8     0     2   -46.0   44.819  101.607    337.2    802.3
     1     1    10     3    22     7     0     1   -47.0   44.797  101.222    319.7    808.7
     1     1    10     3    22     6     0     0   -48.0   44.753  100.877    323.2    811.0
     1     1    10     3    22     5     0     1   -49.0   44.681  100.544    329.4    807.8
     1     1    10     3    22     4     0     2   -50.0   44.576  100.200    315.1    809.2
     1     1    10     3    22     3     0     3   -51.0   44.439   99.849    274.4    815.3
     1     1    10     3    22     2     0     2   -52.0   44.299   99.524    197.9    827.6
     1     1    10     3    22     1     0     1   -53.0   44.179   99.281    110.8    846.5
     1     1    10     3    22     0     0     0   -54.0   44.078   99.144     53.1    863.2
     1     1    10     3    21    23     0     1   -55.0   44.000   99.054     22.3    871.7
     1     1    10     3    21    22     0     2   -56.0   43.949   98.956      7.1    871.3
     1     1    10     3    21    21     0     3   -57.0   43.914   98.843      2.1    871.3
     1     1    10     3    21    20     0     2   -58.0   43.894   98.719      0.0    871.7
     1     1    10     3    21    19     0     1   -59.0   43.889   98.582      0.0    872.5
     1     1    10     3    21    18     0     0   -60.0   43.896   98.424      0.0    873.8
     1     1    10     3    21    17     0     1   -61.0   43.911   98.237      0.0    875.4
     1     1    10     3    21    16     0     2   -62.0   43.929   98.013      0.0    877.3
     1     1    10     3    21    15     0     3   -63.0   43.948   97.750      0.0    879.6
     1     1    10     3    21    14     0     2   -64.0   43.969   97.454      0.0    880.9
     1     1    10     3    21    13     0     1   -65.0   43.993   97.118      0.9    882.9
     1     1    10     3    21    12     0     0   -66.0   44.021   96.748      2.2    884.3
     1     1    10     3    21    11     0     1   -67.0   44.066   96.353      2.5    885.6
     1     1    10     3    21    10     0     2   -68.0   44.141   95.932      2.7    888.8
     1     1    10     3    21     9     0     3   -69.0   44.278   95.478      6.3    903.7
     1     1    10     3    21     8     0     2   -70.0   44.472   95.018     15.4    896.2
     1     1    10     3    21     7     0     1   -71.0   44.661   94.583     24.0    865.7
     1     1    10     3    21     6     0     0   -72.0   44.819   94.175     21.3    857.2
     1     1    10     3    21     5     0     1   -73.0   44.955   93.797     20.0    859.0
     1     1    10     3    21     4     0     2   -74.0   45.097   93.452     33.2    854.7
     1     1    10     3    21     3     0     3   -75.0   45.260   93.126     74.4    843.7
     1     1    10     3    21     2     0     2   -76.0   45.432   92.784    166.0    827.8
     1     1    10     3    21     1     0     1   -77.0   45.613   92.363    306.6    816.3
     1     1    10     3    21     0     0     0   -78.0   45.839   91.826    558.6    811.3
     1     1    10     3    20    23     0     1   -79.0   46.174   91.087    895.2    756.6
     1     1    10     3    20    22     0     2   -80.0   46.530   90.268   1063.9    729.5
     1     1    10     3    20    21     0     3   -81.0   46.875   89.444   1107.9    764.6
     1     1    10     3    20    20     0     2   -82.0   47.256   88.583   1137.1    779.5
     1     1    10     3    20    19     0     1   -83.0   47.579   87.735   1296.7    758.6
     1     1    10     3    20    18     0     0   -84.0   47.833   86.738   1475.9    765.6
     1     1    10     3    20    17     0     1   -85.0   47.995   85.634   1552.6    800.7
     1     1    10     3    20    16     0     2   -86.0   48.108   84.586   1625.7    791.0
     1     1    10     3    20    15     0     3   -87.0   48.214   83.627   1693.4    783.0
     1     1    10     3    20    14     0     2   -88.0   48.295   82.730   1796.5    760.4
     1     1    10     3    20    13     0     1   -89.0   48.341   81.808   1854.8    728.0
     1     1    10     3    20    12     0     0   -90.0   48.402   80.924   1789.4    738.7
     1     1    10     3    20    11     0     1   -91.0   48.523   80.143   1689.7    759.9
     1     1    10     3    20    10     0     2   -92.0   48.671   79.424   1653.8    761.2
     1     1    10     3    20     9     0     3   -93.0   48.832   78.697   1612.4    755.5
     1     1    10     3    20     8     0     2   -94.0   49.005   77.964   1508.4    753.7
     1     1    10     3    20     7     0     1   -95.0   49.189   77.251   1437.2    769.3
     1     1    10     3    20     6     0     0   -96.0   49.360   76.523   1453.9    763.4
