     7     1
    GDAS    10     3    22     0     0
    GDAS    10     4     8     0     0
    GDAS    10     4    15     0     0
    GDAS    10     4    22     0     0
    GDAS    10     4    29     0     0
    GDAS    10     4     1     0     0
    GDAS    10     3    29     0     0
     1 BACKWARD OMEGA   
    10     4    24     6   39.977  116.381  3600.0
     1 PRESSURE
     1     1    10     4    24     6     0     0     0.0   39.977  116.381   3363.8    653.0
     1     1    10     4    24     5     0     1    -1.0   40.051  116.036   3415.9    633.9
     1     1    10     4    24     4     0     2    -2.0   40.150  115.667   3409.1    606.6
     1     1    10     4    24     3     0     3    -3.0   40.282  115.240   3376.1    581.8
     1     1    10     4    24     2     0     2    -4.0   40.460  114.768   3378.9    568.8
     1     1    10     4    24     1     0     1    -5.0   40.664  114.269   3423.4    563.4
     1     1    10     4    24     0     0     0    -6.0   40.874  113.719   3449.1    552.3
     1     1    10     4    23    23     0     1    -7.0   41.088  113.105   3422.5    540.5
     1     1    10     4    23    22     0     2    -8.0   41.293  112.467   3405.3    545.6
     1     1    10     4    23    21     0     3    -9.0   41.463  111.829   3404.5    548.4
     1     1    10     4    23    20     0     2   -10.0   41.601  111.200   3425.9    552.2
     1     1    10     4    23    19     0     1   -11.0   41.723  110.593   3447.9    553.1
     1     1    10     4    23    18     0     0   -12.0   41.833  110.009   3416.8    553.5
     1     1    10     4    23    17     0     1   -13.0   41.947  109.434   3378.3    561.4
     1     1    10     4    23    16     0     2   -14.0   42.072  108.853   3393.4    559.3
     1     1    10     4    23    15     0     3   -15.0   42.199  108.269   3406.9    559.9
     1     1    10     4    23    14     0     2   -16.0   42.324  107.699   3372.7    572.1
     1     1    10     4    23    13     0     1   -17.0   42.456  107.154   3334.0    582.4
     1     1    10     4    23    12     0     0   -18.0   42.597  106.619   3310.1    584.7
     1     1    10     4    23    11     0     1   -19.0   42.744  106.070   3282.9    581.2
     1     1    10     4    23    10     0     2   -20.0   42.905  105.486   3218.7    568.2
     1     1    10     4    23     9     0     3   -21.0   43.076  104.866   3144.4    561.2
     1     1    10     4    23     8     0     2   -22.0   43.246  104.214   3153.6    572.0
     1     1    10     4    23     7     0     1   -23.0   43.413  103.519   3224.9    566.9
     1     1    10     4    23     6     0     0   -24.0   43.562  102.805   3322.1    559.2
     1     1    10     4    23     5     0     1   -25.0   43.708  102.080   3444.3    559.4
     1     1    10     4    23     4     0     2   -26.0   43.857  101.360   3556.5    561.7
     1     1    10     4    23     3     0     3   -27.0   44.001  100.642   3642.9    556.4
     1     1    10     4    23     2     0     2   -28.0   44.159   99.903   3639.7    539.3
     1     1    10     4    23     1     0     1   -29.0   44.341   99.133   3579.3    533.4
     1     1    10     4    23     0     0     0   -30.0   44.545   98.352   3478.4    521.1
     1     1    10     4    22    23     0     1   -31.0   44.759   97.555   3400.8    520.5
     1     1    10     4    22    22     0     2   -32.0   44.977   96.787   3426.1    530.7
     1     1    10     4    22    21     0     3   -33.0   45.228   96.049   3509.3    526.3
     1     1    10     4    22    20     0     2   -34.0   45.495   95.322   3588.0    518.8
     1     1    10     4    22    19     0     1   -35.0   45.756   94.584   3636.5    509.1
     1     1    10     4    22    18     0     0   -36.0   46.038   93.822   3602.1    482.3
     1     1    10     4    22    17     0     1   -37.0   46.349   93.038   3668.8    494.2
     1     1    10     4    22    16     0     2   -38.0   46.670   92.232   3694.5    485.0
     1     1    10     4    22    15     0     3   -39.0   47.021   91.377   3596.2    455.5
     1     1    10     4    22    14     0     2   -40.0   47.385   90.521   3583.5    480.5
     1     1    10     4    22    13     0     1   -41.0   47.748   89.680   3611.5    479.7
     1     1    10     4    22    12     0     0   -42.0   48.123   88.839   3584.1    483.0
     1     1    10     4    22    11     0     1   -43.0   48.475   88.014   3539.8    497.3
     1     1    10     4    22    10     0     2   -44.0   48.813   87.190   3554.5    502.7
     1     1    10     4    22     9     0     3   -45.0   49.159   86.385   3621.6    504.0
     1     1    10     4    22     8     0     2   -46.0   49.490   85.638   3721.7    514.4
     1     1    10     4    22     7     0     1   -47.0   49.806   84.943   3742.8    529.2
     1     1    10     4    22     6     0     0   -48.0   50.116   84.281   3736.7    547.6
     1     1    10     4    22     5     0     1   -49.0   50.430   83.622   3739.1    563.5
     1     1    10     4    22     4     0     2   -50.0   50.751   82.959   3767.5    580.7
     1     1    10     4    22     3     0     3   -51.0   51.077   82.302   3797.6    595.4
     1     1    10     4    22     2     0     2   -52.0   51.387   81.656   3824.0    610.2
     1     1    10     4    22     1     0     1   -53.0   51.673   81.006   3844.2    613.6
     1     1    10     4    22     0     0     0   -54.0   51.947   80.326   3878.5    614.7
     1     1    10     4    21    23     0     1   -55.0   52.209   79.612   3910.8    614.5
     1     1    10     4    21    22     0     2   -56.0   52.451   78.874   3916.5    615.5
     1     1    10     4    21    21     0     3   -57.0   52.680   78.119   3897.9    617.8
     1     1    10     4    21    20     0     2   -58.0   52.909   77.385   3880.9    620.8
     1     1    10     4    21    19     0     1   -59.0   53.138   76.666   3885.7    621.4
     1     1    10     4    21    18     0     0   -60.0   53.357   75.927   3917.9    618.8
     1     1    10     4    21    17     0     1   -61.0   53.596   75.190   3972.9    614.2
     1     1    10     4    21    16     0     2   -62.0   53.849   74.433   4010.7    609.6
     1     1    10     4    21    15     0     3   -63.0   54.077   73.617   4009.9    609.5
     1     1    10     4    21    14     0     2   -64.0   54.317   72.781   4036.5    608.7
     1     1    10     4    21    13     0     1   -65.0   54.578   71.936   4082.9    604.1
     1     1    10     4    21    12     0     0   -66.0   54.816   71.048   4090.9    601.9
     1     1    10     4    21    11     0     1   -67.0   55.053   70.127   4088.0    600.9
     1     1    10     4    21    10     0     2   -68.0   55.290   69.187   4134.7    598.9
     1     1    10     4    21     9     0     3   -69.0   55.478   68.224   4189.8    592.4
     1     1    10     4    21     8     0     2   -70.0   55.655   67.251   4247.2    588.1
     1     1    10     4    21     7     0     1   -71.0   55.843   66.281   4308.8    583.7
     1     1    10     4    21     6     0     0   -72.0   56.016   65.281   4359.9    580.4
     1     1    10     4    21     5     0     1   -73.0   56.192   64.239   4420.9    573.9
     1     1    10     4    21     4     0     2   -74.0   56.380   63.184   4517.2    565.2
     1     1    10     4    21     3     0     3   -75.0   56.540   62.131   4639.0    553.2
     1     1    10     4    21     2     0     2   -76.0   56.694   61.050   4715.9    541.2
     1     1    10     4    21     1     0     1   -77.0   56.880   59.864   4690.7    535.5
     1     1    10     4    21     0     0     0   -78.0   57.056   58.574   4704.8    537.9
     1     1    10     4    20    23     0     1   -79.0   57.185   57.235   4800.6    536.4
     1     1    10     4    20    22     0     2   -80.0   57.262   55.866   4848.7    534.3
     1     1    10     4    20    21     0     3   -81.0   57.275   54.510   4846.1    537.5
     1     1    10     4    20    20     0     2   -82.0   57.237   53.175   4832.7    537.4
     1     1    10     4    20    19     0     1   -83.0   57.169   51.829   4886.9    535.8
     1     1    10     4    20    18     0     0   -84.0   57.072   50.525   4963.6    531.5
     1     1    10     4    20    17     0     1   -85.0   56.943   49.271   5001.6    525.9
     1     1    10     4    20    16     0     2   -86.0   56.790   47.996   5020.5    526.2
     1     1    10     4    20    15     0     3   -87.0   56.614   46.697   5016.7    528.6
     1     1    10     4    20    14     0     2   -88.0   56.417   45.433   4999.1    529.7
     1     1    10     4    20    13     0     1   -89.0   56.204   44.239   4973.1    531.5
     1     1    10     4    20    12     0     0   -90.0   55.975   43.090   4958.4    533.0
     1     1    10     4    20    11     0     1   -91.0   55.751   41.940   4953.9    532.3
     1     1    10     4    20    10     0     2   -92.0   55.532   40.796   4953.7    532.4
     1     1    10     4    20     9     0     3   -93.0   55.308   39.718   4967.9    530.4
     1     1    10     4    20     8     0     2   -94.0   55.070   38.710   4958.5    528.2
     1     1    10     4    20     7     0     1   -95.0   54.832   37.732   4896.6    530.8
     1     1    10     4    20     6     0     0   -96.0   54.598   36.763   4818.6    535.4
