     5     1
    GDAS    10     3     1     0     0
    GDAS    10     3     8     0     0
    GDAS    10     3    15     0     0
    GDAS    10     3    22     0     0
    GDAS    10     3    29     0     0
     1 BACKWARD OMEGA   
    10     3    25    18   39.977  116.381  9800.0
     1 PRESSURE
     1     1    10     3    25    18     0     0     0.0   39.977  116.381   9556.2    259.7
     1     1    10     3    25    17     0     1    -1.0   40.567  115.071   9206.6    233.5
     1     1    10     3    25    16     0     2    -2.0   41.241  113.805   9232.3    226.6
     1     1    10     3    25    15     0     3    -3.0   41.956  112.583   9275.0    224.8
     1     1    10     3    25    14     0     2    -4.0   42.683  111.415   9445.7    229.5
     1     1    10     3    25    13     0     1    -5.0   43.395  110.310   9510.9    231.0
     1     1    10     3    25    12     0     0    -6.0   44.101  109.282   9589.8    234.3
     1     1    10     3    25    11     0     1    -7.0   44.803  108.300   9533.2    229.3
     1     1    10     3    25    10     0     2    -8.0   45.481  107.360   9472.8    226.2
     1     1    10     3    25     9     0     3    -9.0   46.135  106.443   9433.5    220.4
     1     1    10     3    25     8     0     2   -10.0   46.762  105.546   9470.1    219.5
     1     1    10     3    25     7     0     1   -11.0   47.354  104.689   9526.3    219.2
     1     1    10     3    25     6     0     0   -12.0   47.888  103.861   9616.8    220.1
     1     1    10     3    25     5     0     1   -13.0   48.395  103.067   9556.7    215.5
     1     1    10     3    25     4     0     2   -14.0   48.915  102.331   9576.2    214.9
     1     1    10     3    25     3     0     3   -15.0   49.433  101.667   9570.1    212.9
     1     1    10     3    25     2     0     2   -16.0   49.939  101.036   9524.7    209.0
     1     1    10     3    25     1     0     1   -17.0   50.438  100.415   9451.2    206.1
     1     1    10     3    25     0     0     0   -18.0   50.933   99.812   9385.7    206.0
     1     1    10     3    24    23     0     1   -19.0   51.417   99.199   9275.3    203.2
     1     1    10     3    24    22     0     2   -20.0   51.879   98.560   9340.1    202.1
     1     1    10     3    24    21     0     3   -21.0   52.295   97.921   9491.9    206.1
     1     1    10     3    24    20     0     2   -22.0   52.666   97.294   9593.0    210.6
     1     1    10     3    24    19     0     1   -23.0   53.010   96.673   9665.2    213.9
     1     1    10     3    24    18     0     0   -24.0   53.336   96.052   9657.1    214.3
     1     1    10     3    24    17     0     1   -25.0   53.651   95.439   9684.7    217.2
     1     1    10     3    24    16     0     2   -26.0   53.957   94.843   9788.6    222.4
     1     1    10     3    24    15     0     3   -27.0   54.249   94.247   9897.1    228.5
     1     1    10     3    24    14     0     2   -28.0   54.526   93.619   9933.5    230.5
     1     1    10     3    24    13     0     1   -29.0   54.777   92.935   9963.9    230.4
     1     1    10     3    24    12     0     0   -30.0   54.979   92.201  10016.2    231.5
