     5     1
    GDAS    10     3     1     0     0
    GDAS    10     3     8     0     0
    GDAS    10     3    15     0     0
    GDAS    10     3    22     0     0
    GDAS    10     3    29     0     0
     1 BACKWARD OMEGA   
    10     3    21    12   39.977  116.381  4800.0
     1 PRESSURE
     1     1    10     3    21    12     0     0     0.0   39.977  116.381   4557.4    551.8
     1     1    10     3    21    11     0     1    -1.0   40.078  114.905   4405.3    498.0
     1     1    10     3    21    10     0     2    -2.0   40.208  113.364   4500.1    482.9
     1     1    10     3    21     9     0     3    -3.0   40.379  111.874   4357.2    481.2
     1     1    10     3    21     8     0     2    -4.0   40.495  110.383   4259.0    491.2
     1     1    10     3    21     7     0     1    -5.0   40.519  108.892   4164.1    510.0
     1     1    10     3    21     6     0     0    -6.0   40.564  107.477   4025.9    521.1
     1     1    10     3    21     5     0     1    -7.0   40.592  106.186   3860.1    528.9
     1     1    10     3    21     4     0     2    -8.0   40.602  104.956   3814.9    537.5
     1     1    10     3    21     3     0     3    -9.0   40.619  103.695   3850.6    527.9
     1     1    10     3    21     2     0     2   -10.0   40.567  102.481   3822.3    534.0
     1     1    10     3    21     1     0     1   -11.0   40.496  101.460   3728.1    548.1
     1     1    10     3    21     0     0     0   -12.0   40.405  100.602   3572.9    557.7
     1     1    10     3    20    23     0     1   -13.0   40.284   99.883   3442.7    562.2
     1     1    10     3    20    22     0     2   -14.0   40.192   99.268   3353.4    573.4
     1     1    10     3    20    21     0     3   -15.0   40.127   98.745   3219.2    578.3
     1     1    10     3    20    20     0     2   -16.0   40.091   98.298   3011.3    582.4
     1     1    10     3    20    19     0     1   -17.0   40.100   97.846   2765.6    589.9
     1     1    10     3    20    18     0     0   -18.0   40.124   97.348   2565.7    593.1
     1     1    10     3    20    17     0     1   -19.0   40.129   96.751   2531.2    588.7
     1     1    10     3    20    16     0     2   -20.0   40.115   96.038   2680.7    575.4
     1     1    10     3    20    15     0     3   -21.0   40.124   95.268   2936.8    577.3
     1     1    10     3    20    14     0     2   -22.0   40.145   94.491   3215.6    581.0
     1     1    10     3    20    13     0     1   -23.0   40.153   93.713   3499.0    576.5
     1     1    10     3    20    12     0     0   -24.0   40.176   92.921   3774.2    559.2
     1     1    10     3    20    11     0     1   -25.0   40.234   92.110   3929.7    550.8
     1     1    10     3    20    10     0     2   -26.0   40.305   91.267   3933.2    561.4
     1     1    10     3    20     9     0     3   -27.0   40.381   90.386   3914.5    562.8
     1     1    10     3    20     8     0     2   -28.0   40.447   89.505   3791.2    566.6
     1     1    10     3    20     7     0     1   -29.0   40.484   88.632   3587.5    579.7
     1     1    10     3    20     6     0     0   -30.0   40.489   87.752   3393.1    598.5
     1     1    10     3    20     5     0     1   -31.0   40.474   86.906   3359.6    608.2
     1     1    10     3    20     4     0     2   -32.0   40.443   86.128   3390.8    607.5
     1     1    10     3    20     3     0     3   -33.0   40.384   85.418   3366.2    602.7
     1     1    10     3    20     2     0     2   -34.0   40.308   84.756   3287.9    604.5
     1     1    10     3    20     1     0     1   -35.0   40.223   84.119   3202.0    612.6
     1     1    10     3    20     0     0     0   -36.0   40.115   83.494   3112.4    618.4
     1     1    10     3    19    23     0     1   -37.0   39.976   82.911   3031.7    623.8
     1     1    10     3    19    22     0     2   -38.0   39.811   82.397   2953.3    626.5
     1     1    10     3    19    21     0     3   -39.0   39.632   81.951   2855.8    631.8
     1     1    10     3    19    20     0     2   -40.0   39.441   81.577   2745.8    640.7
     1     1    10     3    19    19     0     1   -41.0   39.230   81.272   2643.8    647.8
     1     1    10     3    19    18     0     0   -42.0   38.984   81.033   2565.6    653.0
     1     1    10     3    19    17     0     1   -43.0   38.739   80.850   2508.6    654.4
     1     1    10     3    19    16     0     2   -44.0   38.521   80.721   2445.7    657.2
     1     1    10     3    19    15     0     3   -45.0   38.315   80.661   2365.4    662.3
     1     1    10     3    19    14     0     2   -46.0   38.122   80.667   2282.5    668.9
     1     1    10     3    19    13     0     1   -47.0   37.952   80.722   2212.9    672.8
     1     1    10     3    19    12     0     0   -48.0   37.812   80.823   2148.6    674.4
     1     1    10     3    19    11     0     1   -49.0   37.695   80.931   2110.3    679.1
     1     1    10     3    19    10     0     2   -50.0   37.594   81.001   2120.8    677.7
     1     1    10     3    19     9     0     3   -51.0   37.511   81.029   2179.4    672.8
     1     1    10     3    19     8     0     2   -52.0   37.449   81.027   2251.0    663.3
     1     1    10     3    19     7     0     1   -53.0   37.390   81.023   2294.1    659.6
     1     1    10     3    19     6     0     0   -54.0   37.324   81.022   2309.3    658.0
     1     1    10     3    19     5     0     1   -55.0   37.255   81.048   2282.5    658.0
     1     1    10     3    19     4     0     2   -56.0   37.193   81.122   2198.0    664.0
     1     1    10     3    19     3     0     3   -57.0   37.148   81.237   2053.7    675.8
     1     1    10     3    19     2     0     2   -58.0   37.139   81.352   1895.7    692.6
     1     1    10     3    19     1     0     1   -59.0   37.171   81.429   1776.2    704.6
     1     1    10     3    19     0     0     0   -60.0   37.234   81.454   1701.6    711.5
     1     1    10     3    18    23     0     1   -61.0   37.318   81.410   1653.8    715.5
     1     1    10     3    18    22     0     2   -62.0   37.419   81.295   1613.3    719.7
     1     1    10     3    18    21     0     3   -63.0   37.546   81.127   1581.5    723.9
     1     1    10     3    18    20     0     2   -64.0   37.690   80.940   1573.1    726.8
     1     1    10     3    18    19     0     1   -65.0   37.831   80.764   1599.6    726.6
     1     1    10     3    18    18     0     0   -66.0   37.994   80.608   1667.5    724.2
     1     1    10     3    18    17     0     1   -67.0   38.183   80.421   1699.7    716.1
     1     1    10     3    18    16     0     2   -68.0   38.357   80.174   1695.7    722.9
     1     1    10     3    18    15     0     3   -69.0   38.520   79.892   1745.1    722.0
     1     1    10     3    18    14     0     2   -70.0   38.672   79.586   1844.3    710.3
     1     1    10     3    18    13     0     1   -71.0   38.785   79.255   1960.1    700.0
     1     1    10     3    18    12     0     0   -72.0   38.829   78.895   2087.6    689.1
     1     1    10     3    18    11     0     1   -73.0   38.827   78.532   2186.8    678.7
     1     1    10     3    18    10     0     2   -74.0   38.789   78.197   2244.2    675.6
     1     1    10     3    18     9     0     3   -75.0   38.704   77.875   2286.2    671.8
     1     1    10     3    18     8     0     2   -76.0   38.596   77.564   2329.2    663.4
     1     1    10     3    18     7     0     1   -77.0   38.478   77.277   2373.6    652.3
     1     1    10     3    18     6     0     0   -78.0   38.328   77.017   2399.5    639.8
     1     1    10     3    18     5     0     1   -79.0   38.202   76.739   2408.6    608.6
     1     1    10     3    18     4     0     2   -80.0   38.160   76.368   2471.1    559.3
     1     1    10     3    18     3     0     3   -81.0   38.206   75.874   2557.6    507.3
     1     1    10     3    18     2     0     2   -82.0   38.292   75.199   2613.6    461.5
     1     1    10     3    18     1     0     1   -83.0   38.373   74.265   2725.1    431.1
     1     1    10     3    18     0     0     0   -84.0   38.417   73.192   2975.1    399.7
     1     1    10     3    17    23     0     1   -85.0   38.436   72.043   3439.7    404.5
     1     1    10     3    17    22     0     2   -86.0   38.394   70.923   3761.9    433.5
     1     1    10     3    17    21     0     3   -87.0   38.266   69.954   3901.0    503.3
     1     1    10     3    17    20     0     2   -88.0   38.048   69.190   3830.2    569.9
     1     1    10     3    17    19     0     1   -89.0   37.781   68.619   3581.6    618.1
     1     1    10     3    17    18     0     0   -90.0   37.525   68.121   3475.7    640.7
     1     1    10     3    17    17     0     1   -91.0   37.299   67.633   3423.9    637.9
     1     1    10     3    17    16     0     2   -92.0   37.105   67.125   3337.4    647.2
     1     1    10     3    17    15     0     3   -93.0   36.917   66.606   3242.9    660.0
     1     1    10     3    17    14     0     2   -94.0   36.721   66.090   3157.8    654.2
     1     1    10     3    17    13     0     1   -95.0   36.517   65.572   3090.6    643.1
     1     1    10     3    17    12     0     0   -96.0   36.296   65.068   3055.8    635.1
