     5     1
    GDAS    10     3     1     0     0
    GDAS    10     3     8     0     0
    GDAS    10     3    15     0     0
    GDAS    10     3    22     0     0
    GDAS    10     3    29     0     0
     1 BACKWARD OMEGA   
    10     3    25     0   39.977  116.381  1200.0
     1 PRESSURE
     1     1    10     3    25     0     0     0     0.0   39.977  116.381    963.4    884.5
     1     1    10     3    24    23     0     1    -1.0   40.317  116.127   1201.8    818.0
     1     1    10     3    24    22     0     2    -2.0   40.675  115.813   1389.3    756.7
     1     1    10     3    24    21     0     3    -3.0   41.096  115.399   1577.5    709.2
     1     1    10     3    24    20     0     2    -4.0   41.540  114.866   1740.0    680.6
     1     1    10     3    24    19     0     1    -5.0   41.959  114.253   1823.2    669.6
     1     1    10     3    24    18     0     0    -6.0   42.344  113.612   1863.8    680.0
     1     1    10     3    24    17     0     1    -7.0   42.676  112.984   1846.5    693.3
     1     1    10     3    24    16     0     2    -8.0   42.965  112.355   1782.9    712.7
     1     1    10     3    24    15     0     3    -9.0   43.235  111.730   1730.3    723.8
     1     1    10     3    24    14     0     2   -10.0   43.493  111.141   1730.7    723.7
     1     1    10     3    24    13     0     1   -11.0   43.731  110.585   1762.3    721.9
     1     1    10     3    24    12     0     0   -12.0   43.938  110.041   1802.9    728.2
     1     1    10     3    24    11     0     1   -13.0   44.145  109.524   1837.6    725.6
     1     1    10     3    24    10     0     2   -14.0   44.387  109.041   1883.0    717.4
     1     1    10     3    24     9     0     3   -15.0   44.643  108.558   1963.4    701.3
     1     1    10     3    24     8     0     2   -16.0   44.902  108.047   2080.9    686.2
     1     1    10     3    24     7     0     1   -17.0   45.166  107.517   2186.1    667.6
     1     1    10     3    24     6     0     0   -18.0   45.429  106.994   2247.4    653.7
     1     1    10     3    24     5     0     1   -19.0   45.686  106.473   2281.7    640.9
     1     1    10     3    24     4     0     2   -20.0   45.922  105.958   2303.7    632.4
     1     1    10     3    24     3     0     3   -21.0   46.140  105.482   2310.4    629.1
     1     1    10     3    24     2     0     2   -22.0   46.371  105.064   2310.6    630.8
     1     1    10     3    24     1     0     1   -23.0   46.642  104.686   2323.4    627.2
     1     1    10     3    24     0     0     0   -24.0   46.962  104.334   2351.6    616.1
     1     1    10     3    23    23     0     1   -25.0   47.305  103.977   2401.8    615.8
     1     1    10     3    23    22     0     2   -26.0   47.634  103.576   2435.1    618.4
     1     1    10     3    23    21     0     3   -27.0   47.950  103.121   2421.8    615.1
     1     1    10     3    23    20     0     2   -28.0   48.250  102.644   2400.5    617.5
     1     1    10     3    23    19     0     1   -29.0   48.533  102.165   2419.1    616.8
     1     1    10     3    23    18     0     0   -30.0   48.810  101.665   2468.1    610.0
     1     1    10     3    23    17     0     1   -31.0   49.066  101.153   2532.3    601.4
     1     1    10     3    23    16     0     2   -32.0   49.300  100.667   2573.3    584.4
     1     1    10     3    23    15     0     3   -33.0   49.534  100.238   2572.7    573.2
     1     1    10     3    23    14     0     2   -34.0   49.764   99.864   2558.1    570.5
     1     1    10     3    23    13     0     1   -35.0   49.988   99.518   2574.9    569.9
     1     1    10     3    23    12     0     0   -36.0   50.219   99.175   2630.9    562.5
     1     1    10     3    23    11     0     1   -37.0   50.471   98.850   2722.0    547.8
     1     1    10     3    23    10     0     2   -38.0   50.744   98.566   2828.8    534.8
     1     1    10     3    23     9     0     3   -39.0   51.042   98.334   2933.1    528.6
     1     1    10     3    23     8     0     2   -40.0   51.365   98.102   3036.9    525.9
     1     1    10     3    23     7     0     1   -41.0   51.704   97.817   3146.7    527.3
     1     1    10     3    23     6     0     0   -42.0   52.051   97.484   3242.8    529.7
     1     1    10     3    23     5     0     1   -43.0   52.377   97.115   3301.4    534.3
     1     1    10     3    23     4     0     2   -44.0   52.663   96.745   3302.3    540.0
     1     1    10     3    23     3     0     3   -45.0   52.912   96.412   3262.4    551.0
     1     1    10     3    23     2     0     2   -46.0   53.149   96.110   3202.4    560.2
     1     1    10     3    23     1     0     1   -47.0   53.402   95.805   3177.9    561.2
     1     1    10     3    23     0     0     0   -48.0   53.677   95.483   3234.9    559.2
     1     1    10     3    22    23     0     1   -49.0   53.979   95.134   3369.7    558.0
     1     1    10     3    22    22     0     2   -50.0   54.301   94.757   3535.6    562.3
     1     1    10     3    22    21     0     3   -51.0   54.629   94.353   3637.6    562.5
     1     1    10     3    22    20     0     2   -52.0   54.955   93.958   3665.0    557.3
     1     1    10     3    22    19     0     1   -53.0   55.275   93.576   3694.6    568.9
     1     1    10     3    22    18     0     0   -54.0   55.591   93.185   3730.8    579.2
     1     1    10     3    22    17     0     1   -55.0   55.893   92.805   3768.9    583.3
     1     1    10     3    22    16     0     2   -56.0   56.184   92.454   3791.0    580.9
     1     1    10     3    22    15     0     3   -57.0   56.476   92.119   3800.8    580.5
     1     1    10     3    22    14     0     2   -58.0   56.772   91.772   3817.2    585.3
     1     1    10     3    22    13     0     1   -59.0   57.072   91.411   3842.9    588.2
     1     1    10     3    22    12     0     0   -60.0   57.375   91.039   3857.9    588.4
     1     1    10     3    22    11     0     1   -61.0   57.672   90.636   3862.3    589.9
     1     1    10     3    22    10     0     2   -62.0   57.953   90.200   3869.9    591.1
     1     1    10     3    22     9     0     3   -63.0   58.215   89.731   3877.9    590.3
     1     1    10     3    22     8     0     2   -64.0   58.467   89.249   3885.4    589.1
     1     1    10     3    22     7     0     1   -65.0   58.716   88.769   3891.0    588.9
     1     1    10     3    22     6     0     0   -66.0   58.959   88.282   3899.0    588.2
     1     1    10     3    22     5     0     1   -67.0   59.199   87.809   3910.7    586.8
     1     1    10     3    22     4     0     2   -68.0   59.438   87.370   3921.3    585.9
     1     1    10     3    22     3     0     3   -69.0   59.675   86.960   3930.3    584.6
     1     1    10     3    22     2     0     2   -70.0   59.914   86.565   3931.5    583.1
     1     1    10     3    22     1     0     1   -71.0   60.158   86.178   3917.6    583.7
     1     1    10     3    22     0     0     0   -72.0   60.406   85.793   3887.8    586.2
     1     1    10     3    21    23     0     1   -73.0   60.662   85.397   3848.7    589.5
     1     1    10     3    21    22     0     2   -74.0   60.930   84.986   3809.8    592.6
     1     1    10     3    21    21     0     3   -75.0   61.208   84.570   3774.5    596.1
     1     1    10     3    21    20     0     2   -76.0   61.486   84.151   3738.7    600.4
     1     1    10     3    21    19     0     1   -77.0   61.758   83.739   3706.7    603.9
     1     1    10     3    21    18     0     0   -78.0   62.024   83.348   3687.7    605.8
     1     1    10     3    21    17     0     1   -79.0   62.283   82.997   3675.4    605.4
     1     1    10     3    21    16     0     2   -80.0   62.532   82.697   3657.6    606.3
     1     1    10     3    21    15     0     3   -81.0   62.772   82.449   3628.2    608.1
     1     1    10     3    21    14     0     2   -82.0   63.010   82.245   3593.1    610.5
     1     1    10     3    21    13     0     1   -83.0   63.253   82.060   3568.1    614.9
     1     1    10     3    21    12     0     0   -84.0   63.502   81.882   3553.6    618.0
     1     1    10     3    21    11     0     1   -85.0   63.749   81.703   3541.1    619.9
     1     1    10     3    21    10     0     2   -86.0   63.984   81.532   3522.2    623.5
     1     1    10     3    21     9     0     3   -87.0   64.205   81.386   3493.0    626.3
     1     1    10     3    21     8     0     2   -88.0   64.414   81.263   3461.3    630.2
     1     1    10     3    21     7     0     1   -89.0   64.615   81.167   3436.2    633.0
     1     1    10     3    21     6     0     0   -90.0   64.806   81.107   3420.0    634.9
     1     1    10     3    21     5     0     1   -91.0   64.986   81.097   3415.0    635.5
     1     1    10     3    21     4     0     2   -92.0   65.153   81.142   3417.8    634.6
     1     1    10     3    21     3     0     3   -93.0   65.313   81.239   3424.1    633.4
     1     1    10     3    21     2     0     2   -94.0   65.475   81.374   3419.2    632.5
     1     1    10     3    21     1     0     1   -95.0   65.647   81.534   3388.4    635.0
     1     1    10     3    21     0     0     0   -96.0   65.831   81.720   3328.7    640.1
