     7     1
    GDAS    10     3    22     0     0
    GDAS    10     4     8     0     0
    GDAS    10     4    15     0     0
    GDAS    10     4    22     0     0
    GDAS    10     4    29     0     0
    GDAS    10     4     1     0     0
    GDAS    10     3    29     0     0
     1 BACKWARD OMEGA   
    10     4     6    18   39.977  116.381  6000.0
     1 PRESSURE
     1     1    10     4     6    18     0     0     0.0   39.977  116.381   5759.0    470.0
     1     1    10     4     6    17     0     1    -1.0   40.489  115.468   5666.6    424.6
     1     1    10     4     6    16     0     2    -2.0   41.042  114.481   5712.5    403.5
     1     1    10     4     6    15     0     3    -3.0   41.606  113.470   5862.1    387.4
     1     1    10     4     6    14     0     2    -4.0   42.156  112.406   6036.1    382.7
     1     1    10     4     6    13     0     1    -5.0   42.664  111.302   6223.4    386.3
     1     1    10     4     6    12     0     0    -6.0   43.139  110.188   6369.2    378.0
     1     1    10     4     6    11     0     1    -7.0   43.570  109.039   6418.8    382.6
     1     1    10     4     6    10     0     2    -8.0   43.943  107.826   6466.0    374.7
     1     1    10     4     6     9     0     3    -9.0   44.259  106.608   6361.9    369.1
     1     1    10     4     6     8     0     2   -10.0   44.544  105.417   6272.8    373.0
     1     1    10     4     6     7     0     1   -11.0   44.807  104.232   6288.9    373.7
     1     1    10     4     6     6     0     0   -12.0   45.047  103.064   6339.0    370.8
     1     1    10     4     6     5     0     1   -13.0   45.301  101.919   6183.2    350.1
     1     1    10     4     6     4     0     2   -14.0   45.580  100.800   6136.8    350.4
     1     1    10     4     6     3     0     3   -15.0   45.873   99.674   6217.3    353.8
     1     1    10     4     6     2     0     2   -16.0   46.166   98.520   6216.9    349.3
     1     1    10     4     6     1     0     1   -17.0   46.467   97.377   6145.4    339.3
     1     1    10     4     6     0     0     0   -18.0   46.780   96.225   6183.4    339.2
     1     1    10     4     5    23     0     1   -19.0   47.077   95.084   6272.4    350.3
     1     1    10     4     5    22     0     2   -20.0   47.345   93.993   6354.4    358.4
     1     1    10     4     5    21     0     3   -21.0   47.588   92.919   6365.4    352.1
     1     1    10     4     5    20     0     2   -22.0   47.833   91.836   6320.4    346.3
     1     1    10     4     5    19     0     1   -23.0   48.093   90.728   6166.3    321.7
     1     1    10     4     5    18     0     0   -24.0   48.348   89.545   6183.5    315.7
     1     1    10     4     5    17     0     1   -25.0   48.593   88.354   6201.8    323.1
     1     1    10     4     5    16     0     2   -26.0   48.848   87.195   6234.5    333.1
     1     1    10     4     5    15     0     3   -27.0   49.115   86.042   6365.0    340.2
     1     1    10     4     5    14     0     2   -28.0   49.372   84.937   6464.2    356.1
     1     1    10     4     5    13     0     1   -29.0   49.606   83.937   6549.3    379.8
     1     1    10     4     5    12     0     0   -30.0   49.821   82.982   6608.3    390.4
     1     1    10     4     5    11     0     1   -31.0   50.016   82.072   6717.8    404.1
     1     1    10     4     5    10     0     2   -32.0   50.200   81.202   6746.0    402.6
     1     1    10     4     5     9     0     3   -33.0   50.384   80.326   6789.5    402.4
     1     1    10     4     5     8     0     2   -34.0   50.575   79.452   6808.8    403.0
     1     1    10     4     5     7     0     1   -35.0   50.770   78.612   6826.4    403.7
     1     1    10     4     5     6     0     0   -36.0   50.971   77.806   6843.6    404.8
     1     1    10     4     5     5     0     1   -37.0   51.179   77.036   6868.0    404.5
     1     1    10     4     5     4     0     2   -38.0   51.394   76.278   6892.8    401.2
     1     1    10     4     5     3     0     3   -39.0   51.623   75.507   6929.7    398.6
     1     1    10     4     5     2     0     2   -40.0   51.859   74.739   6969.9    396.6
     1     1    10     4     5     1     0     1   -41.0   52.080   73.998   6989.0    395.2
     1     1    10     4     5     0     0     0   -42.0   52.293   73.246   6990.8    394.8
     1     1    10     4     4    23     0     1   -43.0   52.498   72.486   6973.8    395.6
     1     1    10     4     4    22     0     2   -44.0   52.682   71.746   6945.4    395.8
     1     1    10     4     4    21     0     3   -45.0   52.837   71.034   6915.4    395.2
     1     1    10     4     4    20     0     2   -46.0   52.978   70.371   6893.8    393.9
     1     1    10     4     4    19     0     1   -47.0   53.117   69.757   6889.5    393.6
     1     1    10     4     4    18     0     0   -48.0   53.252   69.169   6898.8    394.9
     1     1    10     4     4    17     0     1   -49.0   53.390   68.615   6915.9    396.7
     1     1    10     4     4    16     0     2   -50.0   53.537   68.112   6939.5    397.7
     1     1    10     4     4    15     0     3   -51.0   53.684   67.673   6966.2    398.8
     1     1    10     4     4    14     0     2   -52.0   53.829   67.294   6989.4    399.1
     1     1    10     4     4    13     0     1   -53.0   53.973   66.967   7004.9    399.3
     1     1    10     4     4    12     0     0   -54.0   54.116   66.677   7011.3    398.9
     1     1    10     4     4    11     0     1   -55.0   54.265   66.396   7021.3    398.1
     1     1    10     4     4    10     0     2   -56.0   54.427   66.117   7040.2    396.6
     1     1    10     4     4     9     0     3   -57.0   54.605   65.850   7070.8    395.1
     1     1    10     4     4     8     0     2   -58.0   54.792   65.605   7113.2    393.3
     1     1    10     4     4     7     0     1   -59.0   54.985   65.399   7163.1    391.0
     1     1    10     4     4     6     0     0   -60.0   55.187   65.225   7206.8    388.2
     1     1    10     4     4     5     0     1   -61.0   55.400   65.049   7232.3    386.9
     1     1    10     4     4     4     0     2   -62.0   55.629   64.865   7240.2    386.5
     1     1    10     4     4     3     0     3   -63.0   55.878   64.688   7242.2    386.3
     1     1    10     4     4     2     0     2   -64.0   56.147   64.506   7247.2    386.1
     1     1    10     4     4     1     0     1   -65.0   56.437   64.298   7260.6    385.5
     1     1    10     4     4     0     0     0   -66.0   56.743   64.065   7282.3    384.3
     1     1    10     4     3    23     0     1   -67.0   57.053   63.816   7310.3    382.8
     1     1    10     4     3    22     0     2   -68.0   57.355   63.563   7336.5    381.1
     1     1    10     4     3    21     0     3   -69.0   57.645   63.329   7349.7    380.8
     1     1    10     4     3    20     0     2   -70.0   57.935   63.103   7354.2    381.8
     1     1    10     4     3    19     0     1   -71.0   58.241   62.868   7363.1    381.7
     1     1    10     4     3    18     0     0   -72.0   58.570   62.626   7402.5    379.2
     1     1    10     4     3    17     0     1   -73.0   58.925   62.358   7472.2    374.4
     1     1    10     4     3    16     0     2   -74.0   59.312   62.039   7549.8    369.7
     1     1    10     4     3    15     0     3   -75.0   59.732   61.680   7601.1    367.1
     1     1    10     4     3    14     0     2   -76.0   60.166   61.264   7598.4    366.7
     1     1    10     4     3    13     0     1   -77.0   60.605   60.774   7549.9    368.3
     1     1    10     4     3    12     0     0   -78.0   61.065   60.214   7518.7    364.9
     1     1    10     4     3    11     0     1   -79.0   61.530   59.536   7529.6    356.0
     1     1    10     4     3    10     0     2   -80.0   61.970   58.740   7550.8    354.3
     1     1    10     4     3     9     0     3   -81.0   62.394   57.933   7589.7    359.9
     1     1    10     4     3     8     0     2   -82.0   62.818   57.105   7596.4    363.4
     1     1    10     4     3     7     0     1   -83.0   63.246   56.207   7613.2    363.2
     1     1    10     4     3     6     0     0   -84.0   63.683   55.249   7626.3    361.1
     1     1    10     4     3     5     0     1   -85.0   64.107   54.253   7592.3    364.0
     1     1    10     4     3     4     0     2   -86.0   64.493   53.181   7551.5    367.5
     1     1    10     4     3     3     0     3   -87.0   64.850   51.991   7548.9    367.7
     1     1    10     4     3     2     0     2   -88.0   65.163   50.710   7555.9    364.1
     1     1    10     4     3     1     0     1   -89.0   65.418   49.401   7583.8    363.0
     1     1    10     4     3     0     0     0   -90.0   65.615   48.081   7641.6    363.8
     1     1    10     4     2    23     0     1   -91.0   65.747   46.740   7675.2    364.3
     1     1    10     4     2    22     0     2   -92.0   65.825   45.365   7670.5    365.2
     1     1    10     4     2    21     0     3   -93.0   65.836   43.976   7651.8    367.7
     1     1    10     4     2    20     0     2   -94.0   65.776   42.577   7616.6    368.0
     1     1    10     4     2    19     0     1   -95.0   65.644   41.171   7622.9    368.5
     1     1    10     4     2    18     0     0   -96.0   65.441   39.817   7648.6    368.9
