     7     1
    GDAS    10     3    22     0     0
    GDAS    10     4     8     0     0
    GDAS    10     4    15     0     0
    GDAS    10     4    22     0     0
    GDAS    10     4    29     0     0
    GDAS    10     4     1     0     0
    GDAS    10     3    29     0     0
     1 BACKWARD OMEGA   
    10     4    20     0   39.977  116.381  9800.0
     1 PRESSURE
     1     1    10     4    20     0     0     0     0.0   39.977  116.381   9550.9    277.2
     1     1    10     4    19    23     0     1    -1.0   40.360  114.006   9294.1    246.9
     1     1    10     4    19    22     0     2    -2.0   40.704  111.650   9252.9    237.6
     1     1    10     4    19    21     0     3    -3.0   41.001  109.327   9489.1    236.6
     1     1    10     4    19    20     0     2    -4.0   41.183  107.025   9534.9    234.0
     1     1    10     4    19    19     0     1    -5.0   41.189  104.668   9525.3    240.3
     1     1    10     4    19    18     0     0    -6.0   41.044  102.322   9425.1    243.9
     1     1    10     4    19    17     0     1    -7.0   40.783  100.085   9331.7    247.0
     1     1    10     4    19    16     0     2    -8.0   40.397   98.021   8989.0    249.2
     1     1    10     4    19    15     0     3    -9.0   39.877   96.155   8433.7    244.8
     1     1    10     4    19    14     0     2   -10.0   39.458   94.409   8218.5    245.3
     1     1    10     4    19    13     0     1   -11.0   39.078   92.720   7725.4    246.4
     1     1    10     4    19    12     0     0   -12.0   38.628   91.144   7466.0    247.5
     1     1    10     4    19    11     0     1   -13.0   38.248   89.584   6947.2    254.3
     1     1    10     4    19    10     0     2   -14.0   37.870   88.159   6250.7    258.9
     1     1    10     4    19     9     0     3   -15.0   37.524   86.892   5917.1    285.5
     1     1    10     4    19     8     0     2   -16.0   37.258   85.750   5356.8    311.5
     1     1    10     4    19     7     0     1   -17.0   36.988   84.771   4959.8    333.4
     1     1    10     4    19     6     0     0   -18.0   36.776   83.981   4770.1    375.2
     1     1    10     4    19     5     0     1   -19.0   36.682   83.240   4484.2    401.4
     1     1    10     4    19     4     0     2   -20.0   36.672   82.596   4143.9    434.9
     1     1    10     4    19     3     0     3   -21.0   36.717   82.131   3854.4    475.7
     1     1    10     4    19     2     0     2   -22.0   36.791   81.813   3746.7    507.8
     1     1    10     4    19     1     0     1   -23.0   36.892   81.572   3857.7    516.7
     1     1    10     4    19     0     0     0   -24.0   37.035   81.393   4113.7    515.3
     1     1    10     4    18    23     0     1   -25.0   37.177   81.165   4247.3    497.1
     1     1    10     4    18    22     0     2   -26.0   37.336   80.884   4260.1    499.1
     1     1    10     4    18    21     0     3   -27.0   37.530   80.592   4186.4    505.7
     1     1    10     4    18    20     0     2   -28.0   37.765   80.330   4100.2    519.5
     1     1    10     4    18    19     0     1   -29.0   38.043   80.095   4066.5    528.1
     1     1    10     4    18    18     0     0   -30.0   38.331   79.855   4039.8    528.9
     1     1    10     4    18    17     0     1   -31.0   38.593   79.550   4001.2    532.3
     1     1    10     4    18    16     0     2   -32.0   38.837   79.154   3965.9    537.5
     1     1    10     4    18    15     0     3   -33.0   39.073   78.699   3924.1    540.3
     1     1    10     4    18    14     0     2   -34.0   39.284   78.242   3865.3    543.1
     1     1    10     4    18    13     0     1   -35.0   39.481   77.772   3873.3    539.6
     1     1    10     4    18    12     0     0   -36.0   39.688   77.210   3924.9    524.5
     1     1    10     4    18    11     0     1   -37.0   39.883   76.530   3712.0    501.4
     1     1    10     4    18    10     0     2   -38.0   40.077   75.744   3170.0    493.3
     1     1    10     4    18     9     0     3   -39.0   40.243   74.733   3029.5    474.7
     1     1    10     4    18     8     0     2   -40.0   40.282   73.663   3385.2    462.6
     1     1    10     4    18     7     0     1   -41.0   40.248   72.776   3577.5    477.6
     1     1    10     4    18     6     0     0   -42.0   40.222   72.081   3597.1    503.3
     1     1    10     4    18     5     0     1   -43.0   40.220   71.501   3524.5    518.9
     1     1    10     4    18     4     0     2   -44.0   40.241   70.981   3417.4    535.2
     1     1    10     4    18     3     0     3   -45.0   40.279   70.514   3318.7    556.3
     1     1    10     4    18     2     0     2   -46.0   40.328   70.072   3281.6    569.0
     1     1    10     4    18     1     0     1   -47.0   40.385   69.650   3316.3    587.7
     1     1    10     4    18     0     0     0   -48.0   40.441   69.264   3352.5    612.2
     1     1    10     4    17    23     0     1   -49.0   40.492   68.929   3376.8    633.1
     1     1    10     4    17    22     0     2   -50.0   40.537   68.640   3376.0    636.1
     1     1    10     4    17    21     0     3   -51.0   40.576   68.378   3378.7    638.5
     1     1    10     4    17    20     0     2   -52.0   40.601   68.132   3387.4    639.9
     1     1    10     4    17    19     0     1   -53.0   40.610   67.894   3410.2    639.4
     1     1    10     4    17    18     0     0   -54.0   40.604   67.665   3459.0    636.2
     1     1    10     4    17    17     0     1   -55.0   40.593   67.443   3526.1    629.5
     1     1    10     4    17    16     0     2   -56.0   40.583   67.224   3591.5    623.8
     1     1    10     4    17    15     0     3   -57.0   40.572   67.010   3645.9    618.9
     1     1    10     4    17    14     0     2   -58.0   40.559   66.789   3700.4    614.9
     1     1    10     4    17    13     0     1   -59.0   40.549   66.548   3776.4    608.6
     1     1    10     4    17    12     0     0   -60.0   40.543   66.282   3886.6    600.0
     1     1    10     4    17    11     0     1   -61.0   40.550   65.977   4023.2    588.6
     1     1    10     4    17    10     0     2   -62.0   40.572   65.625   4168.0    584.3
     1     1    10     4    17     9     0     3   -63.0   40.607   65.229   4283.8    583.1
     1     1    10     4    17     8     0     2   -64.0   40.656   64.805   4369.0    581.9
     1     1    10     4    17     7     0     1   -65.0   40.726   64.360   4447.8    573.1
     1     1    10     4    17     6     0     0   -66.0   40.812   63.879   4539.0    563.9
     1     1    10     4    17     5     0     1   -67.0   40.913   63.367   4658.3    559.7
     1     1    10     4    17     4     0     2   -68.0   41.039   62.833   4800.0    554.2
     1     1    10     4    17     3     0     3   -69.0   41.188   62.287   4958.9    543.0
     1     1    10     4    17     2     0     2   -70.0   41.341   61.712   5121.9    531.8
     1     1    10     4    17     1     0     1   -71.0   41.490   61.092   5269.9    523.3
     1     1    10     4    17     0     0     0   -72.0   41.652   60.433   5367.2    514.4
     1     1    10     4    16    23     0     1   -73.0   41.829   59.751   5431.5    510.6
     1     1    10     4    16    22     0     2   -74.0   42.015   59.044   5520.5    510.4
     1     1    10     4    16    21     0     3   -75.0   42.220   58.275   5689.3    500.4
     1     1    10     4    16    20     0     2   -76.0   42.439   57.432   5896.1    480.7
     1     1    10     4    16    19     0     1   -77.0   42.653   56.579   5989.7    470.9
     1     1    10     4    16    18     0     0   -78.0   42.868   55.691   6074.4    462.5
     1     1    10     4    16    17     0     1   -79.0   43.081   54.733   6258.6    452.2
     1     1    10     4    16    16     0     2   -80.0   43.293   53.733   6446.0    442.5
     1     1    10     4    16    15     0     3   -81.0   43.495   52.691   6590.9    433.0
     1     1    10     4    16    14     0     2   -82.0   43.676   51.636   6722.1    428.5
     1     1    10     4    16    13     0     1   -83.0   43.860   50.595   6867.2    423.8
     1     1    10     4    16    12     0     0   -84.0   44.038   49.543   6988.3    416.9
     1     1    10     4    16    11     0     1   -85.0   44.194   48.471   7080.1    411.7
     1     1    10     4    16    10     0     2   -86.0   44.322   47.395   7191.6    404.3
     1     1    10     4    16     9     0     3   -87.0   44.416   46.298   7286.1    397.3
     1     1    10     4    16     8     0     2   -88.0   44.516   45.175   7312.6    387.7
     1     1    10     4    16     7     0     1   -89.0   44.655   44.048   7324.1    383.3
     1     1    10     4    16     6     0     0   -90.0   44.801   42.924   7218.6    376.9
     1     1    10     4    16     5     0     1   -91.0   44.932   41.812   7135.8    382.1
     1     1    10     4    16     4     0     2   -92.0   45.050   40.756   7117.6    393.2
     1     1    10     4    16     3     0     3   -93.0   45.143   39.775   7116.7    401.9
     1     1    10     4    16     2     0     2   -94.0   45.193   38.810   7079.2    402.8
     1     1    10     4    16     1     0     1   -95.0   45.226   37.841   7066.6    404.3
     1     1    10     4    16     0     0     0   -96.0   45.270   36.910   7095.1    404.5
