     7     1
    GDAS    10     3    22     0     0
    GDAS    10     4     8     0     0
    GDAS    10     4    15     0     0
    GDAS    10     4    22     0     0
    GDAS    10     4    29     0     0
    GDAS    10     4     1     0     0
    GDAS    10     3    29     0     0
     1 BACKWARD OMEGA   
    10     4     2    12   39.977  116.381  9600.0
     1 PRESSURE
     1     1    10     4     2    12     0     0     0.0   39.977  116.381   9353.3    272.2
     1     1    10     4     2    11     0     1    -1.0   40.772  114.797   9045.4    240.6
     1     1    10     4     2    10     0     2    -2.0   41.557  113.291   9124.6    231.2
     1     1    10     4     2     9     0     3    -3.0   42.415  111.799   9363.2    230.7
     1     1    10     4     2     8     0     2    -4.0   43.277  110.370   9574.8    229.3
     1     1    10     4     2     7     0     1    -5.0   44.082  109.030   9711.8    231.1
     1     1    10     4     2     6     0     0    -6.0   44.891  107.716   9679.8    224.1
     1     1    10     4     2     5     0     1    -7.0   45.699  106.429   9630.7    216.1
     1     1    10     4     2     4     0     2    -8.0   46.493  105.164   9638.2    212.8
