     5     1
    GDAS    10     3     1     0     0
    GDAS    10     3     8     0     0
    GDAS    10     3    15     0     0
    GDAS    10     3    22     0     0
    GDAS    10     3    29     0     0
     1 BACKWARD OMEGA   
    10     3    29     6   39.977  116.381  9200.0
     1 PRESSURE
     1     1    10     3    29     6     0     0     0.0   39.977  116.381   8959.9    303.3
     1     1    10     3    29     5     0     1    -1.0   39.826  115.223   8603.8    290.2
     1     1    10     3    29     4     0     2    -2.0   39.556  114.083   8385.8    288.4
     1     1    10     3    29     3     0     3    -3.0   39.260  113.005   8189.3    289.1
     1     1    10     3    29     2     0     2    -4.0   38.950  111.919   8094.6    287.6
     1     1    10     3    29     1     0     1    -5.0   38.605  110.832   8192.0    294.8
     1     1    10     3    29     0     0     0    -6.0   38.295  109.807   8022.5    306.7
     1     1    10     3    28    23     0     1    -7.0   38.050  108.837   7700.4    315.4
     1     1    10     3    28    22     0     2    -8.0   37.815  107.908   7570.9    317.3
     1     1    10     3    28    21     0     3    -9.0   37.577  106.987   7562.9    312.0
     1     1    10     3    28    20     0     2   -10.0   37.370  106.050   7658.2    309.1
     1     1    10     3    28    19     0     1   -11.0   37.169  105.085   7706.0    298.0
     1     1    10     3    28    18     0     0   -12.0   36.916  103.982   7792.3    280.5
     1     1    10     3    28    17     0     1   -13.0   36.592  102.806   7668.7    256.6
     1     1    10     3    28    16     0     2   -14.0   36.273  101.643   7644.5    244.9
     1     1    10     3    28    15     0     3   -15.0   36.018  100.537   7696.4    238.1
     1     1    10     3    28    14     0     2   -16.0   35.725   99.495   7517.4    216.5
     1     1    10     3    28    13     0     1   -17.0   35.400   98.517   7366.4    213.6
     1     1    10     3    28    12     0     0   -18.0   35.145   97.607   7275.6    216.2
     1     1    10     3    28    11     0     1   -19.0   34.951   96.742   7149.0    213.6
     1     1    10     3    28    10     0     2   -20.0   34.783   95.849   7113.5    211.2
     1     1    10     3    28     9     0     3   -21.0   34.641   94.949   7069.7    208.3
     1     1    10     3    28     8     0     2   -22.0   34.522   94.032   7095.3    210.7
     1     1    10     3    28     7     0     1   -23.0   34.428   93.117   7071.2    209.7
     1     1    10     3    28     6     0     0   -24.0   34.356   92.234   7010.8    207.6
     1     1    10     3    28     5     0     1   -25.0   34.279   91.386   6908.1    205.1
     1     1    10     3    28     4     0     2   -26.0   34.206   90.588   6809.7    202.9
     1     1    10     3    28     3     0     3   -27.0   34.163   89.873   6735.2    202.1
     1     1    10     3    28     2     0     2   -28.0   34.142   89.223   6703.0    203.6
     1     1    10     3    28     1     0     1   -29.0   34.138   88.586   6704.7    204.9
     1     1    10     3    28     0     0     0   -30.0   34.167   87.944   6743.2    205.5
     1     1    10     3    27    23     0     1   -31.0   34.221   87.268   6787.4    204.7
     1     1    10     3    27    22     0     2   -32.0   34.289   86.545   6809.0    204.7
     1     1    10     3    27    21     0     3   -33.0   34.380   85.765   6818.1    204.5
     1     1    10     3    27    20     0     2   -34.0   34.522   84.922   6819.6    203.4
     1     1    10     3    27    19     0     1   -35.0   34.729   84.044   6861.9    204.3
     1     1    10     3    27    18     0     0   -36.0   34.985   83.127   6805.5    200.0
     1     1    10     3    27    17     0     1   -37.0   35.241   82.168   6831.6    201.2
     1     1    10     3    27    16     0     2   -38.0   35.467   81.227   6973.6    208.1
     1     1    10     3    27    15     0     3   -39.0   35.671   80.322   7059.2    207.8
     1     1    10     3    27    14     0     2   -40.0   35.935   79.315   7015.0    200.3
     1     1    10     3    27    13     0     1   -41.0   36.235   78.206   7180.5    207.3
     1     1    10     3    27    12     0     0   -42.0   36.565   77.032   7196.8    214.3
     1     1    10     3    27    11     0     1   -43.0   36.879   75.734   7139.2    212.2
     1     1    10     3    27    10     0     2   -44.0   37.138   74.309   7207.6    203.3
     1     1    10     3    27     9     0     3   -45.0   37.340   72.832   7315.5    207.9
     1     1    10     3    27     8     0     2   -46.0   37.511   71.309   7758.2    226.3
     1     1    10     3    27     7     0     1   -47.0   37.632   69.980   8470.5    272.7
     1     1    10     3    27     6     0     0   -48.0   37.719   68.771   8873.6    293.6
     1     1    10     3    27     5     0     1   -49.0   37.800   67.531   8910.8    285.2
     1     1    10     3    27     4     0     2   -50.0   37.864   66.250   9014.8    279.8
     1     1    10     3    27     3     0     3   -51.0   37.890   64.999   9286.3    293.0
     1     1    10     3    27     2     0     2   -52.0   37.900   63.752   9308.8    289.0
     1     1    10     3    27     1     0     1   -53.0   37.907   62.481   9395.7    287.5
     1     1    10     3    27     0     0     0   -54.0   37.887   61.241   9434.2    286.4
     1     1    10     3    26    23     0     1   -55.0   37.836   60.006   9422.9    285.2
     1     1    10     3    26    22     0     2   -56.0   37.728   58.755   9228.9    273.2
     1     1    10     3    26    21     0     3   -57.0   37.567   57.514   9035.3    260.9
     1     1    10     3    26    20     0     2   -58.0   37.383   56.284   9140.7    262.4
     1     1    10     3    26    19     0     1   -59.0   37.151   55.117   9199.7    272.3
     1     1    10     3    26    18     0     0   -60.0   36.863   54.040   9287.3    288.4
     1     1    10     3    26    17     0     1   -61.0   36.524   53.105   8998.6    275.5
     1     1    10     3    26    16     0     2   -62.0   36.105   52.233   8425.6    249.3
     1     1    10     3    26    15     0     3   -63.0   35.617   51.320   8364.1    267.6
     1     1    10     3    26    14     0     2   -64.0   35.078   50.512   8290.9    286.7
     1     1    10     3    26    13     0     1   -65.0   34.479   49.780   7865.3    280.9
     1     1    10     3    26    12     0     0   -66.0   33.763   49.091   7402.1    288.3
     1     1    10     3    26    11     0     1   -67.0   33.066   48.492   6961.2    345.9
     1     1    10     3    26    10     0     2   -68.0   32.431   47.957   6709.2    415.7
     1     1    10     3    26     9     0     3   -69.0   31.785   47.468   6288.6    457.1
     1     1    10     3    26     8     0     2   -70.0   31.160   46.957   6020.0    501.5
     1     1    10     3    26     7     0     1   -71.0   30.563   46.428   5950.4    477.1
     1     1    10     3    26     6     0     0   -72.0   29.986   45.919   6008.0    482.8
     1     1    10     3    26     5     0     1   -73.0   29.385   45.341   6109.9    446.9
     1     1    10     3    26     4     0     2   -74.0   28.741   44.675   5972.7    452.7
     1     1    10     3    26     3     0     3   -75.0   28.060   43.979   5649.9    462.0
     1     1    10     3    26     2     0     2   -76.0   27.391   43.277   5364.2    484.1
     1     1    10     3    26     1     0     1   -77.0   26.716   42.555   5203.7    479.3
     1     1    10     3    26     0     0     0   -78.0   26.020   41.833   5044.3    481.3
     1     1    10     3    25    23     0     1   -79.0   25.398   41.158   4774.0    500.7
     1     1    10     3    25    22     0     2   -80.0   24.881   40.517   4560.1    518.8
     1     1    10     3    25    21     0     3   -81.0   24.433   39.884   4431.8    527.0
     1     1    10     3    25    20     0     2   -82.0   24.038   39.269   4402.2    548.1
     1     1    10     3    25    19     0     1   -83.0   23.679   38.678   4460.3    571.2
     1     1    10     3    25    18     0     0   -84.0   23.337   38.142   4465.1    588.8
     1     1    10     3    25    17     0     1   -85.0   23.021   37.663   4413.2    597.2
     1     1    10     3    25    16     0     2   -86.0   22.753   37.217   4357.7    598.1
     1     1    10     3    25    15     0     3   -87.0   22.523   36.790   4293.9    599.0
     1     1    10     3    25    14     0     2   -88.0   22.306   36.345   4253.3    591.8
     1     1    10     3    25    13     0     1   -89.0   22.084   35.855   4250.6    572.6
     1     1    10     3    25    12     0     0   -90.0   21.867   35.348   4211.8    563.0
     1     1    10     3    25    11     0     1   -91.0   21.690   34.886   4099.4    575.4
     1     1    10     3    25    10     0     2   -92.0   21.569   34.478   3996.8    591.3
     1     1    10     3    25     9     0     3   -93.0   21.492   34.108   3918.7    602.1
     1     1    10     3    25     8     0     2   -94.0   21.448   33.754   3860.3    608.0
     1     1    10     3    25     7     0     1   -95.0   21.423   33.403   3818.1    612.0
     1     1    10     3    25     6     0     0   -96.0   21.413   33.052   3783.1    615.5
