     7     1
    GDAS    10     3    22     0     0
    GDAS    10     4     8     0     0
    GDAS    10     4    15     0     0
    GDAS    10     4    22     0     0
    GDAS    10     4    29     0     0
    GDAS    10     4     1     0     0
    GDAS    10     3    29     0     0
     1 BACKWARD OMEGA   
    10     4    17    18   39.977  116.381  3600.0
     1 PRESSURE
     1     1    10     4    17    18     0     0     0.0   39.977  116.381   3361.7    651.4
     1     1    10     4    17    17     0     1    -1.0   40.108  115.648   3385.8    611.8
     1     1    10     4    17    16     0     2    -2.0   40.243  114.868   3445.8    564.5
     1     1    10     4    17    15     0     3    -3.0   40.362  114.105   3586.4    554.7
     1     1    10     4    17    14     0     2    -4.0   40.471  113.372   3576.4    545.1
     1     1    10     4    17    13     0     1    -5.0   40.608  112.654   3475.4    546.2
     1     1    10     4    17    12     0     0    -6.0   40.776  111.942   3452.5    546.4
     1     1    10     4    17    11     0     1    -7.0   40.940  111.201   3342.9    534.9
     1     1    10     4    17    10     0     2    -8.0   41.133  110.412   3192.5    561.9
     1     1    10     4    17     9     0     3    -9.0   41.355  109.575   3242.0    568.5
     1     1    10     4    17     8     0     2   -10.0   41.557  108.788   3237.9    576.0
     1     1    10     4    17     7     0     1   -11.0   41.744  108.054   3175.5    582.8
     1     1    10     4    17     6     0     0   -12.0   41.918  107.333   3202.2    587.2
     1     1    10     4    17     5     0     1   -13.0   42.075  106.666   3300.9    587.0
     1     1    10     4    17     4     0     2   -14.0   42.203  106.023   3330.7    587.2
     1     1    10     4    17     3     0     3   -15.0   42.306  105.327   3220.6    583.1
     1     1    10     4    17     2     0     2   -16.0   42.419  104.608   3131.8    586.6
     1     1    10     4    17     1     0     1   -17.0   42.527  103.895   3087.6    584.2
     1     1    10     4    17     0     0     0   -18.0   42.602  103.168   3035.2    592.5
     1     1    10     4    16    23     0     1   -19.0   42.689  102.454   2948.2    595.1
     1     1    10     4    16    22     0     2   -20.0   42.824  101.760   2833.8    595.3
     1     1    10     4    16    21     0     3   -21.0   42.950  101.037   2731.7    592.1
     1     1    10     4    16    20     0     2   -22.0   43.088  100.323   2763.8    604.9
     1     1    10     4    16    19     0     1   -23.0   43.277   99.668   2848.7    604.1
     1     1    10     4    16    18     0     0   -24.0   43.478   99.044   2872.0    598.7
     1     1    10     4    16    17     0     1   -25.0   43.676   98.422   2852.3    606.0
     1     1    10     4    16    16     0     2   -26.0   43.883   97.772   2845.5    610.3
     1     1    10     4    16    15     0     3   -27.0   44.081   97.079   2762.7    613.5
     1     1    10     4    16    14     0     2   -28.0   44.265   96.342   2639.2    629.2
     1     1    10     4    16    13     0     1   -29.0   44.457   95.562   2660.7    631.4
     1     1    10     4    16    12     0     0   -30.0   44.632   94.779   2852.2    605.5
     1     1    10     4    16    11     0     1   -31.0   44.796   94.035   2992.5    587.8
     1     1    10     4    16    10     0     2   -32.0   44.971   93.359   3114.5    582.8
     1     1    10     4    16     9     0     3   -33.0   45.130   92.657   3389.4    569.6
     1     1    10     4    16     8     0     2   -34.0   45.303   91.867   3755.0    539.9
     1     1    10     4    16     7     0     1   -35.0   45.453   91.033   4056.2    521.0
     1     1    10     4    16     6     0     0   -36.0   45.535   90.158   4142.2    522.2
     1     1    10     4    16     5     0     1   -37.0   45.684   89.181   4157.0    541.8
     1     1    10     4    16     4     0     2   -38.0   45.895   88.179   4248.4    546.2
     1     1    10     4    16     3     0     3   -39.0   46.050   87.085   4175.7    562.7
     1     1    10     4    16     2     0     2   -40.0   46.092   85.926   3831.9    597.9
     1     1    10     4    16     1     0     1   -41.0   46.074   84.800   3722.3    580.7
     1     1    10     4    16     0     0     0   -42.0   45.900   83.547   4167.3    517.6
     1     1    10     4    15    23     0     1   -43.0   45.675   82.207   4328.8    531.5
     1     1    10     4    15    22     0     2   -44.0   45.456   80.898   3965.6    496.3
     1     1    10     4    15    21     0     3   -45.0   45.110   79.545   3760.8    484.0
     1     1    10     4    15    20     0     2   -46.0   44.767   78.340   3866.1    568.5
     1     1    10     4    15    19     0     1   -47.0   44.507   77.291   3842.9    599.2
     1     1    10     4    15    18     0     0   -48.0   44.212   76.380   3738.9    601.9
     1     1    10     4    15    17     0     1   -49.0   43.904   75.537   3581.1    598.5
     1     1    10     4    15    16     0     2   -50.0   43.630   74.591   3726.3    579.6
     1     1    10     4    15    15     0     3   -51.0   43.359   73.527   3891.8    578.2
     1     1    10     4    15    14     0     2   -52.0   43.101   72.389   3748.5    585.3
     1     1    10     4    15    13     0     1   -53.0   42.881   71.255   3345.8    616.1
     1     1    10     4    15    12     0     0   -54.0   42.628   70.105   3409.6    586.3
     1     1    10     4    15    11     0     1   -55.0   42.331   69.023   3528.6    626.1
     1     1    10     4    15    10     0     2   -56.0   42.054   68.041   3343.7    658.5
     1     1    10     4    15     9     0     3   -57.0   41.790   67.073   3358.0    661.0
     1     1    10     4    15     8     0     2   -58.0   41.546   66.129   3415.7    647.5
     1     1    10     4    15     7     0     1   -59.0   41.327   65.191   3462.9    649.8
     1     1    10     4    15     6     0     0   -60.0   41.134   64.254   3501.5    640.8
     1     1    10     4    15     5     0     1   -61.0   40.956   63.321   3542.3    642.0
     1     1    10     4    15     4     0     2   -62.0   40.797   62.424   3563.0    645.4
     1     1    10     4    15     3     0     3   -63.0   40.653   61.567   3571.7    646.7
     1     1    10     4    15     2     0     2   -64.0   40.528   60.734   3613.3    643.2
     1     1    10     4    15     1     0     1   -65.0   40.410   59.900   3646.9    639.0
     1     1    10     4    15     0     0     0   -66.0   40.300   59.061   3714.9    635.2
     1     1    10     4    14    23     0     1   -67.0   40.214   58.208   3832.8    629.2
     1     1    10     4    14    22     0     2   -68.0   40.142   57.335   3935.9    620.7
     1     1    10     4    14    21     0     3   -69.0   40.049   56.440   4009.5    612.6
     1     1    10     4    14    20     0     2   -70.0   39.935   55.557   4071.6    604.4
     1     1    10     4    14    19     0     1   -71.0   39.811   54.698   4151.0    595.0
     1     1    10     4    14    18     0     0   -72.0   39.680   53.863   4218.2    593.9
     1     1    10     4    14    17     0     1   -73.0   39.548   53.059   4275.5    598.4
     1     1    10     4    14    16     0     2   -74.0   39.419   52.285   4313.3    599.2
     1     1    10     4    14    15     0     3   -75.0   39.300   51.522   4361.9    595.2
     1     1    10     4    14    14     0     2   -76.0   39.206   50.771   4417.8    589.1
     1     1    10     4    14    13     0     1   -77.0   39.143   50.050   4487.9    587.5
     1     1    10     4    14    12     0     0   -78.0   39.106   49.310   4433.1    574.2
     1     1    10     4    14    11     0     1   -79.0   39.087   48.545   4280.3    572.6
     1     1    10     4    14    10     0     2   -80.0   39.075   47.761   4305.8    540.1
     1     1    10     4    14     9     0     3   -81.0   39.020   46.939   4357.0    508.7
     1     1    10     4    14     8     0     2   -82.0   38.942   46.070   4349.2    482.6
     1     1    10     4    14     7     0     1   -83.0   38.881   45.194   4455.3    483.5
     1     1    10     4    14     6     0     0   -84.0   38.818   44.310   4392.6    445.9
     1     1    10     4    14     5     0     1   -85.0   38.736   43.401   4397.7    442.0
     1     1    10     4    14     4     0     2   -86.0   38.693   42.547   4487.9    456.0
     1     1    10     4    14     3     0     3   -87.0   38.682   41.737   4589.9    463.8
     1     1    10     4    14     2     0     2   -88.0   38.701   40.948   4661.1    466.3
     1     1    10     4    14     1     0     1   -89.0   38.744   40.173   4704.6    467.6
     1     1    10     4    14     0     0     0   -90.0   38.796   39.415   4716.4    470.5
     1     1    10     4    13    23     0     1   -91.0   38.864   38.686   4677.7    473.6
     1     1    10     4    13    22     0     2   -92.0   38.939   37.981   4643.4    470.2
     1     1    10     4    13    21     0     3   -93.0   39.014   37.270   4595.9    458.1
     1     1    10     4    13    20     0     2   -94.0   39.118   36.574   4633.8    460.6
     1     1    10     4    13    19     0     1   -95.0   39.252   35.926   4761.7    465.6
     1     1    10     4    13    18     0     0   -96.0   39.395   35.317   4886.2    464.5
