     5     1
    GDAS    10     3     1     0     0
    GDAS    10     3     8     0     0
    GDAS    10     3    15     0     0
    GDAS    10     3    22     0     0
    GDAS    10     3    29     0     0
     1 BACKWARD OMEGA   
    10     3    16    18   39.977  116.381 10000.0
     1 PRESSURE
     1     1    10     3    16    18     0     0     0.0   39.977  116.381   9755.5    254.6
     1     1    10     3    16    17     0     1    -1.0   40.178  114.729   9374.5    231.2
     1     1    10     3    16    16     0     2    -2.0   40.398  113.170   9308.1    229.3
     1     1    10     3    16    15     0     3    -3.0   40.612  111.639   9227.8    228.2
     1     1    10     3    16    14     0     2    -4.0   40.794  110.187   9186.7    229.4
     1     1    10     3    16    13     0     1    -5.0   41.025  108.837   9311.4    239.0
     1     1    10     3    16    12     0     0    -6.0   41.277  107.468   9360.4    234.8
     1     1    10     3    16    11     0     1    -7.0   41.489  106.175   9366.2    234.1
     1     1    10     3    16    10     0     2    -8.0   41.698  104.997   9393.4    237.7
     1     1    10     3    16     9     0     3    -9.0   41.899  103.863   9394.2    234.5
     1     1    10     3    16     8     0     2   -10.0   42.089  102.771   9401.7    236.0
     1     1    10     3    16     7     0     1   -11.0   42.332  101.691   9413.6    235.1
     1     1    10     3    16     6     0     0   -12.0   42.628  100.612   9408.0    230.0
     1     1    10     3    16     5     0     1   -13.0   42.943   99.495   9454.3    227.3
     1     1    10     3    16     4     0     2   -14.0   43.281   98.346   9490.9    224.9
     1     1    10     3    16     3     0     3   -15.0   43.662   97.189   9534.0    226.0
     1     1    10     3    16     2     0     2   -16.0   44.093   95.968   9663.0    227.0
     1     1    10     3    16     1     0     1   -17.0   44.517   94.706   9662.5    224.7
     1     1    10     3    16     0     0     0   -18.0   44.877   93.483   9629.6    218.8
