     7     1
    GDAS    10     3    22     0     0
    GDAS    10     4     8     0     0
    GDAS    10     4    15     0     0
    GDAS    10     4    22     0     0
    GDAS    10     4    29     0     0
    GDAS    10     4     1     0     0
    GDAS    10     3    29     0     0
     1 BACKWARD OMEGA   
    10     4     9     0   39.977  116.381  3400.0
     1 PRESSURE
     1     1    10     4     9     0     0     0     0.0   39.977  116.381   3161.7    664.2
     1     1    10     4     8    23     0     1    -1.0   39.872  115.575   3060.6    639.1
     1     1    10     4     8    22     0     2    -2.0   39.809  114.685   3028.4    607.4
     1     1    10     4     8    21     0     3    -3.0   39.756  113.798   3164.5    586.7
     1     1    10     4     8    20     0     2    -4.0   39.740  112.911   3246.4    570.9
     1     1    10     4     8    19     0     1    -5.0   39.757  111.967   3191.2    565.8
     1     1    10     4     8    18     0     0    -6.0   39.827  111.077   3139.2    595.3
     1     1    10     4     8    17     0     1    -7.0   39.959  110.215   3010.9    596.1
     1     1    10     4     8    16     0     2    -8.0   40.151  109.241   3025.6    592.1
     1     1    10     4     8    15     0     3    -9.0   40.352  108.211   3267.9    579.3
     1     1    10     4     8    14     0     2   -10.0   40.544  107.097   3364.4    562.2
     1     1    10     4     8    13     0     1   -11.0   40.764  105.894   3248.3    570.7
     1     1    10     4     8    12     0     0   -12.0   41.005  104.642   3441.9    568.6
     1     1    10     4     8    11     0     1   -13.0   41.184  103.386   3493.5    557.5
     1     1    10     4     8    10     0     2   -14.0   41.312  102.181   3491.7    570.4
     1     1    10     4     8     9     0     3   -15.0   41.438  100.953   3520.2    573.3
     1     1    10     4     8     8     0     2   -16.0   41.527   99.767   3434.7    572.2
     1     1    10     4     8     7     0     1   -17.0   41.595   98.662   3252.9    567.5
     1     1    10     4     8     6     0     0   -18.0   41.639   97.626   2952.4    571.3
     1     1    10     4     8     5     0     1   -19.0   41.698   96.644   2621.1    581.8
     1     1    10     4     8     4     0     2   -20.0   41.776   95.631   2519.7    593.9
     1     1    10     4     8     3     0     3   -21.0   41.838   94.745   2477.0    634.7
     1     1    10     4     8     2     0     2   -22.0   41.885   94.096   2433.1    661.3
     1     1    10     4     8     1     0     1   -23.0   41.939   93.617   2392.6    670.8
     1     1    10     4     8     0     0     0   -24.0   42.006   93.247   2353.6    676.8
     1     1    10     4     7    23     0     1   -25.0   42.088   92.897   2298.7    682.6
     1     1    10     4     7    22     0     2   -26.0   42.191   92.499   2227.7    691.9
     1     1    10     4     7    21     0     3   -27.0   42.323   92.063   2173.9    701.8
     1     1    10     4     7    20     0     2   -28.0   42.460   91.603   2134.9    707.2
     1     1    10     4     7    19     0     1   -29.0   42.571   91.142   2109.0    714.7
     1     1    10     4     7    18     0     0   -30.0   42.665   90.698   2074.7    717.7
     1     1    10     4     7    17     0     1   -31.0   42.746   90.290   2024.6    718.9
     1     1    10     4     7    16     0     2   -32.0   42.818   89.921   1978.5    722.1
     1     1    10     4     7    15     0     3   -33.0   42.903   89.589   1978.6    743.7
     1     1    10     4     7    14     0     2   -34.0   42.990   89.271   1978.9    760.9
     1     1    10     4     7    13     0     1   -35.0   43.062   88.962   1937.3    771.2
     1     1    10     4     7    12     0     0   -36.0   43.101   88.657   1787.1    744.8
     1     1    10     4     7    11     0     1   -37.0   43.125   88.403   1583.4    743.2
     1     1    10     4     7    10     0     2   -38.0   43.145   88.202   1310.3    743.3
     1     1    10     4     7     9     0     3   -39.0   43.160   88.112    858.5    772.8
     1     1    10     4     7     8     0     2   -40.0   43.197   88.142    380.6    838.9
     1     1    10     4     7     7     0     1   -41.0   43.231   88.163    155.4    875.5
     1     1    10     4     7     6     0     0   -42.0   43.242   88.135      0.0    872.8
     1     1    10     4     7     5     0     1   -43.0   43.238   88.104      0.0    870.1
     1     1    10     4     7     4     0     2   -44.0   43.231   88.107      0.0    870.7
     1     1    10     4     7     3     0     3   -45.0   43.222   88.144      0.0    874.7
     1     1    10     4     7     2     0     2   -46.0   43.204   88.190      0.6    879.8
     1     1    10     4     7     1     0     1   -47.0   43.175   88.219     13.7    883.9
     1     1    10     4     7     0     0     0   -48.0   43.130   88.221    105.9    881.3
     1     1    10     4     6    23     0     1   -49.0   43.052   88.198    315.2    847.4
     1     1    10     4     6    22     0     2   -50.0   42.956   88.149    422.6    829.9
     1     1    10     4     6    21     0     3   -51.0   42.840   88.056    467.0    818.4
     1     1    10     4     6    20     0     2   -52.0   42.710   87.920    514.4    805.9
     1     1    10     4     6    19     0     1   -53.0   42.584   87.762    591.9    787.1
     1     1    10     4     6    18     0     0   -54.0   42.489   87.605    702.5    770.8
     1     1    10     4     6    17     0     1   -55.0   42.452   87.431    858.7    749.0
     1     1    10     4     6    16     0     2   -56.0   42.483   87.199   1075.9    709.3
     1     1    10     4     6    15     0     3   -57.0   42.588   86.897   1342.5    649.2
     1     1    10     4     6    14     0     2   -58.0   42.794   86.508   1579.7    583.0
     1     1    10     4     6    13     0     1   -59.0   43.142   86.054   1867.4    554.4
     1     1    10     4     6    12     0     0   -60.0   43.546   85.549   2176.0    573.4
     1     1    10     4     6    11     0     1   -61.0   43.884   84.988   2269.6    578.4
     1     1    10     4     6    10     0     2   -62.0   44.165   84.408   2241.3    587.9
     1     1    10     4     6     9     0     3   -63.0   44.407   83.873   2188.3    630.4
     1     1    10     4     6     8     0     2   -64.0   44.591   83.392   2176.0    684.6
     1     1    10     4     6     7     0     1   -65.0   44.727   82.930   2166.6    714.4
     1     1    10     4     6     6     0     0   -66.0   44.849   82.467   2179.6    716.0
     1     1    10     4     6     5     0     1   -67.0   44.960   81.995   2284.0    692.0
     1     1    10     4     6     4     0     2   -68.0   45.078   81.484   2366.4    618.2
     1     1    10     4     6     3     0     3   -69.0   45.218   80.898   2444.3    571.1
     1     1    10     4     6     2     0     2   -70.0   45.363   80.283   2527.2    580.1
     1     1    10     4     6     1     0     1   -71.0   45.466   79.696   2550.9    614.7
     1     1    10     4     6     0     0     0   -72.0   45.509   79.159   2556.5    649.3
     1     1    10     4     5    23     0     1   -73.0   45.521   78.684   2576.0    674.2
     1     1    10     4     5    22     0     2   -74.0   45.528   78.271   2626.9    692.5
     1     1    10     4     5    21     0     3   -75.0   45.541   77.896   2701.0    699.9
     1     1    10     4     5    20     0     2   -76.0   45.561   77.529   2770.6    694.6
     1     1    10     4     5    19     0     1   -77.0   45.589   77.152   2838.9    691.0
     1     1    10     4     5    18     0     0   -78.0   45.620   76.769   2910.8    686.0
     1     1    10     4     5    17     0     1   -79.0   45.646   76.389   2967.0    678.7
     1     1    10     4     5    16     0     2   -80.0   45.660   76.025   2982.7    676.7
     1     1    10     4     5    15     0     3   -81.0   45.664   75.684   2949.4    678.5
     1     1    10     4     5    14     0     2   -82.0   45.658   75.365   2904.5    685.6
     1     1    10     4     5    13     0     1   -83.0   45.643   75.048   2886.0    686.4
     1     1    10     4     5    12     0     0   -84.0   45.615   74.728   2900.9    686.2
     1     1    10     4     5    11     0     1   -85.0   45.579   74.411   2933.6    681.6
     1     1    10     4     5    10     0     2   -86.0   45.545   74.114   2962.0    679.3
     1     1    10     4     5     9     0     3   -87.0   45.517   73.834   2980.5    675.9
     1     1    10     4     5     8     0     2   -88.0   45.489   73.567   2989.2    673.1
     1     1    10     4     5     7     0     1   -89.0   45.453   73.310   2991.7    670.6
     1     1    10     4     5     6     0     0   -90.0   45.407   73.068   2987.6    668.7
     1     1    10     4     5     5     0     1   -91.0   45.369   72.845   2981.9    669.7
     1     1    10     4     5     4     0     2   -92.0   45.364   72.643   2974.9    672.2
     1     1    10     4     5     3     0     3   -93.0   45.392   72.464   2965.3    674.3
     1     1    10     4     5     2     0     2   -94.0   45.439   72.298   2958.7    676.6
     1     1    10     4     5     1     0     1   -95.0   45.493   72.133   2964.5    676.9
     1     1    10     4     5     0     0     0   -96.0   45.555   71.967   2985.7    675.2
