     5     1
    GDAS    10     3     1     0     0
    GDAS    10     3     8     0     0
    GDAS    10     3    15     0     0
    GDAS    10     3    22     0     0
    GDAS    10     3    29     0     0
     1 BACKWARD OMEGA   
    10     3    16     0   39.977  116.381  2400.0
     1 PRESSURE
     1     1    10     3    16     0     0     0     0.0   39.977  116.381   2161.6    753.3
     1     1    10     3    15    23     0     1    -1.0   40.088  115.696   2031.9    725.9
     1     1    10     3    15    22     0     2    -2.0   40.317  114.916   1966.6    676.0
     1     1    10     3    15    21     0     3    -3.0   40.614  114.099   2004.7    668.3
     1     1    10     3    15    20     0     2    -4.0   40.931  113.282   2061.6    642.6
     1     1    10     3    15    19     0     1    -5.0   41.286  112.443   2131.0    632.4
     1     1    10     3    15    18     0     0    -6.0   41.650  111.647   2143.8    641.3
     1     1    10     3    15    17     0     1    -7.0   41.987  110.886   2163.0    654.0
     1     1    10     3    15    16     0     2    -8.0   42.277  110.139   2139.2    656.8
     1     1    10     3    15    15     0     3    -9.0   42.554  109.389   2121.1    659.3
     1     1    10     3    15    14     0     2   -10.0   42.793  108.679   2081.9    669.2
     1     1    10     3    15    13     0     1   -11.0   42.956  108.067   1988.3    695.8
     1     1    10     3    15    12     0     0   -12.0   43.070  107.538   1788.0    709.4
     1     1    10     3    15    11     0     1   -13.0   43.168  107.063   1559.8    730.5
     1     1    10     3    15    10     0     2   -14.0   43.270  106.585   1420.9    737.0
     1     1    10     3    15     9     0     3   -15.0   43.378  106.091   1389.3    730.3
     1     1    10     3    15     8     0     2   -16.0   43.476  105.584   1396.9    714.5
     1     1    10     3    15     7     0     1   -17.0   43.553  105.072   1389.6    708.9
     1     1    10     3    15     6     0     0   -18.0   43.612  104.567   1385.6    712.2
     1     1    10     3    15     5     0     1   -19.0   43.668  104.080   1392.9    715.1
     1     1    10     3    15     4     0     2   -20.0   43.747  103.604   1433.1    710.1
     1     1    10     3    15     3     0     3   -21.0   43.879  103.133   1520.3    693.7
     1     1    10     3    15     2     0     2   -22.0   44.058  102.648   1611.2    689.0
     1     1    10     3    15     1     0     1   -23.0   44.239  102.143   1661.6    697.4
     1     1    10     3    15     0     0     0   -24.0   44.419  101.628   1703.1    694.0
     1     1    10     3    14    23     0     1   -25.0   44.600  101.105   1750.1    683.1
     1     1    10     3    14    22     0     2   -26.0   44.785  100.572   1772.2    665.6
     1     1    10     3    14    21     0     3   -27.0   44.992  100.015   1786.7    649.4
     1     1    10     3    14    20     0     2   -28.0   45.234   99.467   1791.3    636.3
     1     1    10     3    14    19     0     1   -29.0   45.491   98.979   1772.9    637.3
     1     1    10     3    14    18     0     0   -30.0   45.752   98.530   1762.7    649.0
     1     1    10     3    14    17     0     1   -31.0   46.025   98.098   1760.1    662.3
     1     1    10     3    14    16     0     2   -32.0   46.316   97.675   1737.0    640.3
     1     1    10     3    14    15     0     3   -33.0   46.623   97.246   1749.2    623.1
     1     1    10     3    14    14     0     2   -34.0   46.924   96.808   1785.0    622.1
     1     1    10     3    14    13     0     1   -35.0   47.209   96.399   1853.8    619.8
     1     1    10     3    14    12     0     0   -36.0   47.485   96.023   1951.5    616.4
     1     1    10     3    14    11     0     1   -37.0   47.762   95.662   2045.4    614.8
     1     1    10     3    14    10     0     2   -38.0   48.043   95.308   2118.6    614.0
     1     1    10     3    14     9     0     3   -39.0   48.302   94.954   2160.5    616.4
     1     1    10     3    14     8     0     2   -40.0   48.535   94.618   2189.3    628.7
     1     1    10     3    14     7     0     1   -41.0   48.764   94.310   2238.3    636.7
     1     1    10     3    14     6     0     0   -42.0   48.996   94.024   2332.0    639.0
     1     1    10     3    14     5     0     1   -43.0   49.229   93.727   2456.3    638.5
     1     1    10     3    14     4     0     2   -44.0   49.455   93.395   2581.0    640.9
     1     1    10     3    14     3     0     3   -45.0   49.679   93.049   2701.5    642.7
     1     1    10     3    14     2     0     2   -46.0   49.906   92.705   2793.3    628.6
     1     1    10     3    14     1     0     1   -47.0   50.154   92.375   2870.1    602.8
     1     1    10     3    14     0     0     0   -48.0   50.432   92.056   2945.7    574.1
     1     1    10     3    13    23     0     1   -49.0   50.744   91.733   3027.0    556.4
     1     1    10     3    13    22     0     2   -50.0   51.071   91.403   3109.6    559.0
     1     1    10     3    13    21     0     3   -51.0   51.397   91.067   3180.1    555.1
     1     1    10     3    13    20     0     2   -52.0   51.737   90.725   3263.6    534.7
     1     1    10     3    13    19     0     1   -53.0   52.092   90.380   3399.9    527.9
     1     1    10     3    13    18     0     0   -54.0   52.429   90.037   3530.7    541.9
     1     1    10     3    13    17     0     1   -55.0   52.739   89.673   3561.2    561.1
     1     1    10     3    13    16     0     2   -56.0   53.047   89.246   3525.3    579.8
     1     1    10     3    13    15     0     3   -57.0   53.365   88.751   3475.5    584.7
     1     1    10     3    13    14     0     2   -58.0   53.682   88.192   3484.7    600.3
     1     1    10     3    13    13     0     1   -59.0   53.983   87.576   3506.9    614.0
     1     1    10     3    13    12     0     0   -60.0   54.269   86.931   3522.1    619.0
     1     1    10     3    13    11     0     1   -61.0   54.545   86.280   3487.3    618.6
     1     1    10     3    13    10     0     2   -62.0   54.816   85.623   3417.3    631.1
     1     1    10     3    13     9     0     3   -63.0   55.097   84.941   3345.2    640.4
     1     1    10     3    13     8     0     2   -64.0   55.385   84.246   3296.5    646.4
     1     1    10     3    13     7     0     1   -65.0   55.672   83.552   3278.2    651.2
     1     1    10     3    13     6     0     0   -66.0   55.973   82.851   3270.8    652.9
     1     1    10     3    13     5     0     1   -67.0   56.277   82.165   3248.4    650.4
     1     1    10     3    13     4     0     2   -68.0   56.569   81.503   3205.4    655.5
     1     1    10     3    13     3     0     3   -69.0   56.853   80.840   3160.7    659.8
     1     1    10     3    13     2     0     2   -70.0   57.128   80.170   3129.7    661.9
     1     1    10     3    13     1     0     1   -71.0   57.389   79.499   3127.2    662.1
     1     1    10     3    13     0     0     0   -72.0   57.647   78.831   3143.6    659.7
     1     1    10     3    12    23     0     1   -73.0   57.891   78.208   3161.4    656.9
     1     1    10     3    12    22     0     2   -74.0   58.115   77.679   3174.1    655.9
     1     1    10     3    12    21     0     3   -75.0   58.334   77.230   3187.2    654.3
     1     1    10     3    12    20     0     2   -76.0   58.542   76.821   3204.8    653.3
     1     1    10     3    12    19     0     1   -77.0   58.734   76.420   3229.1    650.8
     1     1    10     3    12    18     0     0   -78.0   58.922   76.033   3254.9    648.2
     1     1    10     3    12    17     0     1   -79.0   59.088   75.658   3276.0    645.8
     1     1    10     3    12    16     0     2   -80.0   59.222   75.282   3290.3    644.3
     1     1    10     3    12    15     0     3   -81.0   59.338   74.908   3304.2    642.8
     1     1    10     3    12    14     0     2   -82.0   59.438   74.546   3321.0    640.9
     1     1    10     3    12    13     0     1   -83.0   59.523   74.202   3337.5    638.8
     1     1    10     3    12    12     0     0   -84.0   59.599   73.870   3349.3    637.1
     1     1    10     3    12    11     0     1   -85.0   59.669   73.540   3357.2    636.3
     1     1    10     3    12    10     0     2   -86.0   59.741   73.206   3364.1    635.3
     1     1    10     3    12     9     0     3   -87.0   59.824   72.873   3370.6    634.3
     1     1    10     3    12     8     0     2   -88.0   59.909   72.552   3372.1    633.3
     1     1    10     3    12     7     0     1   -89.0   59.988   72.250   3360.8    633.6
     1     1    10     3    12     6     0     0   -90.0   60.068   71.969   3333.0    635.6
     1     1    10     3    12     5     0     1   -91.0   60.141   71.716   3301.3    639.9
     1     1    10     3    12     4     0     2   -92.0   60.199   71.499   3279.6    642.0
     1     1    10     3    12     3     0     3   -93.0   60.240   71.311   3268.5    643.1
     1     1    10     3    12     2     0     2   -94.0   60.268   71.144   3259.6    643.0
     1     1    10     3    12     1     0     1   -95.0   60.286   70.990   3245.1    644.2
     1     1    10     3    12     0     0     0   -96.0   60.292   70.855   3225.7    646.1
