     7     1
    GDAS    10     3    22     0     0
    GDAS    10     4     8     0     0
    GDAS    10     4    15     0     0
    GDAS    10     4    22     0     0
    GDAS    10     4    29     0     0
    GDAS    10     4     1     0     0
    GDAS    10     3    29     0     0
     1 BACKWARD OMEGA   
    10     4     4     0   39.977  116.381  8000.0
     1 PRESSURE
     1     1    10     4     4     0     0     0     0.0   39.977  116.381   7759.6    350.4
     1     1    10     4     3    23     0     1    -1.0   39.987  115.204   7401.7    328.1
     1     1    10     4     3    22     0     2    -2.0   40.121  113.956   7349.0    323.2
     1     1    10     4     3    21     0     3    -3.0   40.333  112.592   7403.1    308.4
     1     1    10     4     3    20     0     2    -4.0   40.520  111.173   7400.5    309.1
     1     1    10     4     3    19     0     1    -5.0   40.702  109.786   7345.4    313.1
     1     1    10     4     3    18     0     0    -6.0   40.898  108.351   7571.4    318.3
     1     1    10     4     3    17     0     1    -7.0   41.092  106.916   7509.7    307.4
     1     1    10     4     3    16     0     2    -8.0   41.340  105.564   7461.9    319.0
     1     1    10     4     3    15     0     3    -9.0   41.588  104.191   7493.0    317.5
     1     1    10     4     3    14     0     2   -10.0   41.782  102.819   7501.0    319.3
     1     1    10     4     3    13     0     1   -11.0   42.030  101.502   7530.0    326.5
     1     1    10     4     3    12     0     0   -12.0   42.242  100.199   7452.2    327.6
     1     1    10     4     3    11     0     1   -13.0   42.376   98.913   7356.8    320.5
     1     1    10     4     3    10     0     2   -14.0   42.534   97.663   7255.6    314.0
     1     1    10     4     3     9     0     3   -15.0   42.731   96.458   7197.7    317.7
     1     1    10     4     3     8     0     2   -16.0   42.961   95.280   7042.1    314.8
     1     1    10     4     3     7     0     1   -17.0   43.193   94.144   6963.2    311.7
     1     1    10     4     3     6     0     0   -18.0   43.424   93.020   7260.8    331.5
     1     1    10     4     3     5     0     1   -19.0   43.652   91.862   7268.6    324.2
     1     1    10     4     3     4     0     2   -20.0   43.874   90.667   7257.3    332.4
     1     1    10     4     3     3     0     3   -21.0   44.067   89.434   7196.0    331.7
     1     1    10     4     3     2     0     2   -22.0   44.240   88.250   7123.6    335.8
     1     1    10     4     3     1     0     1   -23.0   44.405   87.062   7301.5    362.5
     1     1    10     4     3     0     0     0   -24.0   44.521   85.873   7211.0    347.7
     1     1    10     4     2    23     0     1   -25.0   44.611   84.691   7106.5    343.2
     1     1    10     4     2    22     0     2   -26.0   44.680   83.528   6955.4    356.3
     1     1    10     4     2    21     0     3   -27.0   44.714   82.453   6717.9    373.0
     1     1    10     4     2    20     0     2   -28.0   44.751   81.409   6364.1    352.3
     1     1    10     4     2    19     0     1   -29.0   44.831   80.309   6058.0    332.1
     1     1    10     4     2    18     0     0   -30.0   44.845   79.288   6074.0    363.2
     1     1    10     4     2    17     0     1   -31.0   44.802   78.371   6278.8    402.5
     1     1    10     4     2    16     0     2   -32.0   44.756   77.480   6241.6    427.1
     1     1    10     4     2    15     0     3   -33.0   44.698   76.682   5857.1    457.9
     1     1    10     4     2    14     0     2   -34.0   44.658   75.894   5657.6    467.9
     1     1    10     4     2    13     0     1   -35.0   44.610   75.046   5531.2    466.3
     1     1    10     4     2    12     0     0   -36.0   44.530   74.184   5435.8    475.3
     1     1    10     4     2    11     0     1   -37.0   44.444   73.363   5357.3    483.1
     1     1    10     4     2    10     0     2   -38.0   44.346   72.604   5246.4    496.8
     1     1    10     4     2     9     0     3   -39.0   44.206   71.901   5170.5    505.9
     1     1    10     4     2     8     0     2   -40.0   44.034   71.244   5106.5    507.6
     1     1    10     4     2     7     0     1   -41.0   43.850   70.628   5013.7    515.3
     1     1    10     4     2     6     0     0   -42.0   43.656   70.056   4929.1    515.3
     1     1    10     4     2     5     0     1   -43.0   43.462   69.511   4865.7    518.0
     1     1    10     4     2     4     0     2   -44.0   43.268   68.991   4863.4    530.5
     1     1    10     4     2     3     0     3   -45.0   43.073   68.515   4889.0    532.9
     1     1    10     4     2     2     0     2   -46.0   42.890   68.056   4916.6    534.7
     1     1    10     4     2     1     0     1   -47.0   42.728   67.581   4904.8    532.2
     1     1    10     4     2     0     0     0   -48.0   42.583   67.087   4844.8    536.4
     1     1    10     4     1    23     0     1   -49.0   42.440   66.582   4781.7    542.7
     1     1    10     4     1    22     0     2   -50.0   42.264   66.073   4728.4    542.8
     1     1    10     4     1    21     0     3   -51.0   42.031   65.589   4642.2    547.4
     1     1    10     4     1    20     0     2   -52.0   41.790   65.125   4567.1    558.0
     1     1    10     4     1    19     0     1   -53.0   41.574   64.660   4524.0    559.3
     1     1    10     4     1    18     0     0   -54.0   41.324   64.192   4404.9    559.5
     1     1    10     4     1    17     0     1   -55.0   41.045   63.739   4219.8    578.5
     1     1    10     4     1    16     0     2   -56.0   40.795   63.334   4111.7    596.5
     1     1    10     4     1    15     0     3   -57.0   40.542   62.986   4027.7    601.2
     1     1    10     4     1    14     0     2   -58.0   40.278   62.620   3908.7    613.8
     1     1    10     4     1    13     0     1   -59.0   40.034   62.247   3812.0    620.9
     1     1    10     4     1    12     0     0   -60.0   39.764   61.912   3749.8    627.6
     1     1    10     4     1    11     0     1   -61.0   39.486   61.569   3714.9    629.5
     1     1    10     4     1    10     0     2   -62.0   39.207   61.242   3617.2    631.7
     1     1    10     4     1     9     0     3   -63.0   38.865   61.034   3378.4    648.5
     1     1    10     4     1     8     0     2   -64.0   38.549   60.904   3163.5    680.4
     1     1    10     4     1     7     0     1   -65.0   38.303   60.754   3013.0    688.6
     1     1    10     4     1     6     0     0   -66.0   38.081   60.634   2833.8    701.3
     1     1    10     4     1     5     0     1   -67.0   37.877   60.554   2622.7    720.3
     1     1    10     4     1     4     0     2   -68.0   37.709   60.487   2426.1    734.2
     1     1    10     4     1     3     0     3   -69.0   37.579   60.419   2239.7    744.9
     1     1    10     4     1     2     0     2   -70.0   37.461   60.361   2064.4    757.3
     1     1    10     4     1     1     0     1   -71.0   37.325   60.313   1933.3    764.7
     1     1    10     4     1     0     0     0   -72.0   37.155   60.268   1873.0    763.6
     1     1    10     3    31    23     0     1   -73.0   36.965   60.215   1852.3    751.7
     1     1    10     3    31    22     0     2   -74.0   36.789   60.135   1839.4    741.9
     1     1    10     3    31    21     0     3   -75.0   36.637   60.021   1826.7    730.3
     1     1    10     3    31    20     0     2   -76.0   36.496   59.871   1822.4    718.1
     1     1    10     3    31    19     0     1   -77.0   36.356   59.667   1844.4    701.6
     1     1    10     3    31    18     0     0   -78.0   36.218   59.416   1886.7    686.0
     1     1    10     3    31    17     0     1   -79.0   36.092   59.135   1937.9    673.4
     1     1    10     3    31    16     0     2   -80.0   35.985   58.854   1969.6    669.9
     1     1    10     3    31    15     0     3   -81.0   35.899   58.598   1943.3    676.8
     1     1    10     3    31    14     0     2   -82.0   35.836   58.370   1853.7    689.6
     1     1    10     3    31    13     0     1   -83.0   35.791   58.162   1724.7    705.1
     1     1    10     3    31    12     0     0   -84.0   35.758   57.969   1581.9    721.5
     1     1    10     3    31    11     0     1   -85.0   35.728   57.783   1472.9    739.1
     1     1    10     3    31    10     0     2   -86.0   35.693   57.601   1422.7    747.2
     1     1    10     3    31     9     0     3   -87.0   35.656   57.418   1410.4    751.8
     1     1    10     3    31     8     0     2   -88.0   35.622   57.244   1411.4    753.7
     1     1    10     3    31     7     0     1   -89.0   35.592   57.091   1404.8    756.5
     1     1    10     3    31     6     0     0   -90.0   35.564   56.962   1384.3    760.3
     1     1    10     3    31     5     0     1   -91.0   35.546   56.838   1356.3    765.2
     1     1    10     3    31     4     0     2   -92.0   35.544   56.703   1327.7    769.3
     1     1    10     3    31     3     0     3   -93.0   35.554   56.564   1294.3    773.5
     1     1    10     3    31     2     0     2   -94.0   35.568   56.422   1256.7    778.6
     1     1    10     3    31     1     0     1   -95.0   35.577   56.273   1215.0    783.7
     1     1    10     3    31     0     0     0   -96.0   35.577   56.114   1163.8    790.3
