     7     1
    GDAS    10     3    22     0     0
    GDAS    10     4     8     0     0
    GDAS    10     4    15     0     0
    GDAS    10     4    22     0     0
    GDAS    10     4    29     0     0
    GDAS    10     4     1     0     0
    GDAS    10     3    29     0     0
     1 BACKWARD OMEGA   
    10     4    11     6   39.977  116.381  4800.0
     1 PRESSURE
     1     1    10     4    11     6     0     0     0.0   39.977  116.381   4558.0    551.4
     1     1    10     4    11     5     0     1    -1.0   39.969  115.005   4312.6    500.5
     1     1    10     4    11     4     0     2    -2.0   39.819  113.522   4187.9    508.4
     1     1    10     4    11     3     0     3    -3.0   39.722  111.991   4121.8    496.9
     1     1    10     4    11     2     0     2    -4.0   39.663  110.474   4119.9    514.4
     1     1    10     4    11     1     0     1    -5.0   39.527  109.021   3964.3    516.0
     1     1    10     4    11     0     0     0    -6.0   39.393  107.625   3883.6    524.2
     1     1    10     4    10    23     0     1    -7.0   39.239  106.358   3864.9    521.9
     1     1    10     4    10    22     0     2    -8.0   39.068  105.242   3875.6    521.1
     1     1    10     4    10    21     0     3    -9.0   38.939  104.259   3950.1    518.6
     1     1    10     4    10    20     0     2   -10.0   38.918  103.281   3958.1    518.4
     1     1    10     4    10    19     0     1   -11.0   39.004  102.254   3909.1    504.2
     1     1    10     4    10    18     0     0   -12.0   39.183  101.132   3783.1    511.1
     1     1    10     4    10    17     0     1   -13.0   39.381   99.880   3733.3    500.3
     1     1    10     4    10    16     0     2   -14.0   39.594   98.345   3826.6    457.5
     1     1    10     4    10    15     0     3   -15.0   39.850   96.577   3837.0    462.8
     1     1    10     4    10    14     0     2   -16.0   40.068   94.882   3898.4    514.3
     1     1    10     4    10    13     0     1   -17.0   40.322   93.467   3972.6    530.7
     1     1    10     4    10    12     0     0   -18.0   40.609   92.113   3896.7    542.0
     1     1    10     4    10    11     0     1   -19.0   40.913   90.715   3934.3    552.2
     1     1    10     4    10    10     0     2   -20.0   41.246   89.190   3918.6    534.3
     1     1    10     4    10     9     0     3   -21.0   41.544   87.752   4216.7    511.0
     1     1    10     4    10     8     0     2   -22.0   41.909   86.285   4085.8    519.2
     1     1    10     4    10     7     0     1   -23.0   42.302   84.804   4028.7    477.4
     1     1    10     4    10     6     0     0   -24.0   42.734   83.238   4122.8    436.3
     1     1    10     4    10     5     0     1   -25.0   43.164   81.690   4343.9    442.9
     1     1    10     4    10     4     0     2   -26.0   43.529   80.333   4370.6    497.2
     1     1    10     4    10     3     0     3   -27.0   43.872   79.223   4319.2    527.1
     1     1    10     4    10     2     0     2   -28.0   44.203   78.285   4194.1    546.0
     1     1    10     4    10     1     0     1   -29.0   44.516   77.479   4145.0    567.5
     1     1    10     4    10     0     0     0   -30.0   44.823   76.796   4119.0    577.9
     1     1    10     4     9    23     0     1   -31.0   45.133   76.192   4144.8    580.6
     1     1    10     4     9    22     0     2   -32.0   45.462   75.636   4203.0    574.2
     1     1    10     4     9    21     0     3   -33.0   45.828   75.145   4296.2    566.5
     1     1    10     4     9    20     0     2   -34.0   46.231   74.678   4426.0    557.0
     1     1    10     4     9    19     0     1   -35.0   46.671   74.190   4618.6    541.4
     1     1    10     4     9    18     0     0   -36.0   47.155   73.692   4860.1    512.5
     1     1    10     4     9    17     0     1   -37.0   47.692   73.141   5046.7    481.7
     1     1    10     4     9    16     0     2   -38.0   48.290   72.580   5237.6    474.4
     1     1    10     4     9    15     0     3   -39.0   48.944   72.068   5522.9    467.8
     1     1    10     4     9    14     0     2   -40.0   49.623   71.553   5810.5    450.6
     1     1    10     4     9    13     0     1   -41.0   50.312   71.045   6075.5    440.1
     1     1    10     4     9    12     0     0   -42.0   51.032   70.582   6348.2    425.8
     1     1    10     4     9    11     0     1   -43.0   51.758   70.110   6595.8    408.6
     1     1    10     4     9    10     0     2   -44.0   52.473   69.672   6829.7    395.4
     1     1    10     4     9     9     0     3   -45.0   53.226   69.369   7111.6    381.5
     1     1    10     4     9     8     0     2   -46.0   54.012   69.137   7399.1    372.1
     1     1    10     4     9     7     0     1   -47.0   54.824   68.957   7561.0    364.5
     1     1    10     4     9     6     0     0   -48.0   55.680   68.823   7674.3    357.6
     1     1    10     4     9     5     0     1   -49.0   56.538   68.668   7750.2    354.6
     1     1    10     4     9     4     0     2   -50.0   57.397   68.548   7834.7    351.7
     1     1    10     4     9     3     0     3   -51.0   58.254   68.412   7923.1    347.9
     1     1    10     4     9     2     0     2   -52.0   59.079   68.209   7997.7    343.8
     1     1    10     4     9     1     0     1   -53.0   59.880   67.966   8062.1    340.3
     1     1    10     4     9     0     0     0   -54.0   60.640   67.661   8111.5    337.6
     1     1    10     4     8    23     0     1   -55.0   61.334   67.269   8129.8    336.6
     1     1    10     4     8    22     0     2   -56.0   61.954   66.793   8116.3    336.4
     1     1    10     4     8    21     0     3   -57.0   62.476   66.223   8068.8    337.5
     1     1    10     4     8    20     0     2   -58.0   62.924   65.593   8023.0    341.6
     1     1    10     4     8    19     0     1   -59.0   63.327   64.909   7994.2    344.9
     1     1    10     4     8    18     0     0   -60.0   63.668   64.130   7942.6    345.9
     1     1    10     4     8    17     0     1   -61.0   63.970   63.296   7880.4    346.6
     1     1    10     4     8    16     0     2   -62.0   64.261   62.436   7880.0    347.2
     1     1    10     4     8    15     0     3   -63.0   64.507   61.505   7820.3    343.0
     1     1    10     4     8    14     0     2   -64.0   64.706   60.521   7654.6    334.6
     1     1    10     4     8    13     0     1   -65.0   64.879   59.551   7571.2    336.0
     1     1    10     4     8    12     0     0   -66.0   64.998   58.593   7640.0    348.7
     1     1    10     4     8    11     0     1   -67.0   65.072   57.646   7690.5    357.4
     1     1    10     4     8    10     0     2   -68.0   65.139   56.725   7672.7    359.0
     1     1    10     4     8     9     0     3   -69.0   65.207   55.842   7650.9    359.2
     1     1    10     4     8     8     0     2   -70.0   65.270   54.945   7647.7    359.2
     1     1    10     4     8     7     0     1   -71.0   65.324   53.988   7671.3    358.2
     1     1    10     4     8     6     0     0   -72.0   65.375   52.991   7696.9    357.1
     1     1    10     4     8     5     0     1   -73.0   65.411   51.939   7708.3    355.2
     1     1    10     4     8     4     0     2   -74.0   65.424   50.829   7716.3    351.8
     1     1    10     4     8     3     0     3   -75.0   65.439   49.674   7749.6    348.4
     1     1    10     4     8     2     0     2   -76.0   65.447   48.484   7786.4    348.7
     1     1    10     4     8     1     0     1   -77.0   65.420   47.311   7777.7    351.8
     1     1    10     4     8     0     0     0   -78.0   65.386   46.159   7734.6    355.8
     1     1    10     4     7    23     0     1   -79.0   65.323   45.021   7673.3    360.4
     1     1    10     4     7    22     0     2   -80.0   65.208   43.942   7589.4    365.5
     1     1    10     4     7    21     0     3   -81.0   65.068   42.934   7483.2    369.7
     1     1    10     4     7    20     0     2   -82.0   64.909   41.998   7370.5    374.8
     1     1    10     4     7    19     0     1   -83.0   64.744   41.112   7264.2    383.2
     1     1    10     4     7    18     0     0   -84.0   64.599   40.257   7143.5    391.7
     1     1    10     4     7    17     0     1   -85.0   64.454   39.436   7014.1    399.0
     1     1    10     4     7    16     0     2   -86.0   64.274   38.672   6899.8    405.4
     1     1    10     4     7    15     0     3   -87.0   64.070   37.987   6829.9    411.3
     1     1    10     4     7    14     0     2   -88.0   63.851   37.352   6782.9    414.8
     1     1    10     4     7    13     0     1   -89.0   63.607   36.738   6713.1    415.7
     1     1    10     4     7    12     0     0   -90.0   63.342   36.168   6622.7    419.9
     1     1    10     4     7    11     0     1   -91.0   63.072   35.635   6547.5    425.2
     1     1    10     4     7    10     0     2   -92.0   62.803   35.106   6495.1    429.3
     1     1    10     4     7     9     0     3   -93.0   62.529   34.584   6435.9    433.9
     1     1    10     4     7     8     0     2   -94.0   62.245   34.080   6383.7    437.4
     1     1    10     4     7     7     0     1   -95.0   61.941   33.590   6339.4    438.8
     1     1    10     4     7     6     0     0   -96.0   61.611   33.094   6315.6    441.2
