     7     1
    GDAS    10     3    22     0     0
    GDAS    10     4     8     0     0
    GDAS    10     4    15     0     0
    GDAS    10     4    22     0     0
    GDAS    10     4    29     0     0
    GDAS    10     4     1     0     0
    GDAS    10     3    29     0     0
     1 BACKWARD OMEGA   
    10     4    14    12   39.977  116.381  3000.0
     1 PRESSURE
     1     1    10     4    14    12     0     0     0.0   39.977  116.381   2763.3    701.0
     1     1    10     4    14    11     0     1    -1.0   40.206  116.051   2802.7    668.2
     1     1    10     4    14    10     0     2    -2.0   40.380  115.659   2754.9    642.0
     1     1    10     4    14     9     0     3    -3.0   40.493  115.226   2675.5    625.1
     1     1    10     4    14     8     0     2    -4.0   40.561  114.778   2625.6    621.4
     1     1    10     4    14     7     0     1    -5.0   40.611  114.340   2624.3    621.1
     1     1    10     4    14     6     0     0    -6.0   40.645  113.917   2630.9    618.2
     1     1    10     4    14     5     0     1    -7.0   40.681  113.502   2611.9    611.4
     1     1    10     4    14     4     0     2    -8.0   40.730  113.084   2561.9    607.5
     1     1    10     4    14     3     0     3    -9.0   40.775  112.656   2501.0    610.4
     1     1    10     4    14     2     0     2   -10.0   40.816  112.235   2468.2    615.0
     1     1    10     4    14     1     0     1   -11.0   40.852  111.836   2491.6    612.4
     1     1    10     4    14     0     0     0   -12.0   40.866  111.461   2559.4    604.8
     1     1    10     4    13    23     0     1   -13.0   40.867  111.087   2619.6    595.4
     1     1    10     4    13    22     0     2   -14.0   40.865  110.727   2638.1    595.7
     1     1    10     4    13    21     0     3   -15.0   40.858  110.412   2630.3    599.7
     1     1    10     4    13    20     0     2   -16.0   40.868  110.122   2630.4    603.5
     1     1    10     4    13    19     0     1   -17.0   40.908  109.820   2656.7    606.0
     1     1    10     4    13    18     0     0   -18.0   40.974  109.522   2694.7    611.2
     1     1    10     4    13    17     0     1   -19.0   41.060  109.228   2702.8    616.2
     1     1    10     4    13    16     0     2   -20.0   41.154  108.938   2643.0    627.5
     1     1    10     4    13    15     0     3   -21.0   41.262  108.646   2547.7    639.9
     1     1    10     4    13    14     0     2   -22.0   41.383  108.342   2494.4    648.6
     1     1    10     4    13    13     0     1   -23.0   41.517  108.012   2510.9    645.1
     1     1    10     4    13    12     0     0   -24.0   41.659  107.655   2561.0    634.0
     1     1    10     4    13    11     0     1   -25.0   41.802  107.286   2600.6    627.7
     1     1    10     4    13    10     0     2   -26.0   41.937  106.935   2595.6    633.9
     1     1    10     4    13     9     0     3   -27.0   42.065  106.607   2559.6    645.9
     1     1    10     4    13     8     0     2   -28.0   42.193  106.293   2516.8    654.1
     1     1    10     4    13     7     0     1   -29.0   42.332  105.992   2485.5    656.5
     1     1    10     4    13     6     0     0   -30.0   42.494  105.687   2472.7    646.5
     1     1    10     4    13     5     0     1   -31.0   42.699  105.344   2490.3    628.2
     1     1    10     4    13     4     0     2   -32.0   42.954  104.938   2505.0    606.6
     1     1    10     4    13     3     0     3   -33.0   43.230  104.491   2537.7    609.6
     1     1    10     4    13     2     0     2   -34.0   43.500  104.034   2568.3    611.9
     1     1    10     4    13     1     0     1   -35.0   43.767  103.575   2592.1    608.3
     1     1    10     4    13     0     0     0   -36.0   44.038  103.108   2647.6    598.1
     1     1    10     4    12    23     0     1   -37.0   44.334  102.617   2752.3    596.6
     1     1    10     4    12    22     0     2   -38.0   44.668  102.097   2803.4    586.7
     1     1    10     4    12    21     0     3   -39.0   45.050  101.522   2832.1    572.0
     1     1    10     4    12    20     0     2   -40.0   45.466  100.889   2907.6    555.7
     1     1    10     4    12    19     0     1   -41.0   45.894  100.238   3042.9    548.6
     1     1    10     4    12    18     0     0   -42.0   46.336   99.558   3147.8    527.2
     1     1    10     4    12    17     0     1   -43.0   46.808   98.770   3140.0    499.5
     1     1    10     4    12    16     0     2   -44.0   47.300   97.918   3045.8    495.6
     1     1    10     4    12    15     0     3   -45.0   47.804   97.117   3090.4    502.6
     1     1    10     4    12    14     0     2   -46.0   48.303   96.387   3230.6    512.0
     1     1    10     4    12    13     0     1   -47.0   48.775   95.711   3382.1    514.1
     1     1    10     4    12    12     0     0   -48.0   49.233   95.055   3582.0    522.1
     1     1    10     4    12    11     0     1   -49.0   49.675   94.428   3789.1    530.5
     1     1    10     4    12    10     0     2   -50.0   50.096   93.858   3896.9    532.8
     1     1    10     4    12     9     0     3   -51.0   50.514   93.305   3953.3    520.5
     1     1    10     4    12     8     0     2   -52.0   50.973   92.703   4001.6    487.1
     1     1    10     4    12     7     0     1   -53.0   51.471   92.032   4168.0    481.1
     1     1    10     4    12     6     0     0   -54.0   51.991   91.275   4331.7    461.0
     1     1    10     4    12     5     0     1   -55.0   52.498   90.486   4580.0    478.9
     1     1    10     4    12     4     0     2   -56.0   52.964   89.766   4730.1    495.9
     1     1    10     4    12     3     0     3   -57.0   53.402   89.063   4710.9    487.4
     1     1    10     4    12     2     0     2   -58.0   53.824   88.359   4764.6    502.6
     1     1    10     4    12     1     0     1   -59.0   54.235   87.677   4833.0    511.0
     1     1    10     4    12     0     0     0   -60.0   54.621   87.009   4884.4    519.4
     1     1    10     4    11    23     0     1   -61.0   55.011   86.335   4928.6    520.7
     1     1    10     4    11    22     0     2   -62.0   55.426   85.610   4982.1    516.9
     1     1    10     4    11    21     0     3   -63.0   55.825   84.803   5057.1    515.6
     1     1    10     4    11    20     0     2   -64.0   56.207   83.933   5124.7    513.1
     1     1    10     4    11    19     0     1   -65.0   56.561   83.044   5095.7    514.9
     1     1    10     4    11    18     0     0   -66.0   56.868   82.170   4990.8    523.3
     1     1    10     4    11    17     0     1   -67.0   57.145   81.321   4865.6    533.6
     1     1    10     4    11    16     0     2   -68.0   57.395   80.488   4737.8    543.5
     1     1    10     4    11    15     0     3   -69.0   57.595   79.663   4635.3    552.2
     1     1    10     4    11    14     0     2   -70.0   57.769   78.813   4569.3    557.1
     1     1    10     4    11    13     0     1   -71.0   57.924   77.936   4542.4    560.1
     1     1    10     4    11    12     0     0   -72.0   58.046   77.039   4560.9    558.7
     1     1    10     4    11    11     0     1   -73.0   58.143   76.131   4573.9    557.4
     1     1    10     4    11    10     0     2   -74.0   58.231   75.251   4558.1    559.3
     1     1    10     4    11     9     0     3   -75.0   58.296   74.419   4538.6    561.3
     1     1    10     4    11     8     0     2   -76.0   58.343   73.623   4512.7    563.7
     1     1    10     4    11     7     0     1   -77.0   58.382   72.850   4461.4    568.6
     1     1    10     4    11     6     0     0   -78.0   58.409   72.110   4379.1    573.9
     1     1    10     4    11     5     0     1   -79.0   58.429   71.399   4293.0    582.6
     1     1    10     4    11     4     0     2   -80.0   58.441   70.706   4217.2    589.5
     1     1    10     4    11     3     0     3   -81.0   58.436   70.028   4148.1    595.2
     1     1    10     4    11     2     0     2   -82.0   58.421   69.351   4095.6    601.9
     1     1    10     4    11     1     0     1   -83.0   58.404   68.667   4058.3    605.7
     1     1    10     4    11     0     0     0   -84.0   58.380   67.979   4024.5    608.0
     1     1    10     4    10    23     0     1   -85.0   58.344   67.266   3985.9    611.2
     1     1    10     4    10    22     0     2   -86.0   58.297   66.505   3942.3    614.2
     1     1    10     4    10    21     0     3   -87.0   58.232   65.700   3904.0    616.2
     1     1    10     4    10    20     0     2   -88.0   58.152   64.909   3861.4    620.0
     1     1    10     4    10    19     0     1   -89.0   58.059   64.173   3800.8    625.6
     1     1    10     4    10    18     0     0   -90.0   57.950   63.486   3735.9    631.8
     1     1    10     4    10    17     0     1   -91.0   57.848   62.866   3682.8    636.3
     1     1    10     4    10    16     0     2   -92.0   57.781   62.307   3640.2    637.6
     1     1    10     4    10    15     0     3   -93.0   57.755   61.789   3598.3    639.2
     1     1    10     4    10    14     0     2   -94.0   57.743   61.279   3558.5    640.3
     1     1    10     4    10    13     0     1   -95.0   57.716   60.769   3528.5    639.8
     1     1    10     4    10    12     0     0   -96.0   57.676   60.261   3511.2    637.2
