     5     1
    GDAS    10     3     1     0     0
    GDAS    10     3     8     0     0
    GDAS    10     3    15     0     0
    GDAS    10     3    22     0     0
    GDAS    10     3    29     0     0
     1 BACKWARD OMEGA   
    10     3    20     6   39.977  116.381  1400.0
     1 PRESSURE
     1     1    10     3    20     6     0     0     0.0   39.977  116.381   1161.8    850.3
     1     1    10     3    20     5     0     1    -1.0   40.550  115.945   1546.6    753.7
     1     1    10     3    20     4     0     2    -2.0   41.215  115.625   1917.5    668.0
     1     1    10     3    20     3     0     3    -3.0   41.872  115.407   2301.6    629.0
     1     1    10     3    20     2     0     2    -4.0   42.476  115.233   2597.9    598.7
     1     1    10     3    20     1     0     1    -5.0   43.050  115.066   2702.6    601.6
     1     1    10     3    20     0     0     0    -6.0   43.607  114.939   2691.5    610.7
     1     1    10     3    19    23     0     1    -7.0   44.138  114.863   2678.9    614.2
     1     1    10     3    19    22     0     2    -8.0   44.672  114.795   2685.1    605.0
     1     1    10     3    19    21     0     3    -9.0   45.261  114.733   2726.7    602.1
     1     1    10     3    19    20     0     2   -10.0   45.875  114.631   2814.5    603.3
     1     1    10     3    19    19     0     1   -11.0   46.479  114.469   2877.5    604.9
     1     1    10     3    19    18     0     0   -12.0   47.098  114.274   2923.0    613.5
     1     1    10     3    19    17     0     1   -13.0   47.685  114.045   2960.2    611.1
     1     1    10     3    19    16     0     2   -14.0   48.186  113.788   3000.5    610.8
     1     1    10     3    19    15     0     3   -15.0   48.635  113.505   3090.3    601.1
     1     1    10     3    19    14     0     2   -16.0   49.099  113.208   3220.4    582.0
     1     1    10     3    19    13     0     1   -17.0   49.597  112.884   3308.7    567.2
     1     1    10     3    19    12     0     0   -18.0   50.105  112.525   3329.0    558.3
     1     1    10     3    19    11     0     1   -19.0   50.625  112.136   3392.1    556.6
     1     1    10     3    19    10     0     2   -20.0   51.149  111.723   3494.1    551.4
     1     1    10     3    19     9     0     3   -21.0   51.653  111.290   3560.5    547.0
     1     1    10     3    19     8     0     2   -22.0   52.129  110.831   3591.8    549.6
     1     1    10     3    19     7     0     1   -23.0   52.592  110.326   3585.2    540.7
     1     1    10     3    19     6     0     0   -24.0   53.061  109.752   3617.2    532.6
     1     1    10     3    19     5     0     1   -25.0   53.504  109.170   3704.9    549.3
     1     1    10     3    19     4     0     2   -26.0   53.890  108.645   3734.7    559.7
     1     1    10     3    19     3     0     3   -27.0   54.262  108.110   3741.7    549.3
     1     1    10     3    19     2     0     2   -28.0   54.637  107.524   3779.4    543.5
     1     1    10     3    19     1     0     1   -29.0   54.981  106.929   3798.3    552.0
     1     1    10     3    19     0     0     0   -30.0   55.311  106.317   3772.2    550.4
     1     1    10     3    18    23     0     1   -31.0   55.628  105.703   3768.6    552.3
     1     1    10     3    18    22     0     2   -32.0   55.910  105.115   3775.6    558.6
     1     1    10     3    18    21     0     3   -33.0   56.158  104.535   3782.2    564.3
     1     1    10     3    18    20     0     2   -34.0   56.378  103.954   3806.8    567.2
     1     1    10     3    18    19     0     1   -35.0   56.576  103.390   3826.7    568.6
     1     1    10     3    18    18     0     0   -36.0   56.757  102.847   3823.4    568.9
     1     1    10     3    18    17     0     1   -37.0   56.926  102.327   3798.3    572.3
     1     1    10     3    18    16     0     2   -38.0   57.089  101.837   3756.6    577.1
     1     1    10     3    18    15     0     3   -39.0   57.249  101.385   3700.3    582.4
     1     1    10     3    18    14     0     2   -40.0   57.405  100.949   3650.2    589.0
     1     1    10     3    18    13     0     1   -41.0   57.561  100.506   3628.7    593.9
     1     1    10     3    18    12     0     0   -42.0   57.719  100.068   3637.3    597.2
     1     1    10     3    18    11     0     1   -43.0   57.874   99.651   3649.8    596.1
     1     1    10     3    18    10     0     2   -44.0   58.013   99.263   3642.3    596.5
     1     1    10     3    18     9     0     3   -45.0   58.140   98.904   3615.5    598.2
     1     1    10     3    18     8     0     2   -46.0   58.261   98.568   3585.9    601.1
     1     1    10     3    18     7     0     1   -47.0   58.380   98.255   3565.2    602.2
     1     1    10     3    18     6     0     0   -48.0   58.500   97.972   3549.7    602.8
     1     1    10     3    18     5     0     1   -49.0   58.627   97.713   3545.6    603.5
     1     1    10     3    18     4     0     2   -50.0   58.767   97.466   3559.9    601.8
     1     1    10     3    18     3     0     3   -51.0   58.923   97.230   3594.8    598.4
     1     1    10     3    18     2     0     2   -52.0   59.098   96.992   3644.6    592.7
     1     1    10     3    18     1     0     1   -53.0   59.295   96.728   3698.6    586.4
     1     1    10     3    18     0     0     0   -54.0   59.507   96.421   3751.8    580.1
     1     1    10     3    17    23     0     1   -55.0   59.718   96.077   3798.4    573.8
     1     1    10     3    17    22     0     2   -56.0   59.921   95.720   3837.2    568.1
     1     1    10     3    17    21     0     3   -57.0   60.113   95.369   3877.0    563.4
     1     1    10     3    17    20     0     2   -58.0   60.294   95.019   3921.1    560.6
     1     1    10     3    17    19     0     1   -59.0   60.467   94.661   3970.9    558.2
     1     1    10     3    17    18     0     0   -60.0   60.636   94.298   4026.5    556.4
     1     1    10     3    17    17     0     1   -61.0   60.792   93.921   4082.1    555.7
     1     1    10     3    17    16     0     2   -62.0   60.928   93.518   4142.4    556.4
     1     1    10     3    17    15     0     3   -63.0   61.045   93.082   4212.1    554.3
     1     1    10     3    17    14     0     2   -64.0   61.153   92.615   4273.9    546.8
     1     1    10     3    17    13     0     1   -65.0   61.256   92.117   4322.2    541.9
     1     1    10     3    17    12     0     0   -66.0   61.345   91.577   4350.4    539.8
     1     1    10     3    17    11     0     1   -67.0   61.420   90.993   4364.9    539.3
     1     1    10     3    17    10     0     2   -68.0   61.482   90.371   4387.7    542.8
     1     1    10     3    17     9     0     3   -69.0   61.534   89.708   4411.8    544.5
     1     1    10     3    17     8     0     2   -70.0   61.570   89.010   4443.4    544.5
     1     1    10     3    17     7     0     1   -71.0   61.591   88.273   4469.6    539.3
     1     1    10     3    17     6     0     0   -72.0   61.614   87.487   4507.2    535.8
     1     1    10     3    17     5     0     1   -73.0   61.641   86.676   4547.6    534.0
     1     1    10     3    17     4     0     2   -74.0   61.660   85.859   4586.2    532.7
     1     1    10     3    17     3     0     3   -75.0   61.690   85.047   4613.0    528.9
     1     1    10     3    17     2     0     2   -76.0   61.733   84.236   4634.9    528.9
     1     1    10     3    17     1     0     1   -77.0   61.777   83.408   4646.7    528.7
     1     1    10     3    17     0     0     0   -78.0   61.829   82.562   4674.9    527.6
     1     1    10     3    16    23     0     1   -79.0   61.878   81.722   4722.7    524.6
     1     1    10     3    16    22     0     2   -80.0   61.886   80.907   4764.0    520.9
     1     1    10     3    16    21     0     3   -81.0   61.859   80.107   4785.7    518.6
     1     1    10     3    16    20     0     2   -82.0   61.820   79.303   4783.7    519.2
     1     1    10     3    16    19     0     1   -83.0   61.787   78.499   4768.3    520.5
     1     1    10     3    16    18     0     0   -84.0   61.764   77.694   4747.1    522.0
     1     1    10     3    16    17     0     1   -85.0   61.751   76.887   4732.1    523.3
     1     1    10     3    16    16     0     2   -86.0   61.738   76.075   4729.2    524.9
     1     1    10     3    16    15     0     3   -87.0   61.731   75.255   4732.5    524.7
     1     1    10     3    16    14     0     2   -88.0   61.730   74.447   4733.6    524.3
     1     1    10     3    16    13     0     1   -89.0   61.725   73.676   4723.2    524.8
     1     1    10     3    16    12     0     0   -90.0   61.722   72.951   4690.2    527.0
     1     1    10     3    16    11     0     1   -91.0   61.717   72.292   4639.6    529.3
     1     1    10     3    16    10     0     2   -92.0   61.696   71.710   4590.9    532.4
     1     1    10     3    16     9     0     3   -93.0   61.662   71.191   4547.0    535.3
     1     1    10     3    16     8     0     2   -94.0   61.623   70.728   4495.3    538.4
     1     1    10     3    16     7     0     1   -95.0   61.584   70.325   4425.6    543.7
     1     1    10     3    16     6     0     0   -96.0   61.537   69.976   4340.5    550.5
