     7     1
    GDAS    10     3    22     0     0
    GDAS    10     4     8     0     0
    GDAS    10     4    15     0     0
    GDAS    10     4    22     0     0
    GDAS    10     4    29     0     0
    GDAS    10     4     1     0     0
    GDAS    10     3    29     0     0
     1 BACKWARD OMEGA   
    10     4    21     0   39.977  116.381  1600.0
     1 PRESSURE
     1     1    10     4    21     0     0     0     0.0   39.977  116.381   1368.7    841.7
     1     1    10     4    20    23     0     1    -1.0   39.899  116.724   1308.6    862.0
     1     1    10     4    20    22     0     2    -2.0   39.869  117.075   1280.7    874.9
     1     1    10     4    20    21     0     3    -3.0   39.892  117.422   1288.7    869.7
     1     1    10     4    20    20     0     2    -4.0   39.951  117.726   1297.8    862.1
     1     1    10     4    20    19     0     1    -5.0   40.017  117.967   1270.1    861.4
     1     1    10     4    20    18     0     0    -6.0   40.083  118.163   1213.9    864.7
     1     1    10     4    20    17     0     1    -7.0   40.157  118.338   1158.3    869.1
     1     1    10     4    20    16     0     2    -8.0   40.248  118.502   1120.0    867.8
     1     1    10     4    20    15     0     3    -9.0   40.354  118.649   1092.5    864.6
     1     1    10     4    20    14     0     2   -10.0   40.469  118.774   1070.5    860.2
     1     1    10     4    20    13     0     1   -11.0   40.592  118.876   1052.0    855.4
     1     1    10     4    20    12     0     0   -12.0   40.716  118.950   1037.1    849.9
     1     1    10     4    20    11     0     1   -13.0   40.822  119.004   1010.8    845.4
     1     1    10     4    20    10     0     2   -14.0   40.898  119.055    969.5    847.6
     1     1    10     4    20     9     0     3   -15.0   40.946  119.105    925.7    851.5
     1     1    10     4    20     8     0     2   -16.0   40.987  119.161    890.6    855.4
     1     1    10     4    20     7     0     1   -17.0   41.037  119.222    871.2    857.8
     1     1    10     4    20     6     0     0   -18.0   41.100  119.282    868.9    858.6
     1     1    10     4    20     5     0     1   -19.0   41.172  119.344    883.5    857.2
     1     1    10     4    20     4     0     2   -20.0   41.252  119.414    916.2    854.2
     1     1    10     4    20     3     0     3   -21.0   41.337  119.486    972.9    848.4
     1     1    10     4    20     2     0     2   -22.0   41.423  119.561   1035.8    839.3
     1     1    10     4    20     1     0     1   -23.0   41.514  119.647   1080.1    834.3
     1     1    10     4    20     0     0     0   -24.0   41.614  119.748   1101.9    831.3
     1     1    10     4    19    23     0     1   -25.0   41.736  119.846   1118.9    829.6
     1     1    10     4    19    22     0     2   -26.0   41.885  119.916   1151.8    822.7
     1     1    10     4    19    21     0     3   -27.0   42.056  119.944   1203.0    815.1
     1     1    10     4    19    20     0     2   -28.0   42.235  119.936   1262.3    811.5
     1     1    10     4    19    19     0     1   -29.0   42.406  119.907   1314.4    809.3
     1     1    10     4    19    18     0     0   -30.0   42.567  119.862   1357.3    807.3
     1     1    10     4    19    17     0     1   -31.0   42.723  119.818   1385.6    806.1
     1     1    10     4    19    16     0     2   -32.0   42.882  119.791   1388.7    807.5
     1     1    10     4    19    15     0     3   -33.0   43.045  119.782   1354.2    812.2
     1     1    10     4    19    14     0     2   -34.0   43.221  119.774   1306.5    818.4
     1     1    10     4    19    13     0     1   -35.0   43.415  119.750   1287.2    818.5
     1     1    10     4    19    12     0     0   -36.0   43.617  119.715   1302.5    814.3
     1     1    10     4    19    11     0     1   -37.0   43.814  119.672   1338.0    805.1
     1     1    10     4    19    10     0     2   -38.0   44.000  119.627   1371.8    797.3
     1     1    10     4    19     9     0     3   -39.0   44.188  119.577   1397.5    786.7
     1     1    10     4    19     8     0     2   -40.0   44.392  119.497   1430.5    776.4
     1     1    10     4    19     7     0     1   -41.0   44.615  119.370   1495.2    761.6
     1     1    10     4    19     6     0     0   -42.0   44.858  119.199   1615.6    741.4
     1     1    10     4    19     5     0     1   -43.0   45.125  118.970   1777.7    717.2
     1     1    10     4    19     4     0     2   -44.0   45.407  118.675   1904.6    704.3
     1     1    10     4    19     3     0     3   -45.0   45.700  118.330   1954.0    702.7
     1     1    10     4    19     2     0     2   -46.0   45.991  117.967   1962.8    706.5
     1     1    10     4    19     1     0     1   -47.0   46.277  117.600   1999.6    710.3
     1     1    10     4    19     0     0     0   -48.0   46.571  117.224   2079.7    708.2
     1     1    10     4    18    23     0     1   -49.0   46.871  116.853   2165.7    706.9
     1     1    10     4    18    22     0     2   -50.0   47.169  116.493   2231.4    703.8
     1     1    10     4    18    21     0     3   -51.0   47.458  116.132   2276.2    699.8
     1     1    10     4    18    20     0     2   -52.0   47.736  115.752   2330.2    696.6
     1     1    10     4    18    19     0     1   -53.0   48.003  115.360   2425.5    687.5
     1     1    10     4    18    18     0     0   -54.0   48.254  114.972   2547.0    672.5
     1     1    10     4    18    17     0     1   -55.0   48.483  114.574   2672.8    656.0
     1     1    10     4    18    16     0     2   -56.0   48.701  114.165   2815.8    641.5
     1     1    10     4    18    15     0     3   -57.0   48.925  113.755   3010.1    621.6
     1     1    10     4    18    14     0     2   -58.0   49.147  113.328   3197.8    594.6
     1     1    10     4    18    13     0     1   -59.0   49.359  112.870   3303.1    580.3
     1     1    10     4    18    12     0     0   -60.0   49.562  112.409   3327.2    570.3
     1     1    10     4    18    11     0     1   -61.0   49.735  111.957   3294.5    561.2
     1     1    10     4    18    10     0     2   -62.0   49.861  111.519   3252.5    558.6
     1     1    10     4    18     9     0     3   -63.0   49.942  111.110   3200.0    555.6
     1     1    10     4    18     8     0     2   -64.0   50.007  110.734   3160.0    559.4
     1     1    10     4    18     7     0     1   -65.0   50.076  110.369   3164.3    562.3
     1     1    10     4    18     6     0     0   -66.0   50.147  110.004   3207.0    561.4
     1     1    10     4    18     5     0     1   -67.0   50.232  109.627   3282.3    562.7
     1     1    10     4    18     4     0     2   -68.0   50.347  109.213   3369.0    564.8
     1     1    10     4    18     3     0     3   -69.0   50.484  108.747   3436.8    565.8
     1     1    10     4    18     2     0     2   -70.0   50.625  108.259   3456.4    570.9
     1     1    10     4    18     1     0     1   -71.0   50.755  107.788   3442.2    581.0
     1     1    10     4    18     0     0     0   -72.0   50.860  107.356   3401.4    594.2
     1     1    10     4    17    23     0     1   -73.0   50.938  106.974   3325.6    607.4
     1     1    10     4    17    22     0     2   -74.0   50.988  106.635   3175.2    612.4
     1     1    10     4    17    21     0     3   -75.0   51.012  106.331   2967.3    625.9
     1     1    10     4    17    20     0     2   -76.0   51.042  106.068   2779.1    643.2
     1     1    10     4    17    19     0     1   -77.0   51.103  105.813   2671.9    646.9
     1     1    10     4    17    18     0     0   -78.0   51.180  105.537   2647.4    641.6
     1     1    10     4    17    17     0     1   -79.0   51.270  105.226   2661.2    631.7
     1     1    10     4    17    16     0     2   -80.0   51.398  104.889   2674.6    631.0
     1     1    10     4    17    15     0     3   -81.0   51.581  104.548   2676.3    641.7
     1     1    10     4    17    14     0     2   -82.0   51.820  104.191   2688.7    659.8
     1     1    10     4    17    13     0     1   -83.0   52.078  103.801   2642.0    665.6
     1     1    10     4    17    12     0     0   -84.0   52.324  103.391   2463.8    675.1
     1     1    10     4    17    11     0     1   -85.0   52.561  102.916   2257.4    698.6
     1     1    10     4    17    10     0     2   -86.0   52.825  102.303   2162.8    716.0
     1     1    10     4    17     9     0     3   -87.0   53.106  101.551   2189.4    694.3
     1     1    10     4    17     8     0     2   -88.0   53.350  100.730   2134.3    669.0
     1     1    10     4    17     7     0     1   -89.0   53.588   99.889   2045.8    674.2
     1     1    10     4    17     6     0     0   -90.0   53.845   99.040   2090.3    676.6
     1     1    10     4    17     5     0     1   -91.0   54.103   98.188   2199.0    655.1
     1     1    10     4    17     4     0     2   -92.0   54.400   97.320   2221.8    646.6
     1     1    10     4    17     3     0     3   -93.0   54.728   96.495   2139.6    684.3
     1     1    10     4    17     2     0     2   -94.0   55.051   95.714   1947.1    730.0
     1     1    10     4    17     1     0     1   -95.0   55.415   94.936   1702.4    762.6
     1     1    10     4    17     0     0     0   -96.0   55.846   94.214   1538.5    790.9
