     7     1
    GDAS    10     3    22     0     0
    GDAS    10     4     8     0     0
    GDAS    10     4    15     0     0
    GDAS    10     4    22     0     0
    GDAS    10     4    29     0     0
    GDAS    10     4     1     0     0
    GDAS    10     3    29     0     0
     1 BACKWARD OMEGA   
    10     4     1     0   39.977  116.381  9800.0
     1 PRESSURE
     1     1    10     4     1     0     0     0     0.0   39.977  116.381   9554.0    265.6
     1     1    10     3    31    23     0     1    -1.0   39.028  113.709   9093.0    246.1
     1     1    10     3    31    22     0     2    -2.0   38.143  111.304   8966.7    250.2
     1     1    10     3    31    21     0     3    -3.0   37.388  109.066   8841.5    255.6
     1     1    10     3    31    20     0     2    -4.0   36.674  106.951   8722.0    252.7
     1     1    10     3    31    19     0     1    -5.0   36.070  105.075   8605.4    245.1
     1     1    10     3    31    18     0     0    -6.0   35.466  103.316   8343.6    232.3
     1     1    10     3    31    17     0     1    -7.0   34.905  101.691   7784.5    211.3
     1     1    10     3    31    16     0     2    -8.0   34.357  100.263   7517.7    209.6
     1     1    10     3    31    15     0     3    -9.0   33.858   98.950   7390.3    206.7
     1     1    10     3    31    14     0     2   -10.0   33.497   97.715   7285.7    207.3
     1     1    10     3    31    13     0     1   -11.0   33.200   96.529   7173.9    208.6
     1     1    10     3    31    12     0     0   -12.0   32.930   95.344   7047.5    207.4
     1     1    10     3    31    11     0     1   -13.0   32.725   94.115   6994.9    206.5
     1     1    10     3    31    10     0     2   -14.0   32.594   92.864   6920.7    203.5
     1     1    10     3    31     9     0     3   -15.0   32.525   91.627   6830.0    204.0
     1     1    10     3    31     8     0     2   -16.0   32.491   90.431   6798.4    208.9
     1     1    10     3    31     7     0     1   -17.0   32.494   89.226   6755.6    213.1
     1     1    10     3    31     6     0     0   -18.0   32.522   87.994   6620.0    214.2
     1     1    10     3    31     5     0     1   -19.0   32.577   86.718   6556.1    216.3
     1     1    10     3    31     4     0     2   -20.0   32.658   85.465   6449.2    216.0
     1     1    10     3    31     3     0     3   -21.0   32.756   84.213   6439.2    221.9
     1     1    10     3    31     2     0     2   -22.0   32.843   82.990   6370.1    227.5
     1     1    10     3    31     1     0     1   -23.0   32.949   81.769   6300.7    230.6
     1     1    10     3    31     0     0     0   -24.0   33.126   80.452   6220.2    225.2
     1     1    10     3    30    23     0     1   -25.0   33.342   79.049   6194.6    223.5
     1     1    10     3    30    22     0     2   -26.0   33.557   77.661   6210.8    232.0
     1     1    10     3    30    21     0     3   -27.0   33.769   76.382   6305.8    246.4
     1     1    10     3    30    20     0     2   -28.0   33.939   75.274   6671.9    280.2
     1     1    10     3    30    19     0     1   -29.0   34.024   74.437   6859.8    307.6
     1     1    10     3    30    18     0     0   -30.0   34.130   73.753   6951.2    325.5
     1     1    10     3    30    17     0     1   -31.0   34.319   73.137   7092.7    338.0
     1     1    10     3    30    16     0     2   -32.0   34.592   72.522   7246.1    329.7
     1     1    10     3    30    15     0     3   -33.0   34.924   71.843   7409.4    311.0
     1     1    10     3    30    14     0     2   -34.0   35.261   70.944   7138.9    268.2
     1     1    10     3    30    13     0     1   -35.0   35.587   69.827   7090.5    266.2
     1     1    10     3    30    12     0     0   -36.0   35.947   68.759   7662.9    301.6
     1     1    10     3    30    11     0     1   -37.0   36.305   67.763   7713.9    308.6
     1     1    10     3    30    10     0     2   -38.0   36.588   66.782   7816.8    327.1
     1     1    10     3    30     9     0     3   -39.0   36.810   65.835   7887.4    343.5
     1     1    10     3    30     8     0     2   -40.0   37.008   64.945   7788.1    354.0
     1     1    10     3    30     7     0     1   -41.0   37.221   64.093   7685.4    357.5
     1     1    10     3    30     6     0     0   -42.0   37.462   63.287   7694.5    361.0
     1     1    10     3    30     5     0     1   -43.0   37.717   62.547   7776.4    361.1
     1     1    10     3    30     4     0     2   -44.0   37.964   61.883   7878.3    357.7
     1     1    10     3    30     3     0     3   -45.0   38.221   61.311   7975.8    352.2
     1     1    10     3    30     2     0     2   -46.0   38.478   60.814   8063.2    350.1
     1     1    10     3    30     1     0     1   -47.0   38.714   60.363   8197.3    346.3
     1     1    10     3    30     0     0     0   -48.0   38.924   59.943   8372.8    339.3
     1     1    10     3    29    23     0     1   -49.0   39.108   59.577   8500.4    328.4
     1     1    10     3    29    22     0     2   -50.0   39.259   59.300   8571.2    323.7
     1     1    10     3    29    21     0     3   -51.0   39.369   59.110   8591.6    322.2
     1     1    10     3    29    20     0     2   -52.0   39.448   58.992   8606.6    323.1
     1     1    10     3    29    19     0     1   -53.0   39.508   58.925   8661.5    320.9
     1     1    10     3    29    18     0     0   -54.0   39.547   58.908   8749.6    316.6
     1     1    10     3    29    17     0     1   -55.0   39.569   58.914   8844.5    310.9
     1     1    10     3    29    16     0     2   -56.0   39.581   58.915   8924.9    307.3
     1     1    10     3    29    15     0     3   -57.0   39.585   58.917   8995.9    304.1
     1     1    10     3    29    14     0     2   -58.0   39.574   58.932   9028.0    301.0
     1     1    10     3    29    13     0     1   -59.0   39.547   58.961   8983.1    302.6
     1     1    10     3    29    12     0     0   -60.0   39.512   58.991   8851.3    308.0
     1     1    10     3    29    11     0     1   -61.0   39.477   59.022   8638.5    318.5
     1     1    10     3    29    10     0     2   -62.0   39.453   59.049   8355.4    331.9
     1     1    10     3    29     9     0     3   -63.0   39.440   59.050   7997.6    349.8
     1     1    10     3    29     8     0     2   -64.0   39.440   59.019   7597.2    372.0
     1     1    10     3    29     7     0     1   -65.0   39.449   58.981   7221.2    394.1
     1     1    10     3    29     6     0     0   -66.0   39.471   58.939   6909.3    412.6
     1     1    10     3    29     5     0     1   -67.0   39.486   58.931   6659.3    426.7
     1     1    10     3    29     4     0     2   -68.0   39.473   58.984   6461.3    438.5
     1     1    10     3    29     3     0     3   -69.0   39.431   59.088   6326.3    447.0
     1     1    10     3    29     2     0     2   -70.0   39.369   59.241   6195.0    452.2
     1     1    10     3    29     1     0     1   -71.0   39.297   59.437   6036.6    464.2
     1     1    10     3    29     0     0     0   -72.0   39.212   59.680   5881.8    477.0
     1     1    10     3    28    23     0     1   -73.0   39.099   59.901   5806.5    488.6
     1     1    10     3    28    22     0     2   -74.0   38.955   60.030   5809.7    487.3
     1     1    10     3    28    21     0     3   -75.0   38.781   60.043   5854.1    483.2
     1     1    10     3    28    20     0     2   -76.0   38.580   59.949   5909.1    477.3
     1     1    10     3    28    19     0     1   -77.0   38.368   59.795   5957.6    473.5
     1     1    10     3    28    18     0     0   -78.0   38.159   59.623   6048.2    467.9
     1     1    10     3    28    17     0     1   -79.0   37.910   59.413   6142.9    452.3
     1     1    10     3    28    16     0     2   -80.0   37.522   59.142   6148.2    420.6
     1     1    10     3    28    15     0     3   -81.0   36.937   58.866   6422.6    369.3
     1     1    10     3    28    14     0     2   -82.0   36.181   58.546   6692.1    332.3
     1     1    10     3    28    13     0     1   -83.0   35.467   58.187   6346.8    390.7
     1     1    10     3    28    12     0     0   -84.0   34.786   57.775   6064.0    418.5
     1     1    10     3    28    11     0     1   -85.0   34.065   57.285   5696.8    426.2
     1     1    10     3    28    10     0     2   -86.0   33.355   56.722   5478.9    462.1
     1     1    10     3    28     9     0     3   -87.0   32.664   56.048   5232.9    448.6
     1     1    10     3    28     8     0     2   -88.0   31.986   55.295   5077.2    468.5
     1     1    10     3    28     7     0     1   -89.0   31.270   54.404   5059.0    431.7
     1     1    10     3    28     6     0     0   -90.0   30.475   53.414   4966.2    429.4
     1     1    10     3    28     5     0     1   -91.0   29.613   52.274   5092.9    430.7
     1     1    10     3    28     4     0     2   -92.0   28.907   51.304   5178.9    511.5
     1     1    10     3    28     3     0     3   -93.0   28.325   50.467   5088.5    542.7
     1     1    10     3    28     2     0     2   -94.0   27.773   49.597   5030.1    546.8
     1     1    10     3    28     1     0     1   -95.0   27.234   48.719   5064.0    539.8
     1     1    10     3    28     0     0     0   -96.0   26.649   47.762   5160.6    514.7
