     5     1
    GDAS    10     3     1     0     0
    GDAS    10     3     8     0     0
    GDAS    10     3    15     0     0
    GDAS    10     3    22     0     0
    GDAS    10     3    29     0     0
     1 BACKWARD OMEGA   
    10     3    22    12   39.977  116.381  6200.0
     1 PRESSURE
     1     1    10     3    22    12     0     0     0.0   39.977  116.381   5954.4    455.0
     1     1    10     3    22    11     0     1    -1.0   40.193  114.425   5902.3    400.1
     1     1    10     3    22    10     0     2    -2.0   40.303  112.281   6294.0    364.0
     1     1    10     3    22     9     0     3    -3.0   40.411  110.177   6616.2    351.4
     1     1    10     3    22     8     0     2    -4.0   40.509  108.142   6950.6    347.1
     1     1    10     3    22     7     0     1    -5.0   40.635  106.096   7169.5    327.6
     1     1    10     3    22     6     0     0    -6.0   40.749  104.038   7361.7    319.7
     1     1    10     3    22     5     0     1    -7.0   40.822  101.948   7538.8    318.3
     1     1    10     3    22     4     0     2    -8.0   40.930   99.823   7719.7    306.3
     1     1    10     3    22     3     0     3    -9.0   40.990   97.608   7744.8    288.3
     1     1    10     3    22     2     0     2   -10.0   41.013   95.461   7869.1    280.8
     1     1    10     3    22     1     0     1   -11.0   41.130   93.288   8149.5    286.9
     1     1    10     3    22     0     0     0   -12.0   41.244   91.154   8375.5    291.9
     1     1    10     3    21    23     0     1   -13.0   41.338   89.016   8378.9    282.3
     1     1    10     3    21    22     0     2   -14.0   41.424   86.875   8480.7    286.4
     1     1    10     3    21    21     0     3   -15.0   41.549   84.749   8341.4    277.8
     1     1    10     3    21    20     0     2   -16.0   41.638   82.549   8196.9    278.7
     1     1    10     3    21    19     0     1   -17.0   41.761   80.262   7619.5    229.1
     1     1    10     3    21    18     0     0   -18.0   41.922   77.916   7442.7    228.6
     1     1    10     3    21    17     0     1   -19.0   41.985   75.680   7488.1    248.3
     1     1    10     3    21    16     0     2   -20.0   42.025   73.475   7566.8    256.9
     1     1    10     3    21    15     0     3   -21.0   42.012   71.370   7435.4    249.8
     1     1    10     3    21    14     0     2   -22.0   41.941   69.462   7979.8    313.3
     1     1    10     3    21    13     0     1   -23.0   41.867   67.898   8151.1    336.1
     1     1    10     3    21    12     0     0   -24.0   41.806   66.390   8076.5    341.6
     1     1    10     3    21    11     0     1   -25.0   41.721   64.892   8027.6    344.9
     1     1    10     3    21    10     0     2   -26.0   41.587   63.388   8019.9    348.3
     1     1    10     3    21     9     0     3   -27.0   41.427   61.912   8000.9    350.4
     1     1    10     3    21     8     0     2   -28.0   41.254   60.478   7992.2    352.6
     1     1    10     3    21     7     0     1   -29.0   41.064   59.080   8001.9    353.8
     1     1    10     3    21     6     0     0   -30.0   40.854   57.706   8055.1    352.1
     1     1    10     3    21     5     0     1   -31.0   40.619   56.346   8120.6    346.8
     1     1    10     3    21     4     0     2   -32.0   40.376   54.997   8152.9    342.3
     1     1    10     3    21     3     0     3   -33.0   40.134   53.662   8177.7    342.0
     1     1    10     3    21     2     0     2   -34.0   39.865   52.408   8206.0    347.6
     1     1    10     3    21     1     0     1   -35.0   39.536   51.227   8165.9    350.9
     1     1    10     3    21     0     0     0   -36.0   39.144   50.053   8158.3    353.4
     1     1    10     3    20    23     0     1   -37.0   38.641   48.862   7939.7    338.5
     1     1    10     3    20    22     0     2   -38.0   37.925   47.431   7325.4    293.0
     1     1    10     3    20    21     0     3   -39.0   37.123   45.915   7353.3    313.2
     1     1    10     3    20    20     0     2   -40.0   36.328   44.494   7425.0    338.8
     1     1    10     3    20    19     0     1   -41.0   35.610   43.301   7436.1    374.7
     1     1    10     3    20    18     0     0   -42.0   34.902   42.096   7242.1    383.5
     1     1    10     3    20    17     0     1   -43.0   34.193   40.774   7062.8    389.1
     1     1    10     3    20    16     0     2   -44.0   33.561   39.397   6882.4    384.7
     1     1    10     3    20    15     0     3   -45.0   33.062   38.028   6848.4    383.5
     1     1    10     3    20    14     0     2   -46.0   32.753   36.740   6832.1    385.9
     1     1    10     3    20    13     0     1   -47.0   32.680   35.549   7043.5    391.1
     1     1    10     3    20    12     0     0   -48.0   32.845   34.485   7309.6    396.0
     1     1    10     3    20    11     0     1   -49.0   33.233   33.545   7637.9    380.3
     1     1    10     3    20    10     0     2   -50.0   33.791   32.810   7966.1    363.2
     1     1    10     3    20     9     0     3   -51.0   34.453   32.240   8230.7    344.0
     1     1    10     3    20     8     0     2   -52.0   35.190   31.841   8446.7    330.1
     1     1    10     3    20     7     0     1   -53.0   35.979   31.607   8591.9    328.8
     1     1    10     3    20     6     0     0   -54.0   36.813   31.519   8495.0    298.9
     1     1    10     3    20     5     0     1   -55.0   37.685   31.578   8508.3    274.8
     1     1    10     3    20     4     0     2   -56.0   38.563   31.737   8714.5    268.3
     1     1    10     3    20     3     0     3   -57.0   39.427   31.956   9021.2    263.1
     1     1    10     3    20     2     0     2   -58.0   40.269   32.258   9151.5    258.4
     1     1    10     3    20     1     0     1   -59.0   41.065   32.601   9212.6    252.1
     1     1    10     3    20     0     0     0   -60.0   41.807   32.959   9573.6    263.8
     1     1    10     3    19    23     0     1   -61.0   42.532   33.332   9770.3    265.4
     1     1    10     3    19    22     0     2   -62.0   43.260   33.662   9908.6    265.0
     1     1    10     3    19    21     0     3   -63.0   43.992   33.898   9956.0    261.9
     1     1    10     3    19    20     0     2   -64.0   44.757   34.078   9919.8    257.1
     1     1    10     3    19    19     0     1   -65.0   45.570   34.212  10031.8    255.0
     1     1    10     3    19    18     0     0   -66.0   46.405   34.207  10153.6    252.8
     1     1    10     3    19    17     0     1   -67.0   47.290   34.095  10185.9    249.5
