     5     1
    GDAS    10     3     1     0     0
    GDAS    10     3     8     0     0
    GDAS    10     3    15     0     0
    GDAS    10     3    22     0     0
    GDAS    10     3    29     0     0
     1 BACKWARD OMEGA   
    10     3    31     0   39.977  116.381  3000.0
     1 PRESSURE
     1     1    10     3    31     0     0     0     0.0   39.977  116.381   2762.7    700.2
     1     1    10     3    30    23     0     1    -1.0   40.047  115.804   2698.0    680.4
     1     1    10     3    30    22     0     2    -2.0   40.137  115.138   2727.1    630.4
     1     1    10     3    30    21     0     3    -3.0   40.259  114.348   2872.6    603.8
     1     1    10     3    30    20     0     2    -4.0   40.388  113.509   2948.3    593.3
     1     1    10     3    30    19     0     1    -5.0   40.489  112.638   3064.6    572.9
     1     1    10     3    30    18     0     0    -6.0   40.573  111.706   3225.2    558.1
     1     1    10     3    30    17     0     1    -7.0   40.642  110.735   3263.4    557.7
     1     1    10     3    30    16     0     2    -8.0   40.696  109.762   3343.7    556.1
     1     1    10     3    30    15     0     3    -9.0   40.731  108.768   3494.9    560.7
     1     1    10     3    30    14     0     2   -10.0   40.758  107.790   3432.1    572.0
     1     1    10     3    30    13     0     1   -11.0   40.814  106.804   3389.7    559.5
     1     1    10     3    30    12     0     0   -12.0   40.879  105.763   3582.1    543.1
     1     1    10     3    30    11     0     1   -13.0   40.944  104.692   3716.0    543.3
     1     1    10     3    30    10     0     2   -14.0   41.026  103.557   3684.5    542.7
     1     1    10     3    30     9     0     3   -15.0   41.115  102.340   3727.6    545.7
     1     1    10     3    30     8     0     2   -16.0   41.196  101.071   3912.3    542.9
     1     1    10     3    30     7     0     1   -17.0   41.255   99.804   4013.9    522.3
     1     1    10     3    30     6     0     0   -18.0   41.331   98.525   3991.9    505.1
     1     1    10     3    30     5     0     1   -19.0   41.440   97.280   3793.7    502.7
     1     1    10     3    30     4     0     2   -20.0   41.550   96.045   3779.1    491.5
     1     1    10     3    30     3     0     3   -21.0   41.664   94.799   3906.4    515.9
     1     1    10     3    30     2     0     2   -22.0   41.811   93.670   3842.5    548.5
     1     1    10     3    30     1     0     1   -23.0   41.993   92.663   3691.0    566.6
     1     1    10     3    30     0     0     0   -24.0   42.182   91.714   3563.3    575.1
     1     1    10     3    29    23     0     1   -25.0   42.367   90.825   3471.6    585.5
     1     1    10     3    29    22     0     2   -26.0   42.578   90.005   3443.2    590.6
     1     1    10     3    29    21     0     3   -27.0   42.816   89.226   3461.0    623.8
     1     1    10     3    29    20     0     2   -28.0   43.084   88.471   3390.9    601.1
     1     1    10     3    29    19     0     1   -29.0   43.416   87.679   3420.7    536.6
     1     1    10     3    29    18     0     0   -30.0   43.793   86.846   3583.0    555.6
     1     1    10     3    29    17     0     1   -31.0   44.182   86.011   3753.4    545.0
     1     1    10     3    29    16     0     2   -32.0   44.554   85.173   3824.0    549.4
     1     1    10     3    29    15     0     3   -33.0   44.886   84.410   3832.8    584.1
     1     1    10     3    29    14     0     2   -34.0   45.176   83.719   3667.6    606.6
     1     1    10     3    29    13     0     1   -35.0   45.475   83.010   3604.0    604.1
     1     1    10     3    29    12     0     0   -36.0   45.795   82.277   3643.9    585.3
     1     1    10     3    29    11     0     1   -37.0   46.118   81.558   3711.7    582.6
     1     1    10     3    29    10     0     2   -38.0   46.424   80.880   3754.2    585.6
     1     1    10     3    29     9     0     3   -39.0   46.696   80.241   3786.2    599.8
     1     1    10     3    29     8     0     2   -40.0   46.951   79.624   3795.3    606.2
     1     1    10     3    29     7     0     1   -41.0   47.225   79.007   3790.7    597.9
     1     1    10     3    29     6     0     0   -42.0   47.535   78.385   3792.0    588.9
     1     1    10     3    29     5     0     1   -43.0   47.882   77.721   3816.7    582.5
     1     1    10     3    29     4     0     2   -44.0   48.262   76.985   3831.5    569.4
     1     1    10     3    29     3     0     3   -45.0   48.674   76.196   3831.8    562.8
     1     1    10     3    29     2     0     2   -46.0   49.110   75.328   3834.2    557.5
     1     1    10     3    29     1     0     1   -47.0   49.576   74.390   3895.0    568.4
     1     1    10     3    29     0     0     0   -48.0   50.072   73.410   3950.0    577.1
     1     1    10     3    28    23     0     1   -49.0   50.574   72.403   4007.9    579.4
     1     1    10     3    28    22     0     2   -50.0   51.044   71.369   4118.4    577.8
     1     1    10     3    28    21     0     3   -51.0   51.486   70.302   4159.9    574.9
     1     1    10     3    28    20     0     2   -52.0   51.922   69.229   4109.2    581.3
     1     1    10     3    28    19     0     1   -53.0   52.368   68.136   4043.7    586.1
     1     1    10     3    28    18     0     0   -54.0   52.810   67.006   4094.8    588.0
     1     1    10     3    28    17     0     1   -55.0   53.264   65.847   4171.4    585.2
     1     1    10     3    28    16     0     2   -56.0   53.750   64.711   4227.7    584.5
     1     1    10     3    28    15     0     3   -57.0   54.255   63.573   4281.9    578.5
     1     1    10     3    28    14     0     2   -58.0   54.765   62.388   4294.2    576.3
     1     1    10     3    28    13     0     1   -59.0   55.300   61.126   4283.2    570.8
     1     1    10     3    28    12     0     0   -60.0   55.837   59.833   4196.8    565.5
     1     1    10     3    28    11     0     1   -61.0   56.317   58.458   4256.1    566.7
     1     1    10     3    28    10     0     2   -62.0   56.697   57.130   4237.8    574.8
     1     1    10     3    28     9     0     3   -63.0   57.001   55.839   4218.7    579.2
     1     1    10     3    28     8     0     2   -64.0   57.250   54.568   4215.3    582.2
     1     1    10     3    28     7     0     1   -65.0   57.466   53.355   4189.7    581.1
     1     1    10     3    28     6     0     0   -66.0   57.653   52.218   4153.5    585.2
     1     1    10     3    28     5     0     1   -67.0   57.829   51.104   4144.5    585.9
     1     1    10     3    28     4     0     2   -68.0   58.001   49.937   4142.8    585.3
     1     1    10     3    28     3     0     3   -69.0   58.165   48.745   4135.4    588.0
     1     1    10     3    28     2     0     2   -70.0   58.331   47.581   4115.1    589.9
     1     1    10     3    28     1     0     1   -71.0   58.481   46.420   4111.0    589.1
     1     1    10     3    28     0     0     0   -72.0   58.594   45.293   4104.6    589.3
     1     1    10     3    27    23     0     1   -73.0   58.695   44.177   4104.7    590.1
     1     1    10     3    27    22     0     2   -74.0   58.783   43.034   4106.5    587.0
     1     1    10     3    27    21     0     3   -75.0   58.840   41.882   4096.5    589.4
     1     1    10     3    27    20     0     2   -76.0   58.871   40.758   4075.0    591.4
     1     1    10     3    27    19     0     1   -77.0   58.895   39.682   4055.8    591.9
     1     1    10     3    27    18     0     0   -78.0   58.909   38.660   4043.6    592.6
     1     1    10     3    27    17     0     1   -79.0   58.897   37.677   4040.9    595.8
     1     1    10     3    27    16     0     2   -80.0   58.867   36.714   4033.6    596.3
     1     1    10     3    27    15     0     3   -81.0   58.831   35.795   4039.5    595.6
     1     1    10     3    27    14     0     2   -82.0   58.782   34.918   4055.0    592.1
     1     1    10     3    27    13     0     1   -83.0   58.718   34.066   4051.2    589.9
     1     1    10     3    27    12     0     0   -84.0   58.651   33.239   4027.7    594.8
     1     1    10     3    27    11     0     1   -85.0   58.572   32.468   3999.5    602.1
     1     1    10     3    27    10     0     2   -86.0   58.478   31.781   3994.8    606.3
     1     1    10     3    27     9     0     3   -87.0   58.382   31.174   4013.3    606.0
     1     1    10     3    27     8     0     2   -88.0   58.286   30.612   4044.3    601.8
     1     1    10     3    27     7     0     1   -89.0   58.190   30.071   4070.5    598.2
     1     1    10     3    27     6     0     0   -90.0   58.103   29.556   4078.7    595.9
     1     1    10     3    27     5     0     1   -91.0   58.022   29.052   4071.2    596.4
     1     1    10     3    27     4     0     2   -92.0   57.939   28.542   4069.8    598.2
     1     1    10     3    27     3     0     3   -93.0   57.862   28.019   4075.6    598.8
     1     1    10     3    27     2     0     2   -94.0   57.790   27.492   4078.3    597.4
     1     1    10     3    27     1     0     1   -95.0   57.717   26.966   4081.6    596.0
     1     1    10     3    27     0     0     0   -96.0   57.654   26.442   4086.9    595.2
