     7     1
    GDAS    10     3    22     0     0
    GDAS    10     4     8     0     0
    GDAS    10     4    15     0     0
    GDAS    10     4    22     0     0
    GDAS    10     4    29     0     0
    GDAS    10     4     1     0     0
    GDAS    10     3    29     0     0
     1 BACKWARD OMEGA   
    10     4    15     6   39.977  116.381  6000.0
     1 PRESSURE
     1     1    10     4    15     6     0     0     0.0   39.977  116.381   5762.0    464.4
     1     1    10     4    15     5     0     1    -1.0   40.175  115.791   5625.0    444.2
     1     1    10     4    15     4     0     2    -2.0   40.385  115.199   5442.7    425.1
     1     1    10     4    15     3     0     3    -3.0   40.589  114.605   5350.4    423.8
     1     1    10     4    15     2     0     2    -4.0   40.791  114.011   5351.1    424.3
     1     1    10     4    15     1     0     1    -5.0   40.994  113.420   5363.0    408.9
     1     1    10     4    15     0     0     0    -6.0   41.193  112.856   5385.7    402.9
     1     1    10     4    14    23     0     1    -7.0   41.400  112.302   5417.8    404.5
     1     1    10     4    14    22     0     2    -8.0   41.622  111.718   5452.9    406.6
     1     1    10     4    14    21     0     3    -9.0   41.861  111.101   5525.6    410.8
     1     1    10     4    14    20     0     2   -10.0   42.125  110.457   5600.8    408.7
     1     1    10     4    14    19     0     1   -11.0   42.395  109.778   5653.9    404.5
     1     1    10     4    14    18     0     0   -12.0   42.645  109.079   5661.8    404.3
     1     1    10     4    14    17     0     1   -13.0   42.881  108.404   5673.1    416.2
     1     1    10     4    14    16     0     2   -14.0   43.110  107.776   5656.0    423.9
     1     1    10     4    14    15     0     3   -15.0   43.313  107.197   5602.3    420.4
     1     1    10     4    14    14     0     2   -16.0   43.508  106.629   5561.2    414.4
     1     1    10     4    14    13     0     1   -17.0   43.716  106.043   5519.3    410.1
     1     1    10     4    14    12     0     0   -18.0   43.930  105.465   5487.0    409.0
     1     1    10     4    14    11     0     1   -19.0   44.123  104.881   5471.7    410.8
     1     1    10     4    14    10     0     2   -20.0   44.266  104.262   5445.5    412.4
     1     1    10     4    14     9     0     3   -21.0   44.365  103.620   5383.4    414.4
     1     1    10     4    14     8     0     2   -22.0   44.450  102.960   5339.5    416.8
     1     1    10     4    14     7     0     1   -23.0   44.543  102.279   5356.5    416.0
     1     1    10     4    14     6     0     0   -24.0   44.622  101.564   5403.2    411.8
     1     1    10     4    14     5     0     1   -25.0   44.715  100.840   5449.1    405.6
     1     1    10     4    14     4     0     2   -26.0   44.846  100.137   5428.4    396.2
     1     1    10     4    14     3     0     3   -27.0   44.977   99.448   5336.0    387.0
     1     1    10     4    14     2     0     2   -28.0   45.087   98.780   5220.4    383.7
     1     1    10     4    14     1     0     1   -29.0   45.189   98.130   5114.7    384.0
     1     1    10     4    14     0     0     0   -30.0   45.303   97.493   5151.3    397.7
     1     1    10     4    13    23     0     1   -31.0   45.426   96.859   5240.7    398.4
     1     1    10     4    13    22     0     2   -32.0   45.539   96.224   5285.7    395.2
     1     1    10     4    13    21     0     3   -33.0   45.637   95.598   5293.4    400.1
     1     1    10     4    13    20     0     2   -34.0   45.733   94.989   5310.8    406.8
     1     1    10     4    13    19     0     1   -35.0   45.825   94.382   5224.8    393.4
     1     1    10     4    13    18     0     0   -36.0   45.906   93.767   5152.4    384.4
     1     1    10     4    13    17     0     1   -37.0   45.979   93.136   5151.5    389.2
     1     1    10     4    13    16     0     2   -38.0   46.044   92.471   5187.9    405.0
     1     1    10     4    13    15     0     3   -39.0   46.106   91.793   5182.1    422.2
     1     1    10     4    13    14     0     2   -40.0   46.164   91.112   5170.5    429.9
     1     1    10     4    13    13     0     1   -41.0   46.213   90.438   5231.3    432.7
     1     1    10     4    13    12     0     0   -42.0   46.259   89.786   5342.3    435.7
     1     1    10     4    13    11     0     1   -43.0   46.314   89.147   5466.8    442.2
     1     1    10     4    13    10     0     2   -44.0   46.394   88.493   5556.2    448.1
     1     1    10     4    13     9     0     3   -45.0   46.512   87.820   5551.2    454.7
     1     1    10     4    13     8     0     2   -46.0   46.657   87.153   5402.4    461.7
     1     1    10     4    13     7     0     1   -47.0   46.781   86.424   5111.5    452.2
     1     1    10     4    13     6     0     0   -48.0   46.847   85.538   4800.7    442.7
     1     1    10     4    13     5     0     1   -49.0   46.830   84.549   4721.9    452.3
     1     1    10     4    13     4     0     2   -50.0   46.799   83.595   4802.0    458.9
     1     1    10     4    13     3     0     3   -51.0   46.779   82.734   4720.3    476.9
     1     1    10     4    13     2     0     2   -52.0   46.750   81.900   4751.1    494.8
     1     1    10     4    13     1     0     1   -53.0   46.681   81.001   4882.9    502.1
     1     1    10     4    13     0     0     0   -54.0   46.588   80.059   4984.5    509.5
     1     1    10     4    12    23     0     1   -55.0   46.468   79.134   4978.8    509.0
     1     1    10     4    12    22     0     2   -56.0   46.291   78.244   4913.3    513.3
     1     1    10     4    12    21     0     3   -57.0   46.080   77.384   4802.2    525.9
     1     1    10     4    12    20     0     2   -58.0   45.859   76.543   4666.1    538.1
     1     1    10     4    12    19     0     1   -59.0   45.629   75.742   4577.1    543.6
     1     1    10     4    12    18     0     0   -60.0   45.409   74.945   4484.5    548.8
     1     1    10     4    12    17     0     1   -61.0   45.201   74.157   4354.0    558.8
     1     1    10     4    12    16     0     2   -62.0   44.982   73.395   4196.6    566.0
     1     1    10     4    12    15     0     3   -63.0   44.761   72.665   4049.9    580.6
     1     1    10     4    12    14     0     2   -64.0   44.566   71.967   3931.2    600.5
     1     1    10     4    12    13     0     1   -65.0   44.374   71.298   3856.2    605.9
     1     1    10     4    12    12     0     0   -66.0   44.174   70.652   3855.5    608.1
     1     1    10     4    12    11     0     1   -67.0   43.971   69.999   3937.2    603.2
     1     1    10     4    12    10     0     2   -68.0   43.758   69.321   3980.9    581.1
     1     1    10     4    12     9     0     3   -69.0   43.514   68.638   3961.1    587.8
     1     1    10     4    12     8     0     2   -70.0   43.268   67.978   3937.4    602.3
     1     1    10     4    12     7     0     1   -71.0   43.052   67.353   3933.1    608.9
     1     1    10     4    12     6     0     0   -72.0   42.858   66.757   3923.4    608.8
     1     1    10     4    12     5     0     1   -73.0   42.681   66.181   3919.0    606.3
     1     1    10     4    12     4     0     2   -74.0   42.527   65.620   3899.9    606.0
     1     1    10     4    12     3     0     3   -75.0   42.400   65.079   3851.6    609.6
     1     1    10     4    12     2     0     2   -76.0   42.285   64.548   3816.3    615.9
     1     1    10     4    12     1     0     1   -77.0   42.166   64.012   3830.3    614.9
     1     1    10     4    12     0     0     0   -78.0   42.047   63.463   3870.3    616.4
     1     1    10     4    11    23     0     1   -79.0   41.946   62.918   3886.8    619.9
     1     1    10     4    11    22     0     2   -80.0   41.863   62.392   3870.7    618.0
     1     1    10     4    11    21     0     3   -81.0   41.791   61.885   3852.2    617.4
     1     1    10     4    11    20     0     2   -82.0   41.727   61.389   3836.7    621.7
     1     1    10     4    11    19     0     1   -83.0   41.668   60.901   3818.3    625.1
     1     1    10     4    11    18     0     0   -84.0   41.613   60.423   3791.7    625.4
     1     1    10     4    11    17     0     1   -85.0   41.561   59.949   3768.8    626.5
     1     1    10     4    11    16     0     2   -86.0   41.511   59.473   3770.6    629.5
     1     1    10     4    11    15     0     3   -87.0   41.463   58.993   3793.1    629.8
     1     1    10     4    11    14     0     2   -88.0   41.414   58.516   3809.9    626.8
     1     1    10     4    11    13     0     1   -89.0   41.364   58.053   3816.5    626.5
     1     1    10     4    11    12     0     0   -90.0   41.315   57.602   3837.6    627.1
     1     1    10     4    11    11     0     1   -91.0   41.263   57.156   3873.5    624.4
     1     1    10     4    11    10     0     2   -92.0   41.205   56.712   3902.4    620.0
     1     1    10     4    11     9     0     3   -93.0   41.141   56.273   3925.9    615.5
     1     1    10     4    11     8     0     2   -94.0   41.077   55.834   3959.8    611.6
     1     1    10     4    11     7     0     1   -95.0   41.015   55.391   4008.2    607.3
     1     1    10     4    11     6     0     0   -96.0   40.958   54.949   4058.4    603.0
