     7     1
    GDAS    10     3    22     0     0
    GDAS    10     4     8     0     0
    GDAS    10     4    15     0     0
    GDAS    10     4    22     0     0
    GDAS    10     4    29     0     0
    GDAS    10     4     1     0     0
    GDAS    10     3    29     0     0
     1 BACKWARD OMEGA   
    10     4     9    18   39.977  116.381 10000.0
     1 PRESSURE
     1     1    10     4     9    18     0     0     0.0   39.977  116.381   9755.0    259.8
     1     1    10     4     9    17     0     1    -1.0   39.834  114.294   9080.6    251.0
     1     1    10     4     9    16     0     2    -2.0   39.804  112.053   8779.4    250.7
     1     1    10     4     9    15     0     3    -3.0   39.760  109.841   8514.2    268.5
     1     1    10     4     9    14     0     2    -4.0   39.839  107.581   8292.0    277.5
     1     1    10     4     9    13     0     1    -5.0   40.041  105.316   8390.6    274.4
     1     1    10     4     9    12     0     0    -6.0   40.379  102.912   8617.6    260.1
     1     1    10     4     9    11     0     1    -7.0   40.849  100.438   8800.9    261.7
     1     1    10     4     9    10     0     2    -8.0   41.342   97.960   8685.4    250.9
     1     1    10     4     9     9     0     3    -9.0   41.916   95.511   8511.1    248.9
     1     1    10     4     9     8     0     2   -10.0   42.478   93.046   8797.6    274.6
     1     1    10     4     9     7     0     1   -11.0   43.041   90.627   8830.4    284.3
     1     1    10     4     9     6     0     0   -12.0   43.714   88.229   8590.8    262.8
     1     1    10     4     9     5     0     1   -13.0   44.415   85.819   8697.7    269.4
     1     1    10     4     9     4     0     2   -14.0   45.120   83.440   8958.3    284.2
     1     1    10     4     9     3     0     3   -15.0   45.801   81.033   8748.3    264.1
     1     1    10     4     9     2     0     2   -16.0   46.461   78.664   9027.6    280.9
     1     1    10     4     9     1     0     1   -17.0   47.070   76.323   8981.6    283.4
     1     1    10     4     9     0     0     0   -18.0   47.594   74.019   8860.3    281.5
     1     1    10     4     8    23     0     1   -19.0   48.107   71.794   8847.6    281.6
     1     1    10     4     8    22     0     2   -20.0   48.565   69.691   8923.8    288.3
     1     1    10     4     8    21     0     3   -21.0   48.950   67.611   8879.9    285.3
     1     1    10     4     8    20     0     2   -22.0   49.244   65.602   9009.6    293.6
     1     1    10     4     8    19     0     1   -23.0   49.456   63.731   9014.7    299.1
     1     1    10     4     8    18     0     0   -24.0   49.600   61.926   8904.1    303.0
     1     1    10     4     8    17     0     1   -25.0   49.664   60.170   8756.0    307.6
     1     1    10     4     8    16     0     2   -26.0   49.657   58.474   8640.1    308.6
     1     1    10     4     8    15     0     3   -27.0   49.602   56.844   8652.6    311.2
     1     1    10     4     8    14     0     2   -28.0   49.519   55.296   8712.8    313.1
     1     1    10     4     8    13     0     1   -29.0   49.406   53.879   8801.8    313.5
     1     1    10     4     8    12     0     0   -30.0   49.281   52.588   8941.1    310.0
     1     1    10     4     8    11     0     1   -31.0   49.149   51.383   9110.1    302.3
     1     1    10     4     8    10     0     2   -32.0   49.010   50.251   9267.0    294.6
     1     1    10     4     8     9     0     3   -33.0   48.880   49.227   9368.7    289.7
     1     1    10     4     8     8     0     2   -34.0   48.728   48.331   9431.5    286.9
     1     1    10     4     8     7     0     1   -35.0   48.527   47.538   9499.5    283.9
     1     1    10     4     8     6     0     0   -36.0   48.284   46.826   9573.8    280.8
     1     1    10     4     8     5     0     1   -37.0   47.986   46.192   9609.4    277.9
     1     1    10     4     8     4     0     2   -38.0   47.670   45.659   9583.2    279.6
     1     1    10     4     8     3     0     3   -39.0   47.369   45.161   9543.2    281.5
     1     1    10     4     8     2     0     2   -40.0   47.037   44.661   9504.3    282.1
     1     1    10     4     8     1     0     1   -41.0   46.617   44.173   9488.2    281.4
     1     1    10     4     8     0     0     0   -42.0   46.111   43.714   9503.5    280.6
     1     1    10     4     7    23     0     1   -43.0   45.515   43.370   9446.6    278.2
     1     1    10     4     7    22     0     2   -44.0   44.811   43.157   9291.4    276.9
     1     1    10     4     7    21     0     3   -45.0   43.974   42.976   9012.8    272.2
     1     1    10     4     7    20     0     2   -46.0   43.065   42.740   8383.7    233.2
     1     1    10     4     7    19     0     1   -47.0   42.157   42.494   8907.7    273.9
     1     1    10     4     7    18     0     0   -48.0   41.279   42.228   8488.6    263.3
     1     1    10     4     7    17     0     1   -49.0   40.459   41.769   8137.6    260.9
     1     1    10     4     7    16     0     2   -50.0   39.584   41.091   8005.1    263.4
     1     1    10     4     7    15     0     3   -51.0   38.608   40.170   8222.8    280.4
     1     1    10     4     7    14     0     2   -52.0   37.596   39.146   7962.6    319.6
     1     1    10     4     7    13     0     1   -53.0   36.714   37.836   7894.8    335.2
     1     1    10     4     7    12     0     0   -54.0   36.063   36.297   7832.1    348.4
     1     1    10     4     7    11     0     1   -55.0   35.713   34.585   8038.2    351.4
     1     1    10     4     7    10     0     2   -56.0   35.591   32.810   8082.8    337.7
     1     1    10     4     7     9     0     3   -57.0   35.621   30.987   8239.3    343.7
     1     1    10     4     7     8     0     2   -58.0   35.814   29.185   8365.2    334.9
     1     1    10     4     7     7     0     1   -59.0   36.202   27.326   8559.9    322.5
     1     1    10     4     7     6     0     0   -60.0   36.673   25.537   8567.2    324.9
     1     1    10     4     7     5     0     1   -61.0   37.249   23.735   8544.0    322.2
     1     1    10     4     7     4     0     2   -62.0   37.923   21.964   8344.2    313.6
     1     1    10     4     7     3     0     3   -63.0   38.672   20.237   8465.4    328.7
     1     1    10     4     7     2     0     2   -64.0   39.526   18.705   8465.9    331.7
     1     1    10     4     7     1     0     1   -65.0   40.516   17.510   8559.0    326.3
     1     1    10     4     7     0     0     0   -66.0   41.589   16.703   8518.0    330.4
     1     1    10     4     6    23     0     1   -67.0   42.758   16.223   8793.4    316.1
     1     1    10     4     6    22     0     2   -68.0   44.045   16.009   8920.4    288.2
     1     1    10     4     6    21     0     3   -69.0   45.382   16.084   9009.7    291.1
     1     1    10     4     6    20     0     2   -70.0   46.666   16.382   9153.1    287.9
     1     1    10     4     6    19     0     1   -71.0   47.928   16.795   9237.4    286.7
     1     1    10     4     6    18     0     0   -72.0   49.241   17.226   9172.2    281.6
     1     1    10     4     6    17     0     1   -73.0   50.503   17.609   9147.1    285.4
     1     1    10     4     6    16     0     2   -74.0   51.752   17.914   9207.2    288.8
     1     1    10     4     6    15     0     3   -75.0   52.999   18.088   9157.7    293.5
     1     1    10     4     6    14     0     2   -76.0   54.212   18.061   9120.1    293.6
     1     1    10     4     6    13     0     1   -77.0   55.436   17.807   9191.1    294.4
     1     1    10     4     6    12     0     0   -78.0   56.650   17.305   9247.6    291.7
     1     1    10     4     6    11     0     1   -79.0   57.784   16.556   9310.7    286.2
     1     1    10     4     6    10     0     2   -80.0   58.811   15.635   9425.7    279.5
     1     1    10     4     6     9     0     3   -81.0   59.727   14.572   9484.3    270.8
     1     1    10     4     6     8     0     2   -82.0   60.540   13.416   9402.6    269.1
     1     1    10     4     6     7     0     1   -83.0   61.247   12.241   9268.8    267.8
     1     1    10     4     6     6     0     0   -84.0   61.838   11.035   9200.8    259.7
     1     1    10     4     6     5     0     1   -85.0   62.306    9.763   9226.7    252.9
     1     1    10     4     6     4     0     2   -86.0   62.630    8.451   9313.0    258.2
     1     1    10     4     6     3     0     3   -87.0   62.787    7.188   9468.8    269.8
     1     1    10     4     6     2     0     2   -88.0   62.823    5.991   9531.2    274.6
     1     1    10     4     6     1     0     1   -89.0   62.779    4.842   9561.4    276.2
     1     1    10     4     6     0     0     0   -90.0   62.624    3.668   9599.0    274.6
     1     1    10     4     5    23     0     1   -91.0   62.395    2.421   9653.8    272.1
     1     1    10     4     5    22     0     2   -92.0   62.101    1.120   9680.6    270.7
     1     1    10     4     5    21     0     3   -93.0   61.722   -0.193   9660.6    272.4
     1     1    10     4     5    20     0     2   -94.0   61.266   -1.483   9649.3    271.9
     1     1    10     4     5    19     0     1   -95.0   60.689   -2.784   9636.8    272.0
     1     1    10     4     5    18     0     0   -96.0   60.000   -4.104   9568.7    274.0
