     7     1
    GDAS    10     3    22     0     0
    GDAS    10     4     8     0     0
    GDAS    10     4    15     0     0
    GDAS    10     4    22     0     0
    GDAS    10     4    29     0     0
    GDAS    10     4     1     0     0
    GDAS    10     3    29     0     0
     1 BACKWARD OMEGA   
    10     4     7    12   39.977  116.381  4400.0
     1 PRESSURE
     1     1    10     4     7    12     0     0     0.0   39.977  116.381   4160.9    586.5
     1     1    10     4     7    11     0     1    -1.0   40.165  115.563   4158.0    541.2
     1     1    10     4     7    10     0     2    -2.0   40.385  114.681   3951.7    522.6
     1     1    10     4     7     9     0     3    -3.0   40.557  113.769   3729.9    538.9
     1     1    10     4     7     8     0     2    -4.0   40.692  112.782   3647.4    530.0
     1     1    10     4     7     7     0     1    -5.0   40.807  111.761   3684.5    523.5
     1     1    10     4     7     6     0     0    -6.0   40.904  110.758   3643.2    522.8
     1     1    10     4     7     5     0     1    -7.0   40.969  109.793   3605.8    537.2
     1     1    10     4     7     4     0     2    -8.0   41.011  108.894   3688.2    553.8
     1     1    10     4     7     3     0     3    -9.0   41.060  108.048   3700.2    564.3
     1     1    10     4     7     2     0     2   -10.0   41.150  107.196   3576.1    553.7
     1     1    10     4     7     1     0     1   -11.0   41.266  106.297   3507.1    555.7
     1     1    10     4     7     0     0     0   -12.0   41.380  105.357   3497.5    567.4
     1     1    10     4     6    23     0     1   -13.0   41.501  104.379   3526.2    565.3
     1     1    10     4     6    22     0     2   -14.0   41.628  103.352   3599.3    556.1
     1     1    10     4     6    21     0     3   -15.0   41.734  102.319   3658.9    562.7
     1     1    10     4     6    20     0     2   -16.0   41.818  101.302   3739.1    563.1
     1     1    10     4     6    19     0     1   -17.0   41.866  100.306   3704.8    566.0
     1     1    10     4     6    18     0     0   -18.0   41.876   99.344   3518.4    568.8
     1     1    10     4     6    17     0     1   -19.0   41.885   98.412   3282.4    568.7
     1     1    10     4     6    16     0     2   -20.0   41.909   97.543   3022.3    572.0
     1     1    10     4     6    15     0     3   -21.0   41.953   96.738   2906.9    562.7
     1     1    10     4     6    14     0     2   -22.0   42.011   95.955   2947.8    548.3
     1     1    10     4     6    13     0     1   -23.0   42.089   95.212   3098.5    572.1
     1     1    10     4     6    12     0     0   -24.0   42.167   94.543   3153.4    584.6
     1     1    10     4     6    11     0     1   -25.0   42.231   93.928   3134.8    594.3
     1     1    10     4     6    10     0     2   -26.0   42.274   93.350   3122.9    615.5
     1     1    10     4     6     9     0     3   -27.0   42.313   92.790   3172.6    625.7
     1     1    10     4     6     8     0     2   -28.0   42.361   92.227   3257.5    617.0
     1     1    10     4     6     7     0     1   -29.0   42.417   91.666   3337.0    608.4
     1     1    10     4     6     6     0     0   -30.0   42.470   91.123   3378.1    604.2
     1     1    10     4     6     5     0     1   -31.0   42.521   90.613   3388.2    604.2
     1     1    10     4     6     4     0     2   -32.0   42.562   90.143   3366.9    602.1
     1     1    10     4     6     3     0     3   -33.0   42.584   89.710   3361.5    612.3
     1     1    10     4     6     2     0     2   -34.0   42.606   89.303   3422.8    621.5
     1     1    10     4     6     1     0     1   -35.0   42.640   88.909   3527.1    615.4
     1     1    10     4     6     0     0     0   -36.0   42.665   88.503   3529.3    583.8
     1     1    10     4     5    23     0     1   -37.0   42.683   88.087   3442.0    565.2
     1     1    10     4     5    22     0     2   -38.0   42.714   87.682   3307.7    540.4
     1     1    10     4     5    21     0     3   -39.0   42.751   87.290   3154.2    509.3
     1     1    10     4     5    20     0     2   -40.0   42.794   86.899   2995.1    483.0
     1     1    10     4     5    19     0     1   -41.0   42.857   86.512   2914.4    480.7
     1     1    10     4     5    18     0     0   -42.0   42.954   86.130   2925.9    465.6
     1     1    10     4     5    17     0     1   -43.0   43.077   85.722   3083.2    463.6
     1     1    10     4     5    16     0     2   -44.0   43.207   85.269   3292.4    468.4
     1     1    10     4     5    15     0     3   -45.0   43.335   84.757   3463.7    466.1
     1     1    10     4     5    14     0     2   -46.0   43.466   84.188   3475.4    459.8
     1     1    10     4     5    13     0     1   -47.0   43.606   83.591   3255.7    478.3
     1     1    10     4     5    12     0     0   -48.0   43.754   82.987   2792.4    528.3
     1     1    10     4     5    11     0     1   -49.0   43.874   82.413   2318.8    618.0
     1     1    10     4     5    10     0     2   -50.0   43.944   81.855   2064.0    672.5
     1     1    10     4     5     9     0     3   -51.0   43.993   81.277   2044.1    714.3
     1     1    10     4     5     8     0     2   -52.0   44.049   80.670   2222.0    720.5
     1     1    10     4     5     7     0     1   -53.0   44.120   80.032   2596.7    702.4
     1     1    10     4     5     6     0     0   -54.0   44.203   79.382   2980.6    627.9
     1     1    10     4     5     5     0     1   -55.0   44.272   78.767   3233.3    602.3
     1     1    10     4     5     4     0     2   -56.0   44.307   78.178   3388.5    611.2
     1     1    10     4     5     3     0     3   -57.0   44.311   77.597   3474.0    619.4
     1     1    10     4     5     2     0     2   -58.0   44.294   77.017   3541.9    622.7
     1     1    10     4     5     1     0     1   -59.0   44.267   76.453   3549.2    614.8
     1     1    10     4     5     0     0     0   -60.0   44.239   75.916   3485.7    614.0
     1     1    10     4     4    23     0     1   -61.0   44.215   75.402   3380.8    616.6
     1     1    10     4     4    22     0     2   -62.0   44.200   74.906   3280.8    619.4
     1     1    10     4     4    21     0     3   -63.0   44.200   74.423   3209.7    631.8
     1     1    10     4     4    20     0     2   -64.0   44.215   73.935   3171.1    643.3
     1     1    10     4     4    19     0     1   -65.0   44.229   73.435   3183.1    650.3
     1     1    10     4     4    18     0     0   -66.0   44.232   72.936   3239.1    651.9
     1     1    10     4     4    17     0     1   -67.0   44.230   72.458   3306.1    647.4
     1     1    10     4     4    16     0     2   -68.0   44.232   72.012   3361.1    645.3
     1     1    10     4     4    15     0     3   -69.0   44.243   71.594   3402.9    643.5
     1     1    10     4     4    14     0     2   -70.0   44.257   71.208   3442.8    640.9
     1     1    10     4     4    13     0     1   -71.0   44.275   70.854   3484.9    638.7
     1     1    10     4     4    12     0     0   -72.0   44.300   70.522   3534.5    636.7
     1     1    10     4     4    11     0     1   -73.0   44.331   70.200   3601.5    633.4
     1     1    10     4     4    10     0     2   -74.0   44.363   69.878   3676.9    625.7
     1     1    10     4     4     9     0     3   -75.0   44.383   69.560   3730.0    616.4
     1     1    10     4     4     8     0     2   -76.0   44.394   69.247   3745.4    611.2
     1     1    10     4     4     7     0     1   -77.0   44.404   68.949   3721.0    610.3
     1     1    10     4     4     6     0     0   -78.0   44.414   68.668   3673.9    614.4
     1     1    10     4     4     5     0     1   -79.0   44.428   68.400   3623.4    618.6
     1     1    10     4     4     4     0     2   -80.0   44.448   68.147   3581.1    622.1
     1     1    10     4     4     3     0     3   -81.0   44.475   67.912   3556.7    626.6
     1     1    10     4     4     2     0     2   -82.0   44.501   67.688   3539.7    631.4
     1     1    10     4     4     1     0     1   -83.0   44.517   67.467   3515.0    637.7
     1     1    10     4     4     0     0     0   -84.0   44.524   67.254   3494.6    643.2
     1     1    10     4     3    23     0     1   -85.0   44.522   67.066   3491.7    646.8
     1     1    10     4     3    22     0     2   -86.0   44.509   66.920   3499.3    646.2
     1     1    10     4     3    21     0     3   -87.0   44.489   66.811   3508.0    645.1
     1     1    10     4     3    20     0     2   -88.0   44.477   66.724   3487.7    644.7
     1     1    10     4     3    19     0     1   -89.0   44.489   66.653   3409.6    651.4
     1     1    10     4     3    18     0     0   -90.0   44.524   66.603   3270.4    663.3
     1     1    10     4     3    17     0     1   -91.0   44.579   66.569   3107.0    681.1
     1     1    10     4     3    16     0     2   -92.0   44.648   66.546   2963.1    694.3
     1     1    10     4     3    15     0     3   -93.0   44.736   66.537   2843.1    705.5
     1     1    10     4     3    14     0     2   -94.0   44.828   66.547   2745.2    714.2
     1     1    10     4     3    13     0     1   -95.0   44.908   66.573   2665.3    721.3
     1     1    10     4     3    12     0     0   -96.0   44.974   66.603   2599.4    727.0
